id
1228495397158559746
1228520276616413185
1228523415746859011
1228529483919044608
1228529495856033792
1228530066012942336
1228530320791736320
1228530412366057473
1228530656059236352
1228531389391343617
1228531642450501632
1228532091014434816
1228532162535641088
1228534873230577664
1228535178559184897
1228536998257922048
1228537471861846016
1228538417753055233
1228540037286985729
1228540114059571201
1228540854291202048
1228545900802461696
1228545915671207936
1228546052179009536
1228546854889181184
1228547833193783296
1228547852969926656
1228554092265517057
1228554144379744257
1228554507182841856
1228555804179095552
1228557224601100291
1228558418157371392
1228558995948032000
1228561084883390465
1228567574067187713
1228567580023107585
1228568858249826304
1228570665311141888
1228571047559122945
1228572332626714626
1228572993678389253
1228573915469025281
1228574026030866432
1228575407710121986
1228575952390758400
1228577667039072256
1228577806164152320
1228578011483643904
1228578078470922240
1228578547599577088
1228578673797799936
1228579613540003840
1228579693609263105
1228581166153977856
1228581288543752192
1228583557414707200
1228585734006808577
1228587224981262336
1228589308912832517
1228590852613844992
1228592613424586753
1228592929301843969
1228592933135405056
1228592963586076673
1228595320587767808
1228601950754791426
1228606700883562496
1228610426633687040
1228610642057269250
1228612583751548928
1228613946707529730
1228616368716681219
1228621492541362176
1228622550269333504
1228626471381585920
1228628423393914881
1228628632446304257
1228628877343428610
1228633755377700864
1228634202461089792
1228640422706151424
1228640547365146626
1228640599131201537
1228643521604788226
1228644432095989761
1228651433781755905
1228656159982260226
1228657782829854721
1228659388480618497
1228659602801221632
1228660883406180352
1228662190384799744
1228663459644084228
1228666724029026304
1228667181728174081
1228669283665895424
1228671015053484035
1228673817846915073
1228674220080685056
1228674577129144320
1228675304211787777
1228681360837160961
1228686971503087617
1228689554611159042
1228692985237377024
1228693284366770176
1228693614156537856
1228696212116824072
1228703502878244867
1228703825848098816
1228704382117654529
1228704876886155266
1228704975980781568
1228705084361580550
1228705756133892096
1228706447653048330
1228706599121887233
1228706973736144896
1228707175960322049
1228707245816471552
1228707334920294401
1228707610934861825
1228708024870719489
1228708078197055489
1228708652812468231
1228708797436301313
1228709003619901440
1228709158670741505
1228709241160110081
1228709894599118849
1228710413354885122
1228710538663911431
1228710579248025600
1228710701436481536
1228710740959387648
1228712657374584832
1228713608034574337
1228713732135624706
1228713733733654529
1228713884867072000
1228714093659463683
1228714584401469440
1228715766842785792
1228717790879764481
1228717970991480832
1228719218977394688
1228720414815379458
1228722146647715841
1228722552614207489
1228731227269730304
1228737583586381826
1228737594617466881
1228738125473755138
1228742844678049793
1228743282471165953
1228745312132567040
1228745371750453248
1228745658796036098
1228757788685488128
1228759359435526145
1228759632342065153
1228771583193501697
1228772240134754304
1228802891114274818
1228803990231691265
1228811356041818113
1228859938153254913
1228869182579712000
1228893441058275330
1228898091471974401
1228919040346902528
1228937932469407745
1228954660272300033
1229002689549406208
1229007149814161408
1229025138261229568
1229043988050726912
1229080925050408960
1229081051919736834
1229081094508683266
1229613230470946817
1229685523666685952
1229685535259660288
1229709958255652864
1232899760576749570
1232940726868234240
1239512697017942017
