id
1223762661797699584
1223764512802775040
1223768174203756545
1223782289194266624
1223784992561598464
1223785393847504897
1223787412775743488
1223789492756197376
1223791054182371329
1223791156812754944
1223792729488089088
1223793817238867969
1223794103919501312
1223794884299186178
1223794915999723521
1223794969330307072
1223795149769269254
1223796134671417344
1223796291051966464
1223797353783681025
1223798535159721984
1223801020905639937
1223801184202493952
1223802250004443137
1223802267792564225
1223803875939049472
1223809021943087104
1223809480313528325
1223810064466747392
1223810123686203392
1223812357056450560
1223813908747649025
1223814713055809536
1223815608564883457
1223816278898618368
1223816738237796352
1223817042882629634
1223817284055183360
1223817868518793218
1223819026578755586
1223819576493953026
1223819607934472193
1223819970385186816
1223821927023894528
1223822583985917953
1223823037725847552
1223824495431102465
1223824981559250944
1223825371805732864
1223826416720064512
1223827433608175616
1223827533122007040
1223828239640035330
1223831238152216576
1223831304875257862
1223831320549298176
1223832453284081664
1223834635706281989
1223834814660239362
1223835099722125314
1223835132345421824
1223835826460725248
1223837414105538562
1223837444090617856
1223837530757509125
1223839136202838016
1223840057829875712
1223840086187487232
1223842070533672960
1223842071095730176
1223842255041191937
1223843347263053824
1223843374538665989
1223843739480793090
1223845007431475201
1223845423657508864
1223847123814359041
1223847409521836032
1223849259738521600
1223849803617955841
1223850674200489984
1223851401916358657
1223853245518401536
1223853787238096896
1223855233207558144
1223856139986788352
1223857165892452353
1223858280390328320
1223859412605001728
1223861180864684032
1223862709298528256
1223864099320291328
1223866693275017216
1223867039284187137
1223869379789623296
1223871033226276865
1223871228852785152
1223871729254137856
1223872402939109376
1223873689558700032
1223875143405113344
1223875190754594817
1223875442337296386
1223875646742585344
1223875749234577408
1223880764238041088
1223881651043885056
1223882716787224577
1223884160168800256
1223885166919258112
1223885477918527488
1223887163059843072
1223892128809521152
1223895769209544704
1223896645416472576
1223897733179805697
1223898004144427009
1223898719155867649
1223900170582028290
1223900762381615104
1223902384679718912
1223906680636952576
1223907623071899648
1223914769347948544
1223916526216105986
1223920407553740800
1223920500478443521
1223920530924769280
1223923211429171201
1223923242487943168
1223923258602508289
1223930535430578176
1223931785807126530
1223933727748820993
1223936469426954240
1223939666799407111
1223939877395468290
1223941581436325890
1223952372860358657
1223954048065339393
1223956832538054656
1223958271612149766
1223965737313820673
1223965785036554242
1223967005214232577
1223967300182667266
1223967901499174912
1223972629100597253
1223980215917072390
1223984160454344706
1223988535264514048
1223994659858518017
1224001263060340737
1224006913018515462
1224017945027805184
1224034739364954113
1224036143794139136
1224039843468128256
1224044585615314946
1224046717693284354
1224053050450509829
1224147112184766464
1224147753586085890
1224153553943646209
1224156908279476224
1224166788499415041
1224195085488873472
1224219391983804417
1224220190721835008
1224236402398957570
1224237452862185472
1224288418152304640
1224317743429799938
1224324637368242177
1224344308859506688
1224377206408990723
1224517719900545024
1224549523906793472
1224644219131912192
1224678375773626369
1224732045026430981
1224752989317058560
1224865151343562753
1224897112036515846
1224916703701684225
1224964776671006721
1224988693322240000
1225217389652070400
1225700951345905665
1226075487501307905
1226108487949864962
1226120092934705152
1228186770094751745
1228186794438455298
1228186823261712393
1228365877667606531
1228365911985414145
1228365948077379584
1228863796258758656
1228863828240326656
1228863859823386624
1229591531130060800
1229591562553905152
1229591594468282376
1232152453719756800
1232722477597458432
1232728476194570240
1232941197083267074
1233089295155703808
1233102551999971335
1233143683891048454
1233408297094369284
1235482019213316097
1239499770734968833
1241704958438699010
