id
1228166697615380486
1228171844076703745
1228175528193998849
1228175674306785280
1228176647720849409
1228177236311719936
1228178031207780354
1228193564766556161
1228195273920303104
1228196899372462080
1228196987943546881
1228199784181190656
1228200830941024260
1228203368931184640
1228203387751030785
1228203544479535106
1228203709571588097
1228204245108682753
1228204650995671041
1228205146691080194
1228205484693344262
1228206960857640960
1228209691517341696
1228209725172355073
1228209997261074432
1228210029725011969
1228211349236269056
1228213269854212096
1228213315198844930
1228213440449138688
1228213677330841600
1228214689131220997
1228215177457197068
1228216792222298112
1228217251376988166
1228218074802712579
1228218357926658048
1228218993615335424
1228219417521078272
1228220108432003073
1228220453329629185
1228221556268027904
1228221708554792960
1228221845846949891
1228221956375248899
1228223699024674817
1228223861075824642
1228223866918428673
1228224811404427266
1228224818522157058
1228225315631063041
1228227124441411589
1228229423410757639
1228231140680458246
1228233895197327360
1228234869961969664
1228236667976208384
1228237770818125826
1228238636992172033
1228241723610062848
1228242933473779712
1228244511022895105
1228244831492804608
1228248255273852929
1228248731591565312
1228252234716209152
1228252808274743297
1228258741759414272
1228259253275758592
1228259271810437121
1228260684821037057
1228262852449968128
1228269728025604097
1228271437330485248
1228275600101695490
1228275867694047233
1228277094859202561
1228279290011299840
1228287724454580225
1228288459363815425
1228291725623513089
1228295725496307715
1228297202105245697
1228297304748314625
1228297509279272960
1228297839400366080
1228297949781909504
1228298634866888704
1228300297170280450
1228300594093400065
1228301664379121664
1228302945382473729
1228307507468275715
1228308370114805761
1228311836094795776
1228316993083842560
1228320792435478528
1228324725602050050
1228327819131981825
1228339362959478784
1228340893209505792
1228341903852261378
1228345513021448199
1228345557502103555
1228346197758369793
1228348725183078401
1228351712454422528
1228353302913527808
1228360805747437568
1228364234800738305
1228366443227602944
1228366452178198528
1228366666779840514
1228366693296201728
1228367143173009414
1228367629204803590
1228368332111347714
1228368826116513792
1228368897168093189
1228369405106642944
1228369524384305152
1228371112679133187
1228377956440887296
1228381871253393409
1228383927527788544
1228385237006241792
1228388182129041410
1228394119728422913
1228401650697744386
1228407027094913027
1228414139686670336
1228417058922270723
1228417143617748992
1228417366511489026
1228418004410601472
1228420367972282368
1228424186185555976
1228426655867244544
1228429080065740800
1228429923716599809
1228450431438860288
1228490668932292608
1228499230333001730
1228507916073918465
1228524027989446656
1228556393856327681
1228596600114700288
1228608925253107712
1228630455546777601
1228632022593220614
1228633921065299968
1228638586377031681
1228640649605414917
1228643726416846848
1228644985546969088
1228735175019966466
1228753803572318209
1228938239693684742
1228940483516338176
1229038110887088128
1229053401071177728
1229147803827523586
1229376501625294849
1229552777057198081
1230080795638931456
1230426102331473920
1230466326109577222
1230536073190793216
1230573569308008450
1230574963888992257
1230601682993733633
1230602157923164163
1230603820557852673
1230612178371334150
1230702384042528769
1230716036682371073
1230732134727372800
1230752623092850688
1230796561057275905
1230925124943130624
1231034480976154624
1231797037429149696
1232768016246546432
1232769699294973956
1232770035942293505
1232773498160009223
