id
1232138495252193285
1232144299623579649
1232159561349566464
1232164442777014272
1232164566550884353
1232165463125372929
1232166337641930753
1232170365117489153
1232170632403734528
1232171001544421376
1232174052539850753
1232174054695723008
1232174312364367877
1232174634231062529
1232174664908189702
1232174879966924800
1232174994509193219
1232175034074050560
1232179708944515072
1232181895519232000
1232182810888327168
1232184208933769216
1232184960070692864
1232185347536228352
1232185932490723329
1232186004460777472
1232186032185073665
1232188901923618816
1232188987562958850
1232191482590900226
1232191660077015041
1232191908727918592
1232191943591026688
1232192048012431360
1232192521553489920
1232193682973085696
1232193922568523776
1232194015774289920
1232194197224071168
1232194311938363392
1232194567497232385
1232194717733052417
1232194770212204544
1232194989318397954
1232195012571672577
1232195111804489729
1232195953676910592
1232196854709923840
1232197576570613760
1232197796951883776
1232198141568520194
1232199240845287425
1232199422001504256
1232199495997411329
1232201181625225216
1232201248503476224
1232201320993558528
1232201448643080192
1232201547175661568
1232201599424049152
1232201714855534592
1232201773365985281
1232201843733913601
1232201918707093505
1232201981403553792
1232202066174627840
1232202213780606977
1232202646989221890
1232202721979256832
1232202821401022465
1232202872386981889
1232202885657743361
1232202896118308867
1232202952468766721
1232202968226770944
1232203042507968512
1232203129543970817
1232203209944502273
1232203283164532736
1232203566896615424
1232204003217432576
1232204320369790976
1232204485176504320
1232204894913859585
1232206563051556865
1232209111548190720
1232209950199500800
1232210102121304064
1232210732596518912
1232212001373458432
1232215390840852481
1232216077683306496
1232216912932884480
1232217571228880897
1232217902247481349
1232218041234132993
1232218115079114752
1232218203130146816
1232218286378622976
1232218354762604544
1232218420197896192
1232218482135224321
1232218540666695680
1232220847399632896
1232221300346757120
1232221508824633346
1232221675917320193
1232222510059577345
1232222716654227457
1232222788687138821
1232223539274620928
1232223858104717314
1232224005266067457
1232225509024686080
1232226139625730048
1232226405523623936
1232226801004503046
1232227163845414912
1232227731984670720
1232227825924571137
1232228093730922496
1232228992402456576
1232230226572333056
1232233340570304518
1232233684499140613
1232233745161375744
1232234102155288577
1232234402190692352
1232235095316140032
1232235498472714240
1232235900257677312
1232236636789968896
1232236808068575234
1232236892604837890
1232238505021059073
1232238621123661824
1232239010212433921
1232239208556879872
1232239253305937920
1232239512258056193
1232239544910729217
1232239703220420609
1232239856753020929
1232240083169927169
1232240204213293056
1232240273549352960
1232240760780664832
1232241530582315011
1232241734823874560
1232242026659356673
1232242082422587393
1232242139020525569
1232242404356390913
1232243490014351360
1232243892273238016
1232244380423028736
1232246195415912449
1232247379157491712
1232251493169991680
1232251510492475392
1232252197058043904
1232252198739943425
1232252663107997697
1232252792141762560
1232252939659628544
1232253068751908864
1232256034108059648
1232256103729319936
1232256643330715649
1232258171244285952
1232259148609474561
1232259787590598657
1232259821325426688
1232259878296662022
1232260150251184129
1232260218144329729
1232263059198140416
1232263277259972609
1232263455194914816
1232263525957033991
1232263669616123904
1232263699525750784
1232265183025823745
1232265521627910149
1232266565044883457
1232266882528534528
1232267645342408706
1232267970581233667
1232268565203554304
1232269373353713666
1232269516404645888
1232271915168956417
1232272451775737856
1232273062239854593
1232275376581332992
1232275780710944769
1232275949770723333
1232276026203557888
1232276736324329473
1232276825046503425
1232277324697083905
1232279170912325633
1232279681602379776
1232280372400074753
1232280935820865541
1232280957064970244
1232281647023894528
1232284743674232832
1232285106997518337
1232286300696387584
1232286414471147520
1232287124449300480
1232288873348259840
1232289508076457984
1232289930921095168
1232292075510620161
1232292160151535616
1232293750547910662
1232295848442200064
1232300956911534080
1232301596702396420
1232302093161070592
1232303038095859713
1232303337153888256
1232303350730960904
1232303352605814784
1232303370695823362
1232303691933396992
1232304072109297666
1232304106729017345
1232304588377776129
1232304661807484929
1232304726798163969
1232304744066174976
1232304900668825607
1232305213949841408
1232305822576922627
1232306232138092544
1232306609927413760
1232306915260190720
1232307251815354370
1232307888816828416
1232310034547298305
1232310045892739074
1232310092738883584
1232310231637647360
1232310637197320193
1232311119617937409
1232311293442318338
1232311556446142464
1232311942754127872
1232312867681996802
1232313069004419072
1232314029118390272
1232314266952187906
1232315655682052098
1232316341106819072
1232316546761940992
1232316808037830657
1232317483643629569
1232317999052414976
1232319810811432960
1232319932957908993
1232320097345298435
1232320108485177344
1232321212375805954
1232321550055026688
1232322193968783361
1232322586257829897
1232327792664227840
1232328095929159680
1232328373197824002
1232330092526915585
1232330543158702080
1232330864673132544
1232330968310173697
1232331288356573184
1232331456321597440
1232331790632783873
1232332225548390400
1232332276375179266
1232332332583002112
1232332602520018946
1232333243015467010
1232333244936396802
1232333993556824066
1232335498607308801
1232335725963743232
1232335990674673664
1232336431642816514
1232336954299039745
1232337552616632320
1232337708296626177
1232337780212146177
1232337785518010371
1232337843512586240
1232337863473164289
1232337880632242176
1232337939830624261
1232337940371640323
1232337960663691267
1232338009959411720
1232338025029525504
1232338210350600193
1232338211755692033
1232338359177162752
1232338370585669638
1232338396623884291
1232338399241134080
1232338409177436163
1232338418996256769
1232338536289964032
1232338588467154945
1232338591772291073
1232338657304076290
1232338817954263041
1232339022338576386
1232339088881090561
1232339099450781703
1232339207026335745
1232339264228220929
1232339322583617537
1232339335715880960
1232339391386996737
1232339408260681731
1232339435649409027
1232339519351009281
1232339779750154243
1232339826302685184
1232339862075904000
1232339885664677889
1232340060663689218
1232340104674410496
1232340129920012289
1232340188715798528
1232340375651725312
1232340421285687296
1232340595072475136
1232340607357550592
1232340617151336449
1232340630900289536
1232340846462349312
1232341142416580609
1232341195168321536
1232341212587286528
1232341412735311873
1232341442040860674
1232341479189860352
1232341596638720001
1232341653337321473
1232341746329235461
1232341793666224128
1232342026538176512
1232342046058438656
1232342145266339841
1232342245334016000
1232342266943066112
1232342272148213760
1232342304867966977
1232342323159326720
1232342342885150726
1232342501807316993
1232342529674227716
1232342893685301248
1232342947951194113
1232342953567322114
1232342970894082049
1232343183545262081
1232343218546671616
1232343240537526273
1232343590128451584
1232343645099118593
1232343794365890565
1232343821746397185
1232343910246166528
1232344069881376768
1232344094644621316
1232344140702257154
1232344146196795400
1232344153591336961
1232344227801071622
1232344313838948352
1232344366095773698
1232344424585334784
1232344630626324480
1232344896322842625
1232344978216673282
1232345010135355393
1232345115907231744
1232345217891807234
1232345300649549831
1232345748152504321
1232345812895662081
1232346012771065856
1232346044094197760
1232346125354569736
1232346304740765697
1232346476396908546
1232346534185926658
1232346812767449093
1232346819201503232
1232346927003508736
1232347044557266947
1232347072499679232
1232347123204677632
1232347448317706240
1232347592899678210
1232347623547338752
1232347780972240897
1232347846189469697
1232347870998781952
1232348108811571201
1232348216894664705
1232348290244653057
1232348464895418371
1232348523447955457
1232348726062133249
1232348743162351616
1232348760791011328
1232348794836176896
1232348839425847296
1232348892513042433
1232348928177209344
1232348973358338048
1232349167210704898
1232349280687546370
1232349453228683264
1232349455527092224
1232349513475592192
1232349699841175554
1232349799082549248
1232349987809394689
1232350079798927362
1232350296359264258
1232350300524228608
1232350359890337800
1232350416064651264
1232350436205694977
1232350489976680448
1232350503088070656
1232350623905013760
1232350671799758849
1232350826007552000
1232350928818384897
1232351065439440896
1232351274840084480
1232351354267557893
1232351383040512000
1232351489320013824
1232351580126617601
1232351625886474241
1232351873077796864
1232352110374682624
1232352153479655425
1232352442358128642
1232352451862421504
1232352715918991361
1232352932508643328
1232353065065439235
1232353211836719104
1232353306904797185
1232353547519434752
1232353809113985027
1232353909903110147
1232353948226465792
1232353956204089346
1232354165864706055
1232354167404072962
1232354323276787713
1232354334941249536
1232354371138211841
1232354609525555200
1232354828585783296
1232355013369966593
1232355194656174085
1232355239031955457
1232355260435517441
1232355620482842627
1232355709796462595
1232355721553104896
1232356010855145472
1232356840735956993
1232356979609346055
1232357239677124616
1232357293402009603
1232357607911960576
1232357735657869314
1232357925697572865
1232357942227238912
1232358076562526213
1232358107113754627
1232358169206284288
1232358247992119302
1232358356532256770
1232358433220956162
1232358868157714443
1232358948004618241
1232358986856509446
1232359252678840322
1232359343846252544
1232359364276695040
1232359434686468096
1232360077283254284
1232360144480194561
1232360262717648898
1232360559888273408
1232360696521928707
1232360704000299010
1232360712800014348
1232360808165838848
1232361467485282304
1232361646397513728
1232361725762179074
1232361853742977029
1232362072618491905
1232362147948191745
1232362238465527808
1232362536823087106
1232362766763266049
1232362811084464129
1232363167017246721
1232363349238788099
1232363503723458560
1232363505761865733
1232363655813095425
1232364565675069441
1232364637833711616
1232365196334784512
1232365318863020033
1232365377558056960
1232365929683701761
1232366070045888512
1232366120000217089
1232366431188193280
1232366456932839424
1232366467594772481
1232367074112163846
1232367522046980097
1232367665974595584
1232368456441507840
1232368635215216642
1232368677586178048
1232368696976388099
1232369234430300166
1232369321361444864
1232369553537142790
1232370033164259328
1232370350740119553
1232370630055616513
1232370643775213568
1232370942338306049
1232371436083404800
1232372397417861127
1232372404296601600
1232372660958572546
1232372992866385923
1232373067067858945
1232373166095437824
1232373168163184641
1232373366620815362
1232373482635309059
1232373722427928584
1232374264508174344
1232374279121068033
1232374552027680768
1232374662941872135
1232374677043130373
1232374694902484993
1232375686502985731
1232376591105347585
1232376628241731584
1232376845376471040
1232376914892947456
1232377069503492099
1232377079825600517
1232377169978036229
1232377345018867716
1232377468016873472
1232377863065800710
1232378225533366280
1232378654841278466
1232380092208369666
1232380412049215489
1232381111709446145
1232381558943813633
1232381853430157313
1232382353894494208
1232382817365118977
1232382873124122624
1232383098781913090
1232383372279918597
1232383407709151232
1232384210264043520
1232384299040722944
1232384610136469506
1232385224199299075
1232385398527156224
1232385633328533505
1232385978171633664
1232386840193163264
1232387040676843520
1232387876953960449
1232388257821986816
1232388735410548736
1232388944240705537
1232389093084008448
1232389100809924608
1232389655179427840
1232389779691638786
1232390349756256256
1232390357435977731
1232390943871045644
1232391174553526273
1232391596114677763
1232391862394195970
1232392025024159750
1232392559055581190
1232392724088868866
1232393230479773697
1232393336629211138
1232393343205855233
1232393751970091010
1232394767788429312
1232394835820269571
1232395012371107842
1232395484351881216
1232395519550509056
1232395520305455105
1232395633589465091
1232395741169176582
1232395864762699779
1232396830547304448
1232397303740276738
1232397415623331840
1232397568124039169
1232398199035506691
1232398565332471813
1232398745498767360
1232398990685220869
1232402471001186304
1232403008375357442
1232404172521320451
1232404574851477506
1232406024168058887
1232406591711916034
1232407106495664130
1232407550471090176
1232407706989932546
1232409292063625217
1232410173400125440
1232411751930527744
1232411987059101696
1232413197551927298
1232413652554174464
1232414224980336641
1232414593248583685
1232415840554930176
1232415946632908800
1232417628200873985
1232417677521702917
1232418412535611394
1232419613792665600
1232424074388873216
1232425182360371201
1232426366089469955
1232427365747380224
1232433047569457153
1232434669800419335
1232436303460851712
1232442294709522432
1232450746479599617
1232451470898819077
1232451809509163010
1232454377421467648
1232462634550587395
1232463346894548992
1232463613660499970
1232465313473519617
1232465717703786496
1232465847085457408
1232469585892270080
1232471421990760448
1232472944305045505
1232473288544157696
1232473920814514176
1232474608382595073
1232474971936444416
1232475651275247616
1232479304908300288
1232480442349080576
1232485048001019904
1232485343720378368
1232486333530009600
1232487073640136706
1232491335728422914
1232493780353241088
1232494060297969664
1232494506534150144
1232495999991435266
1232498625965510657
1232499945799704576
1232499977391243264
1232500017270808582
1232505379705311232
1232508477291008000
1232512491688726530
1232513025460056064
1232513428557848582
1232514817535156225
1232516475921010689
1232517746325434368
1232518134638284800
1232518493624512513
1232519324751060992
1232521062568677378
1232526125701550081
1232527876857237505
1232527980364288000
1232528248543813632
1232529805771497473
1232533021875724288
1232533733326172160
1232534210696617986
1232534793834856448
1232534877658062849
1232534899195772928
1232535391179362304
1232538275488858113
1232542229811650561
1232542296094146560
1232543970317783040
1232544569754976257
1232545094420529152
1232545738254622720
1232545793833340930
1232546714533408769
1232549145048686599
1232549466865065985
1232552325165785088
1232553368092127232
1232554375450636288
1232556019529797632
1232556752312426496
1232558138311815168
1232558360609902593
1232564166084513792
1232569989363884033
1232570190518349825
1232570580316164096
1232570994952417284
1232571566388633600
1232573178003808257
1232578224439382016
1232583204965617664
1232583323119161345
1232583342970802178
1232586085869375488
1232586257756295168
1232586528544755712
1232586669540417536
1232589676546007041
1232589846927101952
1232591193374109696
1232592492744335360
1232592912917159936
1232593090281644037
1232593307726905344
1232594672025001984
1232596041981100033
1232597559597830146
1232597954676043776
1232601544316592128
1232605006983057408
1232606222974627840
1232606860651507712
1232609035351883779
1232609612261724160
1232610761073217537
1232615126898966528
1232616379825651713
1232617713627025414
1232620534975909889
1232625649224843264
1232629970956161024
1232630798089695232
1232635202842787840
1232635341473034242
1232637381439885312
1232656093203005440
1232660059685052418
1232661591562313729
1232662434797645829
1232671855707901955
1232674043834310656
1232675886098518022
1232675902770819072
1232675919183130625
1232675933909372928
1232675949872844800
1232685990340366338
1232688040872685568
1232694832700776449
1232698275586859011
1232703118607028225
1232704722320154631
1232706129890889728
1232717715799969793
1232768975374700544
1232796316352286720
1232802452514070528
1232821136980725761
1232823771557433346
1232824280041377792
1232880289359310849
1232930272171130880
1232940831813914624
1232941422552244225
1232944305800720385
1232948524339408896
1232948880364404736
1232954203791937537
1232958810572099584
1232960559810830341
1232960894419816448
1232961869817745408
1232964702097027078
1232965044012449795
1232976696757932032
1232977833502347265
1232991607198224384
1232998205740191744
1233026707306799104
1233113310867927041
1233245813893214208
1233258152503783429
1233321640290902017
1233370078114144256
1233432867499319296
1233462352487604235
1233611423059714048
1233653946419425280
1233655503949004800
1233658586057842688
1233718513870737410
1233822316020277249
1233926117662371840
1233929051091410946
1233929204779102208
1233971751354355712
1234064900651089920
1234111503130877953
1234284522545590273
1234529581312413696
1234585142200590340
1234790214754865152
1234919469388042240
1235287281277300736
1235421745739333633
1235715854991581184
1235850735775932417
1235892779986886656
1235939684167098368
1235975338917793793
1237174254472486916
1237234420572094464
1237253820591288321
1237275345163890688
1237294874086518784
1237429996735561728
1237588682225274880
1237638604228308992
1237805097167527937
1237976318966448128
1238080022910586881
1238204041504731136
1238470252574281728
1239153612737204226
1239826062009339905
1239927033855123467
1239964646028632064
1240318465279496192
1240522298169401344
1240544752715599873
1240604249261772800
1240661309622046726
1240665588411834370
1240977178508083200
1241156049882750981
1241171110160486411
1241201969118826498
1241221661137022978
1241236789333045254
1241242236379070465
1241280170050441216
1241282389596418048
1241285274275061760
1241292401030938624
1241297232273571840
1241300636311920640
1241365422974394370
1241378408141127681
1241417703241416704
1241432841059270660
1241449762659811328
1241665371955957760
1241716571669659648
1241717332583432192
1241737202977116162
1242011378661167112
1242015872052494337
1242104855709265923
1242138639020298250
1242549049967939584
1242592604224700416
1242789688097869825
1242839387848749056
1242841278972407809
1243051189232717825
1243100841361408000
1243105264431177729
1243118527663538176
1243120565357084674
1243170632663273476
1243789407842418689
