id
1283931777011048449
1283935263534661632
1283935664841490432
1283935900473286656
1283936333031825409
1283937629512167429
1283938619657318401
1283942467398582273
1283943692517031936
1283947260041031680
1283947377255002113
1283947574227898369
1283947765895008258
1283949695060946944
1283950876575465472
1283951365107011584
1283955002591961089
1283957433627336704
1283957789912518659
1283958092116316160
1283958190653050880
1283958350980329473
1283958984005713920
1283959949643493376
1283961457541918726
1283961522411024385
1283962154811441152
1283962608773545985
1283963720230531074
1283964568776179715
1283965408500805634
1283966748241260544
1283968307184332800
1283968382102953984
1283969496357560320
1283969908150161409
1283970223549235200
1283970422623531009
1283970467909349376
1283971869368971264
1283972172378066945
1283972244499132416
1283972299138519040
1283972452238766080
1283972453916704774
1283972778182316032
1283972858935271424
1283974262655578112
1283975684314943488
1283975768536539137
1283976990123409410
1283977637199839232
1283977938631716865
1283977972811087872
1283978893871874048
1283979383888154624
1283980475560628226
1283981843348353025
1283981849497231360
1283984654970679296
1283984843324309505
1283985183528456192
1283985424377999361
1283985545383665665
1283986632043974656
1283987649947070464
1283988658735820800
1283988840399552512
1283990274583064576
1283990276478865408
1283990984884228096
1283991444634525701
1283991618446487552
1283993142497128449
1283994184597123072
1283994425899663360
1283994433210515456
1283994603192893440
1283994754288476162
1283995772653101056
1283996479594455041
1283997394741284864
1283999183934873601
1283999433953128449
1283999576496590848
1283999710009651205
1284000901389185024
1284001405024387072
1284001800899776513
1284002975761887235
1284003977965662208
1284004430598139906
1284004577726001153
1284004667454746624
1284004777790074881
1284004970904182784
1284005509507330048
1284005511365443584
1284005513701625856
1284005547084181504
1284006216134344707
1284006360347062277
1284006373668212736
1284006418866073600
1284006459882139649
1284006478253182976
1284006561065472001
1284006631877967874
1284008030753878016
1284008068850675712
1284008940481593344
1284008966968639489
1284009098598465539
1284009521971490818
1284009551583252482
1284009593903800323
1284009661750898688
1284009674300198914
1284009695208894465
1284010064269864961
1284010379765403648
1284010988715470848
1284011480984154112
1284011618670505986
1284011808173420544
1284012317403836416
1284012720438652928
1284013250867105792
1284014027316719616
1284014173685288961
1284014458013007872
1284014760283914241
1284015348820434944
1284016869947535362
1284016870216085504
1284017061757194241
1284017710746071041
1284017732183224320
1284018655911571456
1284018691894505472
1284018739168415746
1284018763826790402
1284018786132094976
1284019560610328576
1284020577448017920
1284022310240792576
1284023303695265792
1284023356509970437
1284023511455940608
1284023552815947777
1284023601616674817
1284023655807062020
1284024090664161282
1284024115318239232
1284024135740346370
1284024142832918529
1284024165318574081
1284025320945803264
1284025363941609475
1284025381498974208
1284025614412861442
1284026863468204033
1284026903355985920
1284028887702351874
1284029134302134273
1284029254645067776
1284029466386153473
1284029828765585408
1284029839373000704
1284030132122836993
1284030968047656960
1284031618789675008
1284031685693042688
1284031702239592448
1284032136450674694
1284032291660939269
1284032477216993280
1284032653537107969
1284033428795482112
1284034334119215105
1284034518467268609
1284034586662416385
1284035084572430336
1284035445823684609
1284035723801145345
1284035760031764481
1284035945025556481
1284036218909536256
1284036542290202624
1284036715234029570
1284036954334482432
1284037960455688195
1284038028109819905
1284038064143130624
1284038070392651777
1284039288762454016
1284039431792390144
1284039637279715328
1284039855714922498
1284040531069120512
1284040808266469382
1284041373620920320
1284041416629350401
1284042026023976960
1284042045422592000
1284042251203575809
1284042319155441665
1284042503277207559
1284042845310144512
1284043036406583296
1284043241264836608
1284043609881235457
1284043614893441029
1284043834184232960
1284043917428547587
1284044415497990144
1284045060674252801
1284045879419170816
1284045891880407041
1284046298954391553
1284046487819698176
1284046751637241856
1284046906163785728
1284047016117460993
1284047084845322240
1284047101924503553
1284047158732185600
1284047478963073025
1284047789777879040
1284048497147211776
1284049399153176577
1284049439401734144
1284049546033545216
1284050157001031680
1284050936697151489
1284051269955411969
1284052075693760512
1284053422732267520
1284053472988368903
1284054472306462720
1284055105369780227
1284055745055490049
1284055807974232065
1284055925314088960
1284056010546507776
1284056257909805056
1284056399203274753
1284056422167138304
1284057474639654913
1284057991671451649
1284058375978770432
1284058569650794496
1284058579704713217
1284058598620815362
1284060367535190016
1284060474435231744
1284060935989063680
1284061118017634314
1284061855229476864
1284061958941990912
1284062209740468225
1284062730324828160
1284062948659310592
1284063562168598528
1284064937690624003
1284065066275364864
1284066570319216641
1284068440483885062
1284068496150675457
1284068576748466176
1284068605601046535
1284068948514754560
1284069420122300419
1284069618466742273
1284069719591448577
1284069833827471360
1284070031333048322
1284070601775181824
1284071327335428101
1284071625449549824
1284071734988075008
1284071898972712964
1284073080323620869
1284073540094836737
1284073597162582016
1284074564754878464
1284074622569218048
1284075361106399233
1284076121076584448
1284076190047678465
1284078358142218245
1284080352646975489
1284080883645837312
1284081983077748737
1284082022130913281
1284082192126054406
1284082372502147072
1284083137291579393
1284083214622097419
1284083271215677441
1284083508164558853
1284084704749084672
1284086124256923650
1284086749216428032
1284087099277185024
1284087609086468097
1284089065680146434
1284090006894604288
1284090122271551488
1284090560882470912
1284090859546226688
1284091477186904064
1284091535781318656
1284094283427926016
1284094788753485826
1284095044610220034
1284095152651300866
1284096580434317312
1284097326076751873
1284097334184300544
1284097345261428736
1284097357290717189
1284097380904652803
1284097387787476994
1284097989401669632
1284098066119704576
1284098078371246082
1284098091570741248
1284098106234028035
1284098115855773696
1284098147992518656
1284099335861362688
1284100229151682561
1284103008964325377
1284103332223541249
1284103525689995265
1284103540617560064
1284104159000551424
1284105087195901953
1284106148757377025
1284107798201004032
1284108572788355073
1284109555069095936
1284111873458139136
1284112171543101444
1284112241172770816
1284114110649495553
1284114121571528705
1284115425974865920
1284118026464268288
1284119224483373063
1284120641784786945
1284121639014354944
1284122480991522819
1284122670259290112
1284125760479883265
1284127094293708801
1284127492442185728
1284127557919535104
1284127593155792896
1284128218405122048
1284128513897857024
1284128723730489346
1284128734820265984
1284129024986365952
1284129917341323264
1284129999386103809
1284130700346589184
1284130891829178368
1284130995097096194
1284131011123482625
1284131171358478338
1284132475954855937
1284132848182554624
1284133584593235968
1284136073224876034
1284136373729935360
1284136686348152832
1284136932058869761
1284137110258085889
1284137846354264064
1284137914520137728
1284137933105098753
1284137984166514689
1284138207450292225
1284139042863329281
1284140999917236231
1284143725476589570
1284143728924389376
1284144020071972864
1284145057184927744
1284145263536254977
1284146331607392258
1284149735977189377
1284150006472155138
1284151416592842752
1284152403105734663
1284152500308721664
1284152682995871750
1284153638890471425
1284157554721865730
1284157747265585153
1284157765284323331
1284157824419770369
1284160383817666560
1284160710952521732
1284161142869209088
1284162700440768512
1284166422919143427
1284168453109067781
1284168516938031104
1284169004735594496
1284169177154981889
1284169577857859585
1284170791962071040
1284173308884209664
1284174358278107137
1284175540107141120
1284175594448535552
1284175866595926016
1284175981909925889
1284177210304151552
1284178103946936320
1284179633357950981
1284183309220581376
1284184866049765376
1284185039241019393
1284185339439898624
1284185424852709378
1284185825329082368
1284187281427886080
1284188397259505664
1284191384597958657
1284193185321807873
1284196568216682496
1284197124087803909
1284199332237832192
1284201751277518848
1284210134529409024
1284210292688187393
1284210741021511680
1284215222471757824
1284226764533755904
1284259995555467264
1284291460867567616
1284301124632080384
1284308006369243137
1284313669078138880
1284316112134352896
1284326245920960512
1284329779382980608
1284330102482808832
1284332084417323008
1284336914963632129
1284351742235140099
1284351850100056064
1284352630211280896
1284362142108364800
1284365084324581377
1284380514435035136
1284384477691682821
1284420596537757696
1284421123904466944
1284423612439465986
1284533008989478913
1284548478715088897
1284839964031635458
1284897244768960513
1286156174560174080
1286189522963689472
