id
1286472344278413312
1286478512279269376
1286480165262913536
1286480491793678337
1286484201458417665
1286485094006366210
1286486920093024256
1286488341119143936
1286488874273841152
1286489976310439938
1286490102353375232
1286490692714291201
1286493424405721088
1286494075844046848
1286496300104441856
1286496609002430464
1286496909520060417
1286497591593558017
1286501914574589952
1286502774675353602
1286502797563719680
1286503188502257669
1286503229002588160
1286503281196490753
1286505766560522241
1286508066268053504
1286509180287717376
1286509416439672833
1286510263563218945
1286512232101109760
1286512234143735809
1286515583731642368
1286515870714404864
1286516236642185217
1286516477659553793
1286516743733575680
1286516956695126018
1286516975007498240
1286517039373279233
1286517053394792448
1286518935316074496
1286518939531403265
1286519203256655872
1286519401353682945
1286519626193461248
1286519643717263360
1286519935389192192
1286521524032176134
1286522431042019329
1286523050888839168
1286523403248181249
1286523717095366656
1286524818276225025
1286526368189038594
1286527397232168960
1286527951282954240
1286528481929527297
1286529241857679361
1286529507881410560
1286529750010224640
1286531049011339264
1286531136009560064
1286531163050217483
1286531699380072448
1286532768529178626
1286534292055535618
1286536288829501440
1286536558644928518
1286537462219599873
1286538339374383104
1286540341911392256
1286540473377595392
1286540853838663680
1286541224199901185
1286541537015341057
1286542481685753857
1286542722199773184
1286543146449436672
1286543298786623489
1286543370567835650
1286543524653981696
1286546074857963520
1286546473505525760
1286547108242305026
1286547724121206784
1286549247639187456
1286550232021389314
1286550302708183040
1286551135642214400
1286551280618336256
1286551866927509504
1286551903254454272
1286551936330653697
1286553058617384965
1286553980684795905
1286555517301776384
1286556014020571136
1286557068585910274
1286557239289946113
1286557475513106434
1286558357281619968
1286559268854890501
1286561165477199873
1286561204115136512
1286561454217281536
1286561530603954176
1286563175538864129
1286566556663603200
1286566924529278976
1286567414180851712
1286567631651143682
1286567881413599232
1286568234968211456
1286568839455453185
1286569006556577792
1286569963822690304
1286570246103433218
1286570277174878213
1286570303426949120
1286570747171766274
1286570785444786176
1286571115796553728
1286571204476694529
1286571769344610304
1286571814898941953
1286571937376788480
1286572363337756672
1286572364935786496
1286572549678100482
1286572636378628096
1286574470010789888
1286574621362331649
1286574662701314051
1286574728715493377
1286575020471250944
1286575065807478787
1286575071834697729
1286575596227575810
1286575701433257985
1286575852440834049
1286576217026473984
1286576308542005248
1286576591816896516
1286576680572616704
1286576734649769986
1286577108936871936
1286577321080582144
1286577340353413120
1286577346036682752
1286577759167213569
1286578050109300737
1286578601656123392
1286578687484157953
1286579086605692928
1286579337236340736
1286579379007438848
1286579990331449344
1286580010103402496
1286580213900402689
1286580273648242688
1286580309216067584
1286580343999348736
1286580369739808770
1286580640440188930
1286581310396432386
1286582024187179009
1286582169654026240
1286582936272166916
1286583802127503362
1286584097339367424
1286584383516946433
1286584715848249347
1286585974332432385
1286586164741201921
1286587087223808001
1286587615903285251
1286588566399643648
1286588986731847686
1286589035700301825
1286589173768445953
1286589421576310784
1286589456707772416
1286590246130339840
1286591155769970688
1286591375790620675
1286592126986252289
1286592301402222593
1286593723963338752
1286595511751868422
1286596820672507906
1286597061844975616
1286597573914984448
1286597754664284160
1286598384208379904
1286598402927599616
1286598491444146176
1286598824283209728
1286598846978486274
1286599270783528966
1286599394305822721
1286599818760949760
1286600438070951937
1286600969749278721
1286601423166160896
1286601852633509888
1286602466549587968
1286602687853654016
1286603650261901313
1286604772217257984
1286605109820928001
1286605890741731329
1286606956992503808
1286607340137930752
1286607573299286018
1286607582539522048
1286608138217562114
1286608260091400192
1286608471140556800
1286609631440039937
1286610801336311808
1286611282959851521
1286611466108329985
1286611825362997250
1286612508548063232
1286613296376770561
1286614304754524160
1286614366800850944
1286615116318818306
1286617325265854466
1286617342777024514
1286620054604271616
1286620563750785024
1286621442516246528
1286621672326352896
1286622746235899906
1286623125354889223
1286624067294912512
1286624080209129474
1286624352629223426
1286624411089436672
1286624901944586240
1286625945361637378
1286626966175506432
1286627686689857541
1286629402931937281
1286629975693484032
1286629995033501696
1286630162428121088
1286632014934761473
1286634753945346048
1286635151074549760
1286635756518281216
1286636053906878464
1286636073745936384
1286636114518740992
1286636133930000384
1286636139881754624
1286636153190232064
1286636769060859905
1286636775889231875
1286636778577784832
1286636791764680704
1286636797531889664
1286637758669234178
1286637917926903808
1286638071786528768
1286638997121282050
1286640448610553858
1286640807697453057
1286641046554726400
1286641888297009152
1286642059131023360
1286642467731693569
1286642563160477697
1286645836806418432
1286645961654013952
1286648043031261189
1286648298653114368
1286648817023033345
1286649320221978624
1286649512786669568
1286649785613578241
1286650024512847872
1286650064685809665
1286650424435515392
1286651327678799872
1286652146146975745
1286653139014180864
1286653322296881152
1286653357688463365
1286654185484611584
1286654343836504069
1286654566537125890
1286654665862520833
1286654794518523905
1286655276276305920
1286655330542186501
1286655715155693569
1286657287466020864
1286657939403464704
1286658092751400961
1286658927547936771
1286659216682385408
1286659857400111106
1286659887708041216
1286660529751306242
1286661347812360193
1286661877712302080
1286662003092668416
1286662125381750790
1286662167450619906
1286662372141105152
1286662527296786432
1286662701280669697
1286662702966829057
1286662875944280069
1286662914678505472
1286663103514517509
1286663486974509057
1286664941412339712
1286665582905970690
1286665793933946880
1286666788067921920
1286669456463208448
1286669735770198016
1286670072988065799
1286670123055505408
1286670731435110402
1286670910443810817
1286670970577498114
1286671867206500352
1286672930902962177
1286672960611221504
1286673019146866688
1286674259322912769
1286674398196273152
1286674652891250689
1286675012707995648
1286675344762662921
1286678719679967232
1286679321084477443
1286679606993522689
1286679663276969985
1286679957347811328
1286682218660691968
1286682234326355971
1286687112448925696
1286690743227047936
1286690946919219200
1286691871603867648
1286692108103901185
1286694970343055361
1286695508166062080
1286696324478296071
1286698886501773314
1286699139477024769
1286702075313872896
1286702181480050688
1286702919002107906
1286708972070694912
1286709552210161666
1286709843320016897
1286710391066697728
1286710828066979840
1286710936384856065
1286713033662722049
1286717241275199488
1286719386909319169
1286720359123709954
1286724152276078592
1286724159783854080
1286724169753694209
1286724182739361792
1286726952032690176
1286727063638949888
1286727086145589248
1286727235735392256
1286727308850520064
1286728316146167808
1286749236965629952
1286750589360074752
1286754672842280960
1286803225648062465
1286823829889671168
1286835294570856448
1286836359517204480
1286837191285473281
1286838354617626624
1286844120296652802
1286855213840646144
1286862146253418496
1286862499606695937
1286871606736777216
1286891254052134912
1286901660363534337
1286909903479529472
1286939016240066560
1286974116646404096
1287019386839031813
1287277508107227136
1287284938803306497
1287312871068598273
1287312922809532417
1287312939163111424
1287312950764556288
1287321315569876992
1287606981386100740
1287655433667133440
1288330091705987072
1288330113533140998
1288330196156743680
