id
1287915286637604864
1287917459714879489
1287920880509624320
1287923149816782848
1287924525833678848
1287925387675095040
1287927866408095746
1287929642654093312
1287935375332147201
1287939378547843072
1287939380489777154
1287941969163898881
1287942291106091009
1287944981110390785
1287945086475460608
1287945107988033536
1287946604075290626
1287949049186807809
1287950958618648581
1287951204794765312
1287953193582829568
1287958098523459585
1287960281423855616
1287960423677870080
1287960747289407488
1287965943243579392
1287966799259226112
1287967494414589952
1287968279756038144
1287968606530105346
1287972031753932800
1287972525847113728
1287974344937713664
1287978186039595009
1287978782922387462
1287985850815361027
1287986288407142400
1287986434096340992
1287986583694532608
1287986958564614147
1287986997848489984
1287987079171829760
1287989915230195712
1287993661326729216
1287994276320702466
1287999354939170816
1287999681801228288
1287999972001099777
1288000306979069953
1288000378290597888
1288001766189985792
1288004173284257792
1288005581815443456
1288006765263482881
1288008070514249728
1288008539118731264
1288008818912264194
1288010969969381376
1288011720821100547
1288012219142115328
1288015624459808768
1288016815981912064
1288016833375690752
1288016865168564225
1288017042704969728
1288025175900839938
1288025545150566400
1288027754600910853
1288032409800323072
1288034539290337307
1288040503473143808
1288040813889388544
1288042058012168194
1288045482850136065
1288046303264436229
1288047336824827905
1288048153753563136
1288049512401891328
1288052162333876224
1288054055798026241
1288054195300392960
1288055694080405504
1288058642210516993
1288062942332637184
1288066398661390336
1288067448319565824
1288067772375736321
1288067841728471040
1288067889778454528
1288069987534401537
1288071572683513857
1288071977408671744
1288072067791773708
1288072570479116288
1288073349231345665
1288073986186686464
1288074054881091584
1288074646533754880
1288075947267092480
1288075992074842112
1288077547129860096
1288078080326733824
1288078297889255425
1288080274488586240
1288080275235205127
1288080281363083267
1288080289688739842
1288080300384202755
1288080311188766720
1288081902012739585
1288082152316272641
1288082918569517056
1288082928900005888
1288082940690182144
1288082952589438976
1288082963293298689
1288082973888151552
1288082984453566464
1288086042298310660
1288086283928002560
1288086310331092992
1288086619887505408
1288087023589310464
1288087572070072320
1288087802698035200
1288087816069459968
1288087917353529344
1288088244597358592
1288089933010239488
1288090663930802176
1288090720616583169
1288091881377632256
1288093501847031808
1288094269547241473
1288095691500183553
1288097325940793346
1288097748772720643
1288098263275642880
1288098539323547648
1288100134975180802
1288100317796556801
1288102289815691266
1288103126730338307
1288103604864262145
1288104700189892609
1288104930176204800
1288105478388502530
1288105968782340102
1288106373364899841
1288106997229879297
1288107053324500997
1288107147406974980
1288107804415287297
1288109187151495170
1288109323424370690
1288109351857610753
1288110663714213891
1288113734208991234
1288114383575384064
1288114459773296650
1288114549816619010
1288114967783174145
1288115024678985728
1288115415109914627
1288115464132898817
1288116220370198537
1288116828560998400
1288116950091014144
1288117031858888704
1288117630943891457
1288118321611644929
1288118645386694664
1288119125324099588
1288121096701583361
1288122577487970306
1288123233279995907
1288124775714283521
1288131374042320900
1288133477309661184
1288135857157726208
1288135921422880769
1288137791059050496
1288139396223397890
1288139939134074885
1288140700823900162
1288141672367312897
1288143597699620864
1288144596724117504
1288146534547111937
1288155008601485312
1288159094264619008
1288159870047252481
1288161637761867777
1288161813117321218
1288162457777606656
1288162474840162307
1288164595731853312
1288165168396898305
1288166636298448896
1288168035321184256
1288170069965463552
1288170383229648896
1288170538058182659
1288171389434736641
1288172779011887105
1288177110998069248
1288181580117299204
1288187518328897536
1288241840521502721
1288277111837356032
1288292473224040449
1288295179028332544
1288298325205123074
1288299952871862273
1288306283947257856
1288312737831895041
1288319600665403392
1288327954489937920
1288333252525035520
1288357309236703232
1288357898452574209
1288358506437853191
1288370526369398784
1288415389030838274
1288449024765202432
1288467256238723078
1288469372185403392
1288474871882645505
