id
1272694407788023808
1272715922185154560
1272719344410062853
1272723247818293249
1272723545341284353
1272724265360596993
1272727941122625537
1272728240780652546
1272731974377984000
1272740066771656704
1272740812804087808
1272741331429810178
1272742426558361600
1272742908060250113
1272743631665770496
1272745406783344641
1272745726414516224
1272745991372804098
1272746273884434432
1272746745492094976
1272747067077734400
1272747248196227073
1272748119281692672
1272748823492784130
1272749158537945088
1272749339782246400
1272750883856502787
1272752902575030273
1272753637517754369
1272762992241700864
1272767234419691523
1272769625122500608
1272769744085544961
1272769972205314049
1272771144647471104
1272774989775855617
1272775800547274752
1272776861421092864
1272780730838339584
1272783362478882816
1272792068516007936
1272797831485505537
1272807396939665408
1272809450789720064
1272812828282376192
1272813641276903424
1272815920042274817
1272818580338257922
1272821093602975744
1272825161805225984
1272825493264293888
1272825504085602304
1272827077205430272
1272827745295142912
1272828705979592704
1272828864281014272
1272830132613341184
1272832462414942208
1272834821367066625
1272836075438759936
1272836428842426370
1272836964857729024
1272837816628596738
1272840079904395266
1272841058817212417
1272841570425831431
1272846491313336326
1272847067979739136
1272855486266630144
1272859368665387008
1272860353362354181
1272862150348820481
1272862846167035905
1272865440792887296
1272866460755300354
1272866583132557318
1272867658371756034
1272867756719906819
1272868638001729536
1272869892287377408
1272869954262413312
1272871544528621568
1272872187691626497
1272873897365561344
1272874429018595328
1272875715902357505
1272875843094634496
1272880681245241347
1272885549192396801
1272887027994935297
1272890038544629760
1272895476455690240
1272899076258963474
1272899679882223624
1272900521247092739
1272900772146163714
1272902127292121091
1272902196527607808
1272902300009447427
1272908316356861952
1272914366610894850
1272933442427084806
1272933945433182209
1272935758895120384
1272953844897464320
1272956488177168384
1272956844860772352
1272957879713071104
1272958013628747776
1272960439694118916
1272961142424387585
1272961180093448193
1272970334208053248
1272974661895311374
1272975141417283584
1272975419025702913
1272982495168851973
1272994306928685057
1272996567574876160
1273016911119482883
1273047569287933952
1273057188412456960
1273063182081253377
1273068755170385920
1273071702906298368
1273072035233624064
1273087737839546368
1273091159011684353
1273261622941962241
