id
1275965299800457216
1275987098168774658
1275995842009165825
1275996140110925832
1275996413294305282
1275997865777803265
1276002130013249537
1276002562588635136
1276004500352823296
1276005899543482368
1276005975644753922
1276008573747646465
1276009595253583872
1276013010167848961
1276013452226555904
1276013630304256003
1276014546214256646
1276020175301562368
1276022474937757696
1276022781122150400
1276023272274980865
1276029415168729089
1276030452206190593
1276033979926233089
1276035792255594497
1276035877613957120
1276039466595962880
1276043120627482626
1276048220939001858
1276051165059223552
1276052662446743553
1276053640969510912
1276056349239947264
1276063213075890176
1276065980892893184
1276066641646891009
1276070493729091590
1276071712136675328
1276072833970397184
1276073266617204741
1276073570792206336
1276073757333950467
1276074114256535552
1276082648847269890
1276087647702847490
1276094645852712962
1276096335800721409
1276099303027535874
1276107459036213248
1276110248541995010
1276110537680515072
1276111257188225025
1276111332010385409
1276111530585550853
1276111817488596992
1276112083881299970
1276115822977511425
1276125191618215937
1276126292480385024
1276128658353082368
1276129186193666048
1276130745367490560
1276131298545815552
1276134737153687552
1276134793118281731
1276135546218115075
1276135692964229120
1276138375251030021
1276142030486294528
1276142735972462594
1276143148381569025
1276144351970803713
1276144961151361024
1276145045645619203
1276145269688741891
1276145973320794118
1276146082955870213
1276146616064507904
1276147005845393411
1276147232639782916
1276148412002390016
1276148414330228736
1276149386083553283
1276150658140340224
1276152623318663168
1276158933862924294
1276158974346354691
1276159711138787328
1276161326948265986
1276162769608466435
1276164251556679681
1276164734505701383
1276186918703648770
1276187951576170496
1276188912986152960
1276189052559978497
1276189517511135233
1276190810858352641
1276192490354163712
1276194203194671105
1276194850346545152
1276196897972056065
1276197319516577794
1276199838476992514
1276202009566183425
1276202761533550594
1276203998140194816
1276206713004150784
1276208548947484672
1276209566703706114
1276209568360456192
1276210546912575489
1276216975845253120
1276216988684242944
1276219027367526406
1276225235205844992
1276225985151565825
1276231145563144192
1276267751993114624
1276299890839052290
1276309452409442306
1276339635422019584
1276354731158327297
1276358642980306945
1276360983577944064
1276361696790155264
1276378642042372096
1276393908704956416
1276410154104131588
1276417272882638849
1276426529342230529
1276525337761820672
1276525899534479361
1276528307056476160
1276779377829703680
1276868680417046531
