id
1277055546256838658
1277057453675298817
1277061040681783296
1277061434849943554
1277067015354638338
1277067703300349954
1277072369836625921
1277075525454802944
1277078402629943296
1277085691843756032
1277087608401735681
1277088596399280130
1277090729223835648
1277093272968548352
1277096034850598913
1277097719308275713
1277098142853287936
1277100926772207617
1277101071362473984
1277102276029505537
1277102974829907968
1277104245330702336
1277115958218289152
1277116999357825024
1277117178311897088
1277122107814457344
1277124094991855616
1277125721140285440
1277127346634383361
1277129352921051139
1277130623912730625
1277131475599548420
1277134135740395520
1277138550241333248
1277139438406004738
1277149876174778368
1277149891186184193
1277150170853998593
1277150174989520896
1277150732341276672
1277151111619600384
1277162905478107136
1277165370290450432
1277172900093542401
1277179679632326657
1277184570056736769
1277188353314586625
1277200075811426305
1277200973299978240
1277203290581643264
1277203777762689026
1277205862361120773
1277207674187165696
1277208602424406016
1277212223191089154
1277212658236702720
1277214424747651072
1277216686878257152
1277219287950749696
1277219567870201856
1277222523495579649
1277227257338052610
1277228015022272513
1277228063814586368
1277228251039936516
1277228503134466048
1277228993352052736
1277231227297165312
1277231497020227584
1277231616260050946
1277233095385600000
1277241373456920576
1277241854463930370
1277243188789383176
1277246110302601218
1277247166210207746
1277247892764405762
1277248230795825153
1277248293404196865
1277248728806625281
1277257140189552640
1277263621781778432
1277308436347187201
1277308721060708352
1277309683552980993
1277315769492140032
1277330839731306498
1277453644921622528
1277453813637513217
1277513244312170496
