id
1271598867687997440
1271611970840494080
1271614679027118080
1271623484662145025
1271640701197934593
1271645485128773633
1271645551256309760
1271646469758410755
1271651785594175491
1271652997819293696
1271653006686085120
1271653654777356288
1271654064065929216
1271654365510557697
1271654471840542720
1271654496142123010
1271655580793372673
1271656001997910016
1271656876598374400
1271657043057709057
1271657809965273089
1271659046584504321
1271660005591302144
1271660369887391744
1271660403437649920
1271661833770790914
1271662506214187011
1271664734232645634
1271664945881657344
1271665988304396288
1271667013564465153
1271671366140510208
1271675442039123968
1271678445819330563
1271678829027680257
1271679356222521347
1271679388027781125
1271682054036414466
1271682396673527809
1271684113703952385
1271684299809579010
1271684463269822465
1271684778203516928
1271684890824716293
1271685124539641856
1271685153857945611
1271686171718909952
1271686370017173504
1271686770715791362
1271686960898174976
1271688515479199744
1271688875673481216
1271689332584116224
1271689723388592130
1271694832247861253
1271695826000044032
1271697187253018624
1271698232867909632
1271700010996920320
1271700716780806146
1271700831327289349
1271703722880454663
1271705328573386752
1271707057071120385
1271708848659652608
1271710529216634880
1271711181913206784
1271711513158447104
1271714112339206144
1271714247395835904
1271715041113333761
1271715286790680585
1271716771611856896
1271716870765371392
1271716947965534209
1271716953422364672
1271719799186321410
1271719858120658949
1271719904157339648
1271720660469821445
1271722048050659328
1271722069529526273
1271722960521494529
1271723486768017409
1271723835109150721
1271724978958856192
1271726064838995968
1271726715790819329
1271727630908153858
1271729021877800961
1271729171287486464
1271733869054550016
1271734315596963841
1271735338994593796
1271735503029755904
1271739740497289216
1271740184204201985
1271741149015871494
1271742143392964608
1271745051396194304
1271747878331887616
1271747985601212417
1271748077263523840
1271749178637443074
1271753580018462721
1271754457085288448
1271755708258611200
1271756100644278272
1271756631890513923
1271757043162988545
1271758203190042624
1271762809873809409
1271762910709071874
1271765600063254530
1271765857824206848
1271766042369339392
1271766453474037761
1271766613323366400
1271768356970852354
1271768828905578498
1271768855451275265
1271770382928732160
1271770671526232066
1271773031929491457
1271776454464827393
1271778564640174086
1271778993826488320
1271780116058660871
1271780585820712961
1271780790435672064
1271780958836944897
1271780972778799104
1271781098138161152
1271781308096634880
1271781534173806592
1271781617145503747
1271781846041260033
1271781931475103755
1271782279258365952
1271782304474468353
1271782466592714752
1271784293631549441
1271784355166208001
1271785554703560705
1271786349574717442
1271787551775326208
1271787691529711616
1271787748324564992
1271789520451547138
1271789939001184257
1271791219471822849
1271791283875373056
1271791509268869120
1271791574876225537
1271791814513528834
1271791853579333632
1271792601809793025
1271792793904508928
1271793531007365122
1271794071745388544
1271795465374167041
1271796272731533318
1271797227971686400
1271797604121100289
1271797791644237825
1271801966767640578
1271802175522344964
1271802394565722112
1271803756481376256
1271804528321388545
1271810824370180096
1271811635255091202
1271814883856617472
1271816037793579008
1271816688103636992
1271818261659652096
1271820149545332741
1271822202728415235
1271825736253542401
1271825898271105026
1271826060242374656
1271826080379416576
1271826243634081792
1271827796256587782
1271831123568410624
1271833842152640513
1271834574784364550
1271838095810285568
1271838234851622915
1271839614563569664
1271840025584566273
1271842346741596161
1271843406776463361
1271844053613604865
1271844302897864704
1271844993276055552
1271846976795992064
1271847989963718668
1271849964314849281
1271850580500045826
1271851346728120322
1271855217659621376
1271855556978978818
1271855654651588609
1271857587600814080
1271863522230599681
1271863826003251201
1271868580225675264
1271872495218556929
1271976592084885505
1272026997347287040
1272057922147631104
1272067797195972608
1272072856730390528
1272076612926750720
1272096926935199750
