id
1273431799117443072
1273443073867956224
1273456400291651585
1273462696311230464
1273466131009777665
1273469824002220034
1273471757920333825
1273471842469048320
1273472166944575488
1273472259886219275
1273472308783403009
1273472434516131848
1273475049685528577
1273477595892342784
1273478153759936512
1273478304922611712
1273479549993406464
1273480338703089664
1273484098766422017
1273484532792979456
1273486394376118273
1273486735867908096
1273489422613241856
1273491344682397696
1273493652820553728
1273493746881970176
1273494155155537920
1273495509290717184
1273497410157768704
1273497486334681094
1273498156408246278
1273498222120464384
1273498378291167232
1273504855177355265
1273505682700959750
1273510842768723970
1273512104230879232
1273514041093140480
1273516507688034309
1273517139790426114
1273518496010260480
1273519005941198849
1273519034286235648
1273519996656922624
1273520558395797504
1273526061406384128
1273528773225275392
1273529130601103360
1273529228454060034
1273530616353611777
1273530911624097793
1273530912790044672
1273533201139380226
1273533728057372672
1273536463804657666
1273541461372555265
1273543814792089607
1273544820196208642
1273546945462595585
1273553857025458176
1273553994044993537
1273554031034511365
1273555925656145921
1273556883664707589
1273558346256113664
1273560456515338240
1273564366567280645
1273564844805898243
1273564865353748483
1273573491426484224
1273577331152482307
1273579239678197761
1273585108281253889
1273585956080087040
1273586184044724224
1273595316034588672
1273595700941434883
1273595797347565568
1273596118136352768
1273596767355854850
1273597816414146561
1273597860412633088
1273604535102177280
1273604563820580864
1273608874562514945
1273609066460348416
1273610000124928006
1273611975331729408
1273618068158087169
1273620079662358529
1273621794813964295
1273626424176328711
1273628854884511744
1273628920747720705
1273632058464768002
1273632606521786368
1273635255191105544
1273636179297005573
1273639459213328386
1273645721397284865
1273651575181856769
1273657167963291648
1273680639904997376
1273683281754517504
1273693664309477376
1273695090142314496
1273695725222858755
1273893245408305152
1273894355489574912
1273894402520281089
1273895443374551040
1273896339420540928
1273896968939614218
1273898058405695488
1273898233698283522
1273898399062913030
1273898590864203778
1273898756539166720
1273898976022900738
1273899195863232512
1273899406824050688
1273899893858299905
1274389387816493056
