id
1230288606192758784
1230288636068999168
1230301634212683776
1230301653011750914
1230306792774615041
1230307366983344129
1230308379228135424
1230308467052810241
1230308516180742144
1230308521247412225
1230308531255021570
1230308536284073990
1230308541250011136
1230308546216108032
1230308551182209026
1230308556152418305
1230308566034239488
1230308571000209409
1230308576012488704
1230308580970156032
1230308585952948225
1230308590948421632
1230308596002512898
1230308600918224896
1230308611026538498
1230308616156188672
1230308769021616128
1230308851146162178
1230308922889834502
1230309280559005696
1230310373057859584
1230310463336075265
1230310491915816963
1230311226615435264
1230313166841745408
1230313959854612480
1230314004767223808
1230314563481923590
1230314589809598464
1230314874934349824
1230315831155929090
1230316373911404544
1230316420870725633
1230316670343958530
1230316759518871553
1230316955036504067
1230317102055202816
1230317114231336968
1230317228911923200
1230317258678898688
1230317333131993089
1230317484089065472
1230317895915171840
1230319062875430913
1230319441352822786
1230319571711774721
1230319697670889473
1230319915070083073
1230320274265952256
1230320770183770113
1230321541205909504
1230322603388284928
1230323194667708416
1230323275470954496
1230323378805862400
1230324183630057473
1230324711353044992
1230325473739145217
1230327137531387906
1230327929277571072
1230328512516521984
1230328614190583809
1230328747481587713
1230328836228820993
1230328858236289024
1230329667145621504
1230329777657204736
1230329801178832896
1230330638886031361
1230330724902768641
1230331737324097539
1230331877942267905
1230331937870401537
1230332341072977921
1230333324725342209
1230333402118868992
1230335000496574464
1230335061716865024
1230335100358942726
1230335274153988098
1230335863768391681
1230336774108581888
1230337241089748992
1230337269938171907
1230337464348401664
1230337796239429633
1230337811162816512
1230338122845691904
1230338777249284096
1230338840608436224
1230338883008724992
1230339169576202240
1230339288300167168
1230339661987557381
1230340326390255616
1230340467012751360
1230340678414024705
1230341298198020097
1230341409535922176
1230343384881094656
1230343439230865408
1230344320344940544
1230345127354359808
1230345391096229888
1230345411581423616
1230346523558342656
1230346751057571841
1230347781560262657
1230347788514418694
1230348060770869249
1230348293940686851
1230349694573989893
1230351134398664704
1230351461470494720
1230351513727328256
1230353043041861634
1230353212546281472
1230353313083740160
1230353314295898112
1230353409129226240
1230353433586065408
1230354041609183232
1230354057950187520
1230355017275670530
1230355093788205057
1230355447539957762
1230355493551366150
1230355556327665664
1230355605858086913
1230355756953853954
1230355881876811776
1230356403732135936
1230356494555717632
1230357424999104512
1230357751051649025
1230358003272077314
1230358075728683008
1230358101745733632
1230358266028449796
1230358384680898560
1230358533042065409
1230358590868815873
1230358649085628416
1230359106134802432
1230359241191346177
1230359264428011523
1230359440387452929
1230359612236259328
1230360082354966529
1230360515982979072
1230360524631789569
1230361002899734528
1230361975999385605
1230362836741701634
1230363627971960832
1230363648146771968
1230363680711139329
1230364256375209984
1230364635959705601
1230364819519397888
1230365179281539073
1230365188928540672
1230365193873641472
1230365203210162176
1230365209157566464
1230365214073393158
1230365218980667392
1230365224022298624
1230365229604839424
1230365234528956416
1230365239432142848
1230365244406554629
1230365254955290624
1230365269257805830
1230365274198683648
1230365279705870336
1230365284688703489
1230365294515949568
1230365918238253056
1230365999129677825
1230366136534958083
1230366183074910208
1230366260946321408
1230366291795443712
1230366306043559936
1230366555625517056
1230366558393901056
1230366962645176320
1230367161949945857
1230367315839062017
1230367375473725440
1230367980514529280
1230367993894522880
1230368317388599298
1230369294166433793
1230370164291579904
1230370425542070272
1230370577497698304
1230372552498913280
1230375218327310336
1230375891181555713
1230376540195737605
1230378356761407489
1230378459655892993
1230378884459376641
1230378976801103872
1230379781289431040
1230380823700017152
1230381905624752129
1230381939649130497
1230382218662445056
1230383278277791744
1230383608931598342
1230383732172840960
1230383748094582784
1230384229780881408
1230384286877933568
1230384449533153280
1230384681029226497
1230385278344364032
1230385379695628288
1230386044358582273
1230386111010131969
1230386134527561728
1230386201669951488
1230386230350794753
1230386509464903680
1230386571800645632
1230386788046458881
1230386974177005568
1230387274065547264
1230387722717515781
1230387752774098945
1230387900497313793
1230389610624143360
1230389926555860994
1230390422549168128
1230390753387536384
1230391478112980994
1230391654256799745
1230392005651574784
1230392190490173441
1230392237244088320
1230392502126964736
1230392522066755584
1230393111374729216
1230393962889760768
1230394015117430784
1230394156842995714
1230394523945074688
1230395545673437184
1230395956216000513
1230396328829571075
1230396599282454528
1230396712755310592
1230397251177996289
1230397329829748736
1230397423735824385
1230397489779367936
1230397996333846528
1230398609440505856
1230398639765413888
1230399107447037952
1230399667717824512
1230401796708847616
1230402112841973760
1230404974783422465
1230405121445515264
1230409212469153793
1230410015615471618
1230410528364941312
1230410995262197760
1230411496166952961
1230412572173553664
1230412679052840961
1230413247209201664
1230413476855721984
1230414365913780224
1230414457114787840
1230414527960760320
1230415087032135681
1230415911296749569
1230417180644147200
1230417338379325441
1230417359728304128
1230417518533103618
1230417790420451331
1230417967218753536
1230418059514568704
1230418295356043264
1230418394396033025
1230418538390675457
1230418749078917120
1230419009918689284
1230419762607534080
1230419926281682944
1230420338217037825
1230421289233502208
1230421713831243776
1230422083424776193
1230422972218908672
1230423383826976769
1230423503905546241
1230423812908384256
1230428166440701958
1230428250045681665
1230428709326188545
1230429009340780545
1230430986636161024
1230431230887415808
1230432362112180224
1230433102209540096
1230436032362971136
1230438674656980992
1230440203510091776
1230440575221944320
1230440766855622656
1230443043729227777
1230443059067990017
1230443703191236608
1230444911964704769
1230445430137335808
1230446885548118018
1230446944796823559
1230447080818085889
1230447154805653505
1230447640791244800
1230448989280989184
1230449923956432896
1230449992915202048
1230450025508962305
1230450034648461312
1230450727480221696
1230450882317365248
1230451557650632704
1230452168550797315
1230452690846543877
1230453493204320256
1230453609499774976
1230454102448013313
1230454289690169345
1230454439150006277
1230454781337993216
1230454896035368962
1230455040063655938
1230455230799785984
1230455294448136192
1230456048189763584
1230457743980539906
1230458058859520002
1230458346571882498
1230458563346272256
1230459141044477953
1230459165971120128
1230459288595914752
1230459297634512898
1230459315971997698
1230459403859566592
1230459412667482112
1230459481076748288
1230459550387535872
1230460039657332736
1230460071819325441
1230460127251181569
1230460135610494977
1230460209060933632
1230460497398554624
1230460595314491396
1230461510029320193
1230461901714444288
1230462932988895237
1230463086827573249
1230464115568709632
1230464122762022912
1230464128755453952
1230464480028450816
1230464631849639938
1230464651542106112
1230465404088258561
1230465487974301699
1230465715884433408
1230466109846876160
1230466286578212864
1230466323899011072
1230466605689327616
1230466657803358209
1230466797637210113
1230467362618576897
1230467392486039552
1230467830736285697
1230468152565346304
1230468343800291333
1230468498914205697
1230468593919365120
1230468632137826306
1230468729781268482
1230469175912620034
1230469219730411521
1230469355038748673
1230469856039821313
1230470093878046720
1230470297909743616
1230470356735012864
1230470551245750272
1230470779612975104
1230470851134230529
1230471096308293632
1230471139681591304
1230471197566984192
1230471247038824449
1230471274675105798
1230471990613397505
1230472158436085761
1230472214157250562
1230472279869599749
1230472459033489410
1230472589711114241
1230474077137231873
1230474258117058560
1230474434462584832
1230474740814491649
1230475460020183041
1230476746325135360
1230476785835479040
1230476841410080768
1230477398732308481
1230478163546976258
1230478246594187264
1230478364294684672
1230479555506450434
1230479794015330304
1230479814001213440
1230479949099700230
1230480170013736961
1230480297797570560
1230480428357869568
1230480465183854594
1230480666539757568
1230481103384788992
1230481551852494848
1230481646459092992
1230481801287798785
1230481915779670016
1230482036722479104
1230482235167584256
1230482862048079872
1230483296674557952
1230484749350817793
1230484940904714241
1230485093421961216
1230485213576192002
1230485387476455424
1230485871784157184
1230487282710302721
1230487588122787840
1230487912589991939
1230488343948988416
1230489387827265536
1230489745546981376
1230489833602273283
1230491548770611203
1230494478126895104
1230494658565795841
1230496165537484800
1230496398908547072
1230496514096549890
1230496588851765248
1230496834885431298
1230497442526830593
1230497447341772801
1230497988545351681
1230498600431452160
1230499603755065345
1230500508059754501
1230500639379206146
1230501821761740800
1230502599234736128
1230503863352020992
1230503878979969024
1230505390040739840
1230505928895672320
1230506714497241088
1230506926162599936
1230507603178008577
1230514053560160256
1230516201639440385
1230520252930412546
1230520415581351936
1230520980143058944
1230521569476104192
1230521955591258118
1230522671571570690
1230523282308251648
1230523282526330886
1230525760596856833
1230526604637429760
1230526884716437505
1230527311163715584
1230530163223347200
1230530244551024642
1230530949491748864
1230531200130793472
1230532287558586369
1230532347164024833
1230533641198981120
1230534507947794433
1230534566747635712
1230535257608208384
1230535916243968000
1230536207227973632
1230536600498556928
1230537085502795777
1230538761454288896
1230539143685394433
1230539216259551238
1230541400648929280
1230541778706669576
1230542388302667777
1230542723716964355
1230548460312526848
1230549167627309057
1230553069466746887
1230553584087052289
1230553627283972101
1230557067548561409
1230557211056697345
1230557406666428424
1230559194266259460
1230561702321672198
1230562763396800512
1230565279962468352
1230566012447117312
1230566095532236800
1230566098593931265
1230566723004190720
1230567799954653184
1230567910638096390
1230567931022438402
1230568541457395713
1230569867356434432
1230570002459320322
1230571501470068736
1230576310268780544
1230581521054085120
1230581541321035776
1230581552607846402
1230582352016838656
1230582595877883904
1230584671228088320
1230588807310794752
1230602031724990464
1230609749093150720
1230614318997110784
1230618914754899973
1230634743944794112
1230662263951917056
1230708656712216576
1230716371543048193
1230722520740843520
1230731123778392065
1230732279284060160
1230739998409777154
1230752291583512576
1230763738350813185
1230806017618792448
1230811376408506369
1230812558753488898
1230860266243526657
1230884915048259588
1231105418547449856
1231204389966082049
1231601323298000901
1231601336577396736
1232628315904561152
1232693300290822144
1234434887513300993
1234805302505197568
1235927265608740864
1246486185490305024
1246488634083049473
