id
1229920447099174915
1229932902928060417
1229935593338990592
1229936243494019072
1229939273027055616
1229939408402432000
1229939687453872128
1229939784396574721
1229946815677485056
1229946946749636610
1229947172730408961
1229947217546338304
1229948805824434176
1229950088551837696
1229950143400529920
1229950457176395776
1229950643151896576
1229951149014425600
1229951221454102529
1229951442301009920
1229951495128453120
1229951546554830850
1229951576078417922
1229951583477100544
1229951636187033602
1229951853372170240
1229951988789587968
1229952537647861762
1229952634678890496
1229952775586488321
1229953510327955456
1229955372494008321
1229955503037599745
1229955609568649216
1229957453263130626
1229957454101745665
1229958061231628289
1229958714230071296
1229961609952448512
1229961780065132544
1229962583131619329
1229964708981202944
1229966333405614080
1229966897728245760
1229966915184906240
1229967266009104384
1229968045646348288
1229968846989266945
1229968849983827970
1229969393993605122
1229969610205810691
1229969988238200832
1229971039473397760
1229971082242859008
1229971352242683904
1229971576688447490
1229971855534100480
1229972136413949952
1229972624995909633
1229972625021075456
1229973459934924800
1229973482139570178
1229977133243600897
1229977301389119491
1229978239377915904
1229978653473353729
1229978746679123969
1229978763389284353
1229979083016007681
1229980251771539456
1229980747668303872
1229981323525148672
1229981661141467136
1229982222150774784
1229982225099177986
1229983535462846464
1229983563874889729
1229984008433524736
1229984284905267200
1229984329700462592
1229984384519938048
1229984838901534720
1229984843943043075
1229984848850440193
1229984858518310912
1229984863517843456
1229984868446212096
1229984869360394240
1229985049019326470
1229986868017545217
1229986914364604416
1229987776994496513
1229988976993427456
1229989199303983104
1229989402627235840
1229989466909106176
1229990140342341634
1229990234273632256
1229990477061070849
1229991782747787264
1229991957033668609
1229993919561138177
1229994621851160576
1229994695406710789
1229994731817455617
1229994741095264265
1229995251508510720
1229995325521383429
1229996338743513088
1229996862566019072
1229996929490116608
1229997153700974593
1229997352670253056
1229997386270957568
1229997907463421952
1229998628808216576
1229998635342946305
1229999513391136769
1229999646606409730
1229999939918467072
1230000078414155777
1230000307305926656
1230000422170980352
1230000561203957760
1230000736647274498
1230000847385395200
1230001127355277320
1230001659503423489
1230001817297154048
1230003059532582912
1230003334167351297
1230003579181662208
1230003673469571077
1230004222118154240
1230004407875428352
1230004787590115328
1230005333344563201
1230005471567724544
1230005658285678598
1230005677654822913
1230005732755435521
1230005779656212481
1230006562984546306
1230007026471751682
1230007466106093569
1230008003102826496
1230008859965579264
1230009447667208192
1230011262664368129
1230011561495805952
1230011602663084033
1230011667330871296
1230011791029264384
1230011858867781633
1230013304237461504
1230013530667008000
1230014916150476802
1230014958387126272
1230015258867228672
1230017508410712064
1230020729229332480
1230020982926172161
1230021341149106176
1230021862144577536
1230022163723321345
1230022711360929792
1230024182400012288
1230024335236194304
1230025226794070017
1230025833273810944
1230026029827264513
1230026288779419648
1230026308970782720
1230026504504918016
1230026795774181376
1230027523859214337
1230027696450621440
1230029076582281216
1230029637188825088
1230029718583496705
1230031764493623301
1230032407543341056
1230033028958781440
1230034328748298245
1230034685167689728
1230035466277150727
1230035646770749443
1230035680979509248
1230035759802900481
1230036574471172097
1230037702667575296
1230037713962668032
1230037974290616321
1230038358300205056
1230038883741519873
1230039054919634950
1230039314769203202
1230040182725890048
1230040195992449025
1230044880006565888
1230045670465208320
1230046380980260864
1230046387632574465
1230046792256876549
1230046856639471618
1230046860460490752
1230046864566890496
1230046895952650241
1230046906211979264
1230047210919931905
1230047486674272256
1230047520287412226
1230047701573619712
1230048035280846848
1230048058164928514
1230048620692615168
1230049108443922433
1230049113883828224
1230049720241807360
1230050210279149568
1230050719098519552
1230051026805411840
1230051419316609024
1230051768018468864
1230052434099064832
1230053350219165696
1230053511892697089
1230055187311550464
1230055254089224194
1230057116951568385
1230057955451641856
1230058721847496704
1230058995332845568
1230059102446866433
1230060419047477253
1230061391509241857
1230061558404792320
1230061972357570560
1230062193904934912
1230062239748698112
1230062276821995522
1230062662374981633
1230062755069255680
1230063060758474753
1230063603832762369
1230064461182111744
1230064639108513793
1230065096006733826
1230065495228874754
1230065869310447616
1230067344388521984
1230067626509914112
1230069455029506049
1230069515477770241
1230069611091103744
1230071616274481153
1230072308729028610
1230072799466643457
1230073255953743872
1230073257145094145
1230073416348250113
1230074068491218944
1230074294232702977
1230075635814453248
1230076471638708226
1230077309882949632
1230078183954898946
1230078237063049216
1230078497416192000
1230080550536392704
1230080902991994881
1230081488261189632
1230081619018436608
1230082790550470656
1230082902085525504
1230082948092825601
1230083131669086208
1230083589703749633
1230084049508552704
1230084292358942722
1230085706900529152
1230086877291544576
1230086979003412480
1230087017519648773
1230087845513170946
1230091660425605121
1230091753916518400
1230094199653093376
1230094339063369729
1230095554165657603
1230095628216209409
1230096003379924992
1230098023784599553
1230098848170663937
1230099357107515392
1230099914681544704
1230101936566865921
1230101936902303745
1230102076241240064
1230102092737654785
1230102167320588289
1230102183858888704
1230102377631449089
1230102483629826048
1230102585065058306
1230102632049475585
1230102810873778176
1230103035658915841
1230103232329814017
1230103502237683712
1230103593602076675
1230103845805678593
1230104880846528514
1230105115052236802
1230105603663695872
1230106016655773696
1230107402244182016
1230107719127879680
1230107857049223170
1230107941098971137
1230108111287078914
1230108132300353536
1230108428649082884
1230109097820745729
1230109833904263168
1230109842959994882
1230110592322568192
1230111160478961666
1230111945795092481
1230112096982945792
1230112292571881472
1230112456174952450
1230112746496069633
1230112867828940800
1230113278673727489
1230113384160518147
1230113425541550080
1230113429593001984
1230113466075082752
1230115036355391488
1230115631296589824
1230115977045725185
1230116737603055616
1230117078788603908
1230118087074205696
1230118700281401344
1230119395344687105
1230120108908924929
1230120723257016320
1230120827884101632
1230121287034400768
1230121614706008065
1230121702727864323
1230121791437361153
1230122010778492928
1230122544755118081
1230122618155622402
1230123158927216640
1230123870771912707
1230124514018762755
1230125028899000320
1230125550506610689
1230127395098759169
1230129588132622338
1230130045999632385
1230130466394644480
1230131289279254528
1230131768923017219
1230131822312534018
1230131972221100033
1230132079431737346
1230132083579858945
1230132193835569152
1230132309191467013
1230132408403550210
1230133292340518913
1230133477527490566
1230133507810353152
1230133717206589443
1230134839157850112
1230135549773508611
1230136084669095936
1230136101144231936
1230136276893892608
1230136374155595776
1230136564648468481
1230137020565073920
1230137540889309184
1230140438096465927
1230140651473260544
1230141083746631680
1230142630253608961
1230142884407660544
1230143199630393349
1230144174386745344
1230144353789562880
1230144478763212800
1230145375090069509
1230145841786126336
1230146471586074629
1230146711890407426
1230147919518425091
1230150314122104833
1230150571820306432
1230150587959795712
1230152237218922496
1230153751211782147
1230154110432874496
1230157738874785792
1230157941015138305
1230157961063890945
1230158006538711041
1230158159098122244
1230159056071012352
1230161685421416450
1230161878703165441
1230162062497763328
1230164170877784064
1230164990444748800
1230165873840640001
1230170083575697408
1230170101686521858
1230170511113584640
1230171218663231488
1230172535976800264
1230178998539431939
1230179286537179136
1230179962583425035
1230180071165460480
1230181014854459393
1230181422448758788
1230181752418684928
1230182697278017536
1230182718622883840
1230183258773696513
1230186535397490689
1230187398971215875
1230187557897375745
1230187658397331458
1230188445944991745
1230188789160718336
1230193522680225792
1230194141184712704
1230194603137040384
1230194775422316544
1230195506388684800
1230196967818612736
1230197165382828033
1230197553586634754
1230197892750684161
1230198038439788546
1230198256283668480
1230198820761305088
1230198839711272974
1230199156485971969
1230199255681208320
1230200426848374784
1230202118998560776
1230202372678410241
1230202518514360320
1230202778150211585
1230202845447761921
1230202853500882945
1230203608668528645
1230204191378817024
1230204717369786370
1230205286566240258
1230205467697152000
1230205598949490688
1230205862796562433
1230206603854569473
1230207753609760775
1230207989698748416
1230208116681322497
1230208179738308608
1230208372034752513
1230208864290775040
1230209073578217473
1230209209112944642
1230209627016527874
1230209682645667842
1230209758445162497
1230210163853885441
1230210816936468480
1230210875031773185
1230212222896529411
1230213140287283202
1230213215826698240
1230214888318029829
1230215761806774272
1230217363146051585
1230219194836320256
1230222420004524034
1230222699252912128
1230222837610205184
1230223200707076096
1230223658150453248
1230225017474093057
1230226025533124615
1230226132127096838
1230226557161132059
1230226677550243841
1230227038205816832
1230227145592537094
1230227227981361152
1230227415751745536
1230230358907588617
1230230768842104838
1230230839461543936
1230231159898021889
1230231278898663424
1230232650121646081
1230233457730523136
1230234174516318208
1230236138474000384
1230238669807726592
1230239140324794369
1230240468228870144
1230242344659800069
1230242794607915013
1230244027171328000
1230245029341519872
1230245168915394565
1230245333378256897
1230245372167106561
1230246429223874560
1230246769583362048
1230247697501872128
1230247763536797697
1230247906676035587
1230248775073116162
1230249944486989827
1230251073392332801
1230251329769086977
1230252092360708108
1230253238588444672
1230253315985940480
1230255012644839434
1230255210003562496
1230255507174195202
1230256305698414593
1230257947835543552
1230258469598564352
1230261787699838976
1230263122855895040
1230263258591920135
1230264987056254976
1230265879021182978
1230266068645679104
1230267306900697093
1230270481829388289
1230272421648912385
1230273154389626880
1230273667797520384
1230274901963149313
1230275624423522305
1230275783790252032
1230278415451815938
1230280392248184833
1230284335288221696
1230284712393965568
1230288221646360576
1230289820754305029
1230297115550736395
1230303145072349184
1230305939112288259
1230314321097437185
1230316413409087489
1230318706779185152
1230323240330907653
1230326811457810432
1230326968983412737
1230330808357052416
1230335730062413826
1230335787604025345
1230338625969303683
1230340606423191552
1230340608910352386
1230341117893337089
1230342868063182848
1230344161208958976
1230347737855602688
1230348483191767040
1230349083832967170
1230353012079648769
1230358396777439232
1230358553862582272
1230358944775839746
1230363066610507776
1230364220107214848
1230365670661087232
1230366393289396224
1230367649630236674
1230368255237165056
1230368557067853824
1230369270481113088
1230375323797204995
1230375360094752769
1230378002690772993
1230382692413460481
1230383004268322817
1230384359905091586
1230385043236933638
1230386607037042688
1230387421692358656
1230391444621418497
1230391613198761984
1230392505855705088
1230393142110806022
1230397774769860609
1230399110362095616
1230402865702850560
1230403751904763904
1230405759663558656
1230406078438838272
1230409268773343232
1230412086385291264
1230413820943851520
1230417765229617153
1230418611027791872
1230418809506476032
1230432008230191104
1230432335553859584
1230432737854660609
1230433510977990656
1230433941007425537
1230437893568696320
1230439030631866370
1230439641863643138
1230444002610176000
1230444704874946560
1230447221583339520
1230451528609271808
1230452226327486465
1230453640894218242
1230463856171978752
1230464528363683840
1230466092809715714
1230473017567961089
1230473954290282497
1230476035491127297
1230477301147529216
1230477326267191296
1230477725380464640
1230477753046073344
1230477848076525573
1230484283585896448
1230485012857880577
1230486892728258560
1230495312264884226
1230545358406782976
1230573987815518208
1230581365898432512
1230638370864451585
1230647975090806791
1230834105979293697
1230836010742714368
1230855699569078272
1230859043406667776
1231095200707072000
1231623361509445632
1231843329999917061
1231929098106265603
1232212656213245954
1232263410777092097
1232427332784283648
1232497086672695297
1232567231114022913
1233308777723547648
1233426640191049728
1234375818345881600
1236234374237978625
