id
1228111899817988096
1228112091220832256
1228112886716760064
1228113037934157824
1228113180204777472
1228128969490231296
1228129834125156352
1228130623396569088
1228130717873274881
1228131391604310017
1228132199372857344
1228132234726522882
1228132380797358081
1228133037591822337
1228133084958035968
1228133265392799744
1228133276180795393
1228133300830531584
1228133332082286592
1228133395642740736
1228133746215280640
1228133872862257152
1228134021177073664
1228134078186172421
1228134106598277121
1228134845450051585
1228135100165976064
1228135308203610114
1228135486889136128
1228135549413707777
1228136069985492992
1228136097642766337
1228136225996972032
1228136336671924224
1228136421149425671
1228136443098411015
1228136450366902272
1228136493362950144
1228136638745739266
1228137057811255296
1228137075712512001
1228137120461512704
1228137249935486978
1228137276359749632
1228137405288345601
1228137417510514688
1228137711585853441
1228137719634841600
1228137804212862976
1228138316941361157
1228139039208824832
1228139712553996288
1228139774390591488
1228139913364721664
1228140098190856192
1228140185453334528
1228140494179274754
1228140553159749632
1228141331517595648
1228141365504004097
1228141620027019265
1228141882238263297
1228142032289501185
1228142143497285633
1228142723527593984
1228143662996963328
1228144027087716352
1228144412154302465
1228144901822377990
1228145240353034241
1228145277271326720
1228145359114760192
1228145373048262657
1228145586093875200
1228145623657902080
1228145626799411200
1228145651566858245
1228145792772231168
1228145914423857154
1228145917976403968
1228145939195412480
1228145942521503745
1228146034368364544
1228146045462253569
1228146094997196801
1228146441429741569
1228147236770435072
1228147296220483584
1228147418874572800
1228147429498769408
1228147468845473792
1228147481675878400
1228147624840065024
1228149104926048261
1228149676978757633
1228149779156226049
1228149782067023873
1228149810680619008
1228150277481664518
1228151819282436097
1228151912601505792
1228151977785405440
1228152090012160000
1228152134018961409
1228152193787682816
1228152447295639553
1228152604082888705
1228152637113143296
1228152875190079488
1228153771630325760
1228154562944565254
1228154938162851840
1228154948971458561
1228155148301529088
1228155578465181697
1228155680126668800
1228156112530071555
1228156378218254337
1228156691641851904
1228156919346429953
1228157547388919808
1228157671875833857
1228157690712481793
1228157778834780160
1228158168292679680
1228158332965474305
1228159444329979904
1228159474206011395
1228159950079193088
1228159971931504640
1228160385473105922
1228160426686345218
1228160430331219969
1228160563278045185
1228160670870327297
1228160681930829824
1228160718664421383
1228160920993402880
1228161350687309826
1228161395444764672
1228161565800615941
1228161584624631810
1228161596104437761
1228161796365668354
1228161826908585990
1228162021666934784
1228162085558747136
1228162120556011520
1228162248150904833
1228162588422242304
1228163046062735360
1228163122071891969
1228163720125091841
1228163959405993984
1228164118336532484
1228164142676078592
1228164956459167746
1228165438602788864
1228165626864160768
1228166472884637696
1228166668985065475
1228166903417303040
1228168783744815106
1228168799670554627
1228168809724301314
1228168903186010112
1228169032383135750
1228169169096429569
1228169380187402240
1228169728016797696
1228169978693578752
1228169996636839938
1228170113037172738
1228170566026186753
1228171060949815296
1228171211256909826
1228171394212495360
1228171554233520128
1228172345866506240
1228172415684923392
1228172930107883522
1228172987666317312
1228173168885370885
1228173214079057921
1228173268408045568
1228173692674265088
1228173699242545154
1228173762211667970
1228173807946366976
1228173932420718592
1228173990960627714
1228174022451421184
1228174025467158528
1228174181654650881
1228174264513134593
1228174267654606848
1228174320943239169
1228174377591562240
1228174474609979393
1228174622224347136
1228174625504296962
1228174683968700416
1228174821797720066
1228174861266079744
1228174869478567936
1228174958771048448
1228175002437963777
1228175162484248579
1228175211561832450
1228175569902174208
1228175896550371328
1228176076188160007
1228176124355629057
1228176218475728902
1228176458473885697
1228176661306175495
1228176683338874880
1228176750133145600
1228176823210500097
1228177081793576960
1228177402561351681
1228177900945330177
1228178015382695938
1228178044084346881
1228178166885150720
1228178485627084802
1228178940042215431
1228178987576262656
1228179154631159810
1228179358000435200
1228179370365177857
1228179501999218691
1228179523142742016
1228180126434652160
1228180506728026112
1228180917400690688
1228181234737500163
1228181621217476609
1228182458669027328
1228182684075089921
1228183247609155584
1228183301568860161
1228184682153381889
1228184693876482050
1228184727602921472
1228185574407729157
1228185759233871873
1228186978102861825
1228186998814343168
1228187204154904578
1228187245758205952
1228187883481124865
1228188402513612800
1228188566422818818
1228188785034158080
1228189410006405125
1228189462670110721
1228189487898877952
1228189545163739137
1228189704723427328
1228189985087471616
1228190100049104898
1228190220371124225
1228190223164563467
1228190309575643138
1228190485098856454
1228190526530211840
1228190760937254912
1228191389113974785
1228191521368764416
1228191704085188608
1228191740244316161
1228191813388754944
1228191934079889412
1228192126061563904
1228192567457538048
1228192569323974656
1228193025777553415
1228193170371989504
1228193684723617792
1228193827581648898
1228193859475136513
1228194307665879041
1228194601556512773
1228194681617469441
1228195189690208258
1228195385392320512
1228195757116641280
1228195905070718977
1228196076416462849
1228196186470768640
1228196470727172103
1228197177454821379
1228197413292130304
1228197674081406979
1228197767748567040
1228197891686027267
1228197988155019265
1228198153540620290
1228198348508655618
1228198427227348999
1228198943357407232
1228199191396020232
1228199221544640514
1228199734046650370
1228200847256875009
1228201282302660608
1228201390956138498
1228201825800638464
1228201882973163521
1228202007720157185
1228202049621225472
1228202197852147714
1228202286687502336
1228202305792528385
1228202548160368641
1228202648303616002
1228202807993323526
1228202918781673472
1228202979645280256
1228203307534995457
1228203421729079296
1228203649647558656
1228203787824689152
1228204248321548288
1228204490844585985
1228204605428785153
1228204893380308993
1228205075975131137
1228205117003853824
1228205357693980675
1228205546647384064
1228205710799826945
1228205776155508736
1228205798838243328
1228205811131768833
1228206298182733830
1228206815806021632
1228208164337635329
1228209758978674688
1228209801403879425
1228210815590789127
1228210861052837891
1228211496351481860
1228211897977098241
1228211901030514688
1228212198582865932
1228212482675630081
1228212771608612866
1228212960339709954
1228213156540899329
1228213249134325766
1228213322123624448
1228213574301937665
1228213612683988993
1228213614475014152
1228213645294755845
1228214199198765056
1228214251333926912
1228214312696549378
1228214441197465600
1228214639609016322
1228214776167202816
1228215166963081216
1228215259799773184
1228215266875592706
1228215446186315776
1228215554466435073
1228215840685740032
1228215903080206336
1228216016313806849
1228216028397617156
1228216258400702464
1228216283121848321
1228216868629934081
1228217001295769604
1228217402757828619
1228217408319393798
1228217678612983808
1228218122835877888
1228218166418931714
1228218261235355648
1228218280197812225
1228218440126586882
1228218713167450114
1228218825125986306
1228219073319727104
1228219639873671169
1228219640322482177
1228219692365438983
1228219850855604224
1228219856530493442
1228219906543370241
1228219989221462024
1228220003654066176
1228220118557061125
1228220156532281354
1228220247997476866
1228220295829262336
1228220373478473729
1228220405107740672
1228220814169755648
1228220900039786499
1228221074694754307
1228221098442907648
1228221170010378242
1228221253443448832
1228221419525308419
1228221685041512449
1228221904240070657
1228221954471055360
1228222147035721728
1228222363071680514
1228223010366050306
1228223013037887488
1228223251035254784
1228223269716688896
1228223326180405248
1228223363580973056
1228223376549765120
1228223383642370048
1228223390068039682
1228223420476751873
1228223425170178048
1228223460729470977
1228223643701760004
1228223658335719425
1228223691521085445
1228223695081992194
1228223705244782594
1228223776300552193
1228223797825699841
1228223807090937857
1228223837143064576
1228223897448808449
1228223975177633792
1228223999974338560
1228224022468423681
1228224026725601280
1228224041997066240
1228224087132000257
1228224127892250624
1228224174297993217
1228224196460740609
1228224238164643840
1228224265062776833
1228224286545985537
1228224467769253890
1228224511998222336
1228224514594467840
1228224650284396544
1228224785500405762
1228224866974760961
1228224868719591427
1228224901837836289
1228225019911688194
1228225124416909312
1228225144318906368
1228225154037104640
1228225179567808518
1228225187725766658
1228225384849657858
1228225403354894339
1228225514805985282
1228225533168603136
1228226096857960449
1228226433442430976
1228226488698163201
1228226807784079360
1228227280826064896
1228227331476471809
1228227349100916736
1228227403790467074
1228227566365863937
1228227795710431233
1228228180693008384
1228228212158631936
1228228320686305281
1228228369650552834
1228228705685655552
1228228850326200320
1228228882567852032
1228228973827506177
1228228990948671490
1228229213431320587
1228229248843796481
1228229363226689538
1228229770254569480
1228229860209745922
1228230170441445380
1228230242877108225
1228230249491484673
1228230330609307648
1228230462398586882
1228230464319549443
1228230502600986631
1228230830826196992
1228230963181707264
1228231008991903744
1228231011248435200
1228231023638372352
1228231141494099972
1228231225686425600
1228231266241146880
1228231537205772288
1228231624845713411
1228231640763097088
1228231676234354689
1228231868157313026
1228232156880592901
1228232168272302086
1228232333863477249
1228232350510661633
1228232374376259584
1228232838371168257
1228232847598604288
1228233030562566145
1228233558835130368
1228233576530862080
1228233907591507969
1228234280762888192
1228234290502045696
1228234356176515072
1228234571889594368
1228234587442012160
1228234587953721345
1228234860864520192
1228234871014735873
1228235064447660039
1228235089059799043
1228235096437620736
1228235098488655874
1228235689768046592
1228235730431823872
1228235977291776001
1228236317386924032
1228236330108194816
1228236347803983873
1228236702428192768
1228236869067952129
1228236880698736640
1228237013981118464
1228237137964781568
1228237452629856257
1228237483403599872
1228237513644376064
1228237628727709697
1228237694309822465
1228237788148989952
1228238029774454785
1228238071038005248
1228238475842838528
1228238556977455105
1228238566372675589
1228238657292660737
1228238873219629056
1228239174173483010
1228239258193780736
1228239429648535554
1228239636796825600
1228239643746828288
1228240021993316355
1228240041757069313
1228240268060528642
1228240312134275074
1228240396146429952
1228240410063052801
1228240836141486080
1228240884510052353
1228241316762357760
1228241417836716032
1228241872394440705
1228242764900388865
1228242865295257600
1228242875688701959
1228243307693633536
1228243790000865280
1228244014073184257
1228244289215434757
1228244997733879809
1228245222720540673
1228245282548174849
1228245320619810816
1228245405785182208
1228245517647388673
1228245671725039616
1228245683607502848
1228245830395498496
1228245863983722496
1228245873500422149
1228245971701616640
1228247208996331520
1228247611779321857
1228247705694031872
1228248028886093824
1228248354708213761
1228248386182139905
1228248756929253376
1228248942036451329
1228249183196368896
1228249683446730752
1228249881375952897
1228250473091612672
1228250823043371010
1228250838172225538
1228252050716319745
1228252579085389824
1228252836770635776
1228253060809383936
1228253070414336000
1228253129935851522
1228253143273631744
1228253748247457794
1228253769290305542
1228254362524217344
1228254615310716929
1228254727592243200
1228255197270405122
1228255322587795457
1228255797915705349
1228255932217536512
1228256331515101185
1228256349261201408
1228256708981489665
1228256867542896641
1228257754487259136
1228257781494378497
1228258506324578305
1228258591439609856
1228258710234906625
1228258758058315776
1228259081455951873
1228259385794859008
1228259522667352064
1228259884757475329
1228260020694835200
1228260026239737857
1228260202018824193
1228260221367312384
1228260261041098753
1228260334282006528
1228260389416132609
1228260430692241409
1228260507024424960
1228261059590418432
1228261073494560769
1228261247520399361
1228261496918085632
1228262145223036929
1228263192125554688
1228263432610361345
1228263486892851200
1228263567465467904
1228263630224781312
1228263789973229568
1228263814006599681
1228263835120762881
1228264153980129280
1228264195310833664
1228264743011381248
1228265071945506816
1228265537559351297
1228265579850522624
1228265905139769344
1228265918771281920
1228265938459324416
1228266020361490437
1228266188544696320
1228266485979598848
1228266630691426306
1228266671514640385
1228266837441314817
1228266858731724800
1228267349247221761
1228267349603581954
1228267814240374784
1228268027579445248
1228268552500596737
1228268775671136257
1228268907179327488
1228270888224788480
1228271302902833152
1228271354698297344
1228272009907339264
1228272042069417985
1228272061065261056
1228272109983535104
1228272164773625857
1228272237980971008
1228272266279964673
1228272390985043969
1228272434954018816
1228272449352945665
1228272873946501120
1228273245557649408
1228273262045491200
1228273321306804224
1228273351182835712
1228273786857938944
1228273897730015232
1228273914251399168
1228274208456704001
1228274370209931264
1228274704604991488
1228274953880887296
1228275268424359936
1228275285507760129
1228275321356668928
1228275461228072960
1228275466391343104
1228275707018506240
1228275737431396352
1228276077656772608
1228277071568363520
1228277321372581889
1228278053354082304
1228278324830408704
1228278713357258752
1228278781111963648
1228279146394025989
1228279589975154689
1228280015055278081
1228280063029735424
1228280122832109569
1228280136656662528
1228280297365504003
1228280639939473408
1228280966054989824
1228281320108785664
1228281604922998784
1228281653706932224
1228281654038286336
1228281823647563782
1228282262401114115
1228282471113822209
1228282492609630209
1228282524582862848
1228282602383007745
1228283238096879618
1228283276504125441
1228283338550439937
1228283428195319808
1228283509808041984
1228283765832634369
1228283815547699201
1228284030266695680
1228284086671704066
1228284553011195906
1228285177492688896
1228285399438487552
1228285566275461120
1228285589964722176
1228285794311294981
1228286060687433728
1228286538406072322
1228287468371423233
1228287640350257153
1228287963689144322
1228288110850535432
1228288288311529473
1228288681925955584
1228289921623973888
1228289985465536512
1228290001663909889
1228290324058927104
1228290348708876288
1228290402286833664
1228290488857350149
1228290543140007937
1228291163687276546
1228291541652758528
1228291769655341056
1228292812438827009
1228292919767052289
1228293088398934016
1228293419048456193
1228293420650622976
1228294106759094272
1228294146852450304
1228294423663898627
1228294537358925824
1228295017464123392
1228295816311398406
1228296423596183553
1228296442608963584
1228296496325386240
1228296616752246784
1228296667260018690
1228296913012785152
1228297091820077056
1228297474650996736
1228297679412715520
1228297698148679680
1228298050323353600
1228298119156101121
1228298132674318336
1228298319585136642
1228298498019250180
1228298532366348288
1228298602037968897
1228298618483855360
1228298959635922944
1228299129274503169
1228299359650865153
1228299435806879745
1228299618766729217
1228299701889437702
1228299766263451648
1228299861075931137
1228299907259232257
1228299954860548097
1228300172796428290
1228300229323173888
1228300361204559873
1228300369576415232
1228300714964729856
1228300930157699072
1228301150476095488
1228301357574025217
1228301620632526848
1228301939424866305
1228301959414681602
1228302213161701377
1228302446998511616
1228302690192543744
1228302796945887232
1228302815459565568
1228302921902645248
1228303050634170370
1228303155462471692
1228303370890309633
1228303524586409984
1228303607063175169
1228303625497108481
1228303670388748289
1228303783131676673
1228303799036416000
1228303856884277248
1228303920256012290
1228304133142089728
1228304257729740803
1228304406887596033
1228304575800565760
1228304675511980032
1228304818193629184
1228305153129734144
1228305420617469953
1228305769147191296
1228305888559030278
1228306316596133888
1228306504568066048
1228306824194953216
1228306861792776192
1228306979258421251
1228307265779851264
1228307271471554562
1228307447510487040
1228307553454452738
1228307660639854592
1228307825874493440
1228307845965209600
1228307969911095296
1228307981567066112
1228308013364043776
1228308024520929280
1228308027876544513
1228308047400882176
1228308098000928771
1228308098982408193
1228308120780201984
1228308147401420803
1228308274396594177
1228308304398438401
1228308319376248832
1228308325055352832
1228308348543455232
1228308490101198848
1228308701129433088
1228308852665286656
1228308859099516930
1228308981237465088
1228309240445468672
1228309557580926977
1228309562068889601
1228309653487882241
1228309741010550785
1228309889224757249
1228310199817003010
1228310237372764167
1228310266418532352
1228310367786258433
1228310418076000256
1228310569800761345
1228310680186449921
1228310708892254208
1228310857760858113
1228310957631275008
1228310989352783876
1228310994537066496
1228311037960548352
1228311049587306496
1228311055748612096
1228311324658003968
1228311348880101376
1228311560948350977
1228311670327349248
1228311722118660096
1228311798614458369
1228311838938394624
1228312324471083008
1228312335351025664
1228312492318674944
1228312622728003586
1228312652062978048
1228312870925950976
1228313015776432128
1228313051297763328
1228313121971826688
1228313218176544768
1228313302180085760
1228313304054939649
1228313308157091841
1228313324841865223
1228313348766232576
1228313566207500289
1228313626362052609
1228313663867457537
1228313879328870400
1228314417755897857
1228314472348975106
1228315234672283648
1228315643788873729
1228315847531253761
1228315888513765377
1228316018822590465
1228316123235356672
1228316137152241664
1228316150213165057
1228316263333548033
1228316311106646018
1228316689445425153
1228316833645621249
1228317031490973696
1228317049241260032
1228317053477621762
1228317787321335808
1228317879616991233
1228317909107322882
1228317914656206848
1228318190456864769
1228318350385672192
1228318369230643200
1228318507307327489
1228319729657380864
1228320018028363777
1228320404579717120
1228320469280931840
1228320809589981190
1228321214105473025
1228321908665356288
1228322107421007872
1228322383238291458
1228322597198159872
1228323333474680832
1228323620486705152
1228323745938337794
1228324056409112578
1228324378552754176
1228324447913820160
1228324492423790597
1228324654109999108
1228324685991071746
1228324963515428864
1228325170089222150
1228325319074992131
1228325521899085826
1228325998761926657
1228326013601320960
1228326730085126145
1228326856094437382
1228327092502220800
1228327197980540931
1228327443015983104
1228327675241979906
1228327718082633729
1228327835770556418
1228327951369895936
1228327952997404673
1228328075785453568
1228328133599711233
1228328161181462528
1228328224716800000
1228328389691359232
1228328458981269510
1228328465612464129
1228328582117642240
1228328586207064064
1228328671527587840
1228328724187082752
1228328929624297472
1228329115368865794
1228329259631960064
1228329494605373440
1228329701426380802
1228330863818993664
1228331285573251072
1228331349032853504
1228332001662402561
1228332025289019394
1228332271712624641
1228332341136748545
1228332895858651137
1228333161647501312
1228333689408372739
1228334356252352515
1228334703486222337
1228334921938325504
1228335065173614592
1228335225991725056
1228335296141385729
1228335352898707456
1228335485409300482
1228336038738874369
1228336234826616834
1228336395577507842
1228336438241943553
1228336560136810498
1228337287689146369
1228337843224793088
1228337935272906752
1228338134510759941
1228339659358359554
1228339782549307404
1228339797019615239
1228339927378731008
1228340443248594944
1228341050294423552
1228342022123081735
1228342323966365699
1228342634919256064
1228342931053891584
1228343413650542592
1228343914546905088
1228343988706594817
1228344278386003968
1228344341120180224
1228345088977195008
1228345129993289728
1228345491907153920
1228345718592557057
1228345878777196545
1228345912801366021
1228346627556929536
1228346886030938114
1228346898869817345
1228347016943505408
1228347059071152128
1228347177245626368
1228347632143171585
1228348282172145665
1228349060274241538
1228349766406459393
1228350093125771265
1228350910343962624
1228351295691509761
1228351331770912768
1228353165562527744
1228353249759170560
1228353466600390656
1228353618564149248
1228353985964208128
1228354205909274625
1228354315233845249
1228354673595170816
1228355237653536768
1228356064896143361
1228356179509702656
1228357975099703296
1228358445172248576
1228359001529675777
1228359085843632128
1228359350948777986
1228359955998113792
1228360089272299521
1228360253076455425
1228360270105305089
1228360307891769344
1228360385121734661
1228360591489683456
1228360663707373571
1228360764110467072
1228361138795974656
1228361208790601728
1228362439441338368
1228363082033876992
1228363083677982720
1228363864158326784
1228364183684599808
1228364632039084034
1228364707490217985
1228364723466338304
1228364839761760256
1228364841171079168
1228364958280208384
1228365024608935936
1228365154821140480
1228365439966695424
1228365564201979904
1228365767730552834
1228365802115497985
1228366001353502720
1228366137596862464
1228366408498610176
1228366629664243717
1228366663000543232
1228367199196155904
1228367791033483265
1228367891105382400
1228367940917059584
1228368106357219328
1228368134274289664
1228368391951380480
1228368465238474752
1228368914360307712
1228368940377792513
1228369156262617088
1228369349909471232
1228369569007276032
1228370238300807168
1228371491919499264
1228372250786582528
1228374507695562752
1228374921257996288
1228375927588933632
1228375929333747713
1228376118857584641
1228376334960865280
1228376420109312000
1228376619066114053
1228376622887133184
1228377143748517889
1228377210479874050
1228377456547000320
1228377638751764480
1228377757916155905
1228377980457517057
1228378070949625859
1228378362126561280
1228378626204164096
1228378663005118464
1228379162592731136
1228379485113733120
1228379703368507392
1228380031119790080
1228380432841859072
1228380588840607744
1228380770567213056
1228381659906461696
1228382727206047750
1228383187132469249
1228384074848276480
1228384124076843008
1228384290360049664
1228385359370706944
1228385378564001792
1228385645107658752
1228385668260388866
1228385995713761285
1228386271828967424
1228386631737962496
1228389113578938368
1228393233492795392
1228394078401789952
1228394080989696004
1228394235235205120
1228394390730600448
1228394730351759361
1228394834873864192
1228395618659291137
1228395646220144642
1228396743944884224
1228397182102827015
1228397510818844674
1228397609418661888
1228399745900695553
1228400963167195136
1228402000158584832
1228402149123600385
1228402540653363200
1228402829905104896
1228403130666106887
1228406407449284608
1228407775371440131
1228407935572664320
1228408273130287104
1228408492928598017
1228409607631978496
1228410664072302592
1228412073899524096
1228412168262963201
1228413452705615873
1228413486595624960
1228414310306779138
1228420043664326656
1228421998004576263
1228422436225335296
1228429376288509952
1228431110901727234
1228431362375307266
1228432719094267904
1228433469367173120
1228434463488479232
1228462661181902848
1228475939962490882
1228480655433973760
1228482165534363648
1228485437418700806
1228486266171293696
1228487800116236288
1228494492380094469
1228500514268012544
1228503506828455937
1228504297203290112
1228506659342835713
1228507235854123009
1228507325360721920
1228507424010588160
1228507853465370624
1228510857966968833
1228512404276834304
1228514061513441280
1228516238516617217
1228516785168666625
1228518018742767616
1228518803044212736
1228518965518798855
1228522417519071232
1228523156421275650
1228525210212552704
1228525363396935680
1228525964335833088
1228526991281999874
1228527155304374272
1228529331376275456
1228529798458171394
1228529825381412864
1228531323318472710
1228531851939196930
1228533967667597312
1228537324314644480
1228538042496929793
1228543233925365761
1228543891952918528
1228545187758010368
1228548575711227906
1228553858994933762
1228553956713828353
1228554204974735360
1228559940312125443
1228561993151303681
1228562004593348610
1228568847680036864
1228568908812021760
1228570155199979520
1228570161759735810
1228571500485079040
1228571617518931969
1228571846229913600
1228575729429831685
1228576357036085248
1228578296234823680
1228587155137544192
1228588478595657729
1228595552419401729
1228596652774084610
1228609282905722880
1228610105249124354
1228613128746717186
1228616855293759490
1228617540982591488
1228618535812812801
1228622420505853953
1228628996268548099
1228641962787405824
1228656438379044865
1228657737992589312
1228660114967519233
1228668688930365442
1228670112539897856
1228681931677519872
1228682093791547392
1228702979928330241
1228721087971651584
1228726330851647488
1228869281959440384
1228883487320498177
1228886822261968898
1228912880357007360
1228913087631118337
1228919424960233472
1228920218895798275
1228921482614648834
1228952747040313345
1228966655184621568
1229012535740784640
1229039594596790272
1229050198564986882
1229354633522491393
1229758351887613959
1229767074853113859
1229783969912295427
1230368921615847424
1230368941689769984
1230468699880120325
1230857931140321280
1231595197739520001
1233502006268104704
1235437918996455426
1235454548098990080
1236541579147567107
1236553864796459009
1237149943929786368
