id
1225207671063605248
1225208919917678592
1225208927962316802
1225209110150316032
1225214757642227712
1225217228330586112
1225226594043645952
1225233528197042177
1225234141651689475
1225235566477729793
1225235620806586368
1225237255473655809
1225241650055667712
1225242102126170112
1225242645619851264
1225243279702315013
1225243892683067392
1225246024635056128
1225247739077939201
1225247962965499911
1225248467213156353
1225248999701016577
1225249110455750658
1225249585779527680
1225250176857559040
1225250200161116161
1225250330742423552
1225250410157363200
1225250492097421312
1225250629175500800
1225250649773924352
1225250707554521088
1225251023893094401
1225251052984963072
1225251222166261761
1225251263987609600
1225251462181048320
1225251880600666112
1225252568147755008
1225252714327658496
1225253014891454465
1225253162917007361
1225254185119055872
1225254189636341760
1225254482340012032
1225255097627627520
1225255381703593986
1225255908738916353
1225256206458966016
1225256268643758080
1225256288990326784
1225256334200688641
1225256476664647681
1225256492305018880
1225256498466476032
1225256536030818304
1225256899492237312
1225256928642625536
1225257440049946624
1225257797731766273
1225257955001454593
1225258042721095682
1225258243078799361
1225258283671285760
1225258311156748288
1225258768146919424
1225258777017872389
1225259056467566594
1225259670165692416
1225259741716213762
1225259762394128384
1225261020685504513
1225261374009307136
1225261692373917696
1225261867670503424
1225262142984785921
1225262258646765569
1225262322794430464
1225262450154594304
1225262563920875526
1225262840912711682
1225263239962996742
1225263414659964928
1225263710563782658
1225263777894940673
1225263802762973191
1225263823910653953
1225263877518065664
1225264154455314432
1225264635147800577
1225264733391065089
1225264875863183360
1225265202930675715
1225265253950246912
1225265256974307329
1225265326880780289
1225265601771257856
1225265930864738306
1225266033352556544
1225266206183063555
1225266706639024129
1225266780655874049
1225266905428217856
1225267074315849728
1225267241588887552
1225267744339218433
1225268236410916866
1225268238067453952
1225268453436608513
1225269035421425664
1225269121476112385
1225269323083608064
1225269472820285440
1225269611496714241
1225269976803639297
1225270362188865538
1225270923294412802
1225271074994081793
1225271772402024448
1225271792559779840
1225272204834803714
1225272428630118400
1225272558120914945
1225272844029874177
1225272868331606016
1225272941329305600
1225273394641293312
1225273690042097665
1225274148781510656
1225274165445484544
1225274170377793536
1225274200044310529
1225274337273376768
1225274570329878529
1225274585798463488
1225274606107234304
1225274758993833985
1225274801712852998
1225275482456768512
1225275563637522432
1225275635649499137
1225275957411340288
1225275997504696320
1225276301608542208
1225276345640292352
1225276682161938432
1225276888345698304
1225277110689968128
1225277388797333504
1225277940499243009
1225278218355134464
1225278330246553600
1225278579123994625
1225278775035777024
1225279035011469312
1225279095983861770
1225279513396838400
1225279824924512261
1225280013110374400
1225280108857942016
1225280456909672449
1225280710556020736
1225280716268802049
1225280898691747840
1225281528571129857
1225281535361765376
1225281768527237120
1225281971309314049
1225282055161831424
1225282076531806208
1225282226264215558
1225282288927133696
1225282431063937025
1225282912922132487
1225282973592936448
1225283550649311239
1225283631666487296
1225283949594906625
1225284399069044736
1225284773607723009
1225284887315238912
1225285308360478720
1225285395052580864
1225285453504446465
1225285641207873539
1225285683935207429
1225285749811154944
1225286127281565696
1225286141001076736
1225286438381481984
1225286455120941056
1225286504924295168
1225286986144997376
1225287021276479488
1225287084040056833
1225287404917002240
1225287646475407360
1225287662099021824
1225287665173446657
1225287790079942656
1225288733974388736
1225288756619612163
1225288820507045891
1225288956607991810
1225288989613027329
1225289252293922816
1225289593953513472
1225290370390450178
1225290435913904128
1225290523297976320
1225290618110271489
1225290925552939008
1225291269284360193
1225291369465307138
1225292524010561537
1225292606726451200
1225293094884536325
1225293184814575617
1225293291500888064
1225293722255904768
1225293844926746625
1225293981812047874
1225294097725812737
1225295148654817281
1225295359473147905
1225295373251600385
1225295413336391680
1225295556437635072
1225295572267130880
1225295792912531456
1225295971493408768
1225296147603808256
1225296549581737984
1225296924900638721
1225297260516265991
1225297322596126720
1225297992946782209
1225298008671014912
1225298074161090562
1225298328792915969
1225298398175039488
1225298620582219776
1225299062229831682
1225299198150615040
1225299671603482626
1225299861047660545
1225299904915890176
1225300045752238080
1225300102404698112
1225300122025639936
1225300304209629184
1225300430130991106
1225300834998784000
1225300922227494913
1225301513146208256
1225301549712363520
1225302833848705024
1225302944356196352
1225303280059928576
1225303443910213633
1225303449740333057
1225303538059792384
1225303998233595905
1225304426291679239
1225304529433845760
1225304532944642048
1225304769348034560
1225304833655095297
1225305122885881858
1225305353778159617
1225305680615071745
1225305685606322176
1225305961113346048
1225306027354206208
1225306220031967232
1225306383425257472
1225307767927234560
1225307925624680449
1225308589033545729
1225308911311314945
1225308972615372800
1225308978181177345
1225309265415397376
1225309424115470338
1225309441991442433
1225309540423327744
1225309765418409991
1225309860939452417
1225310361315766272
1225310410582065152
1225311050070757377
1225311132442931201
1225312111439446016
1225313173768556544
1225313230408388609
1225314747907596290
1225316072544301057
1225316882980278273
1225317397881425922
1225318333274181639
1225318433593556992
1225318822405640192
1225319154015563777
1225319273825959936
1225319973775499264
1225320358183456768
1225321033994924032
1225321124994723841
1225321913653686272
1225322814170783744
1225323043553038336
1225323242363052039
1225323711412105216
1225323738721243136
1225324271313965058
1225324305015283712
1225324595151953920
1225325049286033410
1225325755682492416
1225326013317402624
1225326108171628544
1225326114450460672
1225327462759845889
1225327582196858880
1225327874787303425
1225327969565999104
1225327988599713794
1225328195106299904
1225328273145483264
1225328918611157001
1225329025968525312
1225329349655592960
1225330085449826305
1225330421061189633
1225330633515454465
1225331141961379846
1225331400158507010
1225331573475639296
1225331613677936641
1225332116730216448
1225332147130519559
1225332330874769409
1225332597753925632
1225332649864110081
1225332802691813376
1225332863404531713
1225332911567556608
1225333348781842432
1225333836751392768
1225334332920741888
1225334834274369536
1225335025018662912
1225335920938737665
1225336302297464832
1225336416936136704
1225336529322749953
1225336659094294533
1225336666061074432
1225337563319357440
1225337645674328064
1225338169731633153
1225338488960081925
1225338972768915456
1225339253262966784
1225339594486345728
1225339703764742144
1225339846635352064
1225340434198585344
1225340957383479296
1225341472913756160
1225342745780207616
1225343225554075651
1225344801945477121
1225345519611863040
1225346383399403520
1225346587871739906
1225346641957228544
1225347611822936065
1225348223054729217
1225348577817505792
1225348799410761729
1225349085386936322
1225349287334137862
1225349853460353024
1225350126236884992
1225350483226685441
1225350602244292608
1225350849188122624
1225350871099301890
1225350921422606336
1225351384788172800
1225351954424942592
1225351989992673280
1225352634212614144
1225353355817414656
1225353553679486977
1225354117565972485
1225354696233078784
1225354794128175104
1225355168037818369
1225356609381158913
1225356802264465409
1225357227512365056
1225357384891142144
1225357869307949056
1225358049562394624
1225358153958617091
1225358458372816896
1225358473983975425
1225358659967836166
1225359013254025216
1225359262609620992
1225359325700349958
1225359548006817793
1225359675329318913
1225360872513691649
1225360988255506432
1225361526179037185
1225361551336456193
1225361662443548674
1225361761823444992
1225361763517906944
1225362417875472384
1225362484837548034
1225362940909375488
1225362945766346753
1225362985176031232
1225363107683266561
1225365483647459328
1225365701726048257
1225365952289636352
1225366107072036865
1225366376572866560
1225366783567126531
1225366848054546432
1225367027579121665
1225367170135146496
1225367239714410496
1225367589922037760
1225367595471163392
1225367734122213376
1225368029216768000
1225368248222285825
1225368719938867200
1225369062273798144
1225369819723091968
1225370207029358593
1225370649906106368
1225370769141583877
1225371118078287872
1225371316024299520
1225371745911095298
1225372094642311169
1225372722542174208
1225373913204396032
1225374545650929664
1225375072933875712
1225375201518440448
1225375927422439426
1225376087200264193
1225376286488612864
1225377111348695041
1225377130348867584
1225377279888384001
1225377343968923648
1225377480074129408
1225377538274258944
1225377845871931393
1225378370080260097
1225378460513648640
1225378603631661058
1225379157078499328
1225379291107487745
1225379318445957120
1225379850636017664
1225379985671614465
1225379989190610946
1225380407002071043
1225380625701466112
1225380914017882112
1225380942174277637
1225380982624096263
1225380987594428416
1225381120906121216
1225381254024982528
1225381460820889601
1225381473651326976
1225381724512669697
1225381739129757697
1225381929198944256
1225382047444881409
1225382087269634051
1225382832916185093
1225382884397154304
1225383848705323010
1225385523419594752
1225386744599605248
1225387626141634560
1225387730697240576
1225388039851012097
1225388254876164097
1225389432875827201
1225389646130974721
1225390283405156352
1225390509453000704
1225391764615204864
1225392036167110656
1225392585721516032
1225394142143905793
1225394262700785664
1225396419051155456
1225396471559704578
1225396864620515328
1225399374781378560
1225399537532932097
1225402458832171008
1225402732007153665
1225402852090101761
1225402854417977345
1225403447479959553
1225403610336415744
1225404054651596800
1225404323263201280
1225404409598763011
1225405844969414656
1225406652867735552
1225407639451889664
1225407656459812866
1225407657319682048
1225407709404528640
1225407709752619008
1225407784960843778
1225408427016380416
1225408450940661762
1225409915423842304
1225409990048931840
1225411158712016896
1225411292657324032
1225411981051482112
1225412401954115585
1225412562583339008
1225412661724114944
1225412671727489024
1225413055581999107
1225413995055595520
1225415797247369216
1225415827211472896
1225415848824717314
1225416933425549312
1225416941386522624
1225416967005196288
1225417687410429952
1225417748622102528
1225417770382188545
1225417854998269952
1225417972765753344
1225418199560142848
1225418240630767616
1225418349309358081
1225418401415254016
1225418467546808323
1225418601244397569
1225418637873270785
1225418992891744256
1225419576663347200
1225419632116453377
1225419660255875073
1225419725917671426
1225419765092515841
1225420324923002881
1225420818521346048
1225421606001885184
1225422817627230210
1225422837151719424
1225423233240842244
1225423894015660032
1225423994205065218
1225424789864624128
1225424995423117312
1225425275334230016
1225425280728043520
1225425285924954112
1225426274916528128
1225426347171835905
1225426596544122880
1225426767592054785
1225427055455674371
1225427261576187905
1225427286863704070
1225427587427491840
1225427804646334464
1225428172604354561
1225429240440487936
1225429865878319106
1225430608480030721
1225431366445068288
1225432199920410624
1225432545916964864
1225432665475534853
1225432870333960198
1225433714211086336
1225434367066955776
1225435275293163523
1225435633696460802
1225435793138712577
1225437099370909697
1225437121541881858
1225437211425787906
1225437298705104897
1225437367483293697
1225437433908453376
1225437523674988544
1225437537008857089
1225437540687077376
1225437624732614657
1225437857961017344
1225438060139048961
1225438224023093249
1225438270869233667
1225438393510879235
1225438417028186112
1225438901189218304
1225439522428608515
1225439653706133504
1225439742164000768
1225440302116167680
1225440461545852928
1225440586120843265
1225440747194683392
1225440939004456960
1225441180172709889
1225441381549690880
1225441389221040129
1225441533521997824
1225441596612567040
1225442174059216897
1225442513894309888
1225442765460271107
1225442778533879808
1225443035770572800
1225443081488482305
1225443306760335361
1225443447504396289
1225443642455678976
1225444077795078144
1225444379453603840
1225444447678132224
1225444743804403714
1225444794459049984
1225444909571878913
1225445085589864449
1225445134449332225
1225445163192840193
1225445870797115392
1225445946613329921
1225446021834006528
1225446209164234753
1225446526207459328
1225446729509523457
1225446795662123014
1225448310078504960
1225448504346206213
1225448551439691781
1225448620041760768
1225448755337613312
1225449061706133504
1225449480746676224
1225449562699005953
1225450386175053824
1225450791600705537
1225451000007462912
1225452118988881920
1225452607084191744
1225452818791690240
1225452909187366912
1225452987755061248
1225453080142958592
1225453303275802625
1225453306681577473
1225453849621618688
1225453876154904576
1225453949534097408
1225454115733438464
1225454196314406914
1225454813535559680
1225454959958921218
1225455626131632129
1225457186488242177
1225458328412667905
1225458569778098176
1225460393906233344
1225462096290181126
1225463057662394369
1225463545619349504
1225464182235156483
1225464508820475906
1225465861139501059
1225465972858867712
1225466360043462656
1225467395550130176
1225467421839937536
1225467561271164929
1225468187711397888
1225468305542021120
1225468375150796801
1225468384235507717
1225468400647974913
1225468412257636352
1225468729997135872
1225469008880771073
1225469372895875072
1225469406391595008
1225469893442621445
1225470006294532098
1225470113366757377
1225470305679876097
1225470626795646976
1225471612880703488
1225471864748826624
1225474158248615938
1225474365610807296
1225474954243661824
1225475038637215744
1225475312776933377
1225475500446928897
1225475536148787201
1225475554142490624
1225476082440142848
1225476427287429121
1225476430764490753
1225476604471603201
1225476881404710912
1225476941324570624
1225477577592061953
1225477734702305280
1225477960293064704
1225479216004616192
1225479407139205122
1225479561971785728
1225479847184601089
1225482446570950656
1225482469950005250
1225482912998608896
1225483215584010241
1225483347775893504
1225483718262915072
1225483943559995394
1225483978037219329
1225484537918042113
1225484682286043143
1225484782693474306
1225485560422248448
1225485586456334339
1225485803444371456
1225486042758819841
1225486072072822787
1225486756860121089
1225487068559577088
1225487788256251910
1225488355623931907
1225489233735028736
1225489271760576513
1225489627596935171
1225490862064447488
1225491123608657921
1225491796869906438
1225493087075606530
1225494033906229249
1225494221286670338
1225494429953331202
1225497862668197889
1225497867177070592
1225498491478323201
1225498553189093379
1225498838221361152
1225499001061040131
1225500216192831488
1225500843488792579
1225500923964903424
1225501182099152898
1225501961568628739
1225509966615896066
1225510951224594433
1225514079177052162
1225523874542030848
1225527232321466373
1225530833966161920
1225531379745730563
1225531717609496581
1225532467626545153
1225532629782552577
1225536265862483968
1225537047395471361
1225542705943633923
1225551739807502337
1225552477749227520
1225572475846656000
1225572828575084546
1225575025639665664
1225578839843041280
1225585239378014209
1225589933437407233
1225593025277112320
1225593877270188033
1225594301108891648
1225597466709385216
1225598167418163200
1225601965251448832
1225607346887516161
1225609150031228928
1225611001527058433
1225612655387242496
1225614202515013633
1225615530847088642
1225616451232391168
1225616589539569664
1225617592221437952
1225618298710048768
1225620413163720704
1225620643867131904
1225632360651034626
1225632409460170759
1225632453290708995
1225632461259866112
1225632482285912064
1225633585937301505
1225637899351183360
1225639186687881216
1225640359201370113
1225640581788880896
1225641391612514304
1225644287120924672
1225650106721980421
1225650117945901056
1225650128482000896
1225650155799465985
1225650754079223812
1225653902604849152
1225654218045837312
1225659595198099457
1225661071362379777
1225661181458649093
1225661350195580928
1225661566923632645
1225664306366177282
1225664516886654978
1225667546084306944
1225669356513677313
1225670859613822976
1225673612100694017
1225674417788710912
1225676384795672576
1225677289649627136
1225678345192407045
1225678543725584387
1225682473683570688
1225690826698711041
1225695590949851136
1225695639457034241
1225696728084406279
1225701272914804736
1225711355040161792
1225718944423718912
1225718962438062081
1225724318660743168
1225734191288946689
1225735859762163713
1225743653965950976
1225761422707064832
1225767372423753728
1225768761342353411
1225818396148682752
1225826359332745216
1225831379360985088
1225986960575078406
1226009951782309889
1226053876089929728
1226063837473976321
1226065305731915777
1226147914805735424
1226148053872041986
1226464657000615936
1226543248652374016
1226776452781051905
1226816376423120896
1226831827652022272
1226831896459579393
1226902002149531648
1227136793767604231
1227136835677089793
1227482962578440192
1228279214148685824
1228550613132144641
1231947536111296513
1235150321388851201
1238174146799886336
