id
1230653942968643584
1230656576685395968
1230666160066088961
1230666890684461057
1230668429432152065
1230670330097741825
1230671734157778945
1230671855171796992
1230672192029044736
1230675618062327808
1230680455835459585
1230686033504718849
1230686415958073345
1230686429186940928
1230687128167813122
1230687792776171520
1230687833943183361
1230688252249722881
1230688587336699905
1230691540760219648
1230692283760156672
1230692654309986307
1230692796538834945
1230693136998920192
1230693181987028992
1230694233104797696
1230694559006388224
1230695197832400897
1230696670716928000
1230697743040929792
1230700096934666240
1230701790934396928
1230702342149771264
1230703703738335232
1230705022846955522
1230706026686504961
1230706949194338304
1230707069478531074
1230707295903866882
1230707622577233920
1230707835656228864
1230707950466945026
1230707987842392065
1230708056809361408
1230708257838092289
1230709476090503171
1230709587671543811
1230710956465913857
1230711038649106433
1230711848602755074
1230713649997565954
1230714638670561281
1230715005059813379
1230715053348810764
1230715299105607681
1230715317510213632
1230715351693815809
1230715375177719816
1230715466307391489
1230715487014670336
1230715623056896000
1230715810345127943
1230715907715948544
1230716032718798850
1230716059843362816
1230716936792621059
1230717533226799108
1230718243859398656
1230720724693737472
1230721543329603584
1230724191319539717
1230724207257907201
1230724753259823105
1230724810272993282
1230724832469192705
1230726651228459009
1230727028107689986
1230728633200726017
1230729196055384064
1230729231941812224
1230729359670964224
1230729467678490630
1230730336922816512
1230730767484899328
1230731616940511238
1230732085259669505
1230733655762292736
1230733676813512710
1230733802122563584
1230733968217034753
1230734395616579588
1230735517664215040
1230735549465448450
1230735680046714886
1230736407490002944
1230737204147699713
1230738862311297031
1230739130096599040
1230740062335164419
1230742129808293890
1230743050604802048
1230743613417508870
1230744570146652160
1230745215712890880
1230746239429300224
1230746792049774592
1230747619829243914
1230750213263904768
1230750370625777665
1230752654860505088
1230753743131406336
1230753953672904704
1230754297580638208
1230754435984322563
1230756251983704065
1230756833154875393
1230759837467676672
1230759925539688448
1230760384702767104
1230760836425084928
1230761016440410115
1230761278655758336
1230762168301129730
1230763198837448709
1230763819892297729
1230764474727989249
1230769463038861316
1230770978910638083
1230771737781886978
1230772463958511619
1230772643340550144
1230773804361633794
1230774257581342724
1230775035259785217
1230775360398266368
1230776546027327490
1230776991181230084
1230777240876544000
1230777655001137152
1230778315830480899
1230778997614596096
1230780699105427463
1230781472287711232
1230781832238489601
1230782383579779072
1230783191876849664
1230783986408009729
1230784239437672449
1230784365891923969
1230785488086192128
1230785659566051331
1230786600164102145
1230786894386094080
1230787508251717632
1230787616766820353
1230787916294541312
1230788080195342337
1230788184340148224
1230788901469483014
1230789080558055424
1230789161252204544
1230789281255264256
1230789595400245248
1230790755762860033
1230790913615466497
1230791508409769985
1230792821554081792
1230794548235796480
1230794755694567424
1230794986200932352
1230796954512302081
1230798500411006977
1230801815295291395
1230803502567284736
1230804114415636480
1230804171890184194
1230807512561016832
1230807527958482945
1230808038111678464
1230808528547282944
1230808562789543936
1230808609749110784
1230808699922456576
1230809283597606913
1230809615002210304
1230809622656749568
1230809910419415041
1230810052174499840
1230810361533648896
1230810464080105472
1230810755097866240
1230810798047387651
1230810926711857153
1230811168895328257
1230811307697475584
1230811317323341825
1230811696689745920
1230812133354622977
1230813218165215232
1230813918609596416
1230814469032423424
1230815461765525504
1230817245921775616
1230818051341185024
1230818639340883968
1230819440377376769
1230822687997644801
1230825739156516866
1230826673777463296
1230826719755431936
1230827250230140929
1230827592678199296
1230827706683547650
1230827743186542592
1230827761746370561
1230827837701140486
1230827841056538627
1230827888473071617
1230827930592403456
1230827980064055296
1230828106216165376
1230828138336120832
1230828218405416960
1230828336110284800
1230828339713101824
1230828636409925632
1230828680865361922
1230828682693898240
1230828700117151747
1230828712427479045
1230828713366806529
1230828841838555136
1230828914764865536
1230828937011482624
1230828974084780032
1230829007366737920
1230829114036277250
1230829121984315393
1230829197175611400
1230829246945415169
1230829321092120576
1230829345327009793
1230829453372264448
1230829581881397248
1230829608943128576
1230829787851083776
1230829990599516160
1230830046425833473
1230830106324586498
1230830107146645504
1230830166236127233
1230830174247227394
1230830242144620547
1230830295055785990
1230830386336456704
1230830502195728384
1230830619904499712
1230830650904793088
1230830989175189504
1230831040307945473
1230831042686259200
1230831128195608576
1230831246714064896
1230831296433311745
1230831557188784129
1230831571298443264
1230831652525559808
1230831704618782724
1230831749984407553
1230831761090736128
1230831884587933698
1230831890925527044
1230831920293920768
1230832259483103232
1230832265753767936
1230832267024486401
1230832270547836929
1230832404111060992
1230832452249227265
1230832532955860992
1230832966365958146
1230833107873361921
1230833167910629382
1230833225439862784
1230833296462032897
1230833330414686210
1230833408324046848
1230833429408894977
1230833481204158464
1230833523738570753
1230833565564329984
1230833729087705088
1230833994738077696
1230834075188879362
1230834113881530368
1230834141005930498
1230834340331843585
1230834503284920322
1230834591444783105
1230834602857705473
1230834916402716673
1230834963173396480
1230834966633648130
1230835120749170688
1230835161916432384
1230835356142047237
1230835360994910208
1230835435011575809
1230835468020994054
1230835605707292672
1230835746682044417
1230836130985234433
1230836199444471810
1230836281845964800
1230836449525870592
1230836615888752640
1230836676760608768
1230836728799416320
1230836973482528768
1230837207847452672
1230837400500305927
1230837412063875074
1230837422230867969
1230837423069728768
1230837432461012992
1230837652183814144
1230837691056562177
1230837711503642626
1230837714984960001
1230837732974514176
1230837936729546755
1230837948205150209
1230837996880048128
1230838158037745668
1230838164534763520
1230838410501189633
1230838420181786625
1230838616169099264
1230838773002276864
1230838801314074624
1230838917651296258
1230838950555791362
1230838958151655424
1230839012941848576
1230839140381528065
1230839205691043843
1230839288251764736
1230839604540039169
1230839747016134657
1230839859591438336
1230840082304819200
1230840197643980802
1230840486266646528
1230840808737312771
1230840853679263745
1230840951729532928
1230841015923302400
1230841041303097344
1230841077235625984
1230841241509748736
1230841557152141317
1230841731727396865
1230841803680579585
1230841835024781316
1230841864267411459
1230841936342323201
1230842118014287879
1230842199593693185
1230842826243674113
1230842906023464960
1230843284144054272
1230843297570029568
1230843429594259458
1230843657638383616
1230844309991305216
1230844352542339073
1230844709121200128
1230845018874626048
1230845023102464003
1230845166308728833
1230845389391179776
1230845552692166659
1230845754802982912
1230845834582990848
1230845898562908160
1230845930896642048
1230846436851490816
1230846468937920513
1230846474898092033
1230846556389203968
1230846805581148160
1230847340099096577
1230847634891591681
1230847697705406465
1230847877791924224
1230848774580338688
1230848939353501697
1230848956445478912
1230849226449588224
1230849393164738560
1230849528812724224
1230849589114097664
1230849636128231424
1230850028802961415
1230850130515054597
1230850943903727616
1230851001873137664
1230851024815943682
1230851066931138560
1230851106537967619
1230851115085774850
1230851122157563904
1230851200075079685
1230851270082060289
1230851398176247809
1230851419714002950
1230851423040131079
1230851471673110534
1230851540589649921
1230851553008988161
1230851594842857472
1230851772509573120
1230852077607239680
1230852225309847552
1230852281375100929
1230852785316548609
1230853278306533377
1230853403020013570
1230853425052520450
1230853456925274113
1230853478450421761
1230853680418754562
1230854134602977280
1230854187191193600
1230854254325387264
1230854470701068289
1230854508923588608
1230854643254620160
1230854715900035072
1230854880748875777
1230855250720043014
1230855407649857539
1230856076242845696
1230856124267683840
1230856199429595137
1230856441831051264
1230856798145519617
1230857752735408128
1230857777041395714
1230857857161211904
1230858150263189505
1230858162909020164
1230858444967759872
1230858709800230914
1230858788728524801
1230859461834702849
1230859721734623232
1230859790391431170
1230860133766434817
1230861121462120448
1230861415956672512
1230862057089753088
1230863807599149056
1230864148671672322
1230864469984776192
1230864836759891971
1230865262762610688
1230865345411526658
1230867242629378052
1230867277895086081
1230868369563365379
1230868730919473152
1230868957961347073
1230869387948761088
1230869940074360842
1230870273781530626
1230870677785280512
1230870683888103431
1230870787541864448
1230870910363631616
1230871151422795777
1230871173883318272
1230871192879407105
1230871318058455046
1230871432126660609
1230871454968766464
1230871490163355650
1230871622971805696
1230871629925945345
1230871873786806273
1230871891763716099
1230871950395723777
1230871958511853568
1230872149419671552
1230872511098675200
1230872583710461952
1230872584801181697
1230872915870199811
1230872924799873027
1230872964700233729
1230873197224042497
1230873678574911490
1230873714432102400
1230873757717278726
1230873889879871491
1230873944447737861
1230874139344302080
1230874297662570496
1230874354000498688
1230874631407636481
1230874871724273666
1230874917094219776
1230875318984073218
1230875395626590209
1230875526228848640
1230875747796930560
1230876042790920193
1230876238073532417
1230876281429823488
1230876469775257600
1230876474690953219
1230876594492903427
1230877094927831040
1230877129732022272
1230877334472941569
1230877429532590080
1230877448553869313
1230877612538417152
1230877662454984704
1230877664661135363
1230877673536282625
1230877682822414336
1230878308440535041
1230878792505315328
1230879596264001537
1230880027635519491
1230880189174861824
1230880415885467649
1230880980853907456
1230881375865229312
1230881492324245505
1230881641935048706
1230881781718454272
1230881885200449536
1230881912291577859
1230882286498873344
1230882526048268288
1230882659926265857
1230883044417921024
1230883441593458688
1230883906666168321
1230883981358489602
1230884010538172416
1230884790368395266
1230885142870347776
1230885175229210624
1230885332670984192
1230886636902178816
1230887564866965504
1230887595615211522
1230887757846908930
1230888216728719360
1230888488511258625
1230888562989596672
1230888736335876101
1230888757257261056
1230889277510152193
1230889442279403521
1230889967116783617
1230890352829222912
1230890423725514754
1230890813242167297
1230890858255462401
1230891024253378567
1230891225366089729
1230891541205602305
1230891662148165632
1230891679462416384
1230892554226241537
1230892883248648193
1230893005206368266
1230893018951102464
1230893659987628033
1230893660566196225
1230893728333647879
1230894498089029632
1230895286483972096
1230896089210982401
1230896170928500736
1230896223122591744
1230896595799093250
1230896939970883584
1230897067486257152
1230897129478086656
1230897178543042562
1230897309619191808
1230897634329661442
1230897932569759744
1230898031538642944
1230898174086107136
1230898343150141440
1230898912258613248
1230899299657175041
1230899526011101184
1230899568608411648
1230899913065562113
1230900022570561536
1230900124303470592
1230900544954191872
1230900702232416256
1230900749174857729
1230900784247824384
1230900831119192066
1230901313698840577
1230901434117447683
1230901714770784256
1230901818064064512
1230902317848895488
1230902773144748033
1230902901771366400
1230903032885284864
1230903532053766145
1230903742540599296
1230904287762485249
1230904640469970949
1230904770564706307
1230905382182121472
1230906131893100549
1230906154403778560
1230906180278640640
1230906236385796096
1230906475159027712
1230906526191300614
1230906552766345219
1230906741065486336
1230907189784649728
1230907209590112257
1230908633472524291
1230908688338235393
1230910051730067456
1230910339404845056
1230910492689993728
1230910499631460352
1230910954231287808
1230911803200331776
1230912245347082242
1230912394492293123
1230912902485377024
1230913854953136129
1230914012856147970
1230914718442893312
1230914970864488448
1230915252939829260
1230915549766356995
1230915812652994560
1230916170456424448
1230916408579629059
1230916543325691904
1230917449614319619
1230917807006724096
1230918213212438529
1230918438903672832
1230918745209442304
1230919060361101312
1230919638621589504
1230919937100742660
1230920118756139012
1230920190013198337
1230921074872737793
1230921530500157440
1230922201609703424
1230922348288708614
1230923309971193856
1230925615274102784
1230928111572787200
1230928307329343488
1230928445313617921
1230929061112840192
1230929706519793665
1230930794643951616
1230930918325383168
1230931514524917767
1230932898490068992
1230933566717956097
1230934373106503680
1230934671124336642
1230935001757253636
1230935855868473344
1230936386288533504
1230936742259306501
1230938360874663936
1230938707638665221
1230938911557464064
1230939548068306947
1230940713774452736
1230940794300878849
1230941364357074945
1230941828918206464
1230942329915224074
1230942874189148161
1230944361111748613
1230952835166150656
1230953192546095104
1230953702959218704
1230954542780514304
1230955171523551232
1230957828317204480
1230960742268047361
1230973679833620488
1230975576057532417
1230981150023266306
1230999419203604480
1231003399300304897
1231008140386357249
1231012341652701185
1231012522372816902
1231013174431735808
1231013654809571330
1231013918111256577
1231016042983378945
1231017767161270273
1231019346916454400
1231019877688889346
1231020286020964357
1231021822931546114
1231021851616448515
1231023606727168000
1231023652612853762
1231027069158510592
1231027960187998208
1231029436184698880
1231031077080358917
1231033235620036610
1231033468341178369
1231034075667787778
1231034867464462337
1231034962343858176
1231035974198546433
1231038382056394752
1231038434074136576
1231039052318556160
1231039400622120960
1231040004886908929
1231040198349348865
1231041962783850496
1231042320822390785
1231042567514529792
1231042583335493632
1231042751006789633
1231044803569295360
1231045425169403904
1231046640359878657
1231047843613274112
1231048353682804736
1231048375857868800
1231048790217502720
1231050210673123329
1231051111488016386
1231051953800720384
1231052155030822912
1231052254997831680
1231052937566261248
1231053423400955904
1231054463164612612
1231054857752260608
1231054983442903040
1231055836467752960
1231055895305408515
1231056248839294976
1231058000917360642
1231058078306635777
1231058507903852544
1231058797050966019
1231058972498632704
1231059505561186304
1231060627398901761
1231061271912624129
1231061883584643072
1231063233844240384
1231063398680420353
1231063842597277699
1231064464650313728
1231065026670120961
1231068857701261312
1231069346090409986
1231070350072582144
1231071800857186304
1231071941089320960
1231072292354056192
1231072755669401600
1231072888414846976
1231073439773024256
1231073749547524097
1231073907358208000
1231074078619889664
1231074960044699648
1231076378709233664
1231077084971270145
1231077277666070529
1231077490682204163
1231078103281172480
1231078183119790081
1231078645864771584
1231079083204841472
1231079170924568577
1231079257616666624
1231079262540554241
1231079516199673857
1231082745016856581
1231082880001925120
1231083461663916032
1231084195990179840
1231084312444882944
1231085883354312704
1231088347600347136
1231091198128992256
1231091569534496768
1231092745604714497
1231093980009549824
1231095176686379009
1231095488851537921
1231097437978288129
1231098538618048512
1231098788196102144
1231099134758785024
1231099575756378112
1231099576230113281
1231100516647620608
1231100841370755072
1231103234841800705
1231103447795142656
1231104149825228800
1231104787669753859
1231107408908443654
1231108005975871488
1231111599420821504
1231111978153840642
1231112147465363456
1231112346095017984
1231113455828185089
1231113880996212736
1231115589839736833
1231116344180895750
1231116454189203456
1231117992597032960
1231118011131514880
1231119612177272832
1231119674982555649
1231120238562836480
1231123309946949632
1231123660993331200
1231124076942495744
1231124167661117441
1231124899386793984
1231125253218328582
1231126070406987776
1231126100174086144
1231127798636568582
1231129069653114883
1231130121391702018
1231130996864503808
1231131875839795202
1231134663319719941
1231135788877963264
1231137074398584838
1231138339123793920
1231140801435930625
1231141335865942017
1231142158494773249
1231143440391360513
1231145714203418625
1231146103371894785
1231146485619793922
1231147227587973122
1231148764754087936
1231149555221061632
1231164717667774465
1231169618837819392
1231173755323457536
1231174624722837506
1231177843780050944
1231182182137389056
1231182999313670146
1231183512214155264
1231183636008972288
1231186281574666251
1231189552661979137
1231193128306118656
1231198187089645568
1231198366563913729
1231199072696008704
1231202818679279621
1231203533237739526
1231207915102461954
1231215590137892865
1231216988657213441
1231220104408567808
1231227385959403520
1231230653053755392
1231231858832105478
1231245433264951296
1231264899583492096
1231287333388877824
1231307840414875648
1231353410114506752
1231389096108527616
1231390643047542786
1231408684380508160
1231447862996865025
1231455719809003521
1231522789951201280
1231549226137444352
1231550319777239040
1231557071276896257
1231602897147678722
1231613148848934913
1231635373421481985
1231814950110158848
1231814993487654912
1231854167557148673
1231870715059564545
1231941709271048193
1231947125899980801
1231948916821614592
1232200451430416384
1232369313899827200
1232725378755510272
1232997218833125376
1233394501298737152
1233667904039792640
1235003944822116353
1235053128581406720
1235091690811056128
1235119005750321152
1235122759920836608
1235127688249012224
1235128807356387328
1235131884725657600
1235149518154477569
1235158316520636416
1235176805247488000
1235186690605621249
1235195278241583105
1235196405020528641
1235211376592736259
1235381894088249344
1235412206503649281
1239201710754525184
1248158534719528962
1258638759811317761
1258641282248790017
