id
1227755515880460289
1227756824922853377
1227759292704530434
1227765068428787712
1227774826888122368
1227777508520710145
1227779572692733953
1227779882865659904
1227780726340255744
1227780974458466304
1227781386410446849
1227781407184834560
1227781415280005120
1227781436674957312
1227781487774195712
1227781496666116096
1227781558183923712
1227781745715470336
1227781784965910528
1227782029204287489
1227782448085209088
1227782978262065153
1227782985719484416
1227784189203714048
1227784583254396928
1227784638241767426
1227784679429771265
1227785119827681280
1227785368151482369
1227785553778806784
1227785853033828354
1227786569248985088
1227787259115720704
1227789007188152320
1227789298381942785
1227789491319885824
1227790352905457664
1227790364678881281
1227790408123420674
1227790533021450240
1227790585181790208
1227790653054054400
1227791789672681472
1227791819821518848
1227791851001917441
1227791856571863042
1227792015603073026
1227792215730057216
1227792216707354627
1227792340066025472
1227792422291177472
1227792503362879489
1227792594475896834
1227792868443475969
1227792875242475520
1227793009686663170
1227793366374465536
1227793625850867713
1227793795283972106
1227794337859194880
1227794571427364866
1227794967612948480
1227795316755165185
1227795832931438592
1227795993413988352
1227796285614415873
1227796484348764160
1227796497238036480
1227796500765233153
1227796573599387648
1227796828214591488
1227796892857188354
1227797514213945344
1227797875998019584
1227797880133439490
1227798814766972929
1227798923395379200
1227799320398835712
1227799769600294912
1227799944385433602
1227800060127137795
1227800456585347072
1227801093863768066
1227801433275191296
1227802043370393605
1227802305417957376
1227802606602522624
1227802738844676096
1227803050875555840
1227803075319959552
1227804040052039680
1227804209812312064
1227804803310538768
1227804825187827714
1227804928573263872
1227805024438366209
1227805307134332929
1227805447559819274
1227805478169657347
1227805894718525441
1227806196670722053
1227806274357800961
1227806506768162824
1227806635386531843
1227806655238176768
1227806657897361408
1227806801019564033
1227806869730627584
1227806904971194368
1227806970997964800
1227807091219238912
1227807409579556864
1227807481528610816
1227807700194480134
1227807810383237120
1227807932256907264
1227807974443274243
1227807992042721280
1227808041594048513
1227808060288061440
1227808313779245056
1227808698480775178
1227809163935408128
1227809475479982080
1227809511391387649
1227809534535618560
1227809782142132226
1227810062338531328
1227810136179085314
1227810467562700801
1227810595141038080
1227810738632134656
1227810792096980992
1227810824988676097
1227810937790332929
1227811132976631808
1227811198155968512
1227811374367068161
1227811469246353408
1227811622367817728
1227811869823340544
1227812079601700864
1227812094592135169
1227812444363296768
1227813284650160128
1227813397913202694
1227813566016708608
1227813757092392960
1227814503053529088
1227814550671486976
1227814627360141313
1227814866536165376
1227814945166778368
1227815007880003585
1227815014389600256
1227815076880515072
1227815129774903296
1227815485019836416
1227815662359236609
1227816266834071552
1227816850764877824
1227817006545522688
1227817172824555520
1227817287278825472
1227817432695349253
1227818616487215104
1227818678722285568
1227818693834362881
1227818723420991490
1227818794900426752
1227818878991925248
1227818948625698818
1227818960126480384
1227818996285628416
1227819019408773121
1227819028434976769
1227819229501460480
1227819313593085952
1227819498813607936
1227819564894846977
1227819763490947072
1227820083872817152
1227820370184540163
1227820399976517632
1227820702163554304
1227820736703758337
1227820942237110272
1227821010650423296
1227821037384957952
1227821135275814914
1227821148513153024
1227821244281573376
1227821247242948608
1227821309775626240
1227821575530934273
1227821593134452736
1227821654451068928
1227821971406086146
1227822782496595976
1227823198361669632
1227823836604710912
1227824336079208448
1227825107269111808
1227825344482136064
1227825410261516289
1227825411066748928
1227825745772392448
1227825799736086530
1227825980158488577
1227826793463218177
1227826960086102016
1227827226265014275
1227827514304675841
1227827858032082945
1227828677049638912
1227829156106235904
1227829409345785858
1227829570432143360
1227829960129368064
1227830127016337409
1227830695898296320
1227830935237709824
1227831613159071746
1227831921914171392
1227833094389956608
1227833670687289344
1227833782574575616
1227834292941684736
1227834363213074432
1227834370477551616
1227834393810485249
1227834417457926144
1227834608374304768
1227834680243654657
1227834922657701888
1227835061690482689
1227835220637843456
1227835352221503488
1227835502121889792
1227835997250969600
1227836262494564352
1227836286192340992
1227836664363438080
1227836804818243585
1227836901886812160
1227836946539405312
1227837038067499009
1227838257561399296
1227838298351001601
1227838325077114881
1227838361273913344
1227838399853318144
1227838417381117952
1227838497442025472
1227838518853955585
1227838518883274752
1227838734105595904
1227838987798106112
1227839011386875906
1227839022703218688
1227839402556051458
1227839427088506880
1227839517119279104
1227839578821652481
1227839600292352000
1227839715832778752
1227839754965643265
1227839867276660736
1227839873463119872
1227839944036511745
1227840377463291904
1227840901847777280
1227840979954102272
1227841092382416896
1227841240500035584
1227841358821384193
1227841394422599681
1227841494775521285
1227841541110001664
1227841570872885248
1227841578191880194
1227841707305136129
1227841719535722496
1227841812544417793
1227842025304645634
1227842074931691520
1227842248479346689
1227842292020436992
1227842304737546240
1227842440842764288
1227842491962937344
1227842496874582016
1227842501601566721
1227842596166193157
1227842611295055873
1227842635198418944
1227842637035495425
1227842697903382530
1227842882964295681
1227842887594868737
1227842925473619974
1227843414151942150
1227844071177310209
1227844352803688448
1227844596048097283
1227845150769987586
1227845195896516615
1227845227404128258
1227845425639505920
1227845541184319488
1227845670364561408
1227845677918457856
1227845825088245760
1227845899503583232
1227845935046094848
1227846112687448066
1227846143079415808
1227846166424875008
1227846286159708161
1227846290223972352
1227846342128484352
1227846346960334848
1227846367113957377
1227846384142798848
1227846643417935872
1227846953083387905
1227846972402323456
1227847136768745472
1227847141827047425
1227847320596729856
1227847401697734656
1227847441413636096
1227847500502978560
1227847515023847425
1227847522669875200
1227847618954485760
1227847648876515328
1227847860617506816
1227847892292911105
1227848086128431105
1227848371529891841
1227848519240667136
1227848567735193605
1227848762489335808
1227848910544285696
1227849011886878721
1227849030773833730
1227849054513659904
1227849480440967168
1227849666471104512
1227849807764443136
1227849918355664896
1227849987557429249
1227850003080572928
1227850237609267200
1227850296929456129
1227850380282748928
1227850397437566976
1227850760865476608
1227850764069982209
1227850928616665088
1227850976368840704
1227851080790233090
1227851203859476481
1227851224726159360
1227851308033597440
1227851335661445121
1227851370813784065
1227851386970238976
1227851687324291072
1227851747596439553
1227851983941292032
1227852146449584129
1227852218407088128
1227852536285057024
1227852724227596288
1227852725104201729
1227852952649551873
1227852981602635776
1227853467735089152
1227853468808830977
1227853521216655361
1227853523322195968
1227853586702438400
1227853594310742016
1227853731435184128
1227854133786365952
1227854275021164546
1227854306914623488
1227854365458751488
1227854419670130689
1227854525953757189
1227854538784362497
1227854719487332353
1227854777964363776
1227854871925125120
1227855039676305410
1227855560445452288
1227855594272350208
1227855601369141248
1227855683745284096
1227855704406491136
1227855771829854208
1227855985974185984
1227856103934844929
1227856190131986436
1227856504029495296
1227856833769037825
1227856981483905025
1227857243065839616
1227857414273236993
1227857789352955904
1227857994840297472
1227858083428192257
1227858479659929600
1227858531128352769
1227858860741758976
1227859060608782336
1227859085682298881
1227859184147812352
1227859185439690754
1227859205404557312
1227859335637872640
1227859367942381568
1227859491393114112
1227859513383866368
1227859758381588481
1227859950967246848
1227859967429894144
1227860351661641731
1227860522839576577
1227860729878859776
1227860743149772801
1227860766428028929
1227860836821106688
1227860886108291072
1227861051296931845
1227861286337138689
1227861295568846849
1227861368482623488
1227861683781025793
1227861807789854720
1227861981962567681
1227861983606657025
1227862097867853825
1227862112690528257
1227862161466093568
1227862325253697541
1227862397714681856
1227862471383191553
1227862523606515712
1227862617458262021
1227862863659749381
1227863022946750464
1227863368838467585
1227863488913002497
1227863537982177280
1227863680374624256
1227864128783560704
1227864311277637632
1227864364293558273
1227864645085478913
1227864698290180097
1227864746407292928
1227864862866362368
1227864988150386688
1227865055753990144
1227865091812384768
1227865164394844161
1227865254756925441
1227865304887263235
1227865307491921920
1227865355051323392
1227865374605139969
1227865450475708416
1227865469530411008
1227865514707275776
1227865572387348480
1227865577026285569
1227865765035950080
1227865786913447938
1227865868249399301
1227865905721274368
1227865987057242112
1227866052098322433
1227866153780830209
1227866367363141632
1227866406047207424
1227866498041032704
1227866498728747008
1227866568652029952
1227866583206260736
1227866613648523264
1227866665863536640
1227866715234521088
1227866796759248896
1227866809891639297
1227866850987565056
1227866910055960576
1227866952858767360
1227867056768311296
1227867381688438784
1227867765635088384
1227867789592973314
1227867812682596352
1227868398933045249
1227868539329007616
1227868879508008960
1227868881659711489
1227868914735935488
1227868937058078720
1227868972223102976
1227869041739497472
1227869069954543616
1227869106533060608
1227869295251578880
1227869306618290176
1227869328399327233
1227869339782545408
1227869432321495040
1227869486541201408
1227869495009533952
1227870277897355264
1227870369450622976
1227870444407029760
1227870584169795584
1227871728841285632
1227871752677515264
1227872041761554433
1227872164843384832
1227872289594597376
1227872318363521027
1227872460072112128
1227872516317691904
1227872542976704513
1227872556750819329
1227872636157349888
1227873093688778753
1227873199011987457
1227873280796708865
1227873926815944705
1227874276423847936
1227874368014807040
1227874509937500160
1227874895691800576
1227875072330825728
1227875653342629888
1227876031765282816
1227876159603593216
1227876261063725056
1227876420422029312
1227877114151493634
1227877351502909441
1227877384927547395
1227877605421961216
1227878169476259840
1227878482526507008
1227878569776254976
1227878637468254208
1227878885892771841
1227879440845197312
1227879486126841856
1227879821151129601
1227880107018051584
1227880130564878336
1227880313407193088
1227880724977475589
1227880821110886400
1227880967970467842
1227881118759710720
1227881159956127746
1227881399169871872
1227881470196211712
1227881488537899009
1227881714837405697
1227882010682646528
1227882707255906305
1227882763321131008
1227882859123236864
1227882922478206976
1227882982087647232
1227883196601102337
1227883404042985475
1227883438226604032
1227883534234214400
1227884181696471040
1227885003637325824
1227885034197008384
1227885127230947329
1227885293115564033
1227885667444822016
1227886047687671808
1227886073335832576
1227886653462564864
1227886894261735424
1227887854396686336
1227887891201703936
1227887903163940864
1227888042658213888
1227888134110638080
1227888438826950656
1227888602056658945
1227888611179167744
1227888809007730688
1227889176135094272
1227889206438924288
1227889640570404864
1227890279954272257
1227890559022440448
1227890982043021313
1227891110866866177
1227891323992035328
1227891754743029765
1227891773583659008
1227891811244314624
1227891876478349314
1227891980606173184
1227892003716792320
1227892081479172096
1227892097258328064
1227892222894452736
1227892227969409024
1227892247452143618
1227892264745099266
1227892275398815744
1227892340796215297
1227892380092682240
1227892413374427138
1227892549102141440
1227892551044067328
1227892572900622336
1227892575954259969
1227892650319069184
1227892689351299072
1227892700508086274
1227892951679811584
1227892970701172736
1227892977818693633
1227893020537675777
1227893066863788032
1227893195301904393
1227893353506717696
1227893415066554369
1227893530556694528
1227893717626806277
1227894132196048896
1227894223409537025
1227894227754983430
1227894296805826567
1227894460932952065
1227894648284147712
1227894781172301824
1227894943231823872
1227894973216911360
1227894975515377664
1227895337957806081
1227895494225092608
1227895527431266305
1227895683979415552
1227895730964033536
1227895783514505216
1227896013198770177
1227896037680877570
1227896153003290624
1227896282557100033
1227896340060897280
1227896409153630209
1227896748254711808
1227896805381136384
1227896956665520128
1227896969349095428
1227896997232857088
1227897001989197825
1227897005592190976
1227897049179283456
1227897453648547845
1227897673581125632
1227897699904548864
1227897711787040770
1227897903257194496
1227897916028665856
1227898023579045889
1227898121935450115
1227898202944237569
1227898327397625856
1227898412802031617
1227898730608619520
1227899072574443521
1227899760415268867
1227899919555596288
1227900004141953024
1227900015592398848
1227900092360929281
1227900097662349312
1227900120642945027
1227900185570754560
1227900268588593153
1227900271021285376
1227900297890160640
1227900325014601728
1227900332367216641
1227900589788418050
1227900809477795843
1227900948036513793
1227900996074057729
1227901067620278272
1227901108082708480
1227901117834518528
1227901155457544192
1227901306615955458
1227901541941575680
1227901622321156096
1227901667070185473
1227901715631886336
1227901779393728512
1227901792920330243
1227901874746970112
1227901936633991168
1227901970347741184
1227902043655987202
1227902123980902400
1227902195795779584
1227902442789957632
1227902570053586944
1227902599438852101
1227902744595324929
1227903003853639681
1227903264299024384
1227903327985254400
1227903377968959489
1227903573763203072
1227903933227700224
1227903966714818561
1227904555418939392
1227904657957064705
1227904804464164864
1227904844788199424
1227904883073806337
1227904904934543360
1227905102930792448
1227905328433381376
1227905330820022272
1227905348297641985
1227905686845046790
1227905781158170624
1227905940856328193
1227906064948973568
1227906085744300033
1227906270914433029
1227906325813678081
1227906334927884288
1227906395590156288
1227906397800583168
1227906420701454337
1227906598489579520
1227906644480155649
1227906693465403393
1227906732384342017
1227906798079754240
1227906965684158464
1227907087671296002
1227907208936951809
1227907769136754688
1227907834014097408
1227907861826506752
1227908010346860544
1227908276051947520
1227908559452569600
1227908894317514752
1227909267463622657
1227909381481619461
1227909453397319680
1227909670263648256
1227909743923974145
1227909925822582784
1227909972027006976
1227909987730485249
1227910083662602240
1227910287677784067
1227910662162018304
1227910756064055296
1227911196788944898
1227911681751179271
1227911755440902144
1227911775900688385
1227911802970726400
1227911837435465734
1227911859262509056
1227911960781443072
1227911962194956289
1227911985896947712
1227912178763624448
1227912240902205440
1227912335643136001
1227912433353674754
1227912473581379586
1227912499929837568
1227912661024694272
1227912815589064705
1227912820836057088
1227913081923067904
1227913221597585408
1227913235073863680
1227913238333001730
1227913261166686208
1227913264668893184
1227913342842327040
1227913347682537472
1227913377424371712
1227913440854978563
1227913621117603840
1227913833299070976
1227913880212512768
1227913953222651904
1227913975913803777
1227914060747935744
1227914127709896704
1227914244571586560
1227914274036703232
1227914294211137536
1227914354407796737
1227914401220415488
1227914541301846016
1227914600831565829
1227914609215995904
1227914618388959239
1227914660004810752
1227914713264091138
1227914798106476545
1227914812899725313
1227914886992154629
1227914940448571392
1227915015132286976
1227915254824341505
1227915270838087682
1227915307169144832
1227915379395190785
1227915517236674560
1227915631317487617
1227915675483635712
1227915711223189504
1227915741736755200
1227915760204304384
1227915784938127361
1227915790768230400
1227915794312462336
1227915796921241600
1227915846363664384
1227915852017651712
1227916155282546689
1227916190967848961
1227916376226115591
1227916503703543809
1227916687288094720
1227916921309474816
1227916971313897472
1227917586345545728
1227917697070981120
1227917715257475072
1227917871742763008
1227918018220396544
1227918038437109760
1227918081671884800
1227918260290478080
1227918463156375552
1227918538767097861
1227918684477218816
1227918773577043969
1227918924613705730
1227919188192382977
1227919204776464384
1227919295532814336
1227919451066130432
1227919875340812288
1227919896530636800
1227919935780749312
1227920213586268161
1227920610669428737
1227920721617117184
1227920774612254720
1227920988496527361
1227921344597151746
1227921386217148416
1227921398988865536
1227921508942667777
1227921676366569474
1227921702866210816
1227921715633774593
1227921964104159232
1227922499779923970
1227922587147128832
1227922678079557633
1227922869385973760
1227922887283077120
1227923107861549056
1227923143525711873
1227923249402609664
1227923313311113216
1227923499165114368
1227923941106208769
1227924287769571330
1227924315825262592
1227924335974764544
1227924512055840768
1227924595618926592
1227924689843978240
1227924705899757568
1227924793028153344
1227924832781647872
1227924833800871936
1227925069374140416
1227925544303378432
1227925549344944130
1227925912760356867
1227926204482609152
1227926229296173056
1227926561342386176
1227927008216145922
1227927133424476161
1227927231533477888
1227927257320239105
1227927302543011845
1227927303570653186
1227927679845855233
1227927971102523393
1227927973430300673
1227928106222194688
1227928232290332674
1227928291987709952
1227928297784299520
1227928425798586369
1227928523731431425
1227928529855082496
1227928668242092032
1227928668606885889
1227928684570431490
1227928778699087875
1227928794264039424
1227928842636935168
1227928866825465859
1227928966553460737
1227929174146306049
1227929421505388552
1227929427016683520
1227929430502150145
1227929519874461697
1227929583917256706
1227929598588964864
1227929721700114433
1227929734606020609
1227929830919852034
1227929841741094912
1227929869423529985
1227929909793673216
1227929954660171776
1227930003909873664
1227930105248239616
1227930131370409984
1227930212278517765
1227930258386538497
1227930279886540801
1227930438045274112
1227930624838623232
1227930682216734722
1227930713137143809
1227930877499453441
1227930909673971714
1227930918368600066
1227930954997456896
1227931010953662465
1227931066620497920
1227931082353303552
1227931141182672897
1227931233818116096
1227931496582795265
1227931587280457732
1227931710148341761
1227931738158063616
1227931860145078273
1227931978185330688
1227932147459203072
1227932154862002177
1227932360273887232
1227932360303267840
1227932366460477442
1227932369119694849
1227932426954895360
1227932548098973696
1227932578428129280
1227932640436572162
1227932696367624192
1227932732845522950
1227932758086782978
1227932809664163840
1227932864114642944
1227933071967571969
1227933274154000384
1227933336670064640
1227933361089306625
1227933453208952833
1227934091263168512
1227934764365053952
1227934775442198530
1227934872011849729
1227934959752499200
1227935264200261634
1227935572586639360
1227935952825282561
1227936218551222272
1227936298683502592
1227936323635482625
1227936526153084928
1227936590820864000
1227936670974005253
1227936747528417280
1227936766327316482
1227936788238323716
1227936807259475969
1227936945516343296
1227937079226597376
1227937231991689217
1227937241240088577
1227937259737042945
1227937294960807937
1227937335343403010
1227937732711763969
1227937744300670978
1227937753259638784
1227937801582321666
1227937822885191686
1227937843349032960
1227938163156381696
1227938183398092801
1227938548390776833
1227938693362536449
1227938696382443520
1227939029988995077
1227939398903201793
1227939437654331398
1227939582831841280
1227939779112767489
1227939825023537154
1227940006301442053
1227940050828025861
1227940100211765248
1227940463593705472
1227940724743630850
1227940867689844737
1227940887511986177
1227941196380590080
1227941210255310848
1227941236063055873
1227941245240123395
1227941383563960320
1227941416917028864
1227941459929600006
1227941465961177088
1227941474865516544
1227941514526875648
1227941832266379264
1227941880337272832
1227941904211271681
1227941943360933888
1227941981482962945
1227942113842589696
1227942148105854976
1227942170306342913
1227942235775238144
1227942544253870081
1227942650818383875
1227942678479790080
1227943073122078721
1227943202092703744
1227944095445856256
1227944345619156992
1227944524695011328
1227944606039326722
1227944618433511429
1227944751086759937
1227944771630620672
1227944803268038661
1227944823992143872
1227945119501828097
1227945260388511746
1227945333285474311
1227945392614014976
1227945423450492930
1227945437501378560
1227945569567399937
1227945709820731392
1227945836715266049
1227946386793959425
1227946588753944577
1227946772741292034
1227946903041560576
1227946978870358016
1227946992061468672
1227947126019067904
1227947718783332352
1227948035931607042
1227948318023540739
1227949341035204608
1227949597647163397
1227950207498735616
1227950503314649090
1227950967913512961
1227951628017262592
1227951848264544256
1227952016657391616
1227952211969208321
1227952233871859713
1227952328306642947
1227952435949260800
1227952463191273473
1227952486230609920
1227952488113815553
1227952505322999808
1227952904583012352
1227952916218044419
1227952966469967875
1227953131067035648
1227953138847535106
1227953181419823109
1227953415487025152
1227953416321658880
1227953592721498113
1227954289038901249
1227954828032102401
1227954850446471168
1227955100020281345
1227955117590106112
1227955682176991232
1227956589077958656
1227956888802717698
1227957082441175040
1227957087629524993
1227957212796071936
1227957643597275137
1227957658814054403
1227957792100634624
1227957815341277190
1227957849902526466
1227957947495378944
1227957977866362880
1227958357396344833
1227958414900219906
1227958480859848709
1227958688331124736
1227958914701905926
1227959197817401344
1227959266910162945
1227960278630858754
1227960289120768000
1227960306711683072
1227960325292429313
1227960854210990084
1227960896439242752
1227961025208582144
1227961069320060928
1227961481968246786
1227961492663721984
1227961604748107778
1227961660306067456
1227961687921319937
1227961863905792001
1227961932235202566
1227962397958082561
1227962668880781312
1227962746425053184
1227962974016397313
1227963134238789632
1227963429593456640
1227963516512018432
1227963549214892032
1227963721382678528
1227964169732771840
1227964779693633540
1227964844113944578
1227965325179838465
1227965347669561345
1227965895663685632
1227966428231409665
1227966616849154048
1227966820075720704
1227966890506702855
1227966916997734400
1227967135307255809
1227967530251108353
1227967615420657664
1227967679203610624
1227967701672292354
1227967768101826562
1227967952814657536
1227968003163086849
1227968392121831424
1227968582337740801
1227968624763101190
1227968701682442241
1227968871270739973
1227969002770698241
1227969137734905857
1227969429184507905
1227969645480726529
1227970069491339264
1227970073182126081
1227970284055121920
1227970289226510336
1227970365080498177
1227970520978640896
1227970798276595712
1227970811400601600
1227971130180370432
1227971357595430912
1227971521357869056
1227971966432186370
1227972360579346433
1227972394096005120
1227972449834356736
1227973195254259712
1227973216641019905
1227973446769889280
1227973677221699587
1227973941269893120
1227974013655216128
1227974810828886016
1227975196625137664
1227975225956065286
1227975415228071936
1227975577472131074
1227975923971973120
1227976408430870529
1227976905644806144
1227977258645590016
1227977365029941248
1227977737647747075
1227977739275243521
1227977837375873025
1227978055492259840
1227978259033460736
1227978307250970625
1227978324426792961
1227978384774443008
1227978493373419520
1227978527988908035
1227978552353665028
1227978568208130050
1227978595139817477
1227978658582683648
1227978663812984834
1227978877097529344
1227978952792084480
1227979008404574210
1227979105490087936
1227979120866418694
1227979134279790599
1227979169541345280
1227979443521478656
1227979944128434182
1227979968207917056
1227980382215139328
1227981097138409472
1227981197273231360
1227981558352494593
1227981561800212480
1227981903883464706
1227983115668332545
1227983363107016709
1227983658234941442
1227983859385372673
1227983873302126592
1227984382901682176
1227984702679601152
1227984723101700098
1227984727715516417
1227984869130530816
1227985444157059072
1227985928741773312
1227985982240092160
1227986159751639040
1227986389926465536
1227986745456676864
1227988493592219648
1227989028512948225
1227989230246219777
1227989375025238016
1227989470667919360
1227989667192201217
1227990363811368960
1227990373173039105
1227990385827315713
1227990398208864257
1227990417628491776
1227990546032943104
1227990639410761728
1227990949000876032
1227991010141261827
1227991232279990273
1227991235530346496
1227991260025278465
1227991265314136067
1227991266182385670
1227991365214031873
1227991430691348480
1227991603454849025
1227991780290772993
1227991846812409856
1227991862306168832
1227991968602394629
1227992742417989632
1227992940493955073
1227993333194252288
1227993467273596930
1227993713097314304
1227993779543695360
1227993917783568384
1227994182586777600
1227994280351780864
1227994381753311232
1227994508672917504
1227994520589152257
1227994553195483136
1227994826198536194
1227995135218077696
1227995429754851332
1227995547908263936
1227995864179699714
1227996283329183750
1227996728789331968
1227997027188916225
1227997343598796803
1227997411479412738
1227997463102947336
1227997681319956480
1227997732356284416
1227998127799422976
1227998201166221312
1227998684702363649
1227998704801464320
1227998903510810625
1227998917780017157
1227998931449081861
1227999027045650434
1227999037078437888
1227999479250341888
1227999547760136195
1227999607700905985
1228000303871598593
1228000486139166720
1228000632214315008
1228000871931244544
1228001149959036929
1228001265977741313
1228001344138743813
1228001402355691524
1228001674473508865
1228001888550969345
1228001895320563713
1228002039017304064
1228002088363462657
1228002528551260162
1228002683614892034
1228003274147561472
1228003440707735560
1228003587755659265
1228004111427284992
1228004344269701123
1228004465514598400
1228004924262363137
1228005010144817152
1228005068869271552
1228005327871696896
1228005714754277378
1228006546421895171
1228007150439424000
1228007412759703552
1228008134934876160
1228008210763743232
1228008238043385856
1228008496274132994
1228008619074977792
1228008637026619397
1228008923594215424
1228009132260593665
1228009665390247936
1228010028830875648
1228010105804771328
1228010268074004480
1228010566909718529
1228011425873846272
1228011774428844034
1228011809744900096
1228012032680574976
1228012561955803136
1228012575088152576
1228012959823089664
1228013019822604289
1228013400908632064
1228013682870775808
1228013914039803905
1228014097993617408
1228014098283028480
1228014652656766976
1228014717588791301
1228014813940416512
1228015050809470976
1228015677186818048
1228015951024549889
1228016456224215041
1228017021675327488
1228017295550644225
1228017366799351815
1228017535406297088
1228017875799154688
1228019172325519360
1228020174403452928
1228020586351337474
1228020702088810496
1228020816719142912
1228021381704638464
1228021829526265856
1228021979128614912
1228022333828296706
1228025203734667265
1228025425684815874
1228025508316631040
1228025607696502784
1228025610510852096
1228025727452205058
1228025797086040064
1228026246337970178
1228026808869670912
1228026973743529985
1228026994731806720
1228027130811830272
1228027428624199680
1228027560182738944
1228027962512924672
1228028020612485121
1228028029701517312
1228028102187483141
1228028159301312517
1228028294982856704
1228028677016801280
1228029654302257152
1228029936776204288
1228029973409124352
1228030033245044737
1228030103453437952
1228030534455984129
1228030619902308354
1228030814564372481
1228030919908503552
1228030936026976256
1228031030159757312
1228031125525692417
1228031220132524033
1228031463473344512
1228031517625970690
1228031568377069568
1228031570683936769
1228031645938094080
1228031736593838080
1228032239973191680
1228032980091883520
1228033079941517314
1228033379519483904
1228034008635887616
1228034814567178244
1228034946112974848
1228035034189189120
1228035594422374400
1228035960757260289
1228035980101218304
1228036326429089792
1228036436537954304
1228036675210825729
1228036706491781121
1228036745964462081
1228036800460967936
1228036915481333760
1228036933973970944
1228036944279396352
1228037352511156225
1228037412430893057
1228037555695677440
1228037593641537536
1228037670120521728
1228037766832779264
1228037851872251904
1228038177132183552
1228038189836689408
1228038237429497856
1228038383395434496
1228038390370557952
1228038462088941568
1228038715085180928
1228039270255869952
1228039318431600640
1228039368943656960
1228040741039022083
1228040819271028736
1228041029732814848
1228041566343688192
1228042934936690688
1228043274071339008
1228044340011790337
1228044408395689985
1228047984178237440
1228048503764467712
1228049092540030976
1228049200597700608
1228049462439759873
1228050518020198400
1228051527954137088
1228059548155437056
1228060754802163712
1228070841612632069
1228074499972698112
1228075327047557120
1228085804368572416
1228088225425547264
1228094477530804226
1228103168073973761
1228104176493875201
1228105796581380096
1228106790295883776
1228107232425889793
1228107258858332161
1228107739101986816
1228107986612080640
1228110591492943872
1228111912593842177
1228113390981173249
1228114121024888832
1228114165555818496
1228115523423985666
1228121325690028032
1228122767150612485
1228123599858356224
1228124290618417152
1228127332226846720
1228129773462806529
1228130442605404162
1228131183805882368
1228131353276768256
1228131378350346241
1228133036501426177
1228133339766444032
1228134880397053953
1228135152133369856
1228135659824545792
1228136230119854081
1228136574224748545
1228137534733066241
1228139757374341122
1228139801414471680
1228140146555416577
1228140188196466688
1228140234623209472
1228140820672303104
1228140839328735232
1228141149044391936
1228141529539067905
1228141845596626946
1228143819163684866
1228144424049266691
1228144560166981633
1228145243079397376
1228145314655129601
1228145741375270914
1228146096267874304
1228146388258693127
1228146946889539584
1228147115458613248
1228148046623461378
1228148240190599169
1228149396312743939
1228151312472129536
1228151896562532352
1228152096106536963
1228152244014465028
1228153911162204166
1228154301706432513
1228154981070430209
1228155157038297093
1228155386672205826
1228155801023311872
1228155880798965760
1228156154724831233
1228156313491787777
1228156672075386880
1228157282438938624
1228158709085298688
1228159860149084161
1228160014314926080
1228160142996205568
1228160525177016320
1228161888606806018
1228162229788241928
1228162700804386819
1228163023501590528
1228164888612106240
1228165074793062400
1228165759261528070
1228166191195160584
1228166373781594114
1228166538500272129
1228167512577036291
1228167583649554432
1228168532757598212
1228168600462053376
1228168661602463745
1228168720058421250
1228168770801127425
1228169138566123523
1228169782106550272
1228172699240845314
1228174634782056448
1228177424849891329
1228177647449997312
1228178175479279618
1228178208891133953
1228178620939505664
1228185091400036359
1228187451031601152
1228187753398951937
1228190041677037570
1228190129618948097
1228190309252620288
1228191171882602496
1228195077433876481
1228195290273832960
1228195346901155841
1228195389880205312
1228196164555591681
1228197759104086018
1228197979305103361
1228198968712028160
1228199031198740483
1228199850044317696
1228200117607387136
1228202002611494914
1228202497002487808
1228203236521201667
1228203684221218817
1228204825839468544
1228206836014174209
1228208456345063425
1228210620752777218
1228211117379375105
1228212030005374980
1228213729235365888
1228216451971944448
1228219240827645952
1228223408116076548
1228223593911242754
1228223617231511552
1228223641327820801
1228223696466149378
1228223757988220928
1228224960889360384
1228228208773828617
1228228219322560514
1228234770678607874
1228235006834692098
1228235818428325890
1228237690694336512
1228237922710650882
1228238205247315971
1228243170686693379
1228243280124510210
1228250082077761537
1228261215304142848
1228261357264330752
1228263081551097857
1228264962184773633
1228285255661977600
1228288295831924737
1228288513516326915
1228291203424145408
1228294321972994048
1228295187975139329
1228298736956108801
1228300368372625410
1228304118101397504
1228304147369185280
1228308682997239813
1228311492639911936
1228311520901124097
1228311548218597377
1228319440493613057
1228319771491545088
1228319989792301057
1228320063964319744
1228338264991391745
1228345263946784769
1228346174794424320
1228349769434763264
1228356792435920896
1228359013269557248
1228360870373265408
1228368658969137152
1228406504509726720
1228408181476380672
1228415132184666112
1228505508933337088
1228507076982263808
1228518827253612544
1228534363635122176
1228557852396019713
1228586366549811200
1228594755837157377
1228596908735623173
1228597347942203398
1228602949645078529
1228638392516145153
1228698274539823105
1228731748676075520
1228741784433348609
1228990682167156736
1229034183525158912
1229034183546171393
1229034183554527232
1229034183558746114
1229034183567110146
1229034183571304448
1229518083406127104
1229563686265786370
1229698002325049344
1229987493673684993
1230173227466526720
1230377219597328384
1234829335955046400
1234829716802228229
1234850567647789057
1234878927782457344
1249312404355215361
1251202102984085507
