id
1232462298502942722
1232463468067864577
1232477378833604608
1232478624478973957
1232479008069046272
1232485960266342400
1232489944188219394
1232492631285854208
1232497307993559041
1232499944147128320
1232501931878150146
1232506390771531777
1232507692633247747
1232508630450069507
1232509149897875461
1232509768683728897
1232510554390044673
1232514039588249600
1232515580546052096
1232515664570654720
1232515760129372161
1232515964652138496
1232516008193097728
1232516043081383937
1232516262242078721
1232516668363964416
1232517717845925890
1232517857709195264
1232518070234566658
1232518311759486978
1232521371105800194
1232521706612244481
1232521778850861056
1232521936477003777
1232523089654665216
1232526789387395073
1232526923693088770
1232526955934777344
1232527267470987264
1232527525240168453
1232527674842787840
1232527951855439872
1232528333927276544
1232528762618699777
1232528780721192960
1232530731370369024
1232532099493658624
1232532278410014720
1232535560574521344
1232535608569909248
1232535940800733184
1232536449754464256
1232537882121904129
1232538280589049856
1232538336469934082
1232539437453598720
1232540560965001216
1232541682110877697
1232542369888620544
1232543350395473920
1232543731556941825
1232544168825647104
1232545830948573184
1232546003095609345
1232547070562586625
1232547380299550722
1232547458670039040
1232548676813217793
1232548743859171329
1232549046935379969
1232549207736823810
1232551462141493248
1232551637148811264
1232552438667923457
1232552770802028544
1232554940972748801
1232554956013658112
1232556329375617025
1232557271252529152
1232557532222148609
1232560112046350336
1232560206430851072
1232560393131888642
1232561495289937928
1232561721270657024
1232561782981459970
1232561969401450496
1232562201405337600
1232562212465782786
1232562494331289600
1232562548303523840
1232562641010229248
1232562953112735744
1232563099502358531
1232563110671577088
1232563421956071425
1232563526150938624
1232564187961921537
1232567276781568001
1232567604188864512
1232568545499729920
1232568604622802944
1232570688965185536
1232570882121289728
1232572259413319680
1232572523180519424
1232572835018637312
1232573050538717184
1232574177447563265
1232575382882332672
1232576250595532800
1232579941994090496
1232580170344615936
1232580383683883014
1232581621989040129
1232581623809359873
1232583022202896385
1232583751852535808
1232584407485038592
1232585855178432512
1232586358905946113
1232587958458257408
1232587997175894016
1232588002276233216
1232588345059889153
1232588497753661445
1232589353584676864
1232590526135836672
1232591418117382144
1232591854182363136
1232591964991672321
1232592935478149121
1232595085667102720
1232596136374013954
1232596544425205760
1232596549642981376
1232596589950033920
1232597138212704256
1232597340638384129
1232597748089835521
1232598326211731457
1232600015501189121
1232600498517053440
1232601463945355265
1232602624303779840
1232603941973544961
1232604749217681408
1232605348512460800
1232605960486686720
1232607083582779392
1232607636769501184
1232608514398253056
1232609171075260416
1232609812682301440
1232609915631366144
1232610003342675968
1232610750037995520
1232611804234174465
1232612181239304193
1232614430032220161
1232615208868290560
1232615536774828038
1232615806225137664
1232616318395830272
1232616410142138369
1232616495055691777
1232616696646656000
1232617013664567298
1232617263192330240
1232617552959954944
1232617711215071232
1232618324917309440
1232618740052877312
1232618913940131840
1232619049705566209
1232619200004415489
1232620509155643392
1232620886919913472
1232621145079283713
1232621158455037952
1232621286796472321
1232621354819706881
1232621397488197632
1232622523168296960
1232624288634560514
1232624346163826688
1232624362190245890
1232624648384237568
1232625946030555136
1232626195201654784
1232626978253148160
1232628977585598464
1232630896345223169
1232630898895405057
1232631119566295040
1232631217503096835
1232631464002539522
1232631870963273728
1232632527724130304
1232633485757747200
1232635072987054082
1232636777204211712
1232637491053834240
1232637532036313094
1232638377352192000
1232638735272964096
1232639808247341058
1232641294096371712
1232641759131439105
1232641922524688384
1232642392248987650
1232643366115934208
1232644422875197440
1232646583524765702
1232646874743488512
1232647473312591877
1232647576933011460
1232647715395293185
1232647872413220866
1232648247853740036
1232648274017841152
1232649273784717312
1232649293384888321
1232649619105964033
1232649623459725313
1232650290303774723
1232650831142350849
1232650870694658048
1232651042036363267
1232651308655665152
1232653275578564609
1232654905497702400
1232655009294188544
1232656538596265985
1232658432089567232
1232658716039708677
1232659398071324673
1232659421047787528
1232660290438868993
1232660644337520640
1232661203190767616
1232663934060126211
1232664303808978944
1232664938419757056
1232666625578545155
1232667164936724480
1232667657557684224
1232667819013287936
1232668006502649856
1232668048370421766
1232668231179042816
1232668919514587137
1232669260989661184
1232670634129256448
1232671734861422592
1232671942416752642
1232671953338630146
1232671984367964161
1232672080375812096
1232672104283164674
1232672109668818946
1232672162647019522
1232672223841923073
1232672239646134276
1232672245954351104
1232672290506182656
1232672374723620864
1232673195783860225
1232673679818903553
1232674276639150080
1232674745071460352
1232674749752520704
1232674828840243200
1232675019806797824
1232675332802543618
1232675447642652672
1232675526684246017
1232676654205542402
1232676966395994114
1232677261867806727
1232678093409705984
1232679148474134529
1232679872960417803
1232679886936039424
1232680278469963776
1232681337670246400
1232681411984928768
1232681706315870209
1232681808824680449
1232682057970614272
1232682760239820802
1232682932097122310
1232683655505510402
1232684468554653696
1232684631050334208
1232684771785854977
1232684863746199553
1232685155904561152
1232685236649177088
1232685276348264455
1232685412914802689
1232685817476370435
1232685859486523394
1232686101288099840
1232686563294924803
1232688189178961920
1232688581916975106
1232688635922784256
1232689159946604551
1232689279182233608
1232689999461650435
1232690875035193344
1232692738555908096
1232693622811906048
1232694649107763206
1232695034719457283
1232695303263805440
1232696398644174848
1232697093917114369
1232697226507497472
1232698313302052867
1232698795953012736
1232699228222296069
1232699372191617029
1232700175984078850
1232700223404687360
1232700839954767872
1232701359956189184
1232702473443463174
1232703521805471744
1232703540495126528
1232706073770983424
1232706597287272448
1232706902452264963
1232707008727519233
1232707048321822727
1232707139417837574
1232707548270202882
1232707671997980675
1232708040501157888
1232708065323102208
1232708498082975744
1232708793684852736
1232708947200659462
1232709133117394944
1232709311979278336
1232709357592350721
1232709366387789824
1232709428203446272
1232709453197250561
1232709633627869185
1232710004807028737
1232710079205511170
1232710118220980224
1232710191105413120
1232710421859250178
1232710429966774272
1232710666101960707
1232710859035684864
1232711003030380544
1232711203828486146
1232711552240934918
1232711704460627968
1232711737503338498
1232711781128249344
1232711801768415232
1232711927341748224
1232712001664753665
1232712018311991296
1232712624539914245
1232712654487261193
1232712672807968770
1232712820418019329
1232712842782105601
1232712931512639489
1232713003008700416
1232714241934864385
1232714407639212032
1232714551600259077
1232714829103861762
1232714934045138944
1232714992971063296
1232715058355945472
1232715683991085057
1232715739980845057
1232715872415997952
1232716085599797249
1232717693301579777
1232717721965670400
1232717765875617792
1232717827439779843
1232717827670466560
1232717908620521472
1232717919165042688
1232717969861619712
1232718108181368832
1232718120491589637
1232718156474519553
1232718188695171073
1232718237114208256
1232718259780190208
1232718357880696832
1232718373647085568
1232718557055598593
1232718605336371200
1232718847054139393
1232719126923272192
1232719179406594049
1232719239229952002
1232719563231498241
1232719688796377089
1232719874297741315
1232719882652934145
1232720268600184832
1232720377048162305
1232720479821160449
1232720663791702017
1232720968340123648
1232720972240891904
1232721145620811777
1232721199622492163
1232721713290448897
1232721785013067777
1232721912599543809
1232721991091867651
1232722006900137986
1232722012994506753
1232722211687084032
1232722258554228736
1232722360496771074
1232722461868920832
1232722463630471169
1232722464951750657
1232722501786046469
1232722570992111616
1232722600566120448
1232722643360440320
1232723019044413440
1232723143548076032
1232723261772922881
1232723374033387527
1232723374075523072
1232723713935757313
1232723761692135428
1232723941367730176
1232724091003637760
1232724122825707521
1232724165528113155
1232724507917529088
1232724536858234883
1232724566331609090
1232725814556360704
1232725821057634307
1232725884865368065
1232725888782999552
1232726038737752069
1232726078533308419
1232726198863699969
1232726287258718208
1232726492351692802
1232726665576538117
1232726864470429696
1232726881163759617
1232727144314417152
1232727523630424064
1232727849066487811
1232727996747964421
1232728353129582592
1232728698727682050
1232728867934220289
1232729083395629057
1232729411398635523
1232729542252519426
1232729544332894208
1232729977445134337
1232729999288877056
1232730081568657408
1232730103186165762
1232730122165346312
1232730143313088515
1232730196354179074
1232730251496763393
1232730283306364930
1232730286808498176
1232730299978657792
1232730354986954752
1232730360372436992
1232730363425906693
1232730411031285760
1232730520359985152
1232730545219653632
1232730572474212360
1232730589209530370
1232730654250610695
1232730689251966976
1232730723192274945
1232730820915400710
1232730839630438402
1232730851273826306
1232730866016714754
1232730886740811780
1232730914360262663
1232730922153398274
1232730973793550336
1232731035651231746
1232731088214163458
1232731139091070982
1232731196246851593
1232731209840701440
1232731306221604864
1232731330518999040
1232731360277565440
1232731373426954245
1232731402262732804
1232731477437296641
1232731574338248706
1232731832149561345
1232731907433095168
1232732109913100293
1232732128917573632
1232732129789906944
1232732142494310400
1232732268814311425
1232732291480289283
1232732350435545089
1232732405754142720
1232732423261216769
1232732504177725442
1232732512570363904
1232732637069967366
1232732793215574017
1232732863201710080
1232732873200939011
1232732995624341504
1232733055019778050
1232733121767931905
1232733233361702912
1232733295932297218
1232733324176691202
1232733675453808641
1232733928504659969
1232734043747364864
1232734244415426560
1232734399696736256
1232734520039723008
1232734675103293440
1232734725632135168
1232734746591027205
1232734754010783747
1232734887825825792
1232735071079149569
1232735161453772802
1232735259214712833
1232735378018144256
1232735406568955905
1232735420116545537
1232735508318609410
1232735593286787076
1232735685934641152
1232735859931262977
1232735870089924613
1232735920199290880
1232735959139209216
1232735970807574528
1232735983831076864
1232735998414671873
1232736005024833536
1232736011265900544
1232736134255562753
1232736151456374791
1232736173858140160
1232736191570681864
1232736194116628481
1232736211023863808
1232736700058787841
1232736715531542531
1232736770397220865
1232736818631593986
1232736917520879617
1232736951716995072
1232737020579106819
1232737097871712261
1232737150015299584
1232737239106555908
1232737281020190722
1232737333683859459
1232737337479745541
1232737346879139842
1232737362360360960
1232737479515656193
1232737628526645249
1232737713142554624
1232737793522176005
1232737896337199107
1232737937474883584
1232737972161826817
1232738251099836416
1232738322793082880
1232738398491770882
1232738411963985921
1232738438937530369
1232738662472802304
1232738792982884352
1232738806694121472
1232738809806237696
1232738868027445250
1232739022499389441
1232739062500466693
1232739179731341313
1232739254880653312
1232739280684011526
1232739556560166917
1232739586675298304
1232739607285862400
1232739626907000832
1232739672830496770
1232739674839506944
1232739698184945664
1232739709358661636
1232739729780756485
1232739770809356289
1232739795199238144
1232739808222568448
1232739818402131978
1232739823192039424
1232739835602968577
1232739860311572482
1232739933779038208
1232739970005241857
1232740101047902210
1232740161559113733
1232740214608662529
1232740231058788352
1232740261303902208
1232740577277628416
1232740642435944448
1232740705866539008
1232740718856343552
1232740748556005376
1232740771931000837
1232740805049298944
1232740905561423872
1232741122230902785
1232741293471694856
1232741347209175041
1232741348458938369
1232741360249294850
1232741374082068480
1232741406361305088
1232741434958196737
1232741448757522433
1232741455552270343
1232741501295198208
1232741558342049794
1232741696292585473
1232741841633607680
1232741859597934594
1232741903738769409
1232741964740800512
1232742144751828992
1232742151462834177
1232742239765442572
1232742356098723841
1232742385504968712
1232742415653638144
1232742466631163904
1232742850036629506
1232742907137986561
1232743074444517383
1232743084385079298
1232743107080290304
1232743197249589250
1232743238039212033
1232743260440973312
1232743285279596544
1232743312483811333
1232743379496099840
1232743383094964225
1232743519271387136
1232743522513625093
1232743545183907840
1232743674649464833
1232743819814326272
1232743917927485441
1232743929231085575
1232743982167445504
1232744010525093888
1232744018192293888
1232744028313092097
1232744033677606913
1232744041823035392
1232744096160198656
1232744212187287553
1232744311307079680
1232744343351500804
1232744640459268096
1232744950946836483
1232745001085538304
1232745013848821768
1232745021578862594
1232745276894478337
1232745689056075777
1232745733142581249
1232745914332258304
1232745970422730757
1232745979599826945
1232746037070221312
1232746175419293696
1232746421826158592
1232746451240914950
1232746494484209668
1232746570103177216
1232746703800995840
1232746727075123204
1232746769676722177
1232746783706615812
1232747157884633089
1232747208304447489
1232747632461852672
1232747917796048896
1232748262488231943
1232748262588854272
1232748459238707200
1232748542227341312
1232748752768647168
1232748898336243718
1232749343259623426
1232749496771252225
1232749549866762240
1232749722080874496
1232749824996446214
1232749858139918338
1232749889039327235
1232750254635847681
1232750365461958657
1232750526837723137
1232750567761600512
1232750729905000448
1232750964567875585
1232751065642065920
1232751112605880321
1232751285822246914
1232751323877138432
1232751411131232258
1232751417007464449
1232751638525296640
1232751678866194432
1232751703046459394
1232751803009241089
1232751901764091905
1232752236167598080
1232752304694210560
1232752310167621632
1232752719301095424
1232752847395151872
1232753174416625664
1232753209594318857
1232753225146785793
1232753246315384839
1232753248681054208
1232753254792077312
1232753368516395015
1232753417195487237
1232753423805767681
1232753603913363456
1232753620455608320
1232753766866280448
1232753773845602304
1232754172212269057
1232754291296940038
1232754333344813056
1232754350944026624
1232754432368087042
1232754470897029121
1232754548177096704
1232754760907968527
1232754988910288896
1232755088764100608
1232755238035185664
1232755629451808770
1232755656442236930
1232755778139967488
1232756165286748169
1232756298078412803
1232756452722429957
1232756586122301442
1232756646503428097
1232756730876112897
1232756757572833281
1232756784584122369
1232757017439358979
1232757075459092481
1232757157520691200
1232757224004407296
1232757268854329346
1232757508667629569
1232758078413643780
1232758199725547521
1232758209468911616
1232758259020378112
1232758435650863107
1232758583118508032
1232758587992178689
1232758604555485184
1232758634511241217
1232758664605437953
1232758694858952706
1232758738236399620
1232758852069838855
1232759136179425280
1232759282631938054
1232759372859592704
1232759589390766080
1232759729765732353
1232759979528065031
1232760407535865857
1232760543951360002
1232760647282094081
1232760669910523906
1232760715511029763
1232761072853147648
1232761336855179273
1232761611527606272
1232761631563767810
1232761853568118784
1232762132820889603
1232762377394933761
1232762381467574275
1232762385745752067
1232762736821653505
1232763045715349505
1232764365633245184
1232764415226843141
1232764496084688897
1232764984888786944
1232765091151376385
1232765100727177220
1232765232843558914
1232765423525015554
1232765481641136128
1232765700223176706
1232766154034294789
1232766455269163009
1232766726560985089
1232766983608971276
1232767042404659201
1232767474665435136
1232767631222026240
1232767661416820737
1232767790735593480
1232767838630350849
1232768487191437314
1232769206342553603
1232769809647120385
1232770010919116800
1232770441674215425
1232771759293837314
1232772050961473536
1232772053067075584
1232772189591605248
1232772552952557573
1232772703251243008
1232772759194947584
1232772804770222085
1232772955194744834
1232773475602849792
1232773539570311169
1232773854273163270
1232773985806508032
1232774441232424962
1232774630944972800
1232775001201369090
1232775248317042688
1232775312066457601
1232775366319714306
1232775488340361217
1232775510939308032
1232775622113423361
1232776350408347649
1232776655548145664
1232776760640409600
1232776961166073857
1232777847930073089
1232777896747552769
1232777897095680003
1232778349900173312
1232778619975585792
1232778783595356165
1232778785637855232
1232778835772477440
1232778934909046785
1232778970627788800
1232779136860655616
1232779950232567813
1232780211923668994
1232780563276324866
1232781179474059266
1232781218866962436
1232782186572587009
1232782556233424903
1232782609836658688
1232784278553079808
1232784565263118336
1232784631600177152
1232785900360392705
1232787050006503424
1232787237068300289
1232788615182331905
1232789333553315840
1232789427379982348
1232789429884006401
1232789481666875394
1232789492882460674
1232789641155182593
1232789672780234754
1232789890334691328
1232790720689459200
1232790851702661120
1232790948171530241
1232791121526448128
1232791242012024832
1232792053475684353
1232793645511737345
1232793821668413440
1232795296750546945
1232795560270278656
1232795607678451712
1232795968971644931
1232796782653997062
1232797410256150528
1232798309330362368
1232799556129218561
1232800192061222912
1232801947067060226
1232802354614980614
1232802430812901378
1232804187878109184
1232804530980450304
1232805721542201345
1232807750494760960
1232808665985560577
1232808948803092481
1232810557520121862
1232811588547043328
1232812077191962625
1232812335602991104
1232812496055984128
1232812937875795968
1232813354806317056
1232814936683728896
1232814941071171585
1232816300700917760
1232817604584235008
1232820910668832770
1232822338460307456
1232822365756760065
1232823014238101506
1232823631455178752
1232824896285077505
1232826427407552512
1232826488581500928
1232827523312082945
1232827676920107009
1232828003115307008
1232828839052693506
1232830494137634817
1232830661234495488
1232830922543767553
1232830944316399620
1232832091424837632
1232834081609650176
1232834892796432385
1232834912769781760
1232835055631904768
1232835643136499712
1232835780428603392
1232835784023199744
1232835991062433795
1232836028316168193
1232836129738645504
1232837600404213760
1232837852276412423
1232837979057483776
1232838121722720266
1232838585419730944
1232838741309493250
1232839165273890816
1232839299697127425
1232839976531976193
1232840211756912641
1232840714930794504
1232841147069980672
1232841754224865280
1232841811829383168
1232842206571974658
1232843319811723264
1232843793549987841
1232844668469235712
1232845777548038146
1232847219746856961
1232847285337382913
1232847336658874373
1232848179839848451
1232848357191757825
1232848545469861888
1232849336116973568
1232849385417039872
1232849415137878017
1232849429960577031
1232850026264547328
1232850294259748866
1232850878815784960
1232851156373774337
1232851578111102978
1232851801310932992
1232851996803260416
1232852344007806977
1232852374538063872
1232853497093091330
1232853532501475328
1232853936522092546
1232853977030692865
1232854222305157120
1232854293482557445
1232854772337856514
1232854837206953984
1232855054622785539
1232855714395115520
1232855968565694465
1232856511199817730
1232856665407528965
1232856983369326592
1232857346633850881
1232857429261586432
1232857449226522626
1232857677337944065
1232858917815902208
1232858938204356609
1232859345215422470
1232859349132947457
1232859483790954496
1232860214619017221
1232861008688889856
1232861092897931264
1232861507526037505
1232861680276819970
1232861688447279105
1232861726913318912
1232862715246469126
1232862943873847297
1232863272665264135
1232864918627549184
1232864960302272512
1232864986445307904
1232865050538455040
1232866201715564544
1232866239636279298
1232866257524920320
1232866275606630400
1232866416325513216
1232866512249245697
1232866774649102336
1232866845763477504
1232867091801427974
1232867359817445377
1232867969543397376
1232868095284449280
1232868108517486594
1232868122325069830
1232868234791092225
1232868895507259393
1232869101095268353
1232869455744638976
1232869703963627521
1232870504106725376
1232870552894922752
1232870887340335104
1232871447615410178
1232871798330580993
1232872227797860352
1232873621607063552
1232873756768399360
1232873964499693568
1232874079872528385
1232875321185226752
1232875838300991491
1232876784661811200
1232877206281560065
1232878153942609920
1232878533913038850
1232878575226937344
1232878717900349440
1232878908925714433
1232879119639117824
1232879472988299264
1232879512955781120
1232879722482348032
1232880713848016897
1232881051120406533
1232881075266998273
1232881248818913280
1232881312358453248
1232881520504950786
1232881522727931904
1232881993865715712
1232882387727589376
1232883302991876098
1232883582852632576
1232885003870187520
1232885352391729152
1232885622697799682
1232885645690974209
1232885646672441351
1232885900222377985
1232885917754515457
1232886017717198848
1232886580521717760
1232886616290725888
1232886754857955328
1232886974157131777
1232887154113687552
1232887267338919936
1232887752296935425
1232888317596839936
1232888639056539649
1232889102170808320
1232889646373330944
1232889707626930176
1232889873100496896
1232889997528850432
1232890375393681410
1232890589017968640
1232891002064687104
1232891061225295877
1232892934451793921
1232893393824559104
1232893402884247559
1232893413097459712
1232894477406285824
1232894668557471746
1232894789563142144
1232895286223212544
1232896324762292224
1232896454701666309
1232896593214357504
1232896610398429186
1232896628203442178
1232896628220055553
1232897423393116162
1232897992354652166
1232898297909698561
1232898551895687168
1232898687052984320
1232898696167247873
1232898986945761280
1232899163798540288
1232899209696858112
1232899329104498688
1232899340697513984
1232899682365530112
1232899749004632065
1232901195448160256
1232903457604014080
1232903460196159488
1232903770436227073
1232904165942349825
1232904410080010240
1232904417650720768
1232904429692542976
1232904470368907264
1232904853690703873
1232904944681963521
1232905586947260416
1232905802828189696
1232907414472740864
1232908432329641984
1232909079418417153
1232909101853704192
1232909482574962688
1232909653798944769
1232909710153703425
1232910118011817985
1232910719663951872
1232910817131139072
1232911147248050176
1232911587561869313
1232912542630137856
1232913049037758466
1232913235809980416
1232913259327610881
1232913457688829952
1232913534134226944
1232913614354440192
1232914142476087297
1232914343341281286
1232914733088624640
1232914779964157952
1232914823517741056
1232914846032814085
1232915153152364544
1232915184798269442
1232915582590341121
1232916125156986880
1232916516808646656
1232916572290928640
1232916781578231808
1232917763951415296
1232917792556507136
1232919961959641088
1232920252314537984
1232920307524161537
1232920520443793408
1232920966172479489
1232920979984220163
1232921004743241729
1232921023961554950
1232921366627864576
1232922836945162241
1232923068512772108
1232923496667324417
1232923595132809216
1232924102672994307
1232925687532654592
1232925746525605892
1232926552792403968
1232926840723066880
1232926863095476224
1232927485710536704
1232927951924187136
1232927968596578304
1232929790681911296
1232930516803956736
1232930538215878658
1232930543274250242
1232930577239695361
1232931114773250048
1232931394080460800
1232931916455780352
1232932619035332608
1232932868764192769
1232933025698197504
1232933784577859584
1232933948625428480
1232934174190907394
1232934537061072897
1232934691231145984
1232934822768775168
1232935418737414144
1232935534785441792
1232937002015887361
1232937502698299392
1232939110312161280
1232939661309276160
1232939736387420160
1232940093268205569
1232940473431420928
1232941199360745472
1232941226682462208
1232943701510492160
1232945042349862912
1232945300039491584
1232945302786781185
1232945320943923201
1232945396902744064
1232946619965988865
1232947683490398209
1232948359364739073
1232949531211452416
1232950195081666561
1232950951314587653
1232951318345592835
1232951825046921216
1232952547557748736
1232952629745111040
1232953530220240896
1232953728694734849
1232954394016198656
1232955021282742273
1232955908742942727
1232957180313317378
1232958495403708417
1232959067594874882
1232959641824440321
1232959837501362177
1232960199872458753
1232960699875446784
1232962111120269312
1232962379790639104
1232962760226541568
1232963363996651520
1232963925282578432
1232964232175607808
1232965226879967234
1232966426874523649
1232969448367194113
1232969821282873344
1232971907500331010
1232972404089139200
1232972899734216704
1232972952574087168
1232973512782028800
1232974206998122497
1232974462548574213
1232974524024528896
1232976614826356736
1232977587435163648
1232977627528429569
1232977959004393472
1232978470239535106
1232978514955030528
1232979229119303681
1232981849212891142
1232981927965143041
1232983785903476739
1232984286439100416
1232984996329218048
1232985388203024384
1232986000072290305
1232987849315815424
1232988528419786752
1232989205149765632
1232989677558358016
1232989798475980803
1232991459411988480
1232992245000888320
1232992657586126849
1232993108268404736
1232996835096252416
1232996878549159936
1232997090437017600
1232998296068726785
1233002220309929984
1233002334378233856
1233003198291628037
1233003282416754688
1233003795333947394
1233004848347582466
1233005074307264514
1233005122793431041
1233005308236238849
1233005491686694912
1233005776140165122
1233008339359076352
1233009913519054848
1233010216750473216
1233010254448865281
1233012381317464064
1233014049652322306
1233014799765733377
1233015369427607553
1233015651133820928
1233016117947400192
1233016455152701441
1233021475512356866
1233022157191602177
1233022194000809984
1233022269699612673
1233023018110156800
1233023636526772226
1233025539469926400
1233026898491510784
1233027203308322822
1233029588055400448
1233029823959830529
1233030634693636096
1233031635316199424
1233031804187226114
1233032156181647362
1233032964419858435
1233033437671542787
1233033708531322881
1233035995391627266
1233036754405425153
1233037395723005954
1233037961148628992
1233040862495617026
1233040906439331845
1233040984952451072
1233041056972857345
1233041169862594560
1233041346698588160
1233042373220995072
1233042799957807104
1233045498002624513
1233046049167527936
1233047474601889792
1233048155895345153
1233051544448315394
1233052812436701185
1233054391516717057
1233054429743632385
1233054520944427009
1233055602013851651
1233055727981252608
1233055777075671042
1233056326579900416
1233057412116033537
1233057725908684800
1233059684678017025
1233060412515606530
1233061702624612353
1233064817466003458
1233065202511466496
1233068135110119426
1233070551985524736
1233071106124369923
1233073489684443136
1233076018300235776
1233077313237061634
1233078259824365568
1233079879291240450
1233080466116415492
1233080512886996993
1233080987069882368
1233082517739229192
1233085887061381120
1233086012219383808
1233086029504053248
1233086446963130368
1233088431225438208
1233089553432555520
1233089874317545472
1233089916092866561
1233090016806494208
1233090020950597634
1233091078519246850
1233091084257021952
1233091286493736962
1233092789790965765
1233096592552603654
1233097234067132419
1233101949710499840
1233103132911075333
1233114952249987072
1233118400580345856
1233123847580372992
1233125714314113038
1233128157953372160
1233161051732168709
1233176388309594123
1233190789695574016
1233194394259460103
1233194433132277760
1233199591903973377
1233203370304921600
1233203664057241600
1233204363838947329
1233214798336274432
1233215839123447809
1233216496593244160
1233220428996411393
1233223375482429440
1233223876341108737
1233224014736297984
1233224035716259840
1233228879013306368
1233229693618446336
1233229728657616896
1233231015667171328
1233231167387848705
1233231470191312901
1233231583957671936
1233242714411372545
1233251578200625152
1233251753514209280
1233261146817298436
1233263448794025985
1233265415540924416
1233265732147974144
1233266160176635904
1233273144913297408
1233277253913645056
1233304587601358849
1233304699656441856
1233309090878717952
1233323466301984768
1233326881358958592
1233329205376581633
1233332055058022400
1233337626834456577
1233345233036959744
1233346192861515783
1233364204935163904
1233366344889970692
1233366372161335298
1233372029874663424
1233374193619697665
1233381819703275521
1233390528961667072
1233390715071324161
1233396804315754501
1233400763759517696
1233400982152896513
1233426367821336581
1233430827872260098
1233445104653873152
1233446696408928256
1233450749155213312
1233506454407086080
1233561933170737153
1233572468339728384
1233572479668563968
1233572491014045696
1233572686632235009
1233603805050286081
1233605867423125504
1233611512645767168
1233627007591817216
1233631571888033792
1233639227222614016
1233650991544885248
1233683110090375169
1233707370498314241
1233715948546412544
1233719402408873984
1233755624925691906
1233759920643813376
1233767492675395590
1233767512166338561
1233823105581305856
1233858740832624642
1233949958988009472
1233970320530268160
1233970414159724544
1233988921597579265
1234256979209674753
1234292766479454208
1234316146393804801
1234378696200523776
1234379557228154880
1234405887630028800
1234439944925413376
1234495136438083584
1234496636849737728
1234543730868142080
1234831198972710912
1234854894387023878
1234854926200823809
1234854931213017091
1234855071571152898
1234878375983890433
1235047820282834945
1235047832555384832
1235047843787755520
1235047958569037824
1235068550085316608
1235401420041408512
1235442867016880128
1235867604817833986
1235956423009488901
1236205803427618817
1236205809714905094
1236205868355485696
1237360433784393728
1237371355424833536
1237371368699826176
1237371383543468032
1237371468780109825
1238102837654990850
1238257301791879171
1238339210861477888
1238723832942190593
1239216007706808320
1239224424290803712
1240467405962428425
1240514075718823937
1241638254501396480
1241735488668491776
1241945613308067840
1247931663436267520
1251727035296124929
1252459000496562177
1255827026600214533
