id
1271594129881853952
1271596624649900033
1271599386385158146
1271602924955860992
1271608225347940352
1271608907987857409
1271616248036687877
1271616391167324160
1271616587108401153
1271617283346096130
1271617979990642688
1271618992873095168
1271621586932695040
1271623167627362305
1271623323001040896
1271626092365918209
1271637174069473282
1271638673663184896
1271638762368503809
1271639524603572225
1271639905723088898
1271640033687228417
1271640637197242368
1271640708974292993
1271641414301028352
1271641420743532547
1271641547868684294
1271642093610549249
1271643029712093196
1271643237229494275
1271645033964412930
1271645193884893191
1271645908262936578
1271646060583292928
1271646092552265729
1271646171887525888
1271646197464346629
1271646596011364352
1271646681931698176
1271647585917374464
1271647616208601089
1271648024771649536
1271648101380558848
1271648343593287682
1271648413801644033
1271648903163764737
1271649117127786496
1271649373743648769
1271649412268331008
1271649918357307393
1271651042393051137
1271651178573631491
1271651236203450369
1271651758616588288
1271652421392044034
1271652503315263488
1271652742042398720
1271653093722279937
1271653345761964032
1271653446530326530
1271654395852308481
1271654522830585856
1271654578174529544
1271654762518282240
1271654818956939265
1271654849998925824
1271655101812420608
1271655164689211395
1271655517572694022
1271655541585182720
1271655662460850176
1271656088409161731
1271656105450582019
1271656205736345610
1271657309639507972
1271657602464862208
1271657683750395904
1271658244994412549
1271658439354261504
1271658481477697536
1271658587174195200
1271658789519925248
1271658836059922438
1271658969484976132
1271658978796322820
1271659032500207617
1271659037894066177
1271659128994377729
1271659249941258247
1271659464547020801
1271659534986207242
1271659630029156353
1271659641731244032
1271659854948597760
1271659948452257792
1271660248915468289
1271660543548493824
1271660651841191936
1271660667226001408
1271660709114503168
1271660777909428230
1271660824218800128
1271661128775589888
1271661159133990914
1271661312712609792
1271661375643963395
1271661491381567488
1271661574445510659
1271662417525780483
1271662925154078720
1271663010369675265
1271663155823947776
1271663161230462976
1271663345448505345
1271663473240539136
1271663709769916416
1271663766229393408
1271663806993833984
1271663848555151360
1271663911251705856
1271664061709778944
1271664209475055616
1271664334045929472
1271664450089693184
1271665324644016129
1271665360580874240
1271665616273977344
1271665659169181697
1271665767495467010
1271665789989502977
1271665871954546688
1271665986421342208
1271666005404680198
1271666397375062016
1271666582050217984
1271666728896999425
1271666738204114944
1271666956786114563
1271667128790286336
1271667135564128257
1271667169030529024
1271667197639827456
1271667304896569345
1271667492642054147
1271667673416585217
1271667788114006016
1271667788273369090
1271667789649121281
1271668011028697089
1271668417272205312
1271668777730617346
1271669201069985792
1271669379747532800
1271669725307842561
1271669781834465280
1271669946356039680
1271670062752174082
1271670141496033280
1271670359608221696
1271671136896479232
1271671196195655682
1271671363426754561
1271671494024839179
1271671943268380672
1271671943893262337
1271672534208000002
1271672548342796290
1271672858746421248
1271673059657887744
1271673181221330944
1271673233478221825
1271673486952497152
1271674143637979143
1271674182456279041
1271674245454667778
1271674334277447680
1271674394595807234
1271674441714540547
1271674449713037313
1271674513353252864
1271674599890182146
1271674614427631616
1271674634300272640
1271674709239873536
1271674816937046016
1271675008998309894
1271675165861203968
1271675193262510081
1271675195565228033
1271675197502914560
1271675199793094661
1271675201709912068
1271675203601469441
1271675332454748160
1271676011474833408
1271676191196549120
1271676432759099393
1271676646089785344
1271676759235330048
1271676992388292609
1271677133237243905
1271677296861216768
1271677326858817537
1271677554043297792
1271677580828008450
1271677657722368000
1271677695273906177
1271677736646557697
1271677961478057984
1271677967203217408
1271677990620069888
1271678376974090240
1271678667668807680
1271678879699255296
1271679040747864065
1271679308805873665
1271679343081783298
1271679525286543362
1271679564079603712
1271679648754208768
1271679785647955968
1271679866165960704
1271679971191402496
1271680028754030599
1271680050702757888
1271680057929609217
1271680063717740545
1271680311361974274
1271680312796422144
1271680540039675905
1271680830633582592
1271681031880478721
1271681071617359872
1271681126302654465
1271681358910443520
1271681513701150720
1271681645280706560
1271681661810421761
1271681677861978117
1271681769331253248
1271681916136239106
1271681966912520192
1271681977641586689
1271682043253010432
1271682204758880256
1271682218558214145
1271682289332699142
1271682338112655361
1271682613850386433
1271682860886491138
1271682957846216708
1271682979056803840
1271683034874511360
1271683162469363714
1271683183420022784
1271683377171701760
1271683720987189248
1271683721779769344
1271683821654683648
1271683922628349955
1271684144783855618
1271684206138208266
1271684432211202049
1271684489966768131
1271684946663550982
1271685144898932737
1271685153790853122
1271685268597280769
1271685342639329280
1271685441662660608
1271685496230592520
1271685580850638848
1271685856538091522
1271685885961134086
1271685917003132929
1271686144640659462
1271686537898602499
1271686782812409863
1271686818141016065
1271686826538012672
1271686887770644480
1271687228872425472
1271687387861716992
1271687439191543810
1271687612043010049
1271687681777508353
1271688016168353793
1271688098922090498
1271688140068134913
1271688264605368320
1271688322885341184
1271688627454652418
1271688641346183168
1271688676863610880
1271688682894954497
1271688963720388610
1271689408589246465
1271689686424190981
1271689696557531145
1271690179544264705
1271690673981456384
1271691517598601218
1271691560225329154
1271691757240057857
1271691947149852675
1271691964480618496
1271692026879324161
1271692381042151425
1271693166639566848
1271693465303334912
1271693523620945921
1271694301043601409
1271694320391852033
1271694654526947328
1271695012003295233
1271695282116403204
1271695438878564352
1271695938977923072
1271696275998728192
1271696414670815233
1271696865470398464
1271697396146282496
1271697468858798086
1271697575565905921
1271697610345250817
1271697723620646913
1271697756541923328
1271698165767471104
1271698289885405185
1271698321040715785
1271698504784773120
1271698536036478981
1271698556848611328
1271698660376678402
1271698700742656000
1271698808687276032
1271698821064658945
1271698980838219779
1271699451552436224
1271699479394168832
1271699484607643654
1271699491721285632
1271699510104854529
1271699719413252096
1271699821250990080
1271699900699377664
1271699907729031170
1271700254195429376
1271700515315998722
1271700760699568128
1271700774855327744
1271700859836039169
1271701068041371649
1271701277064466432
1271701469838835712
1271701488520310785
1271701564923805703
1271701810466693120
1271702104747499522
1271702118831927297
1271702332670181376
1271702514115784707
1271702744722804743
1271702881629016064
1271703003800764421
1271703587819859976
1271703653263515648
1271703842401509376
1271704123042381824
1271704154625527808
1271704243402158080
1271704442908413953
1271704797738123276
1271704945834840064
1271704966533701632
1271704986502733826
1271705290296242184
1271705466238676993
1271705532081061888
1271705628910723074
1271705649345376256
1271705716324270080
1271705862776725505
1271706269825601537
1271706292512571394
1271706295788240896
1271706491016417280
1271706616077922304
1271706633358450689
1271707029099462656
1271707165443657734
1271707194552201227
1271707886239059968
1271708117508558848
1271708262367473664
1271708311684091904
1271708348673593344
1271708645206757376
1271708675091107845
1271708719634624512
1271708839474274305
1271709448655056897
1271709602632138752
1271709663634079744
1271709737017577472
1271709833390104581
1271710229344980994
1271710250740125696
1271710340133380096
1271710363621433345
1271711216046661632
1271711341401837568
1271711423463337985
1271711539960197121
1271712123610169344
1271712181604749314
1271712189586583553
1271712888965730304
1271712994024722432
1271713066779115521
1271713414939893760
1271713422804221952
1271713451182903297
1271713694255403013
1271713785145896961
1271713888413851648
1271714706877710338
1271714984544722945
1271715058398175232
1271715101859631104
1271715104141303811
1271715112571863040
1271715234684833792
1271715275549937674
1271715298509455360
1271715381162283008
1271715432987275264
1271715451840724992
1271715484900229127
1271715486993199107
1271715489652318210
1271715491606925312
1271715517569675265
1271715854439374849
1271716013663571968
1271716138431455232
1271716347572092928
1271716352584306688
1271716421865742336
1271716484558061570
1271716744617394177
1271717002705502208
1271717041783869447
1271717182376943616
1271717262433619977
1271717371569410048
1271717501915848705
1271717534048403460
1271717563458818048
1271717603107618816
1271717603858436097
1271717706736242689
1271717849497628672
1271717854258368512
1271717868552499202
1271718117782233090
1271718161268854784
1271718172765323264
1271718318764851200
1271718413216473089
1271718618863144964
1271718657706557440
1271718692028477440
1271718795598495744
1271718824321130496
1271719059793608704
1271719438849622016
1271719459548430336
1271719515978686465
1271719685546020865
1271719944065970178
1271720027956236288
1271720051414949889
1271720064866279440
1271720194822606848
1271720574377775104
1271720709920886784
1271720980168290304
1271721016239230977
1271721093699526657
1271721191544414209
1271721212100726784
1271721247953608704
1271721427058728962
1271721669661528064
1271721717291941891
1271722060453154816
1271722175855198208
1271722183665111041
1271722223368372224
1271722343656759296
1271722588507705346
1271722706652876800
1271722808373108737
1271722819114741760
1271722890933796866
1271723413686624257
1271723460159401984
1271723536894308352
1271723903468163078
1271724407287840768
1271724557045567488
1271724578998542337
1271724696367702019
1271724734221373446
1271725077797756930
1271725168226951168
1271725170542219264
1271725172320620544
1271725260581240834
1271725345771859974
1271725364713263104
1271725459936546816
1271725576773160960
1271725603843117056
1271725626999877639
1271725650567671808
1271725675225939969
1271725802099552266
1271725829110861824
1271726027811762176
1271726039702487040
1271726189615423488
1271726354510368768
1271726436123136002
1271726488082165760
1271726767703838720
1271726839812304896
1271726875157696512
1271726912658907137
1271726914496073728
1271727060373946368
1271727134051090432
1271727170268864512
1271727182549786624
1271727195514376193
1271727332143882240
1271727345888571393
1271727472577478657
1271727490390769674
1271727525719429120
1271727558372057095
1271727622351880193
1271727656221003777
1271727740404850688
1271727765000249344
1271728043019698176
1271728185588297729
1271728368283762688
1271728512429326336
1271728557614485504
1271728894098444289
1271729022058315778
1271729056971718656
1271729072817700866
1271729169508990976
1271729237616136193
1271729372114948096
1271729543653601280
1271729566218964997
1271729626038112256
1271729648238551041
1271729969715011585
1271729995271061505
1271730064409931776
1271730178692177921
1271730344631382022
1271730428152614915
1271730451871227905
1271730875055603712
1271731006677147653
1271731081176330240
1271731511583281154
1271731717087338496
1271731739568848897
1271731824696442881
1271731858221522945
1271732026199195649
1271732142087770112
1271732217056833537
1271732597358563328
1271732690941890561
1271732984828354560
1271733073084846081
1271733167448305666
1271733377310351362
1271733387896774672
1271733723994763267
1271733918794997760
1271733938571141121
1271734023895875585
1271734062907088896
1271734094079156224
1271734222089187328
1271734262505648128
1271734391388147713
1271734672914034689
1271734795350036481
1271734971133308928
1271735085054799872
1271735253472772096
1271735466258321408
1271735582117507072
1271735878289940480
1271736235355189248
1271736794422353920
1271736963285037057
1271737221373145089
1271737568195903488
1271737569064226816
1271737575636598784
1271737662282649601
1271737693341454339
1271737963001655298
1271737975026651141
1271738516771397633
1271738537478688774
1271738547213668352
1271738737068855297
1271738819579125761
1271738891037523969
1271739125062828032
1271739224677584898
1271739294827384833
1271739386938482689
1271739764283183106
1271740221898571776
1271740409706876928
1271740544671195142
1271740557799325697
1271740667564302337
1271740968279117831
1271741008368201731
1271741046226067461
1271741313139032064
1271741435889487877
1271742110627180546
1271742142323531778
1271742228889731073
1271742256685494272
1271742272493752320
1271742291942793217
1271742488399581184
1271742585602793472
1271742668335349760
1271742719262699521
1271742812875300864
1271742843787390981
1271742844617793536
1271742845704196096
1271742890604183553
1271742905946968065
1271742912339025920
1271743055666860034
1271743098423521281
1271743116932980738
1271743194821283840
1271743215725674496
1271743220389740545
1271743220792397824
1271743399306166272
1271743455425900545
1271743490528096256
1271743570408546304
1271743589551308800
1271743592793608192
1271743623378411522
1271743685579939840
1271743874067836928
1271743902282899457
1271744017726873600
1271744090426822656
1271744112283320320
1271744121426886657
1271744146118762496
1271744179144622081
1271744192042151938
1271744219439419393
1271744403783245824
1271744471651225600
1271744553750532096
1271744583718887425
1271744673699319809
1271744675641262080
1271744728502059012
1271744758092873729
1271744805794648064
1271745011118415872
1271745043561213953
1271745127904505857
1271745188294262784
1271745264361988097
1271745404523237379
1271745458227023872
1271745508835540992
1271745853284376576
1271745858728534016
1271745882589933569
1271746057081442304
1271746146503983104
1271746888438616066
1271746993426239488
1271747009377112064
1271747013755969541
1271747057389371394
1271747187270193153
1271747312579219456
1271747375808249857
1271747416430129152
1271747470779875328
1271747565445357568
1271747582444912640
1271747631753158657
1271747633170862081
1271747868462891008
1271747905171476480
1271747948418945026
1271748134394347522
1271748144611708928
1271748188073009152
1271748212873928706
1271748233153458176
1271748244771569664
1271748341194526725
1271748459884920838
1271748524003274752
1271748575811297280
1271748625304113153
1271748637161402369
1271748754048253953
1271748841964998658
1271748886600785921
1271749164528029696
1271749288247296003
1271749354383192064
1271749381964922880
1271749462281633793
1271749634893869058
1271749749872435201
1271749775491313665
1271749999270002690
1271750070531227650
1271750130128031746
1271750195345346561
1271750200294506503
1271750247149010946
1271750262282125316
1271750277255831552
1271750294226055170
1271750480671191040
1271750641170382848
1271750679258968064
1271750682593427456
1271750876533796865
1271750926429302786
1271750977629061120
1271750994746114048
1271751367103778816
1271751479527866368
1271751490005327872
1271751538374053890
1271751560083787777
1271751634369069059
1271751677062926336
1271751677482340357
1271751690321084416
1271751893363105792
1271752007724998657
1271752195231318017
1271752298809774087
1271752336495517702
1271752450463141890
1271752542993645572
1271752660857823233
1271752660979515392
1271752721461362688
1271752813668958210
1271752872636669952
1271752942836756481
1271752987694817281
1271753000030294016
1271753029226766336
1271753164254052352
1271753191349276672
1271753200245276672
1271753237679558656
1271753410208022533
1271753524150493185
1271753577959165952
1271753748176670720
1271753795698032640
1271754027106209792
1271754075265216512
1271754113550880769
1271754165388263426
1271754324960595968
1271754443818762241
1271754533295849477
1271754570054668289
1271754687604314112
1271754804184875008
1271754873084796928
1271755163057954816
1271755170771329024
1271755172843261953
1271755207068790784
1271755294264213506
1271755568647200768
1271755630886477829
1271755642282414081
1271755716064354306
1271755736788488192
1271755820062121984
1271755884058882053
1271755920968646658
1271755939117518852
1271756025239162882
1271756031018885122
1271756142239272965
1271756143921180672
1271756145842163713
1271756188141658112
1271756212690989059
1271756240604069888
1271756272791171072
1271756293909491713
1271756319637323776
1271756321629646849
1271756324817326085
1271756330882273286
1271756368102469634
1271756375635513344
1271756393167511553
1271756404378996736
1271756407856140288
1271756421894455298
1271756436650053632
1271756438667505666
1271756440865247233
1271756445210406913
1271756454148612097
1271756462499430401
1271756481449398272
1271756482615312384
1271756483785633793
1271756487312977921
1271756495831654401
1271756503993778177
1271756505168183296
1271756508913639425
1271756514513031168
1271756528261959681
1271756539234324480
1271756567214469120
1271756576811081728
1271756577985515520
1271756601209257985
1271756632154951681
1271756647057305601
1271756736022679552
1271756741697507335
1271756767966494720
1271756796768604160
1271756813571182593
1271756818096762881
1271756846983008256
1271756855371542528
1271756860383727617
1271756916029558785
1271756925194117121
1271756949571489793
1271756957184032772
1271756964331171840
1271757015354933249
1271757043817472000
1271757057847410688
1271757080077230080
1271757087694036994
1271757121135280128
1271757126545874944
1271757137992179712
1271757143562051584
1271757187052908544
1271757210348146693
1271757227351670784
1271757232485666816
1271757240123473920
1271757253113253888
1271757253981474821
1271757266220453889
1271757280346849281
1271757290895540225
1271757294351593475
1271757295517601794
1271757300529803264
1271757311724236800
1271757335329816577
1271757344154755073
1271757345459261440
1271757370478268418
1271757439088680961
1271757451008884736
1271757492926775303
1271757493564301317
1271757542138556416
1271757586547818496
1271757634044035072
1271757635159719936
1271757635193274372
1271757661789446144
1271757674745597953
1271757689836711936
1271757697831010304
1271757727178645505
1271757803376594944
1271757843457335296
1271757880455303169
1271757906053083136
1271757956086931457
1271758044502929409
1271758071451258880
1271758077390438400
1271758089214136320
1271758125700395013
1271758151562469378
1271758153097662465
1271758164036370432
1271758183296569346
1271758204020690944
1271758222517567496
1271758233678594049
1271758239453999105
1271758275730604032
1271758303266250753
1271758346929012736
1271758401337323526
1271758403136901120
1271758421231112197
1271758427157598218
1271758449580421124
1271758453711781892
1271758490567094273
1271758552995069958
1271758621098094592
1271758621504921602
1271758643214585858
1271758643462094848
1271758674613108736
1271758693953146880
1271758695697911813
1271758703939792898
1271758716153614336
1271758767844216837
1271758809090924545
1271758820117798912
1271758854653706240
1271758855962271744
1271758884131295237
1271758922035200002
1271758933775069184
1271758989613846528
1271758995716485121
1271759043170885632
1271759091715751937
1271759095067021312
1271759133512019968
1271759135353298945
1271759139312734209
1271759169692065792
1271759170740662272
1271759184946700289
1271759189564686336
1271759201434509313
1271759209919655937
1271759214151639040
1271759219989991424
1271759225161748481
1271759239573372934
1271759245399261186
1271759270225330176
1271759302815031296
1271759354937724928
1271759359639523331
1271759365649899520
1271759377213644801
1271759391306457089
1271759415457316864
1271759423833346048
1271759513717288962
1271759525394165761
1271759568700354560
1271759587700596738
1271759592989626368
1271759597653590016
1271759603341148161
1271759618260205569
1271759621720547330
1271759669065846784
1271759683842441216
1271759699462012929
1271759761344782336
1271759802520293376
1271759803493294081
1271759825534418945
1271759880332984321
1271759886880309255
1271759903695265792
1271759909609246722
1271759915967799296
1271759921416146945
1271759922846486529
1271760002693435392
1271760048793038848
1271760078295580673
1271760112659714050
1271760118405894144
1271760177893695488
1271760188215668736
1271760188337520640
1271760222785351680
1271760236379062273
1271760243286999040
1271760244398587905
1271760251910524933
1271760258281680897
1271760266611605504
1271760280758947845
1271760285628542976
1271760337273061377
1271760360463310848
1271760373956386818
1271760374212198400
1271760437223264258
1271760440423526400
1271760531851010048
1271760539530801164
1271760669101228032
1271760674566307843
1271760679687663621
1271760692174114821
1271760697718902787
1271760712034070533
1271760724700905473
1271760731982254082
1271760800240340992
1271760812156297216
1271760828589539328
1271760873753849862
1271760898181472258
1271760913897533440
1271760915860525057
1271760919811575813
1271760935317897216
1271760946432745472
1271760979781726208
1271760983426510848
1271760985179783168
1271760988933689349
1271761012564332551
1271761034399842304
1271761048207593473
1271761075168575489
1271761173550170113
1271761182098153472
1271761194227990529
1271761198585917441
1271761216160051200
1271761221600108544
1271761236447854593
1271761258228768768
1271761338465783810
1271761356124028929
1271761368950034432
1271761399774089222
1271761400944381955
1271761436117741568
1271761465867767809
1271761489955823622
1271761495563669509
1271761512273711105
1271761520331014144
1271761620583284737
1271761633052954624
1271761642506850304
1271761695397097477
1271761722412539913
1271761758353489920
1271761785239080960
1271761843229544448
1271761862972014594
1271761926335455232
1271761942957428736
1271761982346219520
1271762003359662080
1271762007142928387
1271762046091231233
1271762062977519617
1271762092861919232
1271762110507298817
1271762134813356032
1271762150676103169
1271762221790564354
1271762222100987908
1271762275918123008
1271762276157095936
1271762304670064640
1271762306083454979
1271762317932462081
1271762330280497154
1271762401894023169
1271762427093360640
1271762440058032128
1271762442251571201
1271762449511985152
1271762503379423232
1271762589777788930
1271762610564878336
1271762612183797760
1271762629162401792
1271762639048318981
1271762647223087104
1271762648917516297
1271762660758085633
1271762662083493893
1271762674162991105
1271762689786773505
1271762705620369408
1271762715644698624
1271762750465810432
1271762785026953216
1271762792878682112
1271762809509027840
1271762853956108288
1271762931164856322
1271762971254034433
1271762974177406976
1271762983493001217
1271763020197384192
1271763048945065986
1271763054477312001
1271763064745066496
1271763068813488130
1271763083262918660
1271763112794914816
1271763124752916481
1271763134600998913
1271763140162793472
1271763162572996608
1271763166075269121
1271763268487479298
1271763310774489089
1271763377455579136
1271763380269920256
1271763404907110405
1271763407981641729
1271763409944449024
1271763414591746049
1271763425144733696
1271763436737716229
1271763458514714624
1271763495705550848
1271763508326211585
1271763576261312512
1271763577658052609
1271763619211026432
1271763636126695426
1271763649762385920
1271763659384127498
1271763664991854592
1271763681945190400
1271763793601847296
1271763795526942720
1271763819807805441
1271763824392241154
1271763895636672512
1271763895749939201
1271763896773246977
1271763914024529920
1271763936463863810
1271763936753471488
1271763943770423298
1271764018743652354
1271764027627241472
1271764029896380417
1271764038016536577
1271764048766517248
1271764100943659009
1271764113559961601
1271764114776494081
1271764119633477632
1271764163602247688
1271764221324386304
1271764231877255168
1271764244174954497
1271764257076588544
1271764270397689856
1271764294066200577
1271764360847818753
1271764370650017792
1271764424051826688
1271764457165856770
1271764480402296834
1271764528699670528
1271764535762919424
1271764547817308162
1271764558856814592
1271764567618662401
1271764615123386369
1271764638724583425
1271764639810977792
1271764715472138240
1271764720677240838
1271764805561593856
1271764848490295296
1271764851027668992
1271764853032615937
1271764879523713024
1271764879607648256
1271764924310618114
1271765079625736194
1271765197506707456
1271765219392487426
1271765264196083713
1271765301017874432
1271765308467011584
1271765339894923265
1271765344269619200
1271765361407516674
1271765366025465856
1271765415958654981
1271765471864541184
1271765474880229376
1271765492794118144
1271765524947623937
1271765568757039104
1271765582740967429
1271765598201090050
1271765615104188418
1271765626479169542
1271765629033426945
1271765689582436352
1271765700269486080
1271765749607149568
1271765803134791683
1271765832914345984
1271765877097140224
1271765943123955712
1271765967589253120
1271766093745586177
1271766117002944513
1271766154898477056
1271766207289593857
1271766227145363456
1271766251019350018
1271766345911279616
1271766431416401920
1271766459501490176
1271766466233319424
1271766528057376769
1271766568846929920
1271766583245967360
1271766613885362181
1271766657430687745
1271766683103961089
1271766685465403392
1271766715031044096
1271766740469506053
1271766756076539905
1271766788397768704
1271766798866812930
1271766906022825984
1271767031461883904
1271767036272795648
1271767113917661184
1271767121048059904
1271767149758070784
1271767151511318529
1271767227952435201
1271767338711486464
1271767340737269760
1271767346429005824
1271767356147216386
1271767366985269248
1271767369942261760
1271767383577853953
1271767437588004865
1271767451450179584
1271767455246045190
1271767479984021504
1271767493103644672
1271767513148338178
1271767528889626624
1271767569205211138
1271767638818140160
1271767682115866624
1271767691154653185
1271767729616359426
1271767743965155329
1271767864115179520
1271767914367066112
1271767923150000128
1271767973267746816
1271767985963831296
1271768025591697409
1271768117971206144
1271768178151079938
1271768280382963713
1271768295730003975
1271768336985133056
1271768403758456832
1271768456657059840
1271768458066382848
1271768497727684610
1271768508083449856
1271768544112340992
1271768588194648064
1271768595786317824
1271768686546898944
1271768693056442368
1271768835612442626
1271768934484672512
1271768956693614592
1271769039107428352
1271769049878409222
1271769075111337985
1271769087006343169
1271769088612859904
1271769101833244677
1271769113225039874
1271769145881890817
1271769150587908096
1271769155910479878
1271769180455473152
1271769194158338048
1271769231718301696
1271769267025911809
1271769363545284611
1271769388543172608
1271769392389468161
1271769506675937280
1271769569712111616
1271769602775711744
1271769724251246592
1271769770979966977
1271769828819382273
1271769840391462912
1271769882544222209
1271770031064481792
1271770078971867137
1271770119522394113
1271770136165441536
1271770182667640832
1271770220181499910
1271770243355086850
1271770295632891905
1271770301001617408
1271770303618834432
1271770342676201472
1271770348107808771
1271770374800396293
1271770415426408448
1271770572549218304
1271770573018935298
1271770602974720000
1271770617793175552
1271770726161362944
1271770737544769537
1271770743609667584
1271770802023776256
1271770822101872645
1271770875508002817
1271770888669626368
1271770947402555394
1271770988259278850
1271771077480517632
1271771220271341568
1271771282842046471
1271771450828095490
1271771508982140929
1271771547502608387
1271771578678890497
1271771612283572224
1271771629287284736
1271771763903475717
1271771819033452544
1271771826184732672
1271771912130252801
1271771984184172544
1271771993952714752
1271772032603238400
1271772042854096896
1271772105772843009
1271772112093622273
1271772118435467264
1271772201189023747
1271772204900941824
1271772211926441984
1271772229722714113
1271772230087774208
1271772255735799808
1271772283510689792
1271772306092830722
1271772311553748993
1271772361918951424
1271772363508592645
1271772383582527489
1271772432886571010
1271772481112678400
1271772489962717184
1271772507176079360
1271772553615474688
1271772564742864898
1271772602391027713
1271772813888835590
1271772956893630464
1271772977009438722
1271773030356865024
1271773098380087296
1271773140172111876
1271773160069890049
1271773183939616768
1271773195251732480
1271773199626391552
1271773213052239873
1271773249026826241
1271773252025749506
1271773313879212032
1271773367075590144
1271773388458115072
1271773407202496514
1271773475623993349
1271773488832020480
1271773545371242496
1271773575368900608
1271773581370941441
1271773600568225792
1271773616997380096
1271773625159483392
1271773628359757824
1271773638769938433
1271773738627928065
1271773913555644418
1271773971990695936
1271774032552173568
1271774059634798595
1271774151980847104
1271774187934355456
1271774441685606401
1271774523705131009
1271774538422841344
1271774538854875136
1271774607083737089
1271774635458203648
1271774696749629441
1271774698389397504
1271774746137382912
1271774751921504260
1271774759689297920
1271774790781558784
1271774810687840256
1271774847744368642
1271774903826558976
1271774917164511232
1271775092293263361
1271775184656064514
1271775228683673600
1271775252213723139
1271775260325675008
1271775345910386688
1271775372980469760
1271775378806374400
1271775500084576257
1271775688622780417
1271775704955400194
1271775730347712512
1271775790829633536
1271775845795979264
1271775897238990848
1271775938691416064
1271775944949280768
1271775964134027265
1271776002218299392
1271776023386951680
1271776116022312966
1271776168786739209
1271776187501576192
1271776207248527360
1271776219747332099
1271776247643639808
1271776291696541703
1271776310059249665
1271776347816411138
1271776377725952002
1271776436244881408
1271776484487606272
1271776553056206849
1271776588556894208
1271776673369899008
1271776685570965506
1271776788826468352
1271776888088920064
1271776900172701696
1271776906447372290
1271776924138983425
1271777050010046464
1271777092867436545
1271777105362259968
1271777142708338689
1271777155236667399
1271777207715803136
1271777256952803329
1271777287650922500
1271777363563610112
1271777376268140544
1271777377232830471
1271777379367768065
1271777398778925057
1271777522083037184
1271777541121064960
1271777711858618368
1271777721643917313
1271777743395586049
1271777749758345216
1271777769677078528
1271777783526678528
1271777785716015105
1271777814094786560
1271777854649438208
1271777886656172032
1271777962917060609
1271777963965583361
1271777981854343169
1271778010853769216
1271778029551968264
1271778052087975936
1271778130890575875
1271778143456628741
1271778187660460033
1271778282506240000
1271778297966407680
1271778300352921601
1271778308448010240
1271778310607925248
1271778358863560705
1271778413154570240
1271778566867505157
1271778587566276613
1271778620025995265
1271778670202572800
1271778670290579456
1271778716788670466
1271778743900614656
1271778775693512710
1271778789463293954
1271778861815148544
1271778898259345409
1271778903187742721
1271778956954537986
1271779004551507968
1271779039993368580
1271779077125439494
1271779153549897728
1271779264266985477
1271779285016215554
1271779285704065030
1271779309196320768
1271779333984706565
1271779386526752769
1271779404700684288
1271779414661926913
1271779427274407937
1271779453476245505
1271779460556128261
1271779594098683904
1271779642156998656
1271779705029570560
1271779732007399424
1271779780866818054
1271779897908908033
1271779900446384129
1271779970122219521
1271779988728152065
1271780003580166145
1271780068738641920
1271780088774787073
1271780112644661250
1271780123252006913
1271780152972914688
1271780178583334913
1271780189052080128
1271780203702951936
1271780203833053186
1271780226733871105
1271780259525005312
1271780402907226115
1271780543789703168
1271780631098404864
1271780797931032576
1271780857699844096
1271780876712660992
1271780957918507009
1271781109060243456
1271781120724656128
1271781169521098752
1271781190593318914
1271781193336455169
1271781201066459137
1271781225489989632
1271781332562120704
1271781333497344000
1271781418880962560
1271781453769183233
1271781558442168322
1271781570622500871
1271781640126246912
1271781655385169920
1271781673517154305
1271781684812214273
1271781724507209728
1271781730328948742
1271781756673327104
1271781759504519168
1271781777619783681
1271781803511209984
1271781820326129666
1271781895022481408
1271781928685821953
1271781942258614277
1271782019182333955
1271782041047240707
1271782085083254785
1271782120038502400
1271782134932520961
1271782329476841472
1271782445239676928
1271782491150602240
1271782520032550912
1271782613515108353
1271782740283797505
1271782762106757121
1271782796932132867
1271783021226733571
1271783033654345730
1271783128672108544
1271783146435084289
1271783171177304065
1271783421136777217
1271783500148953088
1271783500425965574
1271783500572692481
1271783566901460992
1271783635272830976
1271783792211120128
1271783808346570759
1271783817397899264
1271783887392452611
1271783942488719361
1271783994108055552
1271783994804318211
1271784016375689217
1271784058129993728
1271784114220400640
1271784178913288192
1271784210752290821
1271784310547402752
1271784433318756352
1271784491950829571
1271784502101147654
1271784564327960576
1271784574821924865
1271784709589274624
1271784750307475456
1271784752962568192
1271784757504831493
1271784855617953795
1271784880305696768
1271784968570765322
1271784993765896202
1271785054650486784
1271785155485667336
1271785272955613186
1271785306606440449
1271785440824250371
1271785452714983424
1271785473619513344
1271785498340622336
1271785516497862656
1271785563998375936
1271785600102907904
1271785695368093696
1271785716088004608
1271785749768273923
1271785775902965760
1271785822950502400
1271785913245368320
1271785963807784961
1271786014336573442
1271786173137145856
1271786184981843968
1271786221119946752
1271786351038541824
1271786387034066947
1271786464154656769
1271786485939933184
1271786545360535557
1271786562267774976
1271786662041997313
1271786685668491265
1271786685978882049
1271786721449922560
1271786724612542464
1271786794032431105
1271786827993747468
1271786854958936065
1271786861116211200
1271786887674552332
1271786914039967744
1271786986240716800
1271786990082588672
1271786996252491776
1271787054112870400
1271787092662800385
1271787142411403266
1271787196572368896
1271787218819059712
1271787229661323264
1271787230848258049
1271787263026962433
1271787275769335808
1271787381771907072
1271787426856333313
1271787481747382279
1271787493168422912
1271787508737720320
1271787683354992645
1271787696243929088
1271787702531260421
1271787706293587976
1271787732881285121
1271787758466498570
1271787776011272192
1271787795221082112
1271787807330242560
1271787887546322949
1271787936661504000
1271787937160728576
1271787974871613440
1271787980655648768
1271788030521720832
1271788031884787712
1271788046070034434
1271788058984267784
1271788142786379779
1271788200814612480
1271788239502946307
1271788250974359552
1271788271773913088
1271788316451647489
1271788334365528065
1271788425423794177
1271788473494749187
1271788550476963841
1271788637441712130
1271788717624229888
1271788776830967808
1271788778445824001
1271788819797495810
1271788842585120768
1271788891125829635
1271789052338069504
1271789061838188554
1271789130486288384
1271789142423330821
1271789154079301639
1271789159385006080
1271789255707295745
1271789257443721216
1271789327882862592
1271789331263500293
1271789508468436992
1271789573677473792
1271789576785362945
1271789589594767362
1271789603234762753
1271789607856766976
1271789674818875393
1271789731307798528
1271789746788974592
1271789765965352960
1271789821023961089
1271789822567501826
1271789956118261760
1271790112855207938
1271790143356239873
1271790173500477440
1271790206547525632
1271790230710947850
1271790262017236994
1271790292375678976
1271790294204166146
1271790304404951045
1271790326303412224
1271790354090594304
1271790397350608896
1271790565697470465
1271790581677776896
1271790586895499266
1271790664041271297
1271790693451796480
1271790779195969536
1271790845444780032
1271790861425291264
1271790880911953920
1271790896258973697
1271790902911123456
1271790991163473921
1271791288178876417
1271791312690388995
1271791333204807681
1271791352666357760
1271791370404089856
1271791709282807810
1271791743600676865
1271791748839342080
1271791811120545792
1271791906050183168
1271791929303449601
1271791971275870209
1271792075999260672
1271792120643432454
1271792255385448453
1271792273202741249
1271792290219134976
1271792354442297345
1271792394606911490
1271792504518651904
1271792527365091328
1271792574303477765
1271792706532995072
1271792729203277827
1271792784203276289
1271792875525857283
1271792901295607812
1271792980731539457
1271793000155361282
1271793130262724608
1271793143348895744
1271793183287017472
1271793198285946881
1271793223028150278
1271793279214989312
1271793285644812288
1271793302333992960
1271793454100680704
1271793498027589637
1271793527069069312
1271793737971175425
1271793739158171650
1271793744875073536
1271793811396734976
1271793826152226822
1271793913599332354
1271793946512044033
1271794026170200066
1271794092113084417
1271794266751275008
1271794306630721536
1271794326134276097
1271794330529923074
1271794419273019394
1271794430450827265
1271794483466833920
1271794521899229184
1271794683908362241
1271794721602646018
1271794778926125057
1271794839139409921
1271794859268071425
1271794859922382848
1271794933481926658
1271794937512804352
1271794974032568320
1271795002092539905
1271795006819512321
1271795021059174400
1271795053170774016
1271795164441456641
1271795247467696131
1271795349376708608
1271795388098449419
1271795409187475457
1271795414837137408
1271795543388442624
1271795565987315714
1271795640947937282
1271795664431742976
1271795694790160385
1271795726675255296
1271795736066301952
1271795787178090496
1271795876000825344
1271795906845847552
1271795963993231362
1271796060168638464
1271796086773080065
1271796153756123136
1271796154041327622
1271796170696908800
1271796173188354049
1271796239747682305
1271796371360751618
1271796386510471168
1271796448275939329
1271796455213326339
1271796461152301056
1271796463580917761
1271796510657851398
1271796599220514821
1271796637485150208
1271796640211521541
1271796713624342532
1271796746184790019
1271796757211615232
1271796826736377856
1271796846407626753
1271796859636416513
1271796876589895680
1271797027333189632
1271797028201172993
1271797042453643266
1271797057351749633
1271797110099279872
1271797134581534721
1271797286562136064
1271797287728164865
1271797295558922241
1271797313653137408
1271797338768584709
1271797427943727106
1271797490786930689
1271797606600105984
1271797637327585281
1271797659775492096
1271797767300669442
1271797795318640646
1271797838394077184
1271797839677526016
1271797860930072581
1271797900557848581
1271797934674378755
1271798044888047617
1271798048860057606
1271798059396214787
1271798304817455104
1271798328725049344
1271798461529313281
1271798485885636608
1271798517812678657
1271798677774966785
1271798864945741824
1271798932709027840
1271798954846490629
1271799117333889026
1271799127530065920
1271799136388554752
1271799270522466304
1271799417826353152
1271799558616555524
1271799604254838785
1271799644029440000
1271799660437557249
1271799726506160129
1271799784987385856
1271799940709330952
1271799942030536704
1271799968597188608
1271799995985997824
1271800009151954944
1271800026021466112
1271800033990586374
1271800056253997056
1271800139162832903
1271800176294969346
1271800237548503043
1271800243353530368
1271800319119409154
1271800460782063617
1271800467278958592
1271800574523117568
1271800594156736512
1271800613068824584
1271800674628534272
1271800728185712641
1271800817138446337
1271800851682770944
1271801184660197381
1271801291250040833
1271801517566119937
1271801621387902977
1271801621878628353
1271801671530790913
1271801757476237317
1271801836996120576
1271801909016514561
1271801916004032513
1271801946052136962
1271801952196755456
1271802039681658882
1271802337519194113
1271802542754840576
1271802641182609410
1271802681389088771
1271802705418354689
1271802733520203776
1271802786192273409
1271802812268253186
1271802846476996608
1271802905218158592
1271803007815073794
1271803039352000512
1271803055617519617
1271803122315296776
1271803245816623106
1271803306785062913
1271803335696416769
1271803338820993024
1271803430751870979
1271803598268182528
1271803654320852993
1271803722310529025
1271803745714798598
1271803896445521923
1271803988615323649
1271804108404645889
1271804131464880128
1271804139974979587
1271804173173043200
1271804302525435905
1271804343868698624
1271804395760553989
1271804500244905996
1271804507350085632
1271804515818315776
1271804521862164482
1271804582709035008
1271804595245854722
1271804640972222464
1271804662954549250
1271804684697849857
1271804696534097921
1271804707791679488
1271804770941046784
1271804864541188097
1271804933554216960
1271804945625382915
1271804955297546242
1271804981444857858
1271805130434895872
1271805191306784770
1271805208134406147
1271805253256536064
1271805254489825281
1271805286530125827
1271805367132004353
1271805396844453888
1271805481288376321
1271805506605154306
1271805753892970496
1271805867118268424
1271805891822735361
1271805926287331329
1271805995371638785
1271806028997369858
1271806151005536262
1271806345650548737
1271806402378465282
1271806417444446211
1271806447278571524
1271806518481104898
1271806551192461314
1271806560004706304
1271806578975481859
1271806611498164229
1271806734319976452
1271806791295385600
1271806816960294912
1271806899126775811
1271806940465844225
1271807004013727747
1271807035928125440
1271807054034931713
1271807159274217478
1271807173010567171
1271807180677812225
1271807251573952512
1271807258532470784
1271807365554360320
1271807411100229632
1271807440330293249
1271807477110145025
1271807504901640192
1271807597755146246
1271807745398882304
1271807751145099265
1271807768740102144
1271807863355301889
1271807878299447296
1271807889078919176
1271807908276248576
1271807911069704197
1271807924755718146
1271807940517920769
1271807954996678656
1271807992833495040
1271808024995418112
1271808048974172165
1271808365442879489
1271808410175115264
1271808567646052353
1271808596293058561
1271808612768284672
1271808690522333184
1271808699095568385
1271808710327914499
1271808729168728065
1271808885263945732
1271808905165844482
1271808953790455808
1271809214684504064
1271809224084000768
1271809258917695489
1271809429713965057
1271809460068106241
1271809791325765632
1271809896300916736
1271809944736727040
1271809979763351552
1271810012759932928
1271810015364550656
1271810017658880000
1271810044275949568
1271810102161440768
1271810189537300487
1271810193249177600
1271810301114146817
1271810447537311746
1271810564055015426
1271810568257667074
1271810677901070338
1271810785015214080
1271810823892189185
1271810856007933953
1271811038103638016
1271811093548105731
1271811107003551745
1271811263790821378
1271811336348073985
1271811347458785282
1271811421593128961
1271811448231116800
1271811474135093248
1271811577885462531
1271811667421265920
1271811766410981379
1271811907608088576
1271811941934268416
1271812001728278528
1271812011148673025
1271812178191036418
1271812196603961346
1271812212806615043
1271812309216878592
1271812315885731840
1271812374148845568
1271812451026247685
1271812518500057089
1271812658724065280
1271812659076370432
1271812679469064197
1271812734024331264
1271812816446664705
1271812910046744577
1271812945270489088
1271812981224062981
1271813013423546368
1271813014577131520
1271813027650822146
1271813072248811520
1271813130016796672
1271813159150661632
1271813419595857920
1271813438399041539
1271813455515975680
1271813483659657216
1271813539137835008
1271813801575399426
1271813971302023169
1271814105943375872
1271814187577225221
1271814205298094080
1271814324999217154
1271814328430321665
1271814357031309314
1271814390866681856
1271814441009463296
1271814480641523713
1271814495493636098
1271814564053520389
1271814574258507776
1271814673055301632
1271814750083694594
1271814771248115712
1271814800989978632
1271814830685487104
1271814904929030144
1271815108696649728
1271815147573608449
1271815166259335171
1271815214196023299
1271815224216162304
1271815255296036864
1271815255870619649
1271815351660163072
1271815462339444737
1271815464407183360
1271815551887826945
1271815580400713728
1271815636042293249
1271815663598911488
1271815670066487297
1271815705017626624
1271815734419693568
1271815758629273601
1271815765847662592
1271815899453042690
1271815916028940288
1271815933426913280
1271815957275688960
1271816031087067138
1271816033297408005
1271816281927356419
1271816315746111489
1271816322998026241
1271816340987432960
1271816359400271873
1271816375556857856
1271816430858784768
1271816555417022464
1271816625222758400
1271816650166337536
1271816799311532044
1271816821646282753
1271816841753694219
1271817080241782793
1271817110759620610
1271817138492358661
1271817209174687744
1271817248030830593
1271817299884990464
1271817353949597696
1271817426364182529
1271817491803668481
1271817595927187456
1271817610750046208
1271817733919789057
1271817769634467843
1271817875095990277
1271817901167673347
1271817916124626946
1271818035901464577
1271818108697751552
1271818136648658944
1271818316890374144
1271818574504628225
1271818578682163202
1271818610005155844
1271818654007660545
1271818661477732353
1271818843405586434
1271818934640148489
1271818999211397128
1271819009768542208
1271819038683992069
1271819160939573248
1271819207974490114
1271819240610373633
1271819283002200065
1271819539840466944
1271819575118704645
1271819617770471427
1271819619645288450
1271819637051842561
1271819678365683718
1271819788059324420
1271819803351810050
1271819811153227777
1271819842220429312
1271819895093841921
1271819900881907715
1271819950727061505
1271819959975493634
1271820036592762882
1271820112207716353
1271820232257044487
1271820242273124353
1271820535283027976
1271820591264391168
1271820618615394305
1271820730150219776
1271820747347034112
1271820807463768065
1271820828066361345
1271820832885653505
1271820916922564608
1271820938145861633
1271820978499305472
1271820989874286593
1271821232938389504
1271821239129124865
1271821368166940672
1271821385820758016
1271821510722949126
1271821678155268096
1271821721344118784
1271821794698280966
1271821851233304577
1271821910691774464
1271821990668754944
1271822020490256384
1271822025166708737
1271822037632389120
1271822088140095489
1271822200870404096
1271822273197027329
1271822344156336130
1271822388343291904
1271822409809698823
1271822476272680961
1271822511337025538
1271822573207240707
1271822612772028417
1271822690182184961
1271822798546243586
1271822874454700033
1271822909431074816
1271822987789033475
1271822992549408769
1271823149940817922
1271823211320180736
1271823278542290951
1271823312574971904
1271823524936777729
1271823529948872706
1271823584726581249
1271823615613337602
1271823633774755841
1271823751018151936
1271823751299153920
1271823804612980738
1271823821587316736
1271823835202019328
1271823866718027777
1271823931595522048
1271824006107279360
1271824017255804930
1271824062940090370
1271824120230162434
1271824150261231617
1271824282608435200
1271824300987699201
1271824325461659651
1271824412828930054
1271824446303731715
1271824503526641664
1271824507657994240
1271824587236532226
1271824820678938625
1271824881114587136
1271824963553701891
1271824965902446594
1271825023158964226
1271825103366602752
1271825110563991553
1271825266176856066
1271825266227240960
1271825304596742146
1271825348796260354
1271825436977364992
1271825452349427713
1271825502102118403
1271825569504772099
1271825598709727237
1271825641311272966
1271825681954021376
1271825833913733123
1271825841060589568
1271825916570808321
1271825923965366272
1271825927081771011
1271825984547958784
1271826147622428672
1271826148994007040
1271826254170382338
1271826272855957507
1271826394767654914
1271826470919430149
1271826626070884355
1271826713249550338
1271826717548728326
1271826768916250624
1271827008805310464
1271827122571677696
1271827139319513088
1271827212254294016
1271827227706044422
1271827242046443522
1271827261612834816
1271827287894372352
1271827292717752320
1271827438776041472
1271827441196163072
1271827448850575360
1271827484770787330
1271827616442585088
1271827670108602375
1271827678384009216
1271827695471595521
1271827794012418050
1271827872299257858
1271828071151255552
1271828083880923142
1271828087764910081
1271828180169621504
1271828303402405889
1271828496348782592
1271828503705649153
1271828547510906881
1271828597540560899
1271828635826163712
1271828682563354624
1271828698174492672
1271828769586606081
1271828773361659904
1271828857994326017
1271828927149940736
1271828979343937536
1271829113775538178
1271829206758981642
1271829229798395904
1271829337004806147
1271829440058843136
1271829488985407494
1271829718891970566
1271829749493530632
1271829757408182273
1271829830812733440
1271829833924980738
1271829970818600960
1271830064175382528
1271830224343232514
1271830267435585536
1271830296317616131
1271830430463995907
1271830598672318465
1271830650115555329
1271830656272736257
1271830667681300480
1271830742293794821
1271830819733110785
1271830891468292098
1271830962461171713
1271831009802227712
1271831142593855495
1271831149808021505
1271831157785665537
1271831221815803904
1271831232972820480
1271831250102153216
1271831283568717824
1271831327659249667
1271831518382641153
1271831572254261251
1271831577375498241
1271831781671669762
1271831797886857224
1271831841771859976
1271831852572127232
1271831968372666368
1271832046122360832
1271832172215906311
1271832277899673601
1271832324406116353
1271832370170249222
1271832397735223302
1271832551443873797
1271832564307812352
1271832577997856770
1271832600441651200
1271832671463841793
1271832671904202756
1271832800749068289
1271832856004829186
1271832926540488705
1271833065996902406
1271833260411232256
1271833261761757184
1271833328795123713
1271833352778244096
1271833356112625664
1271833439793225733
1271833464279621632
1271833475662913537
1271833627547045888
1271833856509988864
1271833860574191616
1271833949686423555
1271833979008815104
1271834022637907970
1271834026823868416
1271834125666746368
1271834172986925056
1271834361587875840
1271834437249118210
1271834487966621696
1271834559366213633
1271834619231469568
1271834665096265729
1271834718816870401
1271835020840390658
1271835065895604225
1271835079178887169
1271835088771321859
1271835356443312128
1271835381818744832
1271835678465277952
1271835798967631872
1271835840864489472
1271835872015630336
1271836020707864576
1271836109593591809
1271836246139166721
1271836312161726464
1271836365244829697
1271836365475450880
1271836369619488768
1271836413273804801
1271836631541088259
1271836720397508613
1271836741436092418
1271836867739205632
1271836905789775873
1271836906301554690
1271836923586322433
1271836958097117185
1271836979924135936
1271837530422497283
1271837543223435264
1271837637972824069
1271837688296091654
1271837853580918784
1271837873189400579
1271837944463216640
1271837992114675713
1271838040915415040
1271838046099574785
1271838053087182848
1271838154799054848
1271838165049978880
1271838193348984832
1271838229096996867
1271838341248450560
1271838374291214339
1271838384856711170
1271838433204453377
1271838516947927040
1271838522077478915
1271838531149856769
1271838549244026880
1271838611005194240
1271838619783909379
1271838637827723265
1271838686284570624
1271838695138758658
1271838782837440514
1271838807076360192
1271838810289180672
1271838815129341952
1271838823094378496
1271838854719459330
1271838855080087554
1271838866371235842
1271838913909477377
1271839056310173697
1271839063558041600
1271839082231074818
1271839087847264262
1271839105538719744
1271839142645829633
1271839160752648193
1271839165349531648
1271839185197031425
1271839212032208896
1271839234589163522
1271839237969776641
1271839247507632133
1271839248694509568
1271839266281271296
1271839277652025347
1271839331762802688
1271839341334142981
1271839369003970560
1271839389203795968
1271839401971245057
1271839415690805248
1271839446120443904
1271839458263019521
1271839471281926144
1271839561501544448
1271839586080169984
1271839613838069762
1271839660004827146
1271839683144822786
1271839800279130113
1271839827982516226
1271839861989933056
1271839905015046145
1271839923054825472
1271839938812796929
1271839953656348675
1271839954990178304
1271839969510858752
1271839973617139720
1271839985696636933
1271840078520823810
1271840118765223937
1271840197127348224
1271840241737887744
1271840242304155648
1271840246599241739
1271840247702327297
1271840257709879296
1271840267042058245
1271840284230381568
1271840303926915074
1271840331508703233
1271840418330742791
1271840505228337154
1271840607779065856
1271840626338824194
1271840678117548038
1271840682936881154
1271840713349763072
1271840775282851840
1271840919936020480
1271840947991646213
1271840951372148736
1271841008637087745
1271841019278041088
1271841066308812802
1271841071757172736
1271841081211092993
1271841112270004229
1271841225461694466
1271841262656774145
1271841471675731969
1271841759795052551
1271841965001367554
1271841973268340736
1271841977030541314
1271841981094924288
1271842072367153152
1271842072652386309
1271842109864185856
1271842148460232705
1271842236435660800
1271842280253595652
1271842443885981697
1271842445001662465
1271842458557693954
1271842479298490369
1271842485690609667
1271842560089247749
1271842566925942791
1271842587557666816
1271842609426767875
1271842636350083074
1271842643224473603
1271842648245100544
1271842660035317763
1271842767967334400
1271842792214536192
1271842842437091335
1271842847638118400
1271842870530420736
1271842883159625730
1271843004362510337
1271843085245386754
1271843193290739717
1271843213452722178
1271843222243938305
1271843281761116166
1271843335645298688
1271843420173107202
1271843441316519937
1271843520240902144
1271843580068401154
1271843683642544128
1271843701640310787
1271844096852799488
1271844114959667207
1271844203190984704
1271844359714021376
1271844368496943104
1271844393813716993
1271844394547716097
1271844400725983234
1271844420707631104
1271844471978762242
1271844479696343040
1271844495970250752
1271844593529741313
1271844620033495042
1271844751386574848
1271844772639014912
1271844778544594947
1271844791244988421
1271844801420374019
1271844810823892993
1271844814389153792
1271844854574788611
1271844914582769665
1271844931544514561
1271844979372109824
1271845096833630213
1271845134930501638
1271845141972738048
1271845229608517632
1271845245278400512
1271845278602199042
1271845303952592897
1271845304145530882
1271845356939116545
1271845454595141635
1271845473209516033
1271845531447439361
1271845539651432450
1271845638112673795
1271845649290575872
1271845664851406848
1271845678763970561
1271845698502352900
1271845730148323328
1271845733235339264
1271845792211484672
1271845832011272192
1271845888093233157
1271845941071548416
1271845948252094465
1271846037288869889
1271846071363231744
1271846214854737921
1271846221125160960
1271846490206605312
1271846540072681472
1271846560566054912
1271846594032340992
1271846610272739328
1271846644233928704
1271846814560530434
1271846828347195398
1271846914569445378
1271846939936665602
1271846940901142528
1271846945548574721
1271846946018406402
1271846957280112641
1271847009591451649
1271847070358548480
1271847081200754694
1271847090021216256
1271847111051612176
1271847147923791872
1271847215204573187
1271847221227651072
1271847295194193923
1271847313942536199
1271847324503945216
1271847380673900545
1271847407140175880
1271847512865779712
1271847531392180224
1271847552137277441
1271847567635222533
1271847572911644678
1271847596450107392
1271847656420229120
1271847675672121345
1271847714423287810
1271847785319534594
1271847787504820225
1271847801044062208
1271847817716342786
1271847826037846016
1271847841175146497
1271847890047119365
1271847941498683394
1271847947425263617
1271847951581810689
1271847973069217800
1271848002546798592
1271848189000404998
1271848211976765442
1271848383880331265
1271848407108325376
1271848484052832259
1271848591879999489
1271848605645668358
1271848619310710784
1271848627951079430
1271848635672801280
1271848658603048961
1271848664508649477
1271848664760299533
1271848773514395648
1271848788320231430
1271848818938707968
1271848894335508481
1271848928372076545
1271848970143350784
1271848978074787843
1271849065123282945
1271849180202500097
1271849192231747584
1271849307273138178
1271849381659136001
1271849428098469888
1271849438810701824
1271849455160111104
1271849456133079041
1271849575989628929
1271849615810334720
1271849791463591937
1271849814226059264
1271849815178010625
1271849866965274624
1271849905896722433
1271849917565329410
1271849919670898688
1271849949739786243
1271850046716350464
1271850056665219073
1271850062335918084
1271850079918460929
1271850191688261636
1271850290275184640
1271850311003578369
1271850562078879744
1271850639820304385
1271850665946611713
1271850764701519874
1271850953604464640
1271850994649968641
1271851048664260609
1271851215324950534
1271851240880779264
1271851332694167559
1271851386939023361
1271851389707268100
1271851402982313987
1271851484305555456
1271851645845090306
1271851670578888704
1271851719153061890
1271851724316332032
1271851796500283392
1271851864146022400
1271851887931858951
1271852032211791873
1271852055318102017
1271852099639402497
1271852306456367104
1271852384311029761
1271852461687480321
1271852462488596480
1271852687781515265
1271852764025536513
1271852952001695744
1271853069542862848
1271853103017582593
1271853170176770048
1271853306827112450
1271853312279629830
1271853345276379136
1271853371851444224
1271853381171240961
1271853382127452160
1271853387865300993
1271853391568871426
1271853400351801346
1271853443473440768
1271853468433727488
1271853500230774784
1271853525903917061
1271853533453828097
1271853539896287238
1271853737791889409
1271853768120905735
1271853786978562055
1271853802690359297
1271853815243964418
1271853914581860355
1271853945313525762
1271853965517479936
1271853988158287875
1271853988724572161
1271854001139613702
1271854095159173123
1271854154009329665
1271854213442801665
1271854237643923459
1271854244509945858
1271854300088713216
1271854347475976198
1271854366778155008
1271854453562454016
1271854456578113538
1271854457043800066
1271854504712028160
1271854642889199618
1271854771914276865
1271854773986299904
1271854855561383936
1271854914390626304
1271854987631628290
1271855014970118144
1271855025745211394
1271855099216834561
1271855122646274048
1271855241617641474
1271855305144635394
1271855307455594496
1271855376695263232
1271855396425211907
1271855518563344386
1271855559915036672
1271855691406495744
1271855739418673154
1271855765742116866
1271855877235105792
1271855894570176512
1271855912349773827
1271855941236019203
1271855969560154112
1271856043107192833
1271856055589523457
1271856081858375681
1271856105841401856
1271856336997740544
1271856388722098176
1271856510830882817
1271856670973534211
1271856710211252224
1271856799826796544
1271856878767804416
1271856938163359744
1271856950968553476
1271856979984748545
1271856980349595650
1271856981544964098
1271857053842243590
1271857060309872640
1271857071235969024
1271857129390030848
1271857146825711616
1271857174587805699
1271857225972224001
1271857275821572096
1271857400006561796
1271857463244083200
1271857488665677824
1271857524531224576
1271857556324048898
1271857594248974341
1271857624510795776
1271857719268593664
1271857759936548864
1271857811002134529
1271857958834638850
1271858024269918210
1271858042947149829
1271858119967223808
1271858146332545028
1271858198463614976
1271858219242184713
1271858278243459074
1271858333599838208
1271858336468795397
1271858439422164992
1271858492165545984
1271858543734513666
1271858568904544259
1271858597320962048
1271858609039847427
1271858703919198210
1271858766150066177
1271858809837957122
1271858816259416066
1271859093960044546
1271859295131492354
1271859306737082371
1271859360440803329
1271859458260504578
1271859484466520070
1271859577139736578
1271859610354429954
1271859709293858823
1271859818794549249
1271859856945840136
1271859913824894976
1271859953804939264
1271860217664471044
1271860218947870726
1271860243136380929
1271860312044691457
1271860319808360448
1271860329199349760
1271860387827322881
1271860559533703168
1271860609059975168
1271860663141519361
1271860676387053576
1271860812702003204
1271860861657927683
1271860919325167616
1271860957237649409
1271861080575393798
1271861169180020741
1271861272762560512
1271861294539444226
1271861361509830656
1271861640565317633
1271861714162724868
1271861824770711552
1271861838792347649
1271861922430881795
1271861951493275648
1271861954248876033
1271861954412523520
1271861994740682754
1271862069000896513
1271862153205690368
1271862233497296902
1271862309921718273
1271862331404935168
1271862648917770240
1271862784494534656
1271862809547202562
1271863102267588608
1271863152620306432
1271863158697844736
1271863172681674752
1271863175063973889
1271863264927010816
1271863344765509632
1271863562684809217
1271863721741123586
1271864001169948673
1271864043763126272
1271864289767436290
1271864353147490306
1271864372072251392
1271864471066218496
1271864474190983169
1271864571381387264
1271864690449276928
1271864701744558083
1271864764059267073
1271864918334038016
1271864918858272768
1271864968120619008
1271864999833632771
1271865043802558465
1271865111129591811
1271865190808780805
1271865211436310528
1271865290352140294
1271865303576850434
1271865343091396611
1271865378503884802
1271865396774277120
1271865405041258497
1271865594925776896
1271865625372233729
1271865642891780097
1271865647547506689
1271865694263574529
1271865698034372611
1271865730598932482
1271865738169585664
1271865793735688193
1271865823007772672
1271865865529671685
1271865897687437315
1271865955732332547
1271865971016433665
1271866038200807431
1271866046203527169
1271866058115362816
1271866068336861184
1271866192458846209
1271866274612740103
1271866506436116481
1271866531077636097
1271866553039028225
1271866587805626370
1271866613759868929
1271866623897600000
1271866829422702595
1271866924339736576
1271866971760594944
1271867072826544131
1271867102404775938
1271867166162399234
1271867166200135682
1271867190447353856
1271867220856111104
1271867366364917761
1271867401584488454
1271867422862192640
1271867444076990465
1271867463026778113
1271867465258196992
1271867515677945856
1271867529946939393
1271867630534737922
1271867727121133569
1271867746733772805
1271867892229906432
1271868030415450113
1271868033745801216
1271868121356304389
1271868167195750400
1271868168512974850
1271868186586222592
1271868194425237504
1271868218257190912
1271868233189076997
1271868238008168449
1271868268647759873
1271868295667314689
1271868313233166337
1271868713533308928
1271868722345541634
1271868735679275009
1271868758840180736
1271868806873452547
1271868854671720449
1271868862808678400
1271868864746467328
1271868866659078144
1271868869918031877
1271868944169795584
1271869051028017155
1271869145555099650
1271869215914500096
1271869272063688706
1271869339243773952
1271869347376627712
1271869355912040448
1271869526641172481
1271869543514877952
1271869546220191744
1271869705398235137
1271869797928701960
1271869826936590337
1271869928996552704
1271870049813442561
1271870166608031746
1271870194349223936
1271870209373192192
1271870227152855041
1271870247008702465
1271870249881788422
1271870390160236544
1271870431906140161
1271870556447608837
1271870605583953920
1271870871091757058
1271870897767538688
1271870969792073730
1271871068865802242
1271871083910660096
1271871238152097793
1271871324541972480
1271871374093701121
1271871662171054084
1271871677211840515
1271871775446573059
1271871844119871493
1271871881398845445
1271871922503061507
1271871969252737024
1271872002501025793
1271872130045673472
1271872236547342340
1271872239198068742
1271872270215057408
1271872280419762177
1271872359985799175
1271872375563436035
1271872423156224000
1271872708314308613
1271872722352476160
1271872888774197259
1271873026548776966
1271873150071037953
1271873256375627777
1271873339439616002
1271873350936203265
1271873747419631618
1271873815858028547
1271873899547037702
1271873902231330819
1271873952026177536
1271874191827054592
1271874206725279744
1271874379232817153
1271874493968011265
1271874587165425665
1271874716421275648
1271874729570377729
1271874731915071491
1271874787648909312
1271874855244349441
1271874893139841025
1271874921430466560
1271874980515663873
1271874981367078913
1271875003500429313
1271875059116900352
1271875192466411523
1271875196140617730
1271875217321795585
1271875231062331398
1271875243301310471
1271875252029661185
1271875330991697926
1271875383554650117
1271875386184474624
1271875398276722694
1271875568179597313
1271875575305699329
1271875763604766721
1271875925815279616
1271875966294536192
1271876033206194176
1271876114718306312
1271876234180546560
1271876364954722304
1271876433858760706
1271876539915751424
1271876559868235777
1271876727082532866
1271876730110836738
1271876891042091008
1271877034982211584
1271877078774878209
1271877096298733568
1271877100639850503
1271877111159152645
1271877118696345604
1271877282488090626
1271877359034130437
1271877442022658048
1271877514638417921
1271877531470139392
1271877621597560833
1271877705265491976
1271877739616907266
1271877795136798720
1271877835905544192
1271877850895958016
1271877894650748928
1271877961302577152
1271878011583959040
1271878020614238208
1271878174066929665
1271878258804613126
1271878269244256257
1271878437029007361
1271878465579556867
1271878615920189442
1271878641463549953
1271878642805673986
1271878796669419520
1271878856731963393
1271878980568743936
1271879012021870595
1271879082914058242
1271879107278757888
1271879186802790402
1271879210534084616
1271879327261564928
1271879379736506375
1271879453488996352
1271879457377259521
1271879495159554048
1271879526289747969
1271879602965708801
1271879657781108736
1271879694149967872
1271879728518086657
1271879735556087808
1271879755520970753
1271879761674067968
1271879950950445062
1271880047662637058
1271880075957481476
1271880116201807873
1271880130156269575
1271880137504628739
1271880145704493056
1271880242467045380
1271880255540789249
1271880306086367232
1271880416732069888
1271880437435174919
1271880482322554881
1271880944459436032
1271880960452296705
1271881033101656064
1271881379375198212
1271881420881920001
1271881661618311173
1271881823468093440
1271881993933000705
1271882040997183488
1271882056960749568
1271882063545798658
1271882078594969607
1271882130675642370
1271882192310939650
1271882276050108416
1271882293028761601
1271882306710618113
1271882322044911617
1271882437967187972
1271882565910233089
1271882642531790854
1271882826506481666
1271882976918491136
1271883300295061510
1271883409325948930
1271883504771641345
1271883579342159878
1271883588972273664
1271883624346984448
1271883667103768576
1271883750998257664
1271883772494057472
1271883807105392641
1271883856430477319
1271883860880568320
1271883875002826752
1271884190288576515
1271884227513122822
1271884241480056840
1271884267522490368
1271884283842564099
1271884300707905538
1271884322291752960
1271884401043894272
1271884483357261824
1271884589481504770
1271884645358096390
1271884727792865281
1271884728166166528
1271885058664730624
1271885187186593792
1271885434675757065
1271885484600569861
1271885507883151363
1271885563377979392
1271885675374280706
1271886313638236161
1271886431716356097
1271886652064096256
1271886784960638976
1271886800995471362
1271886911037202432
1271887060983578634
1271887078066917379
1271887132127363073
1271887391721238529
1271887514631053312
1271887541013229568
1271887616368160769
1271887631673155591
1271887935852478473
1271887951610482691
1271887986825797632
1271888012385947650
1271888025124044803
1271888040936554497
1271888094221012997
1271888113573539842
1271888207161032704
1271888296822607874
1271888527219982336
1271888723374997504
1271888771961753600
1271888858062434311
1271888960416108548
1271889022080684034
1271889169342758915
1271889171750289409
1271889176695238657
1271889317019910144
1271889345293803523
1271889452156235776
1271889743719137284
1271889864359731201
1271889900783222789
1271889975815086081
1271890195877638144
1271890272994164736
1271890285254135808
1271890422063906819
1271890661978013696
1271890737500770304
1271891163335790592
1271891243249938437
1271891352838692871
1271891576684511233
1271891586234843136
1271891743978524673
1271891876568760320
1271891901432676355
1271892068747665408
1271892303997808645
1271892307747446786
1271892350722363392
1271892398231244806
1271892566334738432
1271892626934038529
1271892647737806849
1271892715580645378
1271892763227893760
1271892839673352193
1271893005545484289
1271893043097067522
1271893128564412418
1271893369002876928
1271893374845554688
1271893444718473216
1271894031015055361
1271894230475190278
1271894505831239680
1271894516937699330
1271894680968585216
1271894708097335296
1271894892307009536
1271895015028133889
1271895055473704964
1271895246155153408
1271895261007294464
1271895261942558720
1271895320117600258
1271895482705600513
1271895723626430465
1271895873748942849
1271896111368855554
1271896289307963402
1271896391980404737
1271896403388874752
1271896625741475840
1271896892725747715
1271896921171468289
1271897529043558400
1271897823437402113
1271898018476953601
1271898214908788744
1271898374367838212
1271898389928726531
1271898396786294785
1271898444509188102
1271898456462954497
1271898531884863489
1271898911104475140
1271898951294337026
1271899031598399488
1271899048824508417
1271899242005704705
1271899477817856001
1271899491692679169
1271899623402201089
1271899689965813763
1271899738904891395
1271899776850841600
1271899810392653824
1271899823378235393
1271899850779525121
1271899863207350273
1271899870878674944
1271899878277382144
1271899890872975361
1271899908744806413
1271899921214554112
1271899955779821573
1271900030136434688
1271900095651426304
1271900106149822465
1271900146071109632
1271900179805896704
1271900207916122113
1271900223120515079
1271900257551515648
1271900392683700226
1271900550087540736
1271900577748877315
1271900590667370496
1271900705025130497
1271900713527005185
1271900746024435713
1271900784075169798
1271900859094437889
1271901280424919040
1271901284501803012
1271901379918008321
1271901402609131521
1271901427296882692
1271901442455068672
1271901584767750146
1271901660575662080
1271901709821005824
1271901813994815495
1271902079569838081
1271902197845032960
1271902347057410048
1271902550191636480
1271902671151267842
1271903184764768257
1271903232189771784
1271903350007750657
1271903453099331584
1271903496586002432
1271903523421257734
1271903537484701698
1271903580958662659
1271903588424585216
1271903604929159168
1271903680976035841
1271903763519987718
1271903774991417347
1271903837134163969
1271903841873690624
1271903899767668742
1271903951374495745
1271904184355426313
1271904191527694336
1271904212843192321
1271904241708412928
1271904252940689409
1271904318312964096
1271904391243665408
1271904452832886785
1271904479923843073
1271904490770358280
1271904492276142084
1271904508243849217
1271904523494330370
1271904552640446465
1271904672023040003
1271904741866590208
1271904794534465537
1271904799764762624
1271904842991259648
1271904883185246208
1271904889346707458
1271904926524936192
1271905091453366272
1271905524339146753
1271905546828988417
1271905548003401728
1271905562112843776
1271905577426399242
1271905588914552833
1271905667293593601
1271905750634266625
1271905753431969792
1271905797413494784
1271905801519628294
1271905963981901825
1271906172078088194
1271906188335161345
1271906201819705350
1271906233549799426
1271906259529277442
1271906278143668224
1271906372918140941
1271906466056855553
1271906472528617474
1271906510126415873
1271906572734803970
1271906586387234816
1271906663948312577
1271906726019727360
1271906783410434049
1271906799126491136
1271906821817729026
1271906836430688261
1271906934971662337
1271906938528333824
1271906943750279171
1271907133207052289
1271907224613421061
1271907269182140417
1271907281370861571
1271907324374978561
1271907403697618944
1271907464108261378
1271907654710054916
1271907743201443840
1271907766467211269
1271908331481948161
1271908375190745090
1271908413186781184
1271908436511535105
1271908458485465090
1271908736483852290
1271908752632004615
1271908851005239297
1271908859561381888
1271908875885821955
1271908898707066881
1271908907179487241
1271908955875352578
1271908998430822410
1271908998669840386
1271909255281590276
1271909274935939074
1271909297279074310
1271909479311765504
1271909482675789825
1271909506033823744
1271909640238968833
1271909655036473345
1271909709755428867
1271909774972649472
1271909830417154048
1271909963397509120
1271909991277101057
1271910023430537216
1271910177537753088
1271910213831012358
1271910223347888135
1271910357083316224
1271910441917218817
1271910442944860163
1271910733211734016
1271910749158465536
1271910851964960773
1271910943090499584
1271911216189976579
1271911301590052864
1271911339443838979
1271911414932725760
1271911463230283776
1271911498026061825
1271911612497133569
1271911730080342019
1271911796245438464
1271911844177944576
1271911879275950087
1271911971474911238
1271912018120003587
1271912186118619138
1271912227440930816
1271912682707435520
1271913015915544577
1271913081434771462
1271913098077769728
1271913273693216768
1271913294656307201
1271913575859326986
1271913619383619590
1271913646042611716
1271913698798514177
1271914081709105152
1271914228077617154
1271914455019008007
1271914565173944327
1271915450222497796
1271915640870313984
1271916023898411008
1271916078462054401
1271916118291165184
1271916151170351106
1271916241314349056
1271916241733791745
1271916511767257088
1271916533137182722
1271916623272849408
1271916707481780224
1271916795222507525
1271916971177762816
1271917113545043968
1271917126836764673
1271917189625503748
1271917524758589440
1271917715058577409
1271917793789837312
1271917828304601089
1271917918054486017
1271917939718074368
1271918145545146369
1271918150070743040
1271918453390221316
1271918775831597057
1271918891141300224
1271919262739894273
1271919467996622849
1271919549961646081
1271920147679322112
1271920215060856836
1271920236367921152
1271920471232184321
1271920678950838275
1271920879862251521
1271921043180081153
1271921375935180800
1271921404309647360
1271921594978492417
1271922676572053504
1271922761351540743
1271922764207796224
1271922771279437825
1271922784621465601
1271922787549171717
1271922802266963971
1271922824412827648
1271922843379552257
1271922918046531590
1271922938514677761
1271922999315378179
1271923071725731841
1271923158954672133
1271923271508856833
1271923764331261953
1271923866869403649
1271923913791021057
1271923941116952576
1271924382680711175
1271924442944413696
1271924521986121729
1271924651971747840
1271924737950781442
1271924845492744194
1271925007489384448
1271925073730035712
1271925311702171649
1271925313958588417
1271926086981562368
1271926369505685504
1271926419334053889
1271926518491623426
1271926576813420544
1271926780186832904
1271927175214759939
1271927221566013440
1271927245012111360
1271927426927509504
1271927472725078019
1271927668351610880
1271927701088153600
1271928047126695936
1271928108682272769
1271928305512402944
1271928323128655872
1271928434336415749
1271928492683333634
1271928608093806592
1271928845671727111
1271928895047163911
1271928975921688577
1271929007848685568
1271929142708224000
1271929158604664832
1271929542035345409
1271929556925063171
1271929576835420160
1271929901466214406
1271929976812683266
1271930017858142209
1271930937463496705
1271931036612599808
1271932538303455232
1271932562596925442
1271933098444361740
1271933950294982656
1271933951620284422
1271934044712906753
1271934048949149697
1271934143052513281
1271934198195126272
1271934483835629571
1271935177007063040
1271935198289113088
1271935536794648578
1271935626867326976
1271935905704677379
1271936081798279169
1271936151939661824
1271936315458588672
1271936788546846721
1271937078318809089
1271937264734679040
1271937838922203136
1271937891510497280
1271937973727244288
1271938315118395392
1271938711211651073
1271938768866549760
1271939031073542144
1271939125436911618
1271939309701001216
1271939396321902592
1271939524529094662
1271939745254342656
1271939766032846848
1271939815244693504
1271939890809376768
1271939978721988608
1271940041468719107
1271940151711858694
1271940411456540672
1271940770157793283
1271940927519629314
1271940977004097537
1271941575854211072
1271941801230970880
1271942005610942466
1271942384885080065
1271942425653710848
1271942433236975616
1271942636048392194
1271943107681148929
1271943380252196864
1271943580538384390
1271943777394003979
1271943811007217664
1271944065668415488
1271944130424385537
1271944216105672705
1271944324192677889
1271944407286243336
1271944420276011008
1271944476026564609
1271944582897504256
1271944640413999105
1271944701957079040
1271944962381398016
1271945165008224257
1271945233329205248
1271945661194350600
1271945788743131136
1271945850399358976
1271945888273924099
1271945943324262400
1271945946033766401
1271946177005727746
1271946181967581189
1271946220769067009
1271946274384814080
1271946288360312833
1271946344102576129
1271946905233260545
1271947791569469443
1271948191286558720
1271948762567639040
1271948962220687360
1271949120291459073
1271949169041846274
1271949647054069761
1271949891724599302
1271950487496142853
1271951296246042624
1271951462495592448
1271951478505132033
1271951588748226561
1271951812476710920
1271951912577925121
1271952526603177990
1271953028225040384
1271953332047876097
1271953476130504704
1271953632972484609
1271953714635517952
1271954335036051457
1271954671503060992
1271954688582340608
1271954936058830853
1271954958821310464
1271955360820199424
1271957170939142144
1271957305345490945
1271957338631569409
1271957490519990273
1271957607482359808
1271958136660865025
1271958344010543105
1271958364755550208
1271958558528110594
1271958576362373121
1271958690820698112
1271958883209302017
1271959004063948801
1271959370708942854
1271959519556501508
1271959568797622272
1271959571951738883
1271959727656841216
1271959981190000645
1271960106888916994
1271960119018954752
1271960238393098247
1271960722352869378
1271960843928973314
1271961186045693958
1271961402614390787
1271961944883412994
1271962309028610049
1271962543976783881
1271963075533574146
1271963358753959940
1271963713013256193
1271964601706598401
1271965437878812683
1271966748963717122
1271967900648312833
1271968135827148801
1271968412680556544
1271969010717020160
1271969443418079233
1271969954015981568
1271970534889308166
1271970784555290624
1271971591883235328
1271972189043134466
1271972607554920450
1271972825662963712
1271973116458254337
1271973142005559296
1271973153305231360
1271973912268677121
1271974549425459201
1271974622133727234
1271974697106800640
1271974727574269952
1271974760386383872
1271975247793868801
1271975396347711488
1271975899274121217
1271976706233040896
1271976763451740161
1271977928377729025
1271979244227383296
1271979527451918337
1271979672985915392
1271979687011647488
1271979934634971136
1271980053367152640
1271980353658384384
1271980448676286464
1271981478663139328
1271981636754661379
1271981951679856645
1271981989671944192
1271981993970954240
1271982388214747141
1271982889035542531
1271983938127486976
1271984533584392198
1271984617210253313
1271984870353448960
1271985655317479424
1271985696392261633
1271986413140140032
1271986633265553408
1271986888262529029
1271987218769481729
1271987251677925376
1271987380988379139
1271987421366927361
1271987528678150145
1271987830458376192
1271987925669089280
1271988007990628352
1271988256662568960
1271988715330691073
1271989510692319234
1271989512651055104
1271989704729264128
1271989775629680640
1271990257882365953
1271990268321951745
1271990675362455552
1271991037565829123
1271992147156373506
1271992630067503105
1271992664502796289
1271993257145380864
1271993279853322240
1271993292851499008
1271993604102373377
1271993694506401792
1271994210468671489
1271994287711031296
1271994432246681607
1271995124315275264
1271995671806185472
1271995976316829699
1271996423261863936
1271996436524171264
1271996750786592768
1271996910912655363
1271997105444446209
1271997105805156353
1271997593510346752
1271997719406686210
1271997794312753152
1271997809101864960
1271998155563950080
1271998189651013632
1271998412477665282
1271998556770119682
1271998574444732418
1271998855014264833
1271999713068355587
1272000076009914368
1272000167357624320
1272000814765178882
1272000930230099969
1272001131896549378
1272001899429007360
1272002031562166274
1272002179000385536
1272002505854128134
1272002756132458497
1272002865251463172
1272002884457107456
1272003199076110336
1272003444669321217
1272003866855342080
1272004000045563905
1272004273858109440
1272004659495014401
1272005220474683392
1272005410933878790
1272005485261213696
1272005924304105472
1272006347740057601
1272007805009100800
1272007895652225024
1272007909212381185
1272007932289462273
1272007979785740288
1272008020340420610
1272008240851750912
1272008395059539968
1272008762379960321
1272008803047944192
1272008894987096075
1272009091955798016
1272009704261091329
1272009853456826368
1272009884687413248
1272010524490752000
1272010727260327936
1272011278802968577
1272011436374372352
1272011571917619201
1272011888709242880
1272012426469310464
1272012906394193920
1272013375543939072
1272013400420188160
1272013485715660801
1272013828763549697
1272014123564400640
1272015360766640135
1272015802120785920
1272017189785292800
1272017309352316930
1272017324741210113
1272017599572987905
1272017682519461893
1272017918604296194
1272017946735452160
1272018062112370688
1272018390786494464
1272018650799751168
1272018702276399105
1272018961383776256
1272019163276599301
1272019246223167488
1272019278569619457
1272019684125179904
1272019729260126213
1272019778245480448
1272019925763325953
1272020408498348038
1272020486940172288
1272020680897449984
1272020714854457344
1272020998423019521
1272021767041822721
1272022180356915200
1272022696117915649
1272023324697276416
1272023511826137089
1272023518063009792
1272023712984956928
1272024046583119879
1272024353987874818
1272024660587294726
1272025175001792512
1272025662413590528
1272026621835345920
1272026663065284608
1272026761207914496
1272026990250536960
1272027014468427776
1272027985550258176
1272028391068381191
1272029114355068929
1272029577293058059
1272029849754963968
1272030140600590338
1272030172573839361
1272030189753716736
1272030988160425984
1272032208497319936
1272032441134460930
1272032529680404481
1272032771670781953
1272032953204342784
1272033158066626560
1272033880367861762
1272033959518535680
1272033996348755968
1272034103152517125
1272034179367219212
1272034470128951297
1272034938599157763
1272035152366010369
1272036109233590274
1272036158206365696
1272036178686963715
1272036320026808321
1272036453741219840
1272036493851312128
1272036507650531328
1272037011818512386
1272037083310444544
1272037496931733504
1272037794886680578
1272038232256065536
1272038429019328512
1272038444622061568
1272039277409513472
1272039315648819200
1272039875437625345
1272040051145412609
1272040064302878722
1272040145647218688
1272040287624364032
1272040572077948928
1272040852383244288
1272041030301466624
1272041031777890304
1272041063335813120
1272041504291336197
1272041531944448000
1272041820164255745
1272042347468132353
1272042350068535296
1272042381198721026
1272042384478687232
1272042774817378304
1272043892540612611
1272044421018800130
1272044911630614530
1272045089125208066
1272045272995151873
1272045382944665600
1272045817944313856
1272045893185929218
1272046095951171589
1272046283293954050
1272046439951224833
1272046684198100992
1272046724064989184
1272047345463590912
1272047362861604866
1272047591476387840
1272047891687890945
1272047972281389063
1272048061578125320
1272048068381335553
1272048103735115776
1272048482837319680
1272048541477806080
1272048898169856000
1272049244619386882
1272049445216059392
1272049491701571584
1272049648312647681
1272049656479059968
1272049715618742273
1272049997153030144
1272050291643314176
1272050336958685184
1272050380336246785
1272050420819640325
1272050439320731648
1272050485281906688
1272051096953987072
1272051462714114048
1272052177767239681
1272052280959827968
1272052370524995584
1272052881571676160
1272053264494755840
1272053965912326145
1272054714260246529
1272054890106368001
1272055144084013056
1272056157440479232
1272056248498700289
1272056395093983233
1272056424957390848
1272056455240310785
1272056470939590657
1272056484105519105
1272056606352687104
1272056606834950144
1272057101834207232
1272057165809737729
1272058027475165184
1272058532465164289
1272058757569224710
1272058887848505344
1272059033307013121
1272059398400212993
1272059665250160640
1272060054901010432
1272060181363535873
1272060426981904385
1272060713482309632
1272060724081127425
1272061009746972672
1272061064742604800
1272061173731659777
1272061229071314944
1272061441416351744
1272061761886269440
1272062282504318977
1272062673061109761
1272063027962171392
1272063391700525057
1272063497829048320
1272064043621195776
1272064655683473415
1272064689447501825
1272064778673012738
1272064902832836608
1272065363723812865
1272065487682371586
1272065518820884480
1272067191391862784
1272067335503953922
1272067916368711680
1272067931854143490
1272068206484615168
1272068246229966849
1272068538371641349
1272068554700054529
1272068564904747009
1272068585528180736
1272068598836662273
1272068662795649024
1272068728163725313
1272069019605090304
1272069187486330880
1272069593545179137
1272069804548120576
1272069839893471232
1272070292320419847
1272070710941417473
1272070979326443521
1272071026952765440
1272071617745690624
1272071754685583360
1272072075289731073
1272072227882774529
1272072629378220033
1272074865290416129
1272075425238351872
1272076470064742400
1272076681994473473
1272076968838692865
1272077233788801024
1272077513272037376
1272078194082971649
1272078214249304064
1272078231068241922
1272078344364756993
1272078368364802048
1272078825854308353
1272078832649068544
1272078957286813697
1272079208009928704
1272079236631638016
1272080085991002112
1272080215552995330
1272080827023716353
1272081043529641984
1272081486251012096
1272081650340507648
1272082525079429120
1272082810065555456
1272082887307931649
1272083207513681920
1272083247854477312
1272083643763212288
1272084717895024647
1272085366200246273
1272085790802264064
1272085807914835968
1272086329363517441
1272087150431924225
1272088124118773766
1272088552071979008
1272088932067483649
1272089710454804483
1272090024226537472
1272090055696363520
1272090460740300802
1272091663352180737
1272092254870650880
1272092818891300864
1272093223494746114
1272093600860405760
1272093892742131712
1272094044429090816
1272094064125644800
1272094071272747008
1272094512010141703
1272095276107534336
1272096159218257921
1272096396930420737
1272098055555215362
1272098429691482113
1272098490471063552
1272098499853717505
1272099850545479680
1272100273415168000
1272100605339852800
1272100629947863041
1272101584378441729
1272101706202054656
1272102184038137859
1272102578487246848
1272102583449067520
1272103013138776064
1272103659720105987
1272103687951917057
1272105024470937601
1272105246312009735
1272106252261380096
1272107082309910534
1272107247326433280
1272107322958139393
1272107503623516166
1272107908331982850
1272108036426018816
1272109542978080768
1272109606345596929
1272109890610384896
1272110250737401856
1272110631299186689
1272110932920078336
1272111106773975043
1272111141922246656
1272111331353772041
1272112110751879172
1272112391942279175
1272114033395728388
1272114131173244928
1272116437302345728
1272116448568250370
1272116648993067009
1272117078317830145
1272117102187630592
1272117571752546304
1272118310281379841
1272118314618294272
1272118972436144130
1272119086030426112
1272120684400041985
1272120931834646529
1272122265614893056
1272122347466698752
1272122998011703296
1272123212361580550
1272124730708037632
1272124972174053379
1272126142955294720
1272127062191542272
1272127139702280193
1272128915151024132
1272128992657780737
1272130449838616582
1272131163503636480
1272132352051994625
1272132384222216194
1272133034716860416
1272133360471748609
1272134915195363333
1272135343295418374
1272135579531165699
1272135687626797059
1272135730840719360
1272135881575587841
1272136127676383233
1272136232525615104
1272138749477097472
1272140156674420737
1272140642018299904
1272140891407429633
1272141841304113152
1272143251798216704
1272144687474843648
1272144882509979651
1272145199225901058
1272145305576726530
1272146415867871232
1272146789785894912
1272147028060094464
1272147805918965760
1272148107002855424
1272149073898987520
1272149322885455874
1272150035652915202
1272150723569029125
1272151622915768320
1272151832845078529
1272152295397081090
1272152368528883715
1272152764458598400
1272152847807889408
1272153251786436608
1272153721821171722
1272154720963039232
1272155451724095489
1272157150375108610
1272157199259877376
1272157963583664128
1272157977785577475
1272158635670544386
1272161420080287745
1272162871007469568
1272163513931386882
1272163738943057920
1272164743629934592
1272164769299136513
1272167105438396416
1272167223105335298
1272167306685231106
1272167451934023684
1272168014310408192
1272168432323252226
1272168647872708608
1272168738519953409
1272168982217478145
1272169531289583617
1272169973578940419
1272173451760017413
1272176205203156992
1272176890409889792
1272177784417390592
1272178072515641344
1272178736109142016
1272179703068196864
1272180157600747520
1272183942758772736
1272185278212591616
1272185856212774913
1272186341258821632
1272187787442302976
1272188234446012416
1272189535141552132
1272190272563273729
1272191813248573440
1272195520686026752
1272197216476827650
1272198001054842881
1272198056260308992
1272198075252170753
1272198115504857089
1272198133926236161
1272198412117704709
1272199555308761090
1272201946657697797
1272202334077059073
1272205024354074626
1272206750888996867
1272208820522160129
1272214491401523202
1272214626877521924
1272216674771578880
1272217004657782785
1272219107920875528
1272220830328643586
1272221267588980738
1272221310710542336
1272223306201083905
1272225785726803971
1272226772965343236
1272232078826967040
1272232767644938240
1272232906665197575
1272234324155420674
1272241999727468547
1272245760084660224
1272245857618886658
1272249266434641932
1272256658048192513
1272261714340429825
1272264386883792896
1272264822596435968
1272265423413809152
1272269594938478593
1272280620517986304
1272284261660401666
1272302185829801985
1272305153215991808
1272309010897743877
1272313097357836289
1272342008284282881
1272342239784689669
1272363954493423621
1272371355770642432
1272375727384678402
1272387726826930177
1272389378766143493
1272391622295203850
1272396031033053186
1272411655885017088
1272418070355730443
1272422438710714368
1272425112650821633
1272426051122192384
1272429205012140033
1272434735470518272
1272434865791733760
1272434900604456962
1272434916672901120
1272434933902999552
1272434946938937344
1272451624271777792
1272476501527736321
1272478447873462272
1272480517183676416
1272480526964789248
1272485626923933697
1272486981210198018
1272498117640888321
1272498162935177216
1272499774290264064
1272507776640659458
1272516299340615680
1272530687128752128
1272530719588388864
1272536946980642821
1272553596077453314
1272566805643624448
1272569570419752960
1272571985151787009
1272577474040299521
1272589610061836288
1272615812814319616
1272623180641980416
1272623568619110401
1272626632864530432
1272626833620709376
1272631751010127873
1272640651478401025
1272661701473775617
1272676083087933440
1272677137762250752
1272744841571696640
1272760994310348802
1272785750514376706
1272820226418257920
1272821757255311360
1272821770643550210
1272821782190477312
1272823914595565568
1272829850936651776
1272833817775157250
1272835604963868672
1272847201526583299
1272847213408985088
1272847224658067456
1272907594940796929
1273141158714236929
1273171018832662528
1273224539032477701
1273227287115300864
1273233878619209728
1273233896013017088
1273234171272613888
1273236572671037440
1273251271781335040
1273265473782779904
1273493706356797446
1273662009360424962
1273731160133296136
1273740198044667905
1273740321298567169
1273891957400571905
1273909916399554560
1273920498301382656
1274120568166592512
1274147356276150272
1274767412861251585
1274949263160758279
1274970367329697794
1275290883877941249
1275355974203846658
1275401436508164096
1275401454505922560
1275401465180426241
1277277412133408768
1279392714501611521
1280824282877067266
