id
1273768783623131136
1273775583462391808
1273777204640600067
1273782029520384007
1273782033001713664
1273782529603047425
1273782549521686531
1273791859844943877
1273797347923951621
1273800973035716614
1273800999287820289
1273801162978930689
1273801276111949825
1273801287751151623
1273801315538341888
1273802329209397253
1273806191672557568
1273807464975253504
1273807579530084352
1273812632806588416
1273813204100157440
1273815508505096192
1273817274449870848
1273821470460915713
1273822124436832257
1273824847790067713
1273825372845551616
1273826456359956480
1273827887850930176
1273827967588851712
1273828166986063879
1273829190731804677
1273829458688999425
1273829507166810112
1273829659940093952
1273830576311750656
1273831140097503233
1273831351930806272
1273831628842950659
1273832276380520449
1273832309662404608
1273833081183637510
1273833161617702912
1273833300856115200
1273833770530078721
1273833797029634048
1273833909323730945
1273834328322121728
1273835204076081152
1273835282304061440
1273835799268786176
1273836070879350789
1273836132745306113
1273836308503433216
1273836386748170241
1273836449264283649
1273836499998593024
1273836717322141696
1273837464101302274
1273837486217859074
1273837760605028358
1273838521904758786
1273838640188162050
1273839247741550593
1273839311985803265
1273839526201503744
1273839839004286976
1273840513989238784
1273841388141019136
1273841968267870210
1273842006159220736
1273842071414210562
1273842121192112128
1273842263890825216
1273842451841679365
1273842471244632064
1273842491813507073
1273842949676085248
1273843039203663872
1273843072460349440
1273843154270240768
1273843850977648640
1273843919789461504
1273843932049420288
1273844090543759362
1273844517934968832
1273844580677492738
1273844611136585733
1273844951152054272
1273845089534717958
1273845413511127041
1273846187611901952
1273846235087212544
1273846741616508929
1273847205221273600
1273847774891606016
1273847823570780160
1273848118224748544
1273848156032286720
1273848442843017217
1273848501445820416
1273848587013816320
1273848755025055744
1273849000521801729
1273849102984458241
1273849127940485121
1273849184765050886
1273849221427363840
1273849476898308102
1273849528584736768
1273849591109169152
1273849629478719489
1273849644049670144
1273850427809898497
1273850574900023297
1273851196512653312
1273851321888714757
1273852127719407616
1273852185269460993
1273852573141872640
1273852582902071296
1273853039795978241
1273853388279726086
1273853617397735424
1273853735119261701
1273853814840442887
1273853958205759488
1273854150133125122
1273854178511781888
1273854376537448448
1273854397932593153
1273854413006872577
1273854449224736768
1273854458083115011
1273854660080734208
1273854834068860928
1273855226190143488
1273855574762049536
1273855853079269376
1273856184710299652
1273856188682326017
1273856850488893441
1273856913650917377
1273857277095809024
1273857318887854080
1273857478971797504
1273857774984839168
1273857912411209733
1273858047719464960
1273858048696745985
1273858125620228096
1273858138794590210
1273858473164525569
1273858657252499456
1273859179464228864
1273859330811494401
1273859515528642560
1273860027753865216
1273860426544144384
1273860438615298048
1273860514368630785
1273860546434121729
1273860602138701827
1273860624884420613
1273861171783897088
1273861380886745089
1273861477380820992
1273861817878614017
1273861842666958848
1273862415235645442
1273862576867344384
1273863006007496706
1273863165718278145
1273863641587240961
1273863972769447936
1273864313665658880
1273865451827847168
1273865655356461057
1273865788366168064
1273866871784329216
1273867288173821953
1273867347246399488
1273867360676515841
1273867776835366913
1273867828848984065
1273867911711592448
1273867991235657729
1273868624411975681
1273869247693889537
1273869473544581120
1273869559230054400
1273869617950318592
1273869777417711616
1273869888029954048
1273870104103616513
1273870279043932160
1273870874287001601
1273871033905426432
1273871128600158208
1273871147453624320
1273871341092057088
1273871781187801088
1273871810447257605
1273871897000894464
1273872288908222464
1273872413286072320
1273873090775113729
1273873148220338176
1273873159876341761
1273873448364920834
1273873510662909953
1273873839701753857
1273873979682328577
1273874216732024832
1273875226053554176
1273875328725921793
1273875846412087296
1273875877756010496
1273875958655827969
1273875981363789826
1273876008039378944
1273876709046132742
1273877202472484864
1273877298895339520
1273877323956121602
1273877334664372231
1273877353605804032
1273877440939491333
1273877541233795074
1273877661715136514
1273877903235854336
1273878145150705664
1273878250641489920
1273878416488640518
1273878435006382081
1273878504132825090
1273878654095814656
1273878701353074688
1273878908438482945
1273879031096754176
1273879150915399680
1273879223376195584
1273879483683164161
1273879539425447937
1273879560455516160
1273880415833657345
1273880494632042496
1273880966273130496
1273881051048194048
1273881220980584449
1273881367135256576
1273881395417550848
1273881777925492738
1273882404239880192
1273882756720680960
1273883030268948480
1273883382980771840
1273883577290285057
1273883883231227904
1273883967754821633
1273884547285946368
1273884775909130240
1273885350910451712
1273885599183716352
1273886162151714816
1273886520458514433
1273886805406908416
1273887036466962434
1273887109871476737
1273887219825213443
1273887462071377920
1273887744893292544
1273887772273606664
1273887811029123076
1273888074041196544
1273888373229473792
1273888648967131136
1273888763991728128
1273890023885209601
1273890390886809605
1273890583845769216
1273891111585615872
1273892256685178880
1273892651717312513
1273893313649803265
1273893339935449088
1273893520357707781
1273893598640181249
1273893743930867712
1273894131325194241
1273894146764390401
1273894303824334849
1273894311399239682
1273894372535267330
1273894486331084801
1273894860790038529
1273894875860262917
1273895248146685954
1273895620093399040
1273895709968908288
1273895836796190721
1273895907856171008
1273895985920577541
1273896256503504901
1273896392289857537
1273896502855741440
1273896684586766342
1273896792925618177
1273896882042011648
1273897009381023745
1273897045980524544
1273897220035817472
1273897426768846848
1273898081566756864
1273898203784663040
1273898845672480769
1273899005634895872
1273899499149287424
1273899634860199939
1273899676492800000
1273900024687218688
1273900252584644608
1273900535339536386
1273900872012115970
1273901150056714244
1273901671945568257
1273901924576788480
1273902218589155330
1273902692646006784
1273903146784284672
1273903221787017216
1273903370277752832
1273903440104570881
1273904365183655936
1273905393639591938
1273905731373277184
1273905766311886848
1273906695819931649
1273907009788788736
1273907105267924992
1273907391705296897
1273907585200971777
1273907754995003392
1273908327848820737
1273908418030505987
1273908444404371457
1273908593226645505
1273908945820585984
1273909170060681216
1273909193402200065
1273909256522215424
1273909305872470016
1273909522143350784
1273909586211360768
1273909717006454794
1273909954810990594
1273910204904755201
1273910210218717184
1273910233987985408
1273910288404930563
1273910338942119936
1273910378318237696
1273910556836102144
1273910818749452289
1273910839414788101
1273910841625149441
1273910997984698370
1273911011079315456
1273911122010275840
1273911130331766785
1273911247944196097
1273911280252919808
1273911476877549568
1273911679206776833
1273911698664181760
1273911700501250049
1273911780906020865
1273911899495727105
1273912060225732611
1273912545104072704
1273912733835186176
1273912906778841088
1273912943076311040
1273912983924682757
1273912984650293249
1273913059904454657
1273913250493718528
1273913277559508994
1273913381330792448
1273913442722816009
1273913462738096128
1273913495457796096
1273913684927152129
1273913832285581312
1273913872022482944
1273913919682359296
1273914214206275585
1273914399183470592
1273914440547778563
1273914464874659842
1273914691237089281
1273914701601280003
1273914775970312192
1273914814700683264
1273915071505354752
1273915385855774720
1273915587434090498
1273915796159332354
1273915799304941568
1273915837343305731
1273915851918491653
1273915889100808193
1273916040024674304
1273916177975296000
1273916265535602688
1273916272791695360
1273916273152479232
1273916337895755780
1273916347039264768
1273916481940717569
1273917100155756544
1273917107504324609
1273917194414456832
1273917200961863683
1273917306058481666
1273917332042244097
1273917437013090305
1273917728265560070
1273917821542715399
1273917960298483713
1273918107569008640
1273918111759114240
1273918144210485252
1273918196534427648
1273918400297758721
1273918438893932544
1273918530061123585
1273918666690768897
1273918686445793280
1273918858513002496
1273918985839546368
1273919028130701313
1273919308356366336
1273919310428360704
1273919562707329024
1273919626917838848
1273919635809873923
1273919746271035393
1273919776885178374
1273919841007591425
1273920016161832960
1273920150186659842
1273920326716534784
1273920400272097281
1273920589875593216
1273920707915853825
1273920769526050817
1273920891043426304
1273921403205582848
1273921407328694278
1273921548953534465
1273921567249006592
1273921842621882371
1273922110201700353
1273922118951022596
1273922231928791041
1273922412728459264
1273922701959335936
1273923469001056263
1273923562538237952
1273923637167489024
1273923830600339456
1273924026180796418
1273924411402452993
1273924650033168384
1273924845596745728
1273925112614486017
1273925307888816128
1273925464294391809
1273925617268822018
1273925638274060289
1273925774672900096
1273926082669010944
1273926478070251520
1273927067478880262
1273927083488665607
1273927086009454592
1273927425471193090
1273927466403463173
1273927524234510336
1273927529003433984
1273927563576999936
1273927899993735174
1273927929312022529
1273927967262064640
1273928146807472128
1273928251035934720
1273928278542254083
1273928552141000704
1273928682780987392
1273928898250715137
1273928902709334016
1273929051640602626
1273929067440541696
1273929483972685824
1273929851729297410
1273930121162838016
1273930127899058176
1273930142210043905
1273930159570255875
1273930246971162624
1273930319989747717
1273930328193859584
1273930529050701827
1273930543088963584
1273930601763164161
1273930612047560710
1273930613523771393
1273930690430513155
1273930707337961474
1273930760064397312
1273931281982685184
1273931482986434562
1273931733663186945
1273931772183678976
1273931904983748611
1273931979080302594
1273932003537231873
1273932138912591878
1273932289496567814
1273932356500545537
1273932433730265088
1273932773678596096
1273932833241866240
1273932841483632640
1273933131624730625
1273933262692462594
1273933303687626753
1273933410013261825
1273933483883233282
1273933546382491653
1273933579869925383
1273933821289865216
1273933995127058432
1273934004429959168
1273934181605801984
1273934301483147264
1273934505796083712
1273934535013609474
1273934972387237889
1273934980868190211
1273935248015925248
1273935556309913601
1273935784249364482
1273935830592208896
1273935848615092230
1273936192774582272
1273936278665527299
1273936572581326849
1273936613018603520
1273936621386313729
1273936866790780931
1273936927696261122
1273936943185833986
1273937078032773120
1273937088300437507
1273937113814372352
1273937399555526656
1273937468459450368
1273937820105748480
1273937926796251138
1273937937151950848
1273938101535232000
1273938194229350403
1273938448701947906
1273938468377432064
1273938950697160704
1273938975368130563
1273939011036483585
1273939026081447936
1273939084445089794
1273939086135328770
1273939103520821248
1273939114128052224
1273939177579712512
1273939397398929412
1273939806251290624
1273940400269598722
1273940681409642501
1273940769221509120
1273941325327618051
1273941517841899520
1273941666144178176
1273942042264178694
1273942149902610432
1273942885763874817
1273943180438843399
1273943218086969346
1273943497301688321
1273943527056117762
1273943873354678274
1273943940971053057
1273943986319884288
1273944656141791232
1273944904612360199
1273944967183044608
1273945125463437313
1273945641782312961
1273946099561172992
1273946226359177218
1273946422933585920
1273946610553233414
1273946650906632193
1273947094747885569
1273947221101350913
1273947547007156226
1273947583698722820
1273947988398952449
1273948053892931590
1273948274718683137
1273948453782126594
1273948747458846720
1273949106721959938
1273949132353404930
1273949406228877314
1273949493231333379
1273949582330920961
1273950029204635648
1273950308226478082
1273950718181900288
1273951168797061121
1273951222001795073
1273951367854469126
1273951413903777797
1273951577296994305
1273952039664582661
1273952128336195585
1273952632005185536
1273952652221693953
1273953186622119937
1273953387218898950
1273953495125721089
1273953505594822656
1273953580517658624
1273953599798874112
1273953766191104000
1273953981140815872
1273954094294712321
1273954857255346178
1273955221614612480
1273955536086712322
1273955664046567424
1273956355163017218
1273956445353119744
1273956467880706050
1273956491633049601
1273956586051026944
1273956760584404992
1273957070585376772
1273957832019320833
1273957881490968577
1273958025452310533
1273958135703707648
1273958385520709633
1273958495407276033
1273958999772278784
1273959043460104197
1273959520201519104
1273960027536027648
1273960062546071552
1273960088705826818
1273960235036741636
1273960242703937536
1273960444995293191
1273960463492145154
1273960584157904896
1273960585584050176
1273960903449481216
1273961055832756224
1273961085255720960
1273961097717039104
1273961128851238912
1273961285022089217
1273961494573694976
1273961525510909956
1273961644830470144
1273961709817024514
1273961889031020544
1273962295358558209
1273962584656445440
1273964984767307778
1273965335801192448
1273966125152440320
1273966291590754305
1273966639348924417
1273967012327366657
1273967114190295041
1273967242624057344
1273967800655196162
1273968043660423168
1273968181468696578
1273969718588817408
1273969955365683200
1273969961866846208
1273970616861896706
1273970681101914112
1273970829852901377
1273970892805111809
1273970903425187841
1273970952368513024
1273971030168608769
1273971361057251328
1273971819888992258
1273971869251710977
1273972353790246912
1273972494588874752
1273972668379865088
1273972737954832388
1273973560529338369
1273973609082638340
1273974167252148230
1273974198701039618
1273974328699293700
1273974440418828288
1273974662532399104
1273975096068255747
1273975635371864065
1273975662974570506
1273975730112790528
1273975998414041088
1273976032597590016
1273976097546424321
1273976272583098368
1273976371199475714
1273976474471731200
1273976807352668160
1273976840395390977
1273976981319831552
1273976997102981120
1273977026030993408
1273977035082301440
1273977258307284992
1273977469951971328
1273977744473427969
1273978155099979782
1273978350101553154
1273978517198450690
1273978584982585345
1273978762485514241
1273978822837317632
1273978847650877440
1273978870459490304
1273979011610312704
1273979245686149120
1273979251721678848
1273979303399587840
1273979432101990403
1273979878447210497
1273979924538363904
1273979956008308749
1273979979655712771
1273980308493402112
1273980439020089345
1273980587989237761
1273980598261092352
1273981374891003907
1273981380943282176
1273981419291803651
1273981804664573957
1273982184660119553
1273982398565421056
1273982490236125184
1273982994160721920
1273983086150258691
1273983190898741248
1273983394968453120
1273984004543451138
1273985948309741569
1273986131034595329
1273986172914561029
1273986428679135232
1273986707151638533
1273988188881719301
1273988444335808513
1273989079722491907
1273989491498385408
1273989530757091338
1273990437183860737
1273990602250747904
1273990609569792002
1273990809168293892
1273991210588426241
1273991211456610306
1273991288099147777
1273991406860881921
1273991933451517965
1273992402760544256
1273992424784826369
1273992544096051200
1273992684026429444
1273992772719120384
1273993214555566082
1273993346277670915
1273993422819528704
1273993942497886210
1273994011909505024
1273994064044740615
1273994590740234245
1273994631693426689
1273994754406088704
1273995505224298496
1273995591819935744
1273995924893839362
1273995990933164034
1273996275483127809
1273996710973304834
1273997095352098817
1273997124225708033
1273997211450343424
1273997754646368258
1273998065406484481
1273998090366746624
1273998123703074819
1273998752307720192
1273998853214212097
1273999328521134085
1273999681123758081
1273999966529376256
1274000146687315968
1274000212328153088
1274000570060324866
1274000708858249217
1274000755188523009
1274000960684253184
1274000981894795265
1274001187889655808
1274001290809540610
1274001462125887488
1274001494921134081
1274002181109268480
1274002433895591937
1274002504355917825
1274002715308437507
1274002792995188736
1274003324312879110
1274003680807747585
1274003848076689409
1274003942221938689
1274005255420817409
1274005352481079296
1274005369459703810
1274005394180976640
1274005895870119936
1274005906447937536
1274006314272915457
1274006499661053957
1274006499837304832
1274006514437586951
1274006591965212675
1274006688400642050
1274006742456819712
1274006862841688067
1274006896740118530
1274006910493249537
1274007164718387204
1274007181063589888
1274007249380356097
1274007265339678721
1274007290417422337
1274007290786590720
1274007298638307328
1274007370134364161
1274007407711129601
1274007447523536897
1274007495204392961
1274007669326712832
1274007690092646402
1274007712385376261
1274007736959807488
1274007749320458240
1274007829578276870
1274008016577269760
1274008052128051200
1274008194776354816
1274008245162606595
1274008298451337217
1274008407650054145
1274008510339186689
1274008556199698432
1274008570770722816
1274008604392206336
1274008617079930883
1274008650496032777
1274008682959966209
1274008725049815045
1274008840229416961
1274008939437461504
1274009043338657795
1274009196699226115
1274009253032804352
1274009292333559810
1274009313279868931
1274009351481634817
1274009372847419393
1274009418779242497
1274009432263884800
1274009602443616260
1274009625289994241
1274009637516455937
1274009702876225541
1274009707246690306
1274009712208601089
1274009748405465088
1274009855918030848
1274009885882146816
1274009905922531329
1274009947848814600
1274009975782809602
1274010123132973065
1274010222818926593
1274010346446098432
1274010393845927938
1274010461730725890
1274010462481534976
1274010672553250816
1274010888756957184
1274011006818299908
1274011019455709184
1274011110514003968
1274011116084101123
1274011205506666497
1274011268224090112
1274011269197107200
1274011279171207169
1274011283441025024
1274011295558361090
1274011312637595648
1274011318643765248
1274011334196289537
1274011618985287680
1274011625419345920
1274011627428311042
1274011634634235904
1274011645753331712
1274011660664045571
1274011684668084233
1274011748043853830
1274011807196340235
1274011968823754754
1274012032958959616
1274012066291081219
1274012114882105351
1274012217147564033
1274012236714049537
1274012731012767744
1274012741917949952
1274012773073248259
1274012808477323264
1274012859614277633
1274013012656087048
1274013091265744897
1274013210585300992
1274013329565069314
1274013479767244801
1274013527066521601
1274013589867761666
1274013730804727809
1274013965190823936
1274014052965122048
1274014068014104576
1274014255197675526
1274014307261571074
1274014454666018816
1274014475901964294
1274014565530062849
1274014594185474049
1274014751350284290
1274014909064523781
1274014940186247168
1274015218365091840
1274015408731893766
1274015524771573760
1274015700638720001
1274015766728359937
1274015932256583680
1274015959662067718
1274016004637634564
1274016010283163650
1274016015261802496
1274016031388950528
1274016042591956995
1274016058341548032
1274016095586979840
1274016127216205826
1274016262646046722
1274016264315441152
1274016517672165378
1274016658999263233
1274016745288802304
1274016763244617729
1274016770739908608
1274016780466487298
1274016829057482753
1274016886016094208
1274016900637503489
1274016905121140736
1274016951245975553
1274017014114181121
1274017108414865408
1274017183723671554
1274017211934523393
1274017268498862081
1274017290443513858
1274017381757718531
1274017384936980480
1274017892711968768
1274018191107395584
1274018337778020354
1274018484138147841
1274018755799134210
1274018810631249920
1274018819741278210
1274018865626804224
1274018960707670021
1274018992542400512
1274019324697640960
1274019505530744832
1274019544995168257
1274019554574905345
1274019578000084992
1274019631628419074
1274019704324177923
1274019704668131328
1274019723957673985
1274019865704235011
1274020053508382723
1274020119967158274
1274020150526783491
1274020151583666177
1274020188430766081
1274020291828576257
1274020321658634242
1274020358417498114
1274020529972883461
1274020537828880393
1274020549413519362
1274020561807708160
1274020580711444480
1274020588940640256
1274020603205468161
1274020635736526850
1274020978595594240
1274021038356119555
1274021222523842561
1274021417546383361
1274021431865683972
1274021558776971265
1274021606768205829
1274021671289139206
1274021800582828032
1274021843532419078
1274022043864969217
1274022080825212931
1274022162207211522
1274022408949825538
1274022415039901698
1274022417736876033
1274022427505410051
1274022445276676098
1274022461483421696
1274022538281009153
1274022595004956672
1274022683869622272
1274022725007400966
1274022815788863488
1274022865302695937
1274023070391570434
1274023185080553473
1274023206156984320
1274023208119750656
1274023248431366151
1274023427544768513
1274023505726758913
1274023515084251136
1274023858136387584
1274024061765550082
1274024143403405312
1274024324178030592
1274024369602408449
1274024410723176448
1274024483234480128
1274024513869619207
1274024531791937536
1274024605582266371
1274024616839852033
1274024644975243264
1274025013344194561
1274025328172769280
1274025419386298369
1274025439267356677
1274025523367284747
1274025558037446659
1274025644364648448
1274025675654074370
1274025968026476548
1274025975446155264
1274025982660423685
1274025990700892160
1274025994458931200
1274026017221423106
1274026039690346497
1274026097533952000
1274026129817579520
1274026416187858946
1274026481077944323
1274026603182542848
1274026779250958336
1274026878869913600
1274027136819564545
1274027659295678476
1274027663880007680
1274027755814912002
1274028119347912705
1274028181142548481
1274028199169658887
1274028246405963776
1274028422776401920
1274028546885849088
1274028579362426882
1274028693288038400
1274028722442682370
1274028900667056129
1274029053176156162
1274029092892000258
1274029173292642304
1274029189331660805
1274029586247045120
1274029629993598977
1274029675216621574
1274029681038278657
1274029708703907841
1274029724847702018
1274030059041382403
1274030326046752770
1274030376176975874
1274030547715620864
1274030725684224001
1274030862754086913
1274031008082518021
1274031038776389633
1274031225884164097
1274031527219941378
1274031618194149376
1274031640323514369
1274031646854037505
1274031843730501632
1274031930271346688
1274032062840758272
1274032069295968256
1274032147041587200
1274032285344501764
1274032516966625280
1274032532875550723
1274032599040737280
1274032756188762113
1274032759208660993
1274032843178590215
1274032850384412674
1274032910585278470
1274033043691503616
1274033104634683395
1274033111442079744
1274033144052830209
1274033246804889605
1274033468385693696
1274033487545237505
1274033695230431232
1274033701647790090
1274033771264782338
1274033817041453056
1274033928609947648
1274033950449479681
1274034294755819522
1274034339865604096
1274034375919886337
1274034675200208898
1274034840334217217
1274034859787378688
1274034935532261382
1274035020391301120
1274035238361055237
1274035377314107399
1274035984699662336
1274036020808429568
1274036274366754817
1274036508371148800
1274036546652397568
1274036551069184000
1274036612603588608
1274036633906495489
1274036645918986246
1274036676323676160
1274036699904053248
1274036767818002432
1274036804623175682
1274036823686144001
1274036986962219009
1274037200095772673
1274037358816563200
1274037577406984192
1274037626731991040
1274037771787788288
1274037956819517440
1274038040999198721
1274038358054928389
1274038499033808896
1274038687404363777
1274038722917478401
1274038738134466567
1274038739447283713
1274039235356626945
1274039241027313667
1274039243782926336
1274039391355310088
1274039423303327748
1274039904016744450
1274040151082184709
1274040319110189058
1274040633062297600
1274040678771761154
1274040732282650624
1274040944996777988
1274041044531916800
1274041318155661318
1274041615401746435
1274041854200340481
1274041923196641280
1274041923448246272
1274042000023617536
1274042030709186560
1274042034941198336
1274042041857724416
1274042049059225605
1274042102356365315
1274042153103167488
1274042240101502976
1274042495710695424
1274042497199734784
1274042564786753536
1274042852952039424
1274042894454870017
1274042910779023361
1274043102198718465
1274043279865241600
1274043372563546113
1274044168457916422
1274044182575886336
1274044197608308740
1274044292189892609
1274044361466982400
1274044675956125699
1274044901261561857
1274045002163916802
1274045007943667712
1274045410802388998
1274045476971720706
1274045565643493382
1274045574841536512
1274045634203566086
1274045707696177157
1274045906581467138
1274046184621920257
1274046333515632640
1274046376633131010
1274046390583341056
1274046482837057536
1274046728879198216
1274046844218281984
1274047051555356672
1274047148645105664
1274047262084259841
1274047412957589504
1274047832790454273
1274047906362859520
1274047996959821846
1274048248278323200
1274048253042978817
1274048424971829249
1274048512993492993
1274048521969307648
1274048605427568640
1274048851020845059
1274049000971423749
1274049021821308930
1274049036123869184
1274049148669566976
1274049509799145473
1274049606121394176
1274049653827395589
1274049908496949250
1274049948250710017
1274050024113127428
1274050060196745218
1274050060549005312
1274050155210293249
1274050255542194184
1274050275670712321
1274050515656224770
1274050602423783424
1274050672812601347
1274050976102658050
1274050978812178435
1274051015982153728
1274051239320444938
1274051281837932545
1274051368907571203
1274051623623577602
1274052178462867457
1274052192916459526
1274052584542818305
1274052615408664577
1274052679925448704
1274052706810892294
1274053002773610496
1274053167551045633
1274053179366420480
1274053197540274178
1274053465514401792
1274053631059341316
1274053631944294404
1274053732892905472
1274053814182699008
1274054231079542784
1274054609913470976
1274054709154926599
1274055146507509762
1274055355207540736
1274055388472770565
1274055694422020102
1274056259482746880
1274056787931652096
1274056859276754944
1274056935969566721
1274056944601399298
1274057462069501953
1274057785844600832
1274057799727820800
1274057943760109570
1274057955588046848
1274058079483629572
1274058089747095552
1274058118499119106
1274058567495094272
1274058572985511937
1274058618116210688
1274058633052147712
1274058636915019777
1274058736827543556
1274058806369177603
1274058819786756096
1274058893287702529
1274058898287276033
1274059081150615558
1274059139887648773
1274059186368917505
1274059436726812672
1274059504775245824
1274059650460237824
1274059957084868610
1274060466625679363
1274061102838669312
1274061204999331840
1274061652720304128
1274061771607769098
1274061887022432257
1274062027762421761
1274062600456847361
1274062897052897281
1274063173189058560
1274063933847089153
1274064021155647489
1274064127586185221
1274065004040523776
1274065178649337856
1274065374095564800
1274065534070505473
1274065631227363329
1274065671828262915
1274065720767373313
1274065722960986118
1274065777541480448
1274065779080810496
1274066339246886913
1274066369194196994
1274066474152460288
1274066663906910208
1274066919654592513
1274067124466696192
1274067634644905985
1274067737824964609
1274067770926411778
1274067791340077060
1274068014724497408
1274068226721357824
1274068256521928706
1274068470838288387
1274069690223153152
1274070044528578568
1274070209301749760
1274070542006587395
1274070597048336391
1274070693219573763
1274071001630941184
1274071189716119552
1274071906623291393
1274072146709483520
1274072166460542981
1274073047398518784
1274073329536770049
1274073411355099136
1274073663810285569
1274073731627876352
1274074273951485953
1274074698733813761
1274074700155682816
1274074895228551168
1274074909694742528
1274075239715086338
1274075244593111046
1274075428169408514
1274075545261576193
1274075775772360706
1274076219340918786
1274076745042481155
1274076959589498886
1274077509999566850
1274077759871094784
1274077816804511746
1274078609968377859
1274079283250692096
1274079671219560448
1274080639860514817
1274081327634100225
1274081824935985158
1274081827473547264
1274082982597464064
1274084281225076737
1274084409709338624
1274085587805503489
1274086158402756614
1274086233896038405
1274086812374503431
1274086876941451264
1274086952417939456
1274087108274262016
1274087706637799425
1274088621285539846
1274088707730087939
1274089349295017984
1274089788786819073
1274089851453931520
1274091067458170880
1274091331778949126
1274092659347513345
1274092954664218624
1274093111078256642
1274093179030159360
1274093654127378434
1274094097582772226
1274095244989079552
1274097143972847617
1274097684346003457
1274098207040176129
1274099094600986632
1274100372366413824
1274100487529381890
1274104069049679874
1274105490985963528
1274105757223530504
1274106388487327744
1274106678116528129
1274107128186392578
1274107322084671490
1274108339773980672
1274108569877712896
1274109104760463360
1274109311560626178
1274109814323449857
1274110118800613382
1274110560402014209
1274112262211502097
1274113086258061317
1274114358843453441
1274114630026252288
1274116221760425996
1274118049382248455
1274118876108853250
1274120496632573952
1274120585187151874
1274120603847528448
1274120689054670849
1274120961529450497
1274121181235470336
1274121661240037379
1274123042311061504
1274123550635556866
1274124719931916293
1274125211718365185
1274125552782381056
1274125759079202817
1274126565400592384
1274127141848993792
1274127485970644995
1274128180006342656
1274128400697954312
1274128809764126720
1274129219321200647
1274130410910425089
1274130833029423104
1274134260807393280
1274136769693388802
1274136807714816001
1274139192986124290
1274142512320569345
1274142539931463680
1274142865476681729
1274144174812672000
1274145373184016390
1274149479265054722
1274150141751148544
1274151263119331330
1274152259274919936
1274152908221808640
1274153921301434368
1274154523192328198
1274156125005455365
1274156462885961729
1274156639336173571
1274156835042463744
1274157409137684481
1274157554822766592
1274158398196649985
1274161947131424768
1274163244173688832
1274164579501776897
1274165283738042369
1274166350714417152
1274166608878018560
1274166674623614976
1274168052867911682
1274168143578087430
1274169749384187904
1274170265321299968
1274170271268831234
1274170372699586561
1274171419694206977
1274172435051491329
1274173033280921604
1274174020141961217
1274174931367010304
1274174932990201856
1274175431177121792
1274175817162129408
1274176263142375427
1274176281920319489
1274178629241634816
1274179196064075776
1274180406661853184
1274181291362209793
1274184343221493762
1274184436939177985
1274184789663395842
1274185147659804672
1274185274013212673
1274186294122479616
1274186803042570245
1274187196019486721
1274187352886390789
1274187906714828800
1274189145141805056
1274189726984089601
1274190274210791429
1274190771965616130
1274191493234864129
1274191823972503553
1274193428876795905
1274194141010944006
1274194333021933569
1274194797641838599
1274194911273705472
1274197853896728576
1274197871693357056
1274198521399345152
1274199326785495040
1274199659087638530
1274200558144872448
1274200946688565248
1274201459819794432
1274202090026545152
1274202448987594753
1274202981429325824
1274204578481831938
1274205138450894848
1274205929450414081
1274206452937261056
1274207270990229504
1274208501485768704
1274208813487476738
1274209775488827392
1274209990207844353
1274210754447769600
1274210757987704833
1274210917123850240
1274210928872116225
1274212823544074241
1274215448473735169
1274215760819302407
1274216602532225024
1274216634476105728
1274216884515332097
1274217243161870338
1274217354252165122
1274217847791771650
1274218116470452229
1274218791082135552
1274218797386346497
1274219603393236993
1274220690833641472
1274221276547211264
1274222938477248512
1274223556172353536
1274223689085652992
1274223957760237568
1274224887683592193
1274226167017431040
1274226263629213696
1274226390729195520
1274226452846829568
1274226728160894976
1274227132206665729
1274228209979133953
1274228761215541248
1274230877611008001
1274230954731671554
1274231280960450560
1274232872140967936
1274235002457395200
1274236120444940288
1274236423722332161
1274236900266688512
1274237388143964162
1274237522261000192
1274237657208537088
1274238141851992064
1274239001428480000
1274239052368293890
1274239140989734912
1274239525070557184
1274239688816111618
1274239916709380096
1274240281324511232
1274240818518384641
1274240897358745606
1274243993694547969
1274245153985900545
1274245589207744512
1274245673395855361
1274245942598868992
1274246420816592896
1274247181130743809
1274249813689851911
1274250420618174467
1274252368922714113
1274253281997586433
1274253743840808966
1274254896880144384
1274260504421306369
1274260764543668225
1274263666796437506
1274263872757776384
1274270133234610176
1274272819837308928
1274276898252763136
1274277676350672897
1274278000205447168
1274284032310882306
1274286294991020033
1274287402421542912
1274287415054733313
1274287426240946178
1274287535452295168
1274287552737017856
1274287562065162240
1274290489118736384
1274291652493037573
1274292103766519813
1274292406100217856
1274294898821398528
1274295629968277504
1274295821115232258
1274296054909984770
1274299475239088129
1274300563979632640
1274302029268226050
1274302273376514049
1274308990516834306
1274309011492474880
1274310731673079808
1274314057865146368
1274314520887001094
1274316474052751361
1274318471011225600
1274320363934101506
1274321683126632448
1274322529625296897
1274326786797535232
1274333851628769284
1274336062048022528
1274336665151115264
1274337687294611457
1274337699135135750
1274357149309820929
1274365903367475200
1274369829038931969
1274369852631908361
1274373134553174021
1274374417888444417
1274379471043407874
1274386212661444611
1274387610157355010
1274387982481588224
1274390582438367232
1274397803855384576
1274397846423339013
1274401838398410753
1274414010553810952
1274442060574134272
1274446754344243205
1274456960352608258
1274456986701180931
1274481553788329984
1274489498253000709
1274489587134599170
1274576854813487104
1274595180503617537
1274595197876350976
1274595453519253505
1274620913800171520
1274636011247505408
1274639253893455872
1274639266690318337
1274641863023243266
1274641886586814464
1274728597958397953
1274729754638323714
1274730692019175424
1274730702257434625
1274733976817721352
1274733993645268992
1274915255416741888
1274987281863106561
1275016464282587138
1275092665340776448
1275127860026466304
1275143739942621185
1275476312090607619
1275702504425127943
1275702518278959107
1275736560705646595
1275767882417344516
1277609506000654336
1281498144421937153
