id
1268332981262921729
1268333112435621904
1268333454049107971
1268335400864690182
1268335504325566465
1268335872375693313
1268336034745647104
1268336038130462720
1268336439621754880
1268339317514145792
1268341693969051648
1268346732523294720
1268347277653000198
1268347586961956865
1268351131786280960
1268351251235983362
1268356152699629568
1268358875323011072
1268361579529039874
1268365027972648965
1268365874571796480
1268367274181787650
1268374145613664258
1268374795894378496
1268374936801902592
1268377669466501120
1268378201463689220
1268379053066784768
1268379991076679680
1268380067169816577
1268380128503005192
1268380382879195139
1268380834635153410
1268381695016947717
1268381891922735106
1268382234693730304
1268382577594978305
1268382867828203521
1268382951441653760
1268383029904519170
1268383040545476609
1268383042885816320
1268383049382793222
1268383362789621762
1268383581761605642
1268383788582817793
1268383915632443396
1268383997828177920
1268384008511139841
1268384190892040192
1268384568291348481
1268384983779086336
1268385540342263808
1268385722433712128
1268386007411539968
1268386350564356097
1268386370361479168
1268386380180328449
1268386655473451008
1268387128553213953
1268387706469523456
1268388006920171521
1268388198171934720
1268388330787549186
1268389206952497152
1268389653297737728
1268389778170490880
1268389813453033473
1268390034501230593
1268390755783135232
1268391521239199747
1268392003496284165
1268392160224858112
1268392593731223552
1268392657040130048
1268392922304655360
1268393018010341384
1268393180883562497
1268393540142403600
1268393728986820608
1268393743260045312
1268393796800217089
1268393859379269632
1268394072575807488
1268394077793509376
1268394086165286913
1268394192734208001
1268394367527632906
1268394519650861059
1268394590400385025
1268394876472786944
1268395093226110977
1268395130572152833
1268395287892156416
1268395320611950593
1268395693774946304
1268395744387633157
1268396101696139264
1268396575816024065
1268396684675072004
1268396808088231936
1268396862811365376
1268396971162812418
1268396972333051904
1268396995837931520
1268397295990644738
1268397650531008512
1268397729702690818
1268397876310421504
1268397967741984768
1268398364611182593
1268398374895734790
1268398541195694081
1268398784519778304
1268398862445789190
1268399101537853441
1268399360183844872
1268399397127290880
1268399429192749062
1268399554698895370
1268400287708073984
1268400519598522370
1268400621314617344
1268400787983609856
1268401244672049152
1268401713884651520
1268402234569756677
1268402243134386178
1268402795234951170
1268403119479758854
1268403351240269826
1268403361239519234
1268403625086328846
1268404274842742785
1268404386851467265
1268404672378912768
1268405647521046528
1268406008810024961
1268406108856758279
1268406171410538496
1268406340952694786
1268406599825215494
1268406613511192576
1268406822278500357
1268406962431184897
1268407121038671872
1268407130777718784
1268407168673480704
1268407329625706496
1268407361934364672
1268407404741505025
1268407490976321537
1268407584626741249
1268407849136291841
1268408103084662785
1268408121925480451
1268408152279695360
1268408176615006208
1268408307695456256
1268408613799956481
1268408633123053574
1268408654459555840
1268408967220387843
1268409054705090566
1268409091464011776
1268409125295263744
1268409144123330560
1268409197504483328
1268409264021950465
1268409376886448128
1268409381928022020
1268409421182443520
1268409576266874881
1268409662619222017
1268409899333160960
1268409937991958529
1268410170201292802
1268410508341886978
1268410626784792576
1268411040699645952
1268411314227068928
1268411465360388097
1268411623850553344
1268411681044135937
1268411732831211520
1268411734341177351
1268412419748925441
1268412733961252866
1268413127600803840
1268413268617580544
1268413369561858048
1268413429934669824
1268413541771436033
1268414005502189568
1268414218044354560
1268414223773839360
1268414260956352514
1268414426627158016
1268414501814239238
1268414616125743105
1268414888369696772
1268414909043429380
1268414977817411591
1268415009979334657
1268415015477968896
1268415190112108545
1268415313470775297
1268415490835316738
1268415496183058433
1268415558585847808
1268415627552841728
1268416024057122818
1268416119305580544
1268416199030910977
1268416414291046402
1268416449649000448
1268416977544065025
1268417047505051648
1268417048029339648
1268417083659956233
1268417227696504838
1268417372286746624
1268417401156182017
1268417477551276035
1268417676839354368
1268418012161376257
1268418178159456258
1268418382984069120
1268418416064544768
1268418428458668033
1268418473824186370
1268418477292953601
1268418535421890560
1268418559534915584
1268418628191428609
1268418634927550464
1268418711758802950
1268418824937889792
1268419141322539009
1268419269940961281
1268419366552588288
1268419419287498753
1268419424681365504
1268419668177494016
1268419912059572225
1268420131178328064
1268420189026213889
1268420266817925120
1268420360044765184
1268420438180474880
1268420453980307456
1268420521789702144
1268420689389916168
1268420842410717184
1268420859720540161
1268420869719818240
1268420923222302720
1268420925181046785
1268421152323579904
1268421329801355264
1268421333144219654
1268421365713043456
1268421518226272257
1268422229215244290
1268422229907214338
1268422229978537984
1268422231119585280
1268422357451976705
1268422517401714688
1268422550096416768
1268422935150309376
1268422953450045440
1268422991244902400
1268423081946763264
1268423101404110849
1268423154340450305
1268423479583543296
1268423550593105921
1268423860317229058
1268423914067243009
1268424002265104386
1268424669205606402
1268424707805757441
1268424908767465474
1268425122232381441
1268425268848472064
1268425275911606273
1268425425375629313
1268425490920017922
1268425880214388736
1268425925378572293
1268426038125699072
1268426086175641601
1268426103749820418
1268426141460766721
1268426224969359360
1268426275837956096
1268426392569614336
1268426606785245184
1268426636619382784
1268427011460075521
1268427012886102017
1268427137423495169
1268427464356880387
1268427516915654657
1268427613736972288
1268427632565276673
1268427633689268224
1268427802233065472
1268427898215706624
1268427914787381248
1268428151413235714
1268428182249787393
1268428282875252736
1268428303343529984
1268428430351175680
1268428505441763329
1268428655534931970
1268428770366627842
1268428777035567104
1268428799043153924
1268429118368092160
1268429135669575680
1268429273142046721
1268429285972480000
1268429411377971200
1268429484535042048
1268429861397368832
1268429879093198848
1268430004955865088
1268430154893795328
1268430643068833792
1268430701742952450
1268430750262706179
1268430817912553475
1268430840545062914
1268431684468453377
1268431703128842240
1268432102745399298
1268432139806298114
1268432256953171968
1268432626475511808
1268432734034317313
1268432788383989760
1268433011906928641
1268433013228154882
1268433062439854081
1268433084569042946
1268433160905392130
1268433313192194049
1268433500740497408
1268433906119966721
1268434077012701185
1268434141659480065
1268434192393789442
1268434218339708930
1268434407708413952
1268434648109064193
1268434688546390016
1268434726492266502
1268434737305182209
1268434767193804800
1268434820998234122
1268434863448821760
1268434919904206848
1268435023776055296
1268435027618127872
1268435052179972096
1268435116839383042
1268435124116389888
1268435318727901185
1268435501423394816
1268435558520565760
1268435686190804992
1268436090714800129
1268436182620352512
1268436333732790272
1268436508819652609
1268436528310579200
1268436540423909378
1268436572338360323
1268436730065141762
1268436833165357058
1268436860109455362
1268437007560302592
1268437051822784513
1268437201022582785
1268437207460741121
1268437256769089536
1268437329468731395
1268437329816940545
1268437357524590592
1268437710789894144
1268437778666262529
1268437915488718848
1268437945498906624
1268438163242000385
1268438237254692864
1268438397577768963
1268438531220832256
1268438671348453376
1268438750884966400
1268439008868270082
1268439682817429504
1268439760152006656
1268439897834225664
1268439929044054018
1268439960916541446
1268439965953818629
1268439988305305600
1268440083570581505
1268440086607208450
1268440097969573889
1268440166823342086
1268440198775480320
1268440234200633344
1268440282401570817
1268440361556480000
1268440369479458816
1268440454737035266
1268440537658527745
1268440880660328448
1268440946997370881
1268441157996105729
1268441399227297792
1268441416893595648
1268441481343270912
1268441536058011648
1268441560359845888
1268441654672965642
1268441794892750848
1268441862756589571
1268441886798286849
1268441984634703872
1268441989210652673
1268442018923061248
1268442078209507328
1268442082919821314
1268442146203480064
1268442149810561024
1268442200880418817
1268442269452992512
1268442282170241027
1268442463854891010
1268442514895355904
1268442771439960065
1268442829363216386
1268442925358333952
1268442992827867137
1268443037333696513
1268443065339072513
1268443073199181826
1268443145513111552
1268443298265473030
1268443693792612352
1268443724574588928
1268443885589716993
1268443925603405825
1268443947770265601
1268444090368221184
1268444154465603585
1268444170051563520
1268444279598432257
1268444321893814274
1268444570284691457
1268444936858415105
1268445041258901504
1268445105301737474
1268445170334339072
1268445348479094785
1268445354191728641
1268445498433835008
1268445572513640449
1268445706374844416
1268445749001564160
1268445777816420353
1268445820950581253
1268445899686060032
1268445945655635969
1268445947090042880
1268446011149750272
1268446136727031809
1268446216628699137
1268446226720096256
1268446248522190850
1268446360631738368
1268446377585016839
1268446418362150913
1268446420320870400
1268446559609540609
1268446673455513602
1268446726349819904
1268446762781437954
1268447018390872066
1268447042097078272
1268447311430127616
1268447320301060097
1268447461586108421
1268447794039226369
1268447883969335296
1268447899949637635
1268447920170299392
1268448076823498752
1268448108498898944
1268448195643871235
1268448223066275841
1268448343916793856
1268448473403269121
1268448611903459328
1268448616773046272
1268448708779290624
1268448754413297664
1268448823648624641
1268448994860191744
1268449157146202118
1268449263035592704
1268449342496497665
1268449381801496584
1268449818592063488
1268449911454007296
1268449927627186176
1268450089128861697
1268450131709513729
1268450145932382209
1268450156044865536
1268450227075366913
1268450319584935937
1268450498161541120
1268450501655437312
1268450525705654272
1268450814076616705
1268450840903327745
1268450862315290624
1268451022890024960
1268451044452962305
1268451192394350597
1268451273419997186
1268451414545588224
1268451431314489345
1268451688203108353
1268451691575357442
1268451751344115713
1268451982613909504
1268452076775968768
1268452183667888131
1268452265041559552
1268452429525286912
1268452514183118849
1268452528322236419
1268452535096016896
1268452536517898242
1268452569036337152
1268452837660528641
1268453133992316931
1268453357812953088
1268453412036894720
1268453427224416257
1268453653322641408
1268453690484174848
1268454290445697024
1268454352122937344
1268454679824019456
1268454944656560128
1268454994891755520
1268455105625559041
1268455114735521792
1268455341928439808
1268455384248975360
1268455390062227456
1268455443095064583
1268455563182190592
1268455568764780547
1268455590692610048
1268455721781342208
1268455744820609025
1268455817080078336
1268455992234315776
1268455997426860032
1268456150451847171
1268456244169277441
1268456312964292610
1268456688694317056
1268456704783646721
1268456744138801152
1268456759875776512
1268456998531665921
1268457017498390528
1268457113031974913
1268457179302035459
1268457238785667073
1268457350983286784
1268457408206114818
1268457601332850691
1268457815108194304
1268457847710453760
1268457898385997824
1268457912445423617
1268457929717567489
1268457949783035910
1268458182063591424
1268458183451987974
1268458213516640258
1268458230537236480
1268458269628076033
1268458423118635009
1268458541540618242
1268458546271866881
1268458600248348675
1268458699116498944
1268458706213064704
1268458897062461440
1268458944005013504
1268459086623932417
1268459154169004033
1268459294304976897
1268459349384597504
1268459439763394560
1268459445513789440
1268459512975036416
1268459711214559238
1268459715983523841
1268459730420277249
1268459968178651138
1268459977879908352
1268459988529418242
1268459992937611264
1268460108574490626
1268460114379407360
1268460142338748418
1268460194536787968
1268460279396020224
1268460284747943937
1268460459545378816
1268460536422785024
1268460587786305538
1268460663854313472
1268460667293642762
1268460679524241408
1268460747237064704
1268460794951409667
1268460840035979264
1268460924672905217
1268461066260041729
1268461104423997442
1268461129891827713
1268461158522146816
1268461197059403778
1268461327514730496
1268461346368126977
1268461364932214784
1268461511057555456
1268461544351903747
1268461577671507968
1268461609070071808
1268461626434498562
1268461849235918848
1268461927518306304
1268462083122827264
1268462095374442496
1268462176093831168
1268462192262893568
1268462201293209602
1268462230959525888
1268462319572582400
1268462320080076800
1268462323582328832
1268462398391943168
1268462415450079232
1268463257788039168
1268463371881455616
1268463526022127616
1268463614685523968
1268463796575703047
1268463908018360322
1268464015044460547
1268464055699857409
1268464149924896768
1268464274231492608
1268464325674467328
1268464345685655553
1268464351398318083
1268464411943059460
1268464678683971584
1268464765862633472
1268464889942683649
1268465069735718914
1268465113255882758
1268465184865222656
1268465330994774017
1268465381733261317
1268465583076630528
1268465591838531584
1268465657051561987
1268465691864305666
1268465753486954497
1268465799611789313
1268465815474618368
1268465856343916544
1268465856947851265
1268466079514460160
1268466122002751489
1268466154223407105
1268466158300278784
1268466319986495488
1268466392824774661
1268466408331120640
1268466419823493120
1268466459572867072
1268466471711191047
1268466496717631491
1268466528032296960
1268466541454032897
1268466610714611714
1268466664225542144
1268466689756151808
1268466715064745985
1268466736657031168
1268466998314446848
1268467030233145344
1268467203428552705
1268467226681761794
1268467248261406721
1268467306058964993
1268467377794101248
1268467531095748608
1268467691767107585
1268467960399740929
1268467966083039232
1268468054880632832
1268468101361946624
1268468211995066368
1268468263740223490
1268468331058794496
1268468342643441664
1268468418958761984
1268468736979329024
1268468933721497601
1268469098104717313
1268469218774847492
1268469468025499648
1268469469225136128
1268469648179290112
1268469744669208576
1268469820586164224
1268469978463965184
1268470044100624384
1268470276158820352
1268470283649847296
1268470321948090369
1268470451501752321
1268470472913686535
1268470474457198593
1268470501963378695
1268470576533905408
1268470587237765127
1268470664786305025
1268470742909403141
1268470923365167105
1268470991338057732
1268471031527866368
1268471080122974208
1268471127128637441
1268471190043140096
1268471197672538112
1268471235412967424
1268471285400702977
1268471319923916800
1268471356133380096
1268471434059317249
1268471486257528832
1268471489503932416
1268471492209258497
1268471527542005760
1268471694387286019
1268471762750242817
1268471781398130688
1268471876642357249
1268472218805243904
1268472340196798478
1268472496015187968
1268472533122191360
1268472534854504449
1268472573299494912
1268472706267320320
1268472814346162178
1268472911158968321
1268472919900008449
1268473095066714112
1268473269990105088
1268473299673198594
1268473366790447111
1268473504657276928
1268473512324476928
1268473561527791616
1268473920665063425
1268474022481874949
1268474133454692355
1268474140593254402
1268474148860432389
1268474155655147520
1268474177620672514
1268474247157911552
1268474316854906881
1268474418436718595
1268474596208128000
1268474722360209414
1268474756279476224
1268474772582785024
1268474813678604288
1268474829415604224
1268474861808205827
1268474910701236232
1268475030402469893
1268475249361895424
1268475320501522437
1268475349630885889
1268475565272698880
1268475594662084609
1268475707434446854
1268475984803659777
1268476531787149314
1268476691749523456
1268476819612872705
1268477059069816832
1268477067735293952
1268477186341822466
1268477234106564609
1268477341417775105
1268477426805493761
1268477692992794625
1268478261954318337
1268478324591992833
1268478471036194818
1268478745972703232
1268478769649594368
1268478948305973249
1268479109346349056
1268479118313652224
1268479152182702080
1268479240577650688
1268479351533768704
1268479465363050498
1268479496274968576
1268479806515097603
1268479885095419905
1268480033632501761
1268480220304154624
1268480534713438209
1268480542934282241
1268480591227498503
1268480718658772993
1268480755073724417
1268480761696567296
1268480824376164355
1268480867288129537
1268480884098961410
1268481032946319361
1268481042572345344
1268481195823771649
1268481372559204352
1268481679699648513
1268481684711841792
1268481692798459904
1268481727749636096
1268481944511229957
1268482054699847680
1268482098144391169
1268482114850258946
1268482185159479296
1268482209071206401
1268482215786266625
1268482298959278080
1268482428164849668
1268482578476138498
1268482627486523393
1268482663515598851
1268482670373351426
1268482684101238784
1268482685330165760
1268482729408069634
1268482730175737857
1268482939559477251
1268482950103994368
1268483015686135808
1268483019683307526
1268483254224551943
1268483561667153920
1268483762398138368
1268483781721296898
1268483892975153153
1268483904916402179
1268484152116023299
1268484320026677249
1268484382383316992
1268484523018391558
1268484574558007298
1268484694460583937
1268484702316507139
1268484737217241090
1268484910215553025
1268485126645854208
1268485133960609793
1268485353440186369
1268485444221763588
1268485555756687361
1268485591555080194
1268485598685388800
1268485752314355713
1268485893838589960
1268485914625531904
1268486121954201600
1268486343996452864
1268486401890193409
1268486407229779968
1268486448673632256
1268486519163158529
1268486639757807616
1268486850177630208
1268486870859755525
1268486906641334273
1268487056176668673
1268487136233357317
1268487691953475589
1268487883201097732
1268488080329248768
1268488096418541568
1268488164877963264
1268488168787054592
1268488376879104001
1268488562875432962
1268488586724327426
1268488663152963584
1268488669473669120
1268488746481127425
1268488788344541186
1268488872540999681
1268488894041010176
1268489076266713088
1268489112207622145
1268489149943857153
1268489210820005890
1268489363375239168
1268489415611092993
1268489455188480000
1268489460402053120
1268489500457664513
1268489521559228420
1268489552114716672
1268489594321936384
1268489602865774595
1268489663494397952
1268489866930683904
1268489905870712839
1268489918638104577
1268489966390214659
1268490001316302853
1268490003711213568
1268490005976154112
1268490027111153665
1268490050561544194
1268490058912464896
1268490093272215557
1268490210746269696
1268490224620929025
1268490249191280641
1268490275514703872
1268490384918839296
1268490466082918405
1268490479911555073
1268490684715225089
1268490699831496704
1268490734736474117
1268490798594744321
1268490808258375680
1268490810322010112
1268490823169200129
1268490832040034307
1268490983060185088
1268490993432702979
1268491055961378816
1268491109963108353
1268491149993562117
1268491264107909120
1268491287604404227
1268491345968103424
1268491600109371392
1268491792753872896
1268491814501261313
1268491863230681088
1268491950103179268
1268491982529273857
1268492056378462210
1268492118122795014
1268492163588984832
1268492202176655360
1268492285228040192
1268492292656173063
1268492297383161856
1268492321445892098
1268492488597176321
1268492583573086211
1268492708735320065
1268492710727618566
1268492799885918214
1268493059177709569
1268493059760799744
1268493067033759744
1268493071978827786
1268493089095798789
1268493107928195073
1268493119080841216
1268493269702451204
1268493324815646720
1268493439815073792
1268493495054016513
1268493545985409024
1268493567472926720
1268493569150640129
1268493605473267714
1268493659881771010
1268493689472647170
1268493699278831616
1268493742870233089
1268493756912799744
1268493829449175041
1268493867613069312
1268493887263453184
1268493904174878720
1268493926857674752
1268494004297105409
1268494012220157955
1268494026690396161
1268494087579217920
1268494098421424128
1268494196287119360
1268494323739439105
1268494384095465472
1268494585107484673
1268494656737873920
1268494706696056834
1268494854398660608
1268494953518432256
1268495224650825731
1268495514414317568
1268495657012277249
1268495705833902081
1268495708350529538
1268495942468190213
1268495976316186629
1268495993319849984
1268496107820199936
1268496139453706240
1268496208236105728
1268496271851085824
1268496288389234695
1268496468094136325
1268496563619463170
1268496636713582594
1268496733753016320
1268496752044380160
1268496786873888768
1268496826543505409
1268496865227653120
1268496919501905921
1268496971309948928
1268497101203308545
1268497160598945793
1268497195440971782
1268497308636889093
1268497380321767424
1268497388991401989
1268497422675828736
1268497427604148226
1268497485254799360
1268497533149601795
1268497563667369986
1268497591567777793
1268497613126582272
1268497621179645952
1268497640217620480
1268497687055421441
1268497723638022145
1268497730965405696
1268497843951669249
1268497869356634116
1268497905230450689
1268497939598659584
1268498055344664577
1268498077515763713
1268498107848892416
1268498360991916033
1268498384530399233
1268498459339956224
1268498473877372934
1268498494584651781
1268498532245348352
1268498575954186240
1268498578764451841
1268498605108801537
1268498634758402050
1268498655159488519
1268498665058045953
1268498681667428353
1268498693692538880
1268498719735001088
1268498726999461888
1268498746087702528
1268499092356857856
1268499105359245315
1268499113114570752
1268499114565697539
1268499157049913344
1268499169330827266
1268499174414303232
1268499235047198720
1268499258702991360
1268499378525831170
1268499446230327296
1268499489800798215
1268499493361770496
1268499654737567744
1268499924913717249
1268499936628420608
1268499959726460933
1268500002743222272
1268500178572623872
1268500179839258626
1268500202907983873
1268500221660626945
1268500279529365505
1268500307102883848
1268500350178398208
1268500374643761161
1268500411096485888
1268500545884565506
1268500575840337921
1268500652344389632
1268500682652475394
1268500750017204224
1268500806166286341
1268500819999166464
1268500882481692672
1268500884314640387
1268501101323616262
1268501128930623488
1268501277782278144
1268501345658683392
1268501366139432962
1268501379657748480
1268501799864066048
1268501876850425856
1268501904302264326
1268501998858653697
1268502019138035714
1268502037634965504
1268502186302025729
1268502386114428928
1268502608815230976
1268502638066315266
1268502827451760642
1268502833567014916
1268502880912375808
1268502896854917122
1268502927813025794
1268503110948880384
1268503111276081153
1268503154129342464
1268503375341027328
1268503397684084737
1268503515011387392
1268503531771887616
1268503550369443841
1268503775850958849
1268503821308829696
1268503992029655045
1268504006256742402
1268504047260258304
1268504075429122058
1268504118282379264
1268504272993386497
1268504433257787396
1268504544683704324
1268504592633024514
1268504892374683649
1268504894346067968
1268504896287973381
1268504897907032065
1268504899563782144
1268504906257883137
1268504907931410436
1268504909537828867
1268504911169425413
1268504912817729538
1268504914411556865
1268504915963531270
1268504917565734913
1268504919184678921
1268504920745009153
1268504922468880385
1268504924171710467
1268504925698482178
1268504933709557761
1268504935295049728
1268504936956022785
1268505144230064128
1268505209808080898
1268505398354620417
1268505762709622784
1268505773270806529
1268506009733083137
1268506014594236417
1268506016724983811
1268506041525964800
1268506062044434435
1268506101902958593
1268506124338302982
1268506301501526016
1268506379322626048
1268506428173680643
1268506612811083776
1268506618515410944
1268506680054161408
1268506696432967680
1268507053745754113
1268507207089471489
1268507211598376965
1268507258679373825
1268507431543484416
1268507483728994309
1268507643259293696
1268507952433987591
1268508087524130819
1268508146529701888
1268508274556624896
1268508291090481154
1268508327601897472
1268508356165152778
1268508439510167553
1268508448356007936
1268508613334773761
1268508673346867200
1268508687183884291
1268508690203672576
1268508704862765057
1268508713507262465
1268508811658235906
1268508815269527554
1268508877244465158
1268508917648232455
1268508937978023937
1268508967463944194
1268508974673993731
1268508983821774850
1268509022459699202
1268509048548319239
1268509121353048065
1268509205721473025
1268509324348919809
1268509353130278917
1268509501730193419
1268509560102440960
1268509567543017472
1268509675546427397
1268509739132096512
1268509744949534721
1268510213981822977
1268510215340732417
1268510405699276805
1268510590743523328
1268510635387686913
1268510690005966848
1268510705734561792
1268510772788854784
1268510799380860928
1268510847141322753
1268510876186873856
1268510925683908608
1268510952540045313
1268510999855972353
1268511033792040960
1268511126393729024
1268511223823372293
1268511250763440129
1268511281448980480
1268511415360524288
1268511443869106179
1268511502610444294
1268511579433250819
1268511630842834944
1268511654670721031
1268511681468084227
1268511697079320584
1268511840293838850
1268511856353820673
1268511864687820800
1268511928881688578
1268511980131962880
1268512035588968449
1268512111128457218
1268512229353291779
1268512261934657536
1268512285519200256
1268512299557453833
1268512304418750465
1268512322206793728
1268512412510171139
1268512470441869312
1268512543879938051
1268512545196949505
1268512593301385218
1268512719457660929
1268512726046978048
1268512782128996357
1268512970591608834
1268512981668814850
1268512999670767617
1268513085834383362
1268513086698409985
1268513116738015232
1268513157712093184
1268513232777510912
1268513346606768129
1268513392769318915
1268513474973499392
1268513578384011267
1268513598638379009
1268513637557317633
1268513673749958656
1268513705395978242
1268513745044754432
1268513750925152257
1268513832378535937
1268514101644406784
1268514120611123202
1268514154119397376
1268514291575148544
1268514384667725826
1268514411347685381
1268514477961510912
1268514500447272960
1268514504972947462
1268514505702727682
1268514535276720128
1268514560115462145
1268514579816026112
1268514714704887808
1268514793226416130
1268514811274571781
1268514822791892992
1268514858619809795
1268514907260989441
1268515022872940544
1268515086328619011
1268515096717910016
1268515199449026561
1268515228112863238
1268515237256474624
1268515237961052163
1268515256365715456
1268515303589363717
1268515342382440448
1268515347642146817
1268515410527375362
1268515435080802307
1268515442785759232
1268515460166955011
1268515580371447814
1268515731718668289
1268515836572119048
1268515870273306625
1268515918184939520
1268515971905605634
1268516165049090051
1268516238378119168
1268516246556901376
1268516426064834562
1268516450303696897
1268516499683184640
1268516512282918914
1268516696442179593
1268516821927448576
1268516858451329026
1268516890869194752
1268516989695332353
1268517000697057283
1268517053759135746
1268517112991100930
1268517203420291072
1268517595789037571
1268517715230277636
1268517754048589826
1268517880989130752
1268518011742367744
1268518048740388865
1268518416857653248
1268518439385169920
1268518465406742533
1268518530095419393
1268518545354297344
1268518723658436609
1268518729752752128
1268518785952210944
1268518814339268608
1268518938767437826
1268518941732806659
1268519168506298371
1268519279491780609
1268519291973963776
1268519357178675202
1268519399377571841
1268519432852320258
1268519504277102592
1268519558714982400
1268519619981123584
1268519658828599296
1268519758208606208
1268519800273281024
1268519859148730369
1268519987175620612
1268520076145242112
1268520166821957635
1268520170592575489
1268520194676326400
1268520250737397760
1268520272249991168
1268520389413605376
1268520630024052738
1268520645907714050
1268520879203520512
1268520914813140993
1268520937072320513
1268520956227706880
1268520983310336001
1268521009562505217
1268521050956009475
1268521070556037121
1268521084598595584
1268521092471238664
1268521236646318081
1268521563575500800
1268521661977948162
1268521724141662210
1268521727371481088
1268521774171533313
1268522158663315456
1268522209112457216
1268522266037334016
1268522289303375874
1268522303148695552
1268522311638024193
1268522400506839042
1268522419007954947
1268522463614377987
1268522486414610436
1268522572855083011
1268522867395833857
1268522918419607555
1268523108052488193
1268523378706702336
1268523500291207184
1268523772635684865
1268523878382481409
1268524252338311169
1268524363374047237
1268524470983184386
1268524486590070786
1268524767801495559
1268524771769290754
1268524830439231488
1268525135163805709
1268525612844670976
1268525724882829319
1268525760425406465
1268525840733798400
1268525987320471552
1268526016433094656
1268526085983145984
1268526261846118402
1268526372928008197
1268526377759911937
1268526664100843521
1268526668500566016
1268526768190824448
1268526855600123905
1268527002136559618
1268527020197191680
1268527204897624065
1268527247541055488
1268527259201286145
1268527434296672258
1268527504886829056
1268527550571184130
1268527611568930818
1268527636566900736
1268527659459522566
1268527731211452428
1268527755441967106
1268527795908546561
1268527802581688321
1268527819384029185
1268527902716542983
1268527927823663105
1268528049735286785
1268528119788511235
1268528277158801408
1268528472969883650
1268528478988591107
1268528513369477121
1268528530750660609
1268528576036569088
1268528767531704321
1268528809852243969
1268528866395635712
1268529065465651201
1268529111523381248
1268529316029227009
1268529534820929541
1268529583344812032
1268529585051885568
1268529712508407809
1268529718657265666
1268529781185712128
1268529821237358592
1268529906880831489
1268529965450121216
1268530244249694209
1268530308053336070
1268530493886210048
1268530520171909125
1268530576254013441
1268530623683203072
1268530646953197577
1268530676925706241
1268530723260112897
1268530748555964416
1268530903380303872
1268531020669890560
1268531034347450374
1268531094347014146
1268531112466362368
1268531170746171394
1268531172394577920
1268531188924383233
1268531382495653889
1268531425051107331
1268531440041504768
1268531461914857474
1268531543611518982
1268531589732077572
1268531604340834304
1268531671017697281
1268531685903282178
1268531700512051209
1268531713241735170
1268531760377233408
1268531791440285696
1268531863963959296
1268531934440947713
1268531934868705280
1268531972558725122
1268532239773597696
1268532258841014277
1268532290348634115
1268532381583114240
1268532439342878720
1268532494258798600
1268532496439873536
1268532546725429248
1268532570381340673
1268532753747902466
1268532827873738753
1268532870404018179
1268532952213925888
1268533017112383489
1268533139992952835
1268533186788802560
1268533279042547719
1268533381341614080
1268533450132328449
1268533513848000512
1268533514171043847
1268533728508293128
1268533730911682562
1268533745138589696
1268533856359022593
1268533934947741697
1268533939121127425
1268533942992416770
1268533965343854598
1268533969102032897
1268534109321809920
1268534116326260738
1268534139952783360
1268534161037578242
1268534210198896642
1268534291283181575
1268534339186417671
1268534403732516864
1268534418353917953
1268534580383846400
1268534586407092226
1268534655155920899
1268534694938849283
1268534759258546179
1268534814011002881
1268535014410653697
1268535021104758784
1268535048258666496
1268535059440635904
1268535068689121287
1268535115828920326
1268535133273030659
1268535236473823232
1268535269411770369
1268535271194275840
1268535500895371264
1268535579752443904
1268535658865451009
1268535774623956994
1268535803510247426
1268535825182138370
1268535935102312453
1268536006170628101
1268536141889908736
1268536234814722055
1268536440041943043
1268536477203529735
1268536482240684032
1268536487714439169
1268536520039895042
1268536608741040131
1268536654391844865
1268536828526723073
1268536831177523203
1268536977147801600
1268537012338003972
1268537118428717056
1268537243163074560
1268537300578959364
1268537431718072321
1268537788753948672
1268537830265040898
1268537895637389312
1268537902662922241
1268537910984310785
1268537949660078081
1268537989052973064
1268538029322448896
1268538199422439424
1268538208226287622
1268538249682837505
1268538361096085505
1268538374924746754
1268538558647803908
1268538625018511361
1268538788944531459
1268538848847462403
1268538923669696517
1268538974731206660
1268539124706926593
1268539163705585675
1268539199197765632
1268539219032657925
1268539227131830277
1268539256768729089
1268539348124872706
1268539378818826249
1268539461954146307
1268539644460883970
1268539777290305536
1268539848752857088
1268539890972741640
1268539969326460928
1268540073563303945
1268540145780875264
1268540177846239237
1268540388064874497
1268540487562072066
1268540511658422273
1268540567098712066
1268540621289074688
1268540622551552000
1268540634278891525
1268540791602982917
1268540792538349568
1268540871701643272
1268540881969262594
1268541018011467776
1268541099427205124
1268541157170085893
1268541161121230856
1268541224312623107
1268541271418777607
1268541277836128256
1268541283544555523
1268541362925944834
1268541364007993347
1268541365836820489
1268541569604505600
1268541589816848385
1268541634888769537
1268541790094835719
1268541812991504389
1268541815071952904
1268541873418887169
1268541899259985923
1268541899801059331
1268541942310285314
1268542026972377094
1268542049265082369
1268542076586733569
1268542144865845248
1268542221030219778
1268542354820128774
1268542422511951874
1268542481337106432
1268542620722216961
1268542872078475267
1268543032166510592
1268543049224851458
1268543140413267968
1268543169567825926
1268543183153254401
1268543218775478272
1268543262052290561
1268543289109745667
1268543320088875008
1268543710083584001
1268543835715616770
1268543851909853185
1268543872709378051
1268543885162287108
1268543891575365639
1268543952103317506
1268543998513348608
1268544011381493760
1268544061083922437
1268544066918199298
1268544149877338114
1268544260380426246
1268544275412901890
1268544372993294337
1268544381226758156
1268544554921328642
1268544724253773827
1268544796550930434
1268544981364617231
1268545020409401344
1268545042672689152
1268545133118701572
1268545185392340998
1268545267780988934
1268545337658167306
1268545355819466754
1268545511553933314
1268545541677309952
1268545568248340483
1268545581674303489
1268545686087315457
1268545717427228676
1268545726994415624
1268546062131826689
1268546202376830978
1268546478114517001
1268546504379314177
1268546734378139648
1268546939622170632
1268546950288281602
1268547086611623941
1268547192203214849
1268547484563001348
1268547500140646402
1268547541135736833
1268547547158716416
1268547980614918145
1268548042560614405
1268548088261681154
1268548129667907584
1268548166166724609
1268548209720397830
1268548241244729345
1268548260366635012
1268548272844689409
1268548474418745347
1268548527896100865
1268548558522810369
1268548578496167943
1268548739326775296
1268549131091488769
1268549152385961993
1268549197537710084
1268549206815498246
1268549285018288128
1268549760585281537
1268549968526299136
1268550122536947719
1268550129868570631
1268550182251253763
1268550254825259012
1268550282524463110
1268550334579949571
1268550343618695172
1268550515438297090
1268550622657249287
1268550690760261633
1268550745214910467
1268550769298624520
1268550857580261397
1268550885224914950
1268550949158694913
1268550955299229707
1268550996390744066
1268550999746232329
1268551122567995397
1268551132651143174
1268551196534542338
1268551306635075589
1268551368878501888
1268551383873138689
1268551384787492868
1268551388348514312
1268551449916702721
1268551517923139586
1268551583832387584
1268551600013967364
1268551605672173569
1268551665638047746
1268551908437917698
1268552009260679173
1268552016697180166
1268552071453777927
1268552122414612482
1268552212877377536
1268552232565461002
1268552265318699012
1268552281500327936
1268552295010140162
1268552306049646595
1268552322520678400
1268552437075492864
1268552492973019139
1268552521427095556
1268552656848551939
1268552704328171523
1268552913460383746
1268552926949187584
1268553067919785987
1268553118968619008
1268553222526054401
1268553238393077760
1268553402268749825
1268553416529383425
1268553627452551168
1268553667369734144
1268553690056720386
1268553697694449666
1268553778124468224
1268553818888904713
1268553865022095360
1268553896730992640
1268553947683438594
1268554010543390721
1268554057259651072
1268554062573768706
1268554083566260224
1268554095356530693
1268554108241403904
1268554116244090882
1268554159655182343
1268554200620961793
1268554257889886217
1268554301162622976
1268554485787504642
1268554519576748033
1268554596324179968
1268554612887498753
1268554671548923904
1268554710501425153
1268554790344314882
1268554801538875396
1268554804919402499
1268554890189643776
1268554901258407937
1268554910804606980
1268554937581125633
1268554941548900354
1268554967868157955
1268555073715687426
1268555110189334539
1268555194486394881
1268555219274776578
1268555281744760837
1268555443149946880
1268555473042759691
1268555521604431872
1268555633227370496
1268556186753937411
1268556364948934659
1268556375413731329
1268556459316518913
1268556634776899590
1268556651952574464
1268556849319682052
1268556866390556677
1268556893007609859
1268556954097590278
1268557048020635656
1268557075686338566
1268557232175710209
1268557255621951491
1268557256951582725
1268557365131051013
1268557436266393601
1268557508249083904
1268557522023124994
1268557570240888834
1268557612729204743
1268557691254910978
1268557694337720323
1268557705368698880
1268557713589575680
1268557744921022467
1268557767511547904
1268557843050958848
1268557912051499008
1268557970939486208
1268558034600689665
1268558125260591111
1268558152238354434
1268558163500032003
1268558177940971522
1268558196114894848
1268558196714680321
1268558197108899840
1268558268034670595
1268558360129032198
1268558370539220996
1268558396166299648
1268558449123692549
1268558468518162435
1268558509945368577
1268558579633655808
1268558607114739713
1268558630892306433
1268558649414254593
1268558660785123328
1268558677188976651
1268558755333132288
1268558756197138434
1268558815588474881
1268558820927778817
1268558839252738048
1268558844839497729
1268558930353033218
1268558957490122752
1268558983251492867
1268558997222764544
1268559016420151302
1268559025286807553
1268559041887981573
1268559069272510464
1268559086787923968
1268559102877335552
1268559165141770241
1268559190534086656
1268559261476491266
1268559295664263173
1268559357266010113
1268559425696120835
1268559462786310146
1268559576074522625
1268559604641923074
1268559661030092800
1268559680902762500
1268559681296969728
1268559694764871681
1268560021547298819
1268560103130750981
1268560149783986185
1268560178494017542
1268560213638070273
1268560216414707712
1268560310895554563
1268560349390934016
1268560459495596032
1268560476847386628
1268560541930459139
1268560575044423680
1268560597903454209
1268560860550762498
1268560915034669056
1268560915831627780
1268561253842198528
1268561282128654337
1268561336369364993
1268561396184170497
1268561439423377408
1268561484218499075
1268561485778780162
1268561488308035586
1268561647951626245
1268561693757620225
1268561818194190336
1268561867393454081
1268561950419664896
1268562033483620354
1268562079885283334
1268562151091863555
1268562153654685696
1268562221963063296
1268562235342893056
1268562306734096385
1268562307010961408
1268562327252668417
1268562350505852929
1268562367039889410
1268562408055943168
1268562430868819968
1268562456961585154
1268562486116012033
1268562590583738369
1268562592294998017
1268562638621085697
1268562650042171392
1268562699039969285
1268562776949129217
1268562799397044224
1268562824911093761
1268562849904951296
1268562945413349376
1268563006990008320
1268563103953956864
1268563124615069698
1268563167459803137
1268563250226114566
1268563267187806208
1268563355020779520
1268563368249606152
1268563379783950336
1268563420338626561
1268563452030791681
1268563723213553666
1268563917447585792
1268563919007879171
1268563926033235969
1268563992278114307
1268563999001661440
1268564048347639814
1268564105469853698
1268564132141334530
1268564218942537728
1268564306242789376
1268564456260452353
1268564487185014788
1268564499193311237
1268564504935366657
1268564650498691073
1268564678298525697
1268564752529346560
1268564767440097287
1268564847207350272
1268564851879751680
1268564855155568640
1268564929528946688
1268565055303553024
1268565077428449281
1268565116909477892
1268565139332100098
1268565262107885570
1268565480366903296
1268565610876846080
1268565647623159810
1268565676786094081
1268565732842930177
1268565855442526210
1268565900774514688
1268565938724577280
1268565998224973825
1268566044991344640
1268566076952064002
1268566382477787136
1268566432377458688
1268566436345196544
1268566472583979009
1268566555962626050
1268566566024515590
1268566607615442945
1268566628142387206
1268566646165319681
1268566681158324225
1268566804458340357
1268566872246628358
1268566931164053504
1268567033786109954
1268567145295884288
1268567231304212481
1268567278234279936
1268567311369175041
1268567429107638272
1268567435210358784
1268567441329790976
1268567577233633282
1268567592471592963
1268567619520659457
1268567668891811840
1268567688248545281
1268567750521360396
1268567773451517958
1268567809610731520
1268567824542453760
1268567844763119617
1268567953462767616
1268568141170442242
1268568208602210304
1268568252252327936
1268568273362333696
1268568318266441733
1268568370045243394
1268568450978516992
1268568458935119872
1268568460130488320
1268568511565238278
1268568600740278276
1268568745724780547
1268568756332224512
1268568765127630858
1268568788712202240
1268568804327657474
1268568821163536392
1268568856248881154
1268568893657931776
1268568894186442753
1268568937907830784
1268568964420046853
1268568972594683905
1268569121698074624
1268569148403126272
1268569182112710656
1268569206716534816
1268569688893722625
1268569727108087810
1268569778681262080
1268569786885292034
1268569892447555585
1268569894410489858
1268569935414013955
1268569985313583108
1268570001004511232
1268570056037994497
1268570122970595328
1268570140502888449
1268570144755900417
1268570231481475075
1268570271314784256
1268570317678678022
1268570422695669762
1268570450201915399
1268570458695315466
1268570551045558278
1268570581756252160
1268570685938565121
1268570780209688581
1268570843015270400
1268570926892961792
1268570937101897735
1268570953048621056
1268570954352988166
1268570956643143680
1268571000653918210
1268571029355614210
1268571271786311680
1268571274734964739
1268571356595175425
1268571370709037057
1268571472580272131
1268571524572872705
1268571524694507521
1268571559272361985
1268571572643790849
1268571601488003079
1268571849920831489
1268571868040171520
1268571912646598658
1268571941453037568
1268572062236520449
1268572070499299336
1268572149356417024
1268572172689330177
1268572291421659137
1268572551283912705
1268572568044396545
1268572649141284864
1268572774660005888
1268572897209171969
1268572919594090498
1268573091984277511
1268573094500798464
1268573224217894913
1268573228794085377
1268573348616962049
1268573379990302720
1268573413288837120
1268573477814046725
1268573763668451329
1268573779044839424
1268574001951051780
1268574158331535365
1268574267106570240
1268574275482587136
1268574297619984384
1268574366121459714
1268574374615023616
1268574505284272129
1268574559172689921
1268574604588703762
1268574651409727489
1268574802979311616
1268574812185772033
1268574813880287233
1268574816010977282
1268574817021759489
1268574854086897664
1268574977651073026
1268574979303636992
1268575001361473536
1268575095842312197
1268575111738806273
1268575265141280770
1268575372028846081
1268575474571268096
1268575488441749504
1268575607220248578
1268575616036724743
1268575643505221632
1268575691215376389
1268575795926249474
1268575827123412997
1268575950486323202
1268576175275769857
1268576198918991872
1268576213314002944
1268576242518962177
1268576253164105730
1268576446122991616
1268576632740216832
1268576681276604417
1268576784230109184
1268576870104281089
1268576908347879427
1268576927608180738
1268576958067195914
1268577027042533376
1268577051986010116
1268577146726998028
1268577230516518913
1268577236237647873
1268577261155950593
1268577290444816390
1268577315606446080
1268577440105889792
1268577496594857984
1268577700765151233
1268577708625334272
1268577736488075264
1268577869611106310
1268577921985372161
1268577973109764097
1268578040398991360
1268578153544380416
1268578156392267776
1268578191012237319
1268578216811401216
1268578247937318912
1268578283924393985
1268578423800283137
1268578461750353920
1268578478863065089
1268578494470111232
1268578512929206273
1268578524962717697
1268578573318795265
1268578623663063040
1268578820321415168
1268578853578031110
1268578915267874816
1268578981961502727
1268578986394869760
1268579040262225920
1268579306608959489
1268579323503665153
1268579353379643392
1268579380248403972
1268579480546742272
1268579521306886145
1268579533948665856
1268579748172705793
1268579791818670098
1268579796465979404
1268579872885968902
1268579876107423747
1268579884034654210
1268579899255619584
1268579941072941057
1268579941391753216
1268579973327212545
1268580069590675456
1268580337065566209
1268580357026308096
1268580380078211072
1268580382372397057
1268580551537184772
1268580688430804993
1268580736543662080
1268580787148001281
1268580809423892481
1268580873672232961
1268580904953397254
1268581006673686529
1268581062009147404
1268581120054042624
1268581143772909574
1268581167927885825
1268581234759938049
1268581368214290434
1268581570056683521
1268581578948653056
1268581598238212103
1268581612851269632
1268581699530756097
1268581829126356994
1268581851356160000
1268581872189296647
1268581914891423744
1268581928132894720
1268581954573737986
1268581988723810305
1268582029916082181
1268582120383025153
1268582151978713103
1268582333956755458
1268582379414749185
1268582426944704514
1268582441863741440
1268582461258301442
1268582645719609345
1268582654699601928
1268582929304817666
1268582953820487682
1268582986192216065
1268583042743926784
1268583161048506368
1268583241012953092
1268583315659001857
1268583404993425408
1268583477798207488
1268583627744477184
1268583657406595072
1268583762021027840
1268583778273955841
1268583843176632320
1268583907575857152
1268583920582430721
1268584128217309187
1268584135750307840
1268584152468725761
1268584188183273476
1268584192499212290
1268584218323488773
1268584326821818368
1268584556980047872
1268584570338893829
1268584621781942273
1268584653767704576
1268584684214247425
1268584685162160130
1268584784680423425
1268585001576206338
1268585065853878276
1268585090231263232
1268585157323341825
1268585165917491202
1268585210058117122
1268585257885929473
1268585330963353600
1268585411280076803
1268585429508468744
1268585432184492033
1268585582520827908
1268585708949770240
1268585770895527937
1268585776687861762
1268585849731584002
1268585900889583616
1268585902441463809
1268586008263745536
1268586011170308102
1268586081680842752
1268586209342824456
1268586276296568833
1268586276711739392
1268586330977517568
1268586346140127234
1268586419775246339
1268586421058711554
1268586500561735684
1268586519025061889
1268586552827023366
1268586558279598081
1268586560397758466
1268586566785609729
1268586693474627585
1268586717717704704
1268586739578396672
1268586822520668160
1268586970923642880
1268586991081357315
1268587014162722816
1268587029643825154
1268587068252393474
1268587156622147592
1268587203350929409
1268587216193966088
1268587265783214081
1268587352307499009
1268587357260873730
1268587357516828675
1268587394242150402
1268587416023109634
1268587439351836674
1268587499804377089
1268587545434128390
1268587626061279234
1268587645346762755
1268587678024585219
1268587678401990658
1268587721330692097
1268587730839252994
1268587774610997248
1268587922003025921
1268587942366281730
1268588097299677190
1268588216300552195
1268588324362481667
1268588326086479873
1268588439802392578
1268588452192358400
1268588469875625984
1268588490549342208
1268588529350737921
1268588564071297024
1268588651623198725
1268588672775073794
1268588710095925249
1268588721441591297
1268588769722216449
1268588779964694531
1268588795605258240
1268588846079520768
1268588855772565504
1268588907001774082
1268588917793619970
1268588940694630411
1268588999066693632
1268589095510519809
1268589106411470850
1268589114753982467
1268589155220697096
1268589165664448512
1268589211021688832
1268589283423719425
1268589341321854978
1268589382677729280
1268589417364688896
1268589691865042944
1268589709133058048
1268589728191954945
1268589747385049089
1268589960887767047
1268590253629231107
1268590293366038529
1268590298638229507
1268590351348109313
1268590439835348996
1268590505652174849
1268590596685520897
1268590641732366338
1268590674372366337
1268590701752856576
1268590723332542465
1268590754177388546
1268590769797029889
1268590773714538500
1268590814462181388
1268590898327281671
1268591011510587396
1268591026924662786
1268591067252822020
1268591236539191302
1268591340968869894
1268591362028568586
1268591403946344454
1268591520514543616
1268591561392226304
1268591778204192770
1268591954025156610
1268592025840082952
1268592072711376898
1268592265896906756
1268592294707499011
1268592331307040776
1268592348436578310
1268592535519330305
1268592549255577601
1268592552351076352
1268592570273333250
1268592604830150657
1268592666968838146
1268592667266433025
1268592793217372160
1268592881780080640
1268592960125505537
1268593030233313287
1268593136940519431
1268593282101239808
1268593344491511814
1268593374929522688
1268593381258801155
1268593391241232386
1268593518303424513
1268593525622521858
1268593567322247180
1268593646187819009
1268593647416729600
1268593691901353984
1268593729981612037
1268593798097010688
1268593838026829825
1268594077597130753
1268594107326349312
1268594157414645762
1268594189836697607
1268594225081462786
1268594319784644608
1268594499531476993
1268594580422889473
1268594639411519489
1268594686735855617
1268594804054728710
1268594831447732226
1268595083709997058
1268595094208122880
1268595441169506304
1268595502980923395
1268595642231861249
1268595643230097415
1268596228956344322
1268596244965994496
1268596567608627201
1268596602383589377
1268596718511276038
1268596722407792643
1268596787398524928
1268596825436704769
1268596957242687488
1268597212881268737
1268597280900362240
1268597511549313026
1268597596995584007
1268597608756514816
1268597626515197952
1268597670588952578
1268597690583134211
1268597691250028546
1268597695079383042
1268597852336504837
1268597954518155264
1268597977221935105
1268598078594056194
1268598088048001029
1268598100530204673
1268598174396055555
1268598221217173505
1268598267719430156
1268598330692698112
1268598337185480705
1268598342117974017
1268598551044673540
1268598572112646144
1268598767860809728
1268598772432543745
1268598786475032576
1268598809531219968
1268598813801005061
1268598832809611265
1268598953173549070
1268599143951470601
1268599218341588999
1268599244300181505
1268599281801482242
1268599329297764353
1268599368661303298
1268599477969043457
1268599645908996101
1268599686967017475
1268599691819786250
1268599791640023046
1268599815379865604
1268599868924334082
1268599913090334720
1268599948301479936
1268600019097133061
1268600026097467395
1268600026437169152
1268600038651039744
1268600113896792065
1268600186995191813
1268600229126955008
1268600237582700544
1268600388380430336
1268600518793887745
1268600721144000512
1268600837162631178
1268600839662440448
1268600857538572288
1268600915264770049
1268601048278675457
1268601099440840704
1268601109523959811
1268601148405166082
1268601287333023747
1268601304626184196
1268601323064352770
1268601366882193412
1268601395965579266
1268601401728516096
1268601455302397955
1268601485488726019
1268601656322768897
1268601668553379840
1268601672487616517
1268601719551922184
1268601742276677632
1268601828670943232
1268601843451596800
1268601887101726720
1268601913215500292
1268601945092231173
1268601968882339842
1268602009952956416
1268602010695327744
1268602153641414661
1268602204363030534
1268602273917214723
1268602296050597890
1268602393245241347
1268602446131146753
1268602595704213506
1268602672740958208
1268602714453241856
1268602750885146624
1268602766513102848
1268602775505641472
1268602842832678912
1268602868015267840
1268602926160916483
1268603004091015170
1268603109464576002
1268603284669038592
1268603384657043456
1268603422950985738
1268603446627913729
1268603533416370178
1268603614181888001
1268603620154540039
1268603641499435008
1268603654753472512
1268603725653868546
1268603781861781505
1268603880415379457
1268603912690565126
1268603978532691972
1268604020463144960
1268604046031630337
1268604071717584898
1268604129305378820
1268604204626710529
1268604220586053638
1268604234775302146
1268604256086642690
1268604418431291399
1268604592813740033
1268604611683930113
1268604632957366273
1268604808749031425
1268604935534411778
1268605057018331139
1268605152539394051
1268605187985375232
1268605268197343240
1268605299952439300
1268605301940523011
1268605329077649408
1268605330390503424
1268605414712709122
1268605436485341184
1268605519243153408
1268605535424741378
1268605659085508608
1268605674780590080
1268605685681586177
1268605728757030917
1268605735782346753
1268605772814069760
1268605835485368326
1268605903634391040
1268605912765419520
1268606015777497089
1268606051403870208
1268606053131988992
1268606205045477377
1268606268551450628
1268606284238065665
1268606297433391105
1268606305997950976
1268606316169367556
1268606381063618562
1268606412126633986
1268606428031393792
1268606594071367680
1268606702858969088
1268606723515965440
1268606757208821765
1268606883901956097
1268606951732084736
1268606995227172866
1268607128304001024
1268607156707885056
1268607198881443840
1268607245815775232
1268607293358309376
1268607322550648832
1268607421448060928
1268607520815427587
1268607524900659202
1268607560103460865
1268607606190456838
1268607679813091329
1268607870012096515
1268607919622205440
1268608060362088448
1268608116427497474
1268608146152607748
1268608183699771398
1268608201303482375
1268608575930355712
1268608712861679617
1268608718968483840
1268608788132741122
1268608810874277888
1268608837877186563
1268608839974219776
1268608864699613184
1268608919489871872
1268608938603397120
1268608979304886273
1268609093465448448
1268609183647137792
1268609285061316608
1268609428044967936
1268609495158177792
1268609699529797633
1268609736561303552
1268609970662146049
1268609976097964035
1268610049988980737
1268610155295338497
1268610258601197569
1268610267409195013
1268610354495533058
1268610925587828737
1268610932919480332
1268610951223238656
1268610960291495936
1268610966670974976
1268610979245391873
1268611006638575616
1268611012283871232
1268611063790084097
1268611091501740032
1268611123252801540
1268611133948264454
1268611141246373891
1268611151895592960
1268611165199970305
1268611398407467013
1268611398818582536
1268611419366469633
1268611438576316418
1268611444553252865
1268611458864218119
1268611477071630340
1268611618365046784
1268611639617572865
1268611813400170496
1268611971487690752
1268611977439404035
1268611987656847361
1268612107794173953
1268612172768108544
1268612228196052992
1268612377521483777
1268612416343994369
1268612451920154625
1268612662818029568
1268612741792751618
1268612785304489985
1268612859937927168
1268612877193117697
1268612903713685509
1268612923661922306
1268612989512413184
1268613090205188097
1268613251761352709
1268613430186921984
1268613454820184065
1268613482532032512
1268613506326163461
1268613517151617025
1268613551557656577
1268613586982785024
1268613596033900549
1268613681748860928
1268613735284793344
1268613827861442560
1268613968819609600
1268614071521140737
1268614106400997381
1268614246281052167
1268614429957951488
1268614437507788800
1268614891457310725
1268614908809113600
1268614909559889920
1268614934310486016
1268614934700503040
1268615128490151942
1268615169166303234
1268615226624106502
1268615335525019648
1268615367410069505
1268615448007815169
1268615458946572289
1268615482610814977
1268615581625839622
1268615608003751938
1268615656406052865
1268615717710032901
1268615723472961538
1268615755106381825
1268615824513744902
1268615937185505283
1268615973461831681
1268615999747735553
1268616019200770050
1268616108191383554
1268616136117104640
1268616307856949250
1268616372642177024
1268616393362046976
1268616612132732930
1268616670685196289
1268616947064664065
1268617129978245120
1268617153495748608
1268617271414362112
1268617359524106245
1268617396077465605
1268617480076816384
1268617514595975169
1268617627229810695
1268617802065129478
1268617902925606912
1268618002922008577
1268618059054374912
1268618270829150209
1268618326827130880
1268618361329446920
1268618451003641857
1268618598987165702
1268618615009378315
1268618646890266624
1268618653492105217
1268618655144611840
1268618683670130688
1268618713923678208
1268618732433051648
1268618896740777984
1268618916382650368
1268618946959126529
1268618947969945607
1268618955121324035
1268619057084813312
1268619061501415424
1268619128618643462
1268619142946451456
1268619249750163456
1268619270168039425
1268619279957540867
1268619313017049090
1268619373280780289
1268619389487570945
1268619505577504774
1268619516231073796
1268619516369461250
1268619741783982088
1268619791583059968
1268619837338599424
1268619943429328896
1268620032600272898
1268620095296806912
1268620111600136192
1268620129102790658
1268620182475309060
1268620223663480833
1268620349094031360
1268620410993569793
1268620438332035072
1268620499648745472
1268620512508309504
1268620604674134016
1268620953379987456
1268621055582629888
1268621112096645120
1268621266933575681
1268621403634491392
1268621451902414849
1268621455224270849
1268621519434870784
1268621645519994880
1268621676465606658
1268621676767399936
1268621688431919104
1268621716194045952
1268621794887393282
1268621800449007616
1268621826285924352
1268621838348955649
1268621980179165186
1268622096126504961
1268622105396097025
1268622149201260546
1268622153617829891
1268622258836291585
1268622275982454786
1268622429443821571
1268622562168172544
1268622619902959616
1268622623958634496
1268622626232111105
1268622678623019009
1268622689788280832
1268622760923631617
1268623089039863809
1268623105792098306
1268623181314617344
1268623263770578945
1268623431446257670
1268623447267172354
1268623588690735104
1268623694630457344
1268623748434984960
1268623941024833538
1268624144767152128
1268624274606129154
1268624308202422272
1268624325935915008
1268624341194981379
1268624359310196737
1268624419448111104
1268624423566946304
1268624459482660864
1268624578106056706
1268624687875141633
1268624788035121153
1268624846642184193
1268624865176805378
1268624873603190795
1268624997670629377
1268625011574784000
1268625071503036417
1268625083905564672
1268625102683414528
1268625235915374593
1268625359785910272
1268625422713061376
1268625469097861120
1268625590539685893
1268625648567943169
1268625670441259008
1268625743862550534
1268625839614300168
1268625856198512646
1268625860845805568
1268625890902192128
1268625901383794688
1268626108016136193
1268626146834382849
1268626146838679553
1268626157819265027
1268626198868955138
1268626204820676610
1268626218456408064
1268626360634916867
1268626437642358784
1268626592663851009
1268626671063703552
1268626689266978816
1268626700340006913
1268626796205006849
1268626863242518530
1268626917789503489
1268627051029975040
1268627112518451201
1268627131988410373
1268627141647839234
1268627245796601857
1268627359630065665
1268627379947266048
1268627542484946944
1268627563930411010
1268627719878848520
1268627878981373957
1268627923277352961
1268627961139343363
1268627987068575744
1268628155998371843
1268628293491752967
1268628383434452993
1268628425658585090
1268628577651744769
1268628624296591360
1268628628327276550
1268628649672146947
1268628672992415744
1268628694953795587
1268628733050662913
1268628756408795136
1268628757549584385
1268628867373322240
1268628888105738241
1268628952094060545
1268628984834686977
1268629074987167745
1268629100647899136
1268629226875387907
1268629257003118593
1268629304222650373
1268629330202107904
1268629395696164864
1268629458891784198
1268629489786982402
1268629503745699846
1268629539200040960
1268629590089641990
1268629606606798849
1268629626986934278
1268629706670252033
1268629779290492930
1268629787616182272
1268629823703986182
1268629858998984704
1268629928939044868
1268629935268208641
1268629937122131968
1268629964359942145
1268629989068546057
1268630034438389763
1268630256518397952
1268630332741423109
1268630366845374466
1268630574459224067
1268630703455043588
1268630839186690048
1268630841812553728
1268630962621100036
1268631268406820871
1268631295212556290
1268631377416724482
1268631501744164864
1268631534099214337
1268631545398558720
1268631548800180225
1268631574419038208
1268631601786871811
1268631648377151490
1268631665527721984
1268631688378286081
1268631689443643392
1268631694443261955
1268631756367855617
1268631824957407232
1268631975977517059
1268632004536475649
1268632046840225792
1268632060064935937
1268632060295548929
1268632074782748672
1268632078775615488
1268632092600082433
1268632132039127041
1268632134123651072
1268632189391994883
1268632231947522048
1268632252407308291
1268632287698202624
1268632345298550785
1268632412382285827
1268632567806398466
1268632631429738507
1268632662614446080
1268632668939395072
1268632679131615233
1268632731233157123
1268632759146348544
1268632773859913728
1268632832878010370
1268632877828366336
1268632942814932994
1268632948636614659
1268632967410266118
1268633099207925760
1268633130967105538
1268633560619134976
1268633634690478085
1268634306643144706
1268634404227817478
1268634424398286848
1268634488411762690
1268634507202224133
1268634651733700608
1268634721501798401
1268634820265029632
1268634821829550083
1268634962040958976
1268635062528102400
1268635074305699841
1268635097621807106
1268635132933668867
1268635206791180288
1268635328014741507
1268635343911358475
1268635423493943296
1268635432885067776
1268635545711841280
1268635608060252160
1268635617954598912
1268635644252901380
1268635647406944263
1268635655959203841
1268635671914217474
1268635713752518671
1268635774616027137
1268635796686372866
1268635797311434758
1268635894178873344
1268635922494631937
1268635971790295041
1268636263998988291
1268636286933401600
1268636361814310914
1268636524654088193
1268636658099982337
1268636707886374914
1268636732850921472
1268636740698464256
1268636755407835138
1268636835229597703
1268636846344585218
1268636882566631428
1268636901357035522
1268637056797945857
1268637089744261123
1268637142550564869
1268637167854800896
1268637268870418433
1268637688816680960
1268637714649436163
1268637767279562758
1268637795784052743
1268637818651398148
1268637919335657473
1268638031797510144
1268638070406029317
1268638120423100419
1268638130795667456
1268638253823021065
1268638267328663552
1268638308390916097
1268638318188736514
1268638408085327879
1268638440998014976
1268638449617289217
1268638489337384960
1268638491178655745
1268638557209604104
1268638563463311360
1268638583964995585
1268638635802406913
1268638692660436993
1268638721496285184
1268638727380832261
1268638769265160192
1268638797572591616
1268638838861299714
1268638919744204801
1268639030482272256
1268639076686729217
1268639104633319425
1268639161516425218
1268639386582859778
1268639537179308032
1268639714434863106
1268639885814108231
1268640029078966279
1268640072129294338
1268640301276696576
1268640306766983169
1268640335976116225
1268640431962820608
1268640721478864901
1268640755083628554
1268641018343276545
1268641019127648267
1268641216368988160
1268641286329978883
1268641323738959872
1268641363987435527
1268641410904928257
1268641425001979905
1268641443373031429
1268641629184970758
1268641740963172358
1268641821686747143
1268641895900762119
1268641951336849408
1268642001462923265
1268642315247239168
1268642358507253762
1268642460164657153
1268642605669273608
1268642984452657152
1268643121866383361
1268643179567382534
1268643224547180544
1268643302049566721
1268643336304365568
1268643418433077252
1268643611199057923
1268643645747613697
1268643679755030530
1268643692543442944
1268643935557124099
1268643994176827394
1268644006038310916
1268644013344804866
1268644096584962051
1268644131863253018
1268644221285777412
1268644329473617920
1268644355922972675
1268644397148766209
1268644445215510528
1268644704016642054
1268644753882648578
1268644829883498496
1268644965061722112
1268644976461742080
1268645041104474113
1268645162009399297
1268645414124822538
1268645449273167874
1268645548753653766
1268645617259237377
1268645701048848384
1268646013826412544
1268646043559899136
1268646155895934976
1268646175919439872
1268646289354502144
1268646502018277377
1268646571069104130
1268646613918023680
1268646673984733185
1268646807166496770
1268646809066487810
1268646910723850240
1268646964834508801
1268646973034377217
1268646987328638977
1268646993984983041
1268647000238624768
1268647024112566272
1268647269668093952
1268647298151649287
1268647415034327040
1268647510316376066
1268647863543791622
1268647863640363008
1268647934104612864
1268648230100877323
1268648311692591110
1268648397122293767
1268648415292002304
1268648616958332928
1268648723720146949
1268648723887779841
1268648724147945478
1268648828787470337
1268648885049794574
1268648977374654465
1268649020899168257
1268649103933747200
1268649258875588609
1268649381651193860
1268649470474027009
1268649508017184768
1268649590913470465
1268649705346674694
1268649871323561991
1268650407208914944
1268650415274549255
1268650566953111560
1268650702219423745
1268650704681435138
1268650777360375808
1268650818854621184
1268650826853158913
1268650896306601984
1268651018939744256
1268651079249657856
1268651236749914112
1268651283101233152
1268651700950372354
1268651756101214215
1268651782160474113
1268651927778340864
1268652116610080768
1268652128190545920
1268652261787435008
1268652333543624706
1268652517715521537
1268652559323009025
1268652614406766596
1268652705586778113
1268652902803013632
1268653467570143233
1268653868956766210
1268653884802838529
1268654047755669509
1268654160242761729
1268654729745367046
1268654759407427592
1268654956862754827
1268655054061535234
1268655123657523200
1268655304671199234
1268655436728881153
1268656169897398274
1268656194903838724
1268656252294516743
1268656260473380871
1268656277149880322
1268656358213246978
1268656492435079176
1268656530175528961
1268656700573319169
1268657926111141888
1268658170248994817
1268658204826894336
1268658238175748100
1268658388591837186
1268658445068140546
1268658495999684609
1268658722613669896
1268658733774757893
1268659266082222083
1268659282272235523
1268659302438502400
1268659326178164737
1268659371447398418
1268659443358670849
1268659495967875078
1268659527987138561
1268659600137519104
1268659762088026112
1268659805352312833
1268659845730885648
1268659882103889923
1268659926152470531
1268660509194301440
1268660980344598533
1268661036326039552
1268661564430856192
1268661683414863880
1268661899694157827
1268662037741273091
1268662058956083202
1268662087259164672
1268662231820099587
1268663167577722880
1268663957188947968
1268664304661864452
1268664887116550146
1268665169024110603
1268665179056812032
1268665181552414723
1268665316541939712
1268665527154728961
1268665535539097603
1268665690355044355
1268665814263177216
1268665964276711429
1268666204782239745
1268666335732600832
1268666506881179653
1268666527718531080
1268667192599556107
1268667269082734593
1268667299822698500
1268667311042572288
1268667599195385858
1268667689473622017
1268668237262336000
1268668481765072896
1268669192263393281
1268669968054464514
1268670133326807042
1268670589738287104
1268670933490950149
1268671139737473026
1268671434148192261
1268671836319092743
1268671997841739777
1268672574638231554
1268672738954264576
1268673380271697920
1268673433115725824
1268673678021099524
1268674757328875520
1268675197038587904
1268675229565534208
1268675233516531713
1268675322322575361
1268675451049832448
1268675539436437504
1268675858308517890
1268676406185205760
1268676450217050114
1268676531729072129
1268676576943706114
1268676851393798148
1268676869899124736
1268677081963147265
1268677216285724672
1268677454677381128
1268677476110213127
1268677499053051905
1268678422768779264
1268679347004678150
1268679619747725313
1268679654786957318
1268679871296913414
1268680098384928769
1268680446319222784
1268681103436648448
1268681394282205185
1268682406296522752
1268682504459948032
1268682575158980608
1268682660429344774
1268684732625235968
1268684823146659842
1268685394461233158
1268685625584168961
1268685631162650632
1268686159590416384
1268686547450298368
1268686802803720193
1268687200780197889
1268687456393707520
1268687677039292417
1268687690188324864
1268687745867800581
1268687972834185218
1268688066128089089
1268688288543641601
1268688534472396802
1268688974031269889
1268689132785631233
1268690186722070530
1268690319501033477
1268690626851282945
1268690857831600130
1268691831476432898
1268692067988971521
1268692466154311686
1268692666952355840
1268692789614858241
1268692829955600385
1268693770654101504
1268694340613943297
1268695941844021248
1268697576875986944
1268697772930355201
1268697829041717249
1268697882330304512
1268698591478022146
1268699627085352968
1268699873844617217
1268700050265387008
1268700186957799424
1268701716595212290
1268702580143783940
1268702738386432002
1268702988610174979
1268703601549094914
1268704266224631811
1268704341311000576
1268704725643345920
1268704863426314241
1268704988697681924
1268705191211208705
1268705212962942977
1268705676181864453
1268706380443090946
1268706581471993861
1268706781959782400
1268708497388167169
1268708926234808320
1268709052697190400
1268712100089733120
1268712109002698753
1268712116107784196
1268712774672289793
1268713101949571074
1268713232426024960
1268713332632162305
1268713352580169730
1268714091947986945
1268714304704053248
1268715512323768321
1268715697871433730
1268716671683919874
1268717232546340865
1268717485093773313
1268718569723961346
1268718843075190786
1268719147682279428
1268720169695748096
1268720202407174146
1268721939599720448
1268722017265766400
1268722194626068481
1268723128559177730
1268723872918056961
1268724017156050950
1268724889395040269
1268725197969993730
1268725581715292160
1268726633957150721
1268726824449826818
1268726832771354624
1268726858939617285
1268726909774565378
1268727190935474181
1268727216713748481
1268727808936816641
1268727937966264322
1268727943859183616
1268728366250766337
1268729048370421761
1268729093375381507
1268729835200929793
1268729939844530177
1268731616794423297
1268732383194501122
1268733259984371712
1268733610426871808
1268734048224129024
1268734957570199552
1268735404515250176
1268735515177738242
1268735543279484930
1268735621952126977
1268736154561626112
1268736810189979648
1268737977741647872
1268738179470970886
1268738249683537920
1268738525702356992
1268738716455055360
1268738783324880897
1268738882914353152
1268738946277740545
1268739118223241216
1268739429344129026
1268739884174499840
1268740777015992320
1268740988035571718
1268741337131749380
1268741498474041344
1268741576056020992
1268742964743987200
1268743087649697793
1268744186037260288
1268744605035630592
1268745005130223616
1268745863326838790
1268746115123470338
1268746189517840385
1268747054488211457
1268747104614338560
1268747287892840449
1268747784720711683
1268747938681028608
1268749571909394432
1268750100190433280
1268750307791720448
1268751792889790464
1268752488993378304
1268752999783989248
1268753011305787393
1268753170462838785
1268753204558381056
1268753304525459456
1268753305972416512
1268753329846390787
1268753363124072448
1268753413715697665
1268754159752278016
1268754580688510982
1268756064801034240
1268756118202986502
1268756248683520001
1268756354103160832
1268757051045527553
1268757125540569091
1268757171124174849
1268757314401636352
1268757502428053504
1268757540113920000
1268757658540085248
1268758346745724931
1268759072037371906
1268759313067237377
1268761417513082881
1268761547838455808
1268761748380831746
1268761878618136581
1268761920510795776
1268762149385572353
1268762389828251649
1268762485949173761
1268762765897818120
1268762883871117312
1268762957812555778
1268763137613987841
1268763568868134914
1268764197095124992
1268764792308879360
1268764834461614080
1268764871149174786
1268765265459916802
1268765569739821056
1268765789521432577
1268765896463523841
1268766465639006209
1268767754431102976
1268768338488033281
1268769363206815744
1268769391006580736
1268769432832217089
1268769460158111744
1268769658339016706
1268770026779299843
1268770624085901312
1268770899303464960
1268771079662768128
1268771149627957249
1268771600192737281
1268772179124125696
1268773866257727488
1268773966660984834
1268773968535867394
1268774283905576960
1268774302503112706
1268774601175203840
1268775692805836800
1268775750624325633
1268775757142200322
1268776742849843206
1268776743260864512
1268776770016247808
1268777062904496130
1268777069808402433
1268777426353639425
1268777441427890177
1268777704653979648
1268777898988707840
1268777907515777025
1268778040533880832
1268778049471987714
1268778757545955328
1268778894343180290
1268779048039260160
1268779872601739265
1268779962670120966
1268780790680375297
1268780879888953345
1268781015461441537
1268781169782534146
1268781173481897984
1268781449211269120
1268782101765271555
1268783246550216705
1268783439311974400
1268783743638163458
1268783796763189248
1268784347051679744
1268784391205126145
1268784438458146816
1268784442123915264
1268784585837621250
1268784836535291904
1268784907939168258
1268784940126277634
1268785257718956037
1268785367328702464
1268785792236781571
1268787012733149184
1268787027698495488
1268787218048520192
1268787677157117952
1268787740566487042
1268787768307732482
1268787863908495367
1268788092678307841
1268788520627437569
1268788607327895553
1268788610897149952
1268788651200258048
1268788741860200449
1268788745110683648
1268788889289920512
1268789098665390082
1268789115337793536
1268789588811821058
1268789901354569728
1268790461877178369
1268792211669467146
1268792212420210689
1268792418482225152
1268792732853682177
1268793963470893056
1268794134120353793
1268794274168135680
1268794476601978880
1268794808816095232
1268795196139069440
1268795290389286912
1268795624494956545
1268796127001919488
1268796402982846465
1268797042157117442
1268797788407685120
1268797811744792577
1268798611019751425
1268798689558102016
1268798939492487169
1268798961709658112
1268799026142629888
1268799097240203264
1268799235832545280
1268799293982421002
1268799731142197250
1268799796799823882
1268799862688165889
1268800072076189697
1268800959985127426
1268801656545738753
1268801657128849408
1268801677647282178
1268801703136165889
1268801876620910593
1268802073497407488
1268802334953480192
1268803155434901504
1268803369084346369
1268803410310111233
1268803419344699393
1268803675708887042
1268803928617082880
1268804337331056640
1268804720069615618
1268805175042596864
1268805271800995840
1268805661955145728
1268806398319702016
1268806444951969799
1268806964777230337
1268807048441016320
1268807477539360768
1268807946831527937
1268807970613276672
1268808047197138945
1268808118613540865
1268808168244641792
1268808476999868418
1268809319748898822
1268809912236355585
1268810050266640385
1268810214024843268
1268810724832423936
1268810936451846145
1268811050079698944
1268811217193353217
1268811239431573509
1268811333925044224
1268811740680196096
1268811858879877121
1268812433960906753
1268812671157252097
1268814292423491587
1268814506567897093
1268814641788002304
1268815293012496385
1268815658445352960
1268816462908661760
1268816466482212865
1268816726071877633
1268816804773797888
1268816922541469696
1268817739399004160
1268817767484002305
1268818019746267137
1268820410000461824
1268820527478685697
1268820734643564544
1268820942983180288
1268821287213961216
1268821469049610240
1268822595199275008
1268822749310586880
1268822800942485504
1268822835344138240
1268823667623985153
1268823688884953088
1268823768723578881
1268823784976535553
1268824079156600834
1268824149075660800
1268824923096612864
1268824947100655616
1268825271412633601
1268825833562660864
1268826335360802817
1268826578676482051
1268826767965462528
1268826955845111808
1268827846874673152
1268827968903806977
1268827991896883200
1268828557544960000
1268828659051376640
1268828704999907330
1268829322338603009
1268831726274580480
1268831957556826114
1268832824464936962
1268833000101482496
1268835605519183872
1268836635610931201
1268836699494375425
1268837140164681731
1268837214890401792
1268837538359377921
1268837824708726784
1268838305535266816
1268838568925057030
1268838579943415808
1268838737292730368
1268838767835693057
1268839214273232896
1268839444418830338
1268839637885353985
1268842196595343362
1268842209811607555
1268842693876232198
1268843114556506112
1268843136333287424
1268843324699545600
1268843452487401472
1268844066894209025
1268844331575771136
1268844408654499841
1268844499721216000
1268844925401157640
1268845178464460801
1268845210823426048
1268845782448459776
1268845908747223040
1268845991391891456
1268846024434614272
1268846454895972355
1268846772857851904
1268846859981897728
1268847451483635712
1268847524128927744
1268847542588059649
1268847713669402627
1268850247960322059
1268850601657540608
1268850627964272642
1268850662101704707
1268851150981410823
1268851547351506944
1268851680948428805
1268851713944977408
1268851922431246337
1268852809857990656
1268853672194330631
1268854724784250883
1268855053957423105
1268856084867006464
1268856762658103296
1268857265685254144
1268858069087334400
1268858114482352129
1268859032913301504
1268859365458685952
1268859748184739842
1268860898279673858
1268861184717008898
1268861216379764739
1268863444012408833
1268863728671490051
1268864168041549824
1268864280356687872
1268864333334929409
1268864678551306246
1268864680430391297
1268864864862248960
1268865144701976576
1268866833664393218
1268866839360294914
1268867025545420803
1268867236674121734
1268867312012201986
1268867786111168512
1268867873801371655
1268867927211675652
1268867986229772288
1268868756492689413
1268868784993026048
1268869198031265793
1268869262170619904
1268869592505618432
1268869821598437377
1268870616742010881
1268870942501019649
1268871278909325315
1268872304773169157
1268873306599493632
1268874297914818561
1268874412260016128
1268875338769141760
1268875994666086404
1268876624260403200
1268877582201753601
1268878066798989316
1268880293282418688
1268882178554953730
1268884823873146883
1268885606454767618
1268886024605831176
1268887012586684417
1268888312552591362
1268889867532058630
1268890623400185862
1268892333145296896
1268894229511708673
1268895421222596608
1268895658364338176
1268895970240192512
1268898533266030592
1268898564652097537
1268900466311774208
1268900790430846979
1268901256648589313
1268901297270542338
1268901867683303425
1268902210089504768
1268902951025881088
1268903844299358210
1268904742002049025
1268905440143908865
1268906204144766977
1268908019812913167
1268908059935596544
1268908140801777665
1268908307839889409
1268908702226092032
1268909862337089538
1268910030344126470
1268910285882097681
1268913465906823170
1268914841714069504
1268915268685889542
1268915542716530688
1268916816941920262
1268918133169020928
1268921188883075072
1268921640957677568
1268923835115606023
1268924353204424705
1268925724267773953
1268925754320007169
1268926374728945675
1268928605473714177
1268928766895689728
1268929608407285761
1268931511492980736
1268932202777260032
1268932499977183232
1268933618723950592
1268936580623929348
1268937465492049922
1268937482034466816
1268938208487903232
1268938283989508097
1268938815915393025
1268938826141097984
1268938836639395840
1268938849163640832
1268938861079670784
1268938870265188357
1268939998981771264
1268945775498797058
1268946724342685696
1268948578359222272
1268949037622784001
1268951175409414151
1268951693770792968
1268952919744876547
1268953406619746304
1268953448139145221
1268958454334607363
1268958697440587776
1268960990785388546
1268965127245701128
1268969285155766274
1268970580528824320
1268971223150669825
1268971248366899200
1268974457458229250
1268977113601802248
1268982371069693952
1268984282170736645
1268993824036184065
1268994016592515072
1268996719888535552
1268996991218003974
1268997005151518722
1268997303613952001
1268997377408581633
1268997617721147394
1268999699543003137
1269007487564419074
1269007505247678470
1269007555629588480
1269015413939228672
1269015420276793344
1269016192414613507
1269028022679752707
1269042745122992128
1269043968236544001
1269045302482403329
1269058963275943937
1269059752245506050
1269082628101214210
1269094575437725697
1269109224384200711
1269121793979150340
1269124366467567616
1269125947254587393
1269132950379134976
1269137131148058624
1269137563526275073
1269141126759448576
1269141697684013061
1269145489632608257
1269151704118943746
1269156539673296897
1269160032567951361
1269169427595046912
1269170032128471040
1269174822837379072
1269177082002669569
1269178283318484992
1269185376268107776
1269186937870565378
1269192499471560704
1269210458822709249
1269210665597747200
1269221050170122240
1269221717223903232
1269225627443515392
1269226737025650688
1269232144058114051
1269234635021725696
1269235151990644739
1269246234012856320
1269252017521909761
1269262373141073922
1269266530107379713
1269271171196911616
1269271994425659394
1269272311896604673
1269302096496558081
1269307298943557633
1269307310167535616
1269307716247457792
1269323002006638592
1269337669106044929
1269382158818381825
1269382279379456000
1269382299977687047
1269432606690611201
1269492001201889282
1269501139734745089
1269502469748469763
1269503914333831169
1269505137388793857
1269523606419185665
1269531453068541953
1269614765069959170
1269648413261549568
1269657450895925249
1269658488747130880
1269661528594223104
1269667126358532098
1269667401320280065
1269668344908709895
1269668427213537281
1269670085817446402
1269670601616232450
1269672234458722304
1269674227097128964
1269677992340586498
1269686525354270720
1269691588239863810
1269692576099155974
1269694126942851073
1269695938383282176
1269701900901003265
1269702740642541569
1269703639687454721
1269703993997111296
1269725801668382720
1269744385220108302
1269755073967644674
1269820322829733890
1269866147589107713
1269872229795483649
1269932953804722176
1269958023235211265
1270012942608666624
1270023618056130560
1270065660694016000
1270068104928858113
1270088087620780037
1270102385214533632
1270116776400105479
1270116801611993094
1270229163643994113
1270261053700689926
1270309883624263682
1270318803973480448
1270387802736340995
1270387819391922178
1270432475446218752
1270455058916880384
1270730875429404672
1270753416973877251
1270755939508015105
1270780038850502656
1270905406278205440
1271041376340377603
1271056950785179660
1271093328076058630
1271154908478214147
1271188928352202757
1271249042580930560
1271288820239962112
1271422938823213057
1271485611162173441
1271502386410983424
1271725929879015426
1271735265044946945
1271751161738080259
1272100738433515523
1272182906782470146
1272851102082437120
1272894820474855424
1273213590863036416
1273253194072829952
1273339731942739969
1273643174381137922
1273677672649043969
1273792485496676353
1274971201249644545
1276018950447550472
1276019149559521282
1276433177939148806
1276704710096027648
1277092234454761475
1277151674126270464
1278152738287878146
1278572059384254465
1279393472869474304
1280510144036601858
1285555193438973959
1286600998023073793
