id
1269064839659388929
1269066589934104579
1269066858000515074
1269067172564865024
1269078017848025088
1269080302523232257
1269081704804859904
1269082772917882881
1269084102835273728
1269084650032463875
1269084985656475648
1269085096906194947
1269085754531229698
1269090804393316357
1269091126335565824
1269091582923493376
1269092396823912448
1269092778807644166
1269093047763075072
1269094146184081409
1269096135932739585
1269096602758795265
1269098532272836610
1269099650855964672
1269100015068332033
1269100017224220672
1269100019308781575
1269100249064312838
1269100829409185792
1269101004076789762
1269101162009108485
1269105839840940032
1269106307128270850
1269106745848315904
1269107101852479490
1269107251295510529
1269107572583419905
1269107662614155271
1269108204908220417
1269108395417747463
1269108461633142784
1269109810206846976
1269110052058775558
1269110254102511616
1269110630033903616
1269111287205765122
1269111907199397888
1269112058815135744
1269113106187386881
1269113841545285639
1269114555503869958
1269115001484324866
1269115114357166083
1269115511842967552
1269115821114241029
1269116682393587713
1269117035340054528
1269118193915908096
1269118476372844544
1269118689170915328
1269118708238233600
1269122244770439169
1269122481492824064
1269122483560611841
1269122486203006977
1269122488375611393
1269122735525036035
1269122968405381120
1269123247397879809
1269123352771395584
1269123505880170497
1269123866217062407
1269124145645867008
1269125517984149504
1269126221901828097
1269126277816033280
1269126316009287680
1269126386784055296
1269126830428217344
1269126996346404865
1269127163585970176
1269127352061243394
1269127368859418629
1269128025645428736
1269128156184752128
1269128360032186370
1269128474918301697
1269128704518742017
1269128706070470657
1269128722910773251
1269129024783159298
1269129165145616384
1269129442619727875
1269129551629766656
1269129625843761152
1269130029763629056
1269130078375600133
1269131084421349379
1269131131796049920
1269131229770760192
1269131344858230785
1269131692108849152
1269131936339025921
1269132462619348993
1269132686494519298
1269132835639738369
1269133163806294016
1269133453829779457
1269133477884149761
1269133718586748934
1269134074234445825
1269134514015666176
1269134601772990472
1269134799467433984
1269134904882839552
1269135011145539585
1269135527095209986
1269135586465587202
1269136150435901452
1269136247768920064
1269136297614086144
1269136469735739396
1269136831406395392
1269136840977760256
1269136966525878273
1269137256893333504
1269137279555186689
1269137452230275073
1269137475403997186
1269137538041643013
1269137687107317760
1269137994180521988
1269138253808046080
1269138450021826561
1269138627138912256
1269139229881270272
1269139311825387521
1269139443274993664
1269139454389878785
1269139865482002435
1269139903499165697
1269140450234990592
1269140553926610946
1269140691113914368
1269140781606023172
1269140865324331008
1269140947759247360
1269140961608810496
1269141107818008576
1269141188365385730
1269141196024295429
1269141222968483842
1269141370704404480
1269141480297373701
1269141570424635392
1269141609452535808
1269141828546236416
1269141971676913664
1269142032053911552
1269142037942730752
1269142076358262784
1269142082721132544
1269142117013696513
1269142160349282307
1269142187696099328
1269142190686683137
1269142223792361472
1269142372908183554
1269142405997084672
1269142428654714880
1269142510657572865
1269142695089446913
1269142837578219520
1269142845832732672
1269142887746269184
1269142962396692481
1269142978263572480
1269143127408947207
1269143183230976005
1269143214512058374
1269143431605092352
1269143467747311616
1269143488416931845
1269143576212013056
1269143725059584000
1269143755094994944
1269143877954519040
1269143887983136768
1269144142019518465
1269144198629994496
1269144258751143936
1269144265785053184
1269144287356297217
1269144308457844738
1269144347636834304
1269144394004869125
1269144424837189633
1269144655716913152
1269144824831246336
1269144941340561408
1269145059745808385
1269145165475741696
1269145481789259776
1269145486260187136
1269145497790566400
1269145699817533440
1269145704456433664
1269145741722816512
1269145746499989505
1269145802187911169
1269145840276443136
1269145885092478976
1269146383724032000
1269146399108747264
1269146416485670914
1269146517987823618
1269146777967566853
1269146783571116032
1269146925787381760
1269146985036238850
1269147006351663105
1269147007303716864
1269147173238697984
1269147329195577349
1269147440919318530
1269147694003630080
1269147695022665728
1269147701792387074
1269147732129787904
1269147750945501185
1269147858579660801
1269147950925729797
1269148052197081088
1269148056265596928
1269148217628860418
1269148272263704577
1269148531375439872
1269149221367791616
1269149413697413120
1269149953970053120
1269150084303912961
1269150320824922112
1269150476496506881
1269150845599387654
1269151139326550016
1269151322038812672
1269151376157876225
1269151428712574978
1269151522492907521
1269151584568696832
1269151662733746177
1269151687316471809
1269151699874263046
1269151720594161665
1269151771685007361
1269152133770809344
1269152431948148737
1269152510821969920
1269152553004138496
1269152766993354752
1269152988666396673
1269153052096897025
1269153068890939393
1269153294229876737
1269153347472367617
1269153347795288065
1269153539957370880
1269153739098685440
1269154288246370304
1269154310631424000
1269154383503245313
1269154440847728640
1269155087064186880
1269155126683611142
1269155224574480384
1269155396087943173
1269155402010296321
1269155449737285632
1269155560332689409
1269155752096260099
1269155828755574784
1269155882924773376
1269156095936921605
1269156108880482305
1269156209854218240
1269156324442587139
1269156456592523266
1269156457108422657
1269156532832423938
1269156537840414720
1269156983602655232
1269157141811802112
1269157260028260352
1269157391511228416
1269157550588600322
1269157675192987648
1269157686370881536
1269157744365445126
1269157867405414401
1269158215536672768
1269158293290790912
1269158451084738560
1269158510824247296
1269158620740157440
1269159194571268102
1269159709598244864
1269159904922742785
1269160192882679808
1269160300093345792
1269160351075045376
1269160651596992512
1269160679149371392
1269160755271733250
1269161046335512576
1269161136114610176
1269161211482058752
1269161988883546112
1269162087328161792
1269162105338335233
1269162168320233473
1269162423543627776
1269162695489617921
1269162719976075265
1269162758601355265
1269162765526147072
1269162869226115072
1269162910284120069
1269162979637047297
1269163011069091840
1269163067042074627
1269163115452792832
1269163161783078913
1269163232075358210
1269163326812143619
1269163366339223552
1269163480835383296
1269163486405365760
1269163534061092864
1269163575660236800
1269163831638532096
1269163857983004673
1269163886135185409
1269163899389186049
1269164069245706240
1269164443147087877
1269164524910886914
1269164575531950080
1269164595580715009
1269164638236741632
1269164874522865664
1269165018672771072
1269165398588633088
1269165580055195648
1269165659939909632
1269165774066909184
1269166021295968257
1269166181149179904
1269166479829852162
1269166734260436992
1269166953916219397
1269166989118971904
1269167062456446977
1269167105477312513
1269167110825132033
1269167546151972865
1269167555492659200
1269167792986693633
1269167990546857984
1269168130162601985
1269168176119545856
1269168294675787776
1269168328607592448
1269168625128275968
1269168730975723521
1269168745701937154
1269168798382391298
1269168876081872896
1269169129057067009
1269169134031507456
1269169177027399681
1269169316533960705
1269169430879178752
1269169643459133440
1269169678854893569
1269169747628867584
1269170047018323968
1269170160113463296
1269170546014650368
1269170616504061952
1269170751413911553
1269170912458227712
1269171091093815296
1269171100702949376
1269171289043976192
1269171300754493445
1269171626010083328
1269172124650016773
1269172373716185092
1269172422403657729
1269172476640190464
1269172516142055425
1269173153952985090
1269173361185140736
1269174101018652672
1269174148779192321
1269174208095039489
1269174231679582208
1269174339213176833
1269174378794815490
1269174430728622081
1269174596399489026
1269174858342182912
1269174889002532865
1269174921223159808
1269175144590782465
1269175169290919936
1269175275876728832
1269175879495753728
1269175925444403200
1269176060312276992
1269176065592868865
1269176085398380544
1269176696030269440
1269176749855817728
1269176881221455872
1269177168531263488
1269177205575299072
1269177332079620101
1269177345207939072
1269177562279882753
1269177698540281857
1269177846062288896
1269178063247605761
1269178266771955712
1269178331838193665
1269178347487219713
1269178355754110977
1269179324009025536
1269179324789391360
1269179647004225536
1269180093752098817
1269180241832030210
1269180446191038467
1269180937738338304
1269180978821357569
1269181209348837377
1269181541369905153
1269181543253250048
1269181828461625344
1269181994828734464
1269182203273019392
1269182313285459969
1269182365378711553
1269182416876421120
1269182445431263233
1269182472547438597
1269182560095133697
1269183076883664896
1269183719270567936
1269183850640322563
1269184012381237250
1269184355693453312
1269184631737384960
1269184861618745344
1269184869411799040
1269184990094508032
1269185308937072640
1269185404693028864
1269185584582537217
1269185911482388482
1269186067711823872
1269186454498009088
1269186464287526912
1269186648325214208
1269186825496801282
1269187108813574144
1269187113834201089
1269187164157497345
1269187209699221504
1269187418545983488
1269187511399653376
1269187535659507713
1269187659320131589
1269187663787155456
1269187690743857152
1269187735128092673
1269187888006270977
1269187982873026566
1269188223898660864
1269188244035579905
1269188257788637187
1269188342198960128
1269188445617913856
1269188632235163648
1269189005029056513
1269189087963090946
1269189135169978368
1269189142270947328
1269189284566667265
1269189475466428417
1269189487231451138
1269189809890897920
1269190040682401792
1269190421227417601
1269190512709427200
1269190648659394560
1269190664786411522
1269190787973201920
1269190805740191744
1269190911507996674
1269191245043240960
1269191594697162753
1269191732199129088
1269191975556677632
1269192132973203456
1269192303291142144
1269192494014660610
1269192895115849728
1269192915974336513
1269193247697645573
1269193303477694464
1269193401913815041
1269193473099468800
1269193564791230464
1269193693883400192
1269193749000790017
1269193818987003904
1269193859420041216
1269193965133275137
1269193996745596929
1269194143110217729
1269194231651930112
1269194917038960640
1269194956842971136
1269195059800559616
1269195569576083456
1269195585720061953
1269195714506248192
1269195810853605376
1269195870232248321
1269196079762989056
1269196094350725120
1269196099409117184
1269196686691368961
1269196886923239425
1269196976085704704
1269197049238601728
1269197280231542787
1269197465602985988
1269197763134316544
1269197784013471745
1269197858693099522
1269198278446514176
1269198450450710533
1269198628519895041
1269198670668406785
1269198687361794048
1269199225147047936
1269199373864402944
1269199444651671552
1269199637803610113
1269199686222700544
1269200735268483073
1269201018925039619
1269201338593882112
1269201362371309568
1269201626243510272
1269201832582303746
1269202046214963201
1269202053693407233
1269202248254533633
1269202482833633281
1269202843434717185
1269203081696288768
1269203861690101765
1269204043940925440
1269204104666132480
1269204117362221056
1269204183045070856
1269204243250139136
1269204304130342912
1269204389161566214
1269204764593500163
1269204836505079808
1269204930398740481
1269205008605753347
1269205119226327041
1269205367130644480
1269205520298188801
1269205572110266369
1269205762842165249
1269205983223521285
1269206329341685760
1269206444404027393
1269206672720961537
1269207161000931329
1269207215526772738
1269207260112343040
1269207404186607616
1269207505671983106
1269207709930397698
1269207996585988096
1269208184117329922
1269208472865865732
1269208760578379776
1269208808007614464
1269208844581982209
1269209002078019585
1269209802732863488
1269209915094118401
1269210817314074625
1269210835240583168
1269211453661351937
1269211522263396359
1269211674952728576
1269212355008790528
1269213072482328577
1269213094695383040
1269213227650560000
1269213239834968066
1269213385482293249
1269213546686173184
1269213670346801157
1269213717239037953
1269213976824602628
1269214952453279746
1269215045789024256
1269215080593461248
1269215200852484097
1269215486857920512
1269215563416506368
1269215812289736706
1269215826802028544
1269215913003356161
1269215951561666561
1269216147519479809
1269216292042690560
1269216585367126016
1269216598637805573
1269216893388423168
1269217580767641601
1269217801811656704
1269217913111744517
1269218014718758912
1269218284416774147
1269218466210471938
1269218539015192576
1269218555209363457
1269218673815945217
1269218735207964672
1269218765809561600
1269218891315675137
1269218949683609600
1269219027416756227
1269219333919723523
1269219486340694016
1269219610882170886
1269219736128192512
1269219796693942272
1269219922342789120
1269219960250908674
1269220259833266176
1269220325738319875
1269220434509168642
1269220615552143365
1269220926979289090
1269220944352104448
1269221177429495808
1269221664987975680
1269221769434587136
1269222123303813121
1269222167885070337
1269222503613894662
1269223054011518976
1269223582049144832
1269223628228395009
1269223705642700805
1269223878338973699
1269223894822653952
1269223900459798528
1269224030160158723
1269224031590498304
1269224152549949440
1269224200553840640
1269224291356286977
1269224429176922114
1269224454430830592
1269224678582898689
1269224952315752448
1269224958758129664
1269225554802290688
1269225857966649349
1269226022295220224
1269226049042292737
1269226100338630657
1269226146316648448
1269226422717071363
1269226505168617473
1269226635146002432
1269226783947317250
1269226871796965376
1269226910040686592
1269227261590474752
1269227268880072707
1269227317898948608
1269227334172839936
1269227491346038784
1269227560665255936
1269227890186620928
1269228075927113730
1269228285403303936
1269228301597491201
1269228765558833153
1269228781920833536
1269228798253416448
1269228904654438401
1269229288244621313
1269229338211344385
1269229373825187844
1269229446151712768
1269229497943023616
1269229536505364481
1269229674930016257
1269229827279773701
1269229861622681601
1269229876059475973
1269230071929360384
1269230336099131393
1269230366709223424
1269230466378477573
1269230613036445696
1269230914032119810
1269230962094870530
1269231091279413248
1269231158845419520
1269231190369865728
1269231506981031937
1269231582046490634
1269231861936635908
1269232045978312704
1269232152010461185
1269232208721690626
1269232223288516608
1269232272626065409
1269232465790619650
1269232499969974272
1269232511160389632
1269232558216294400
1269232582924947458
1269232637459288066
1269232663170371585
1269232737787023361
1269232832737619968
1269232858834579456
1269232998852984832
1269233004234317824
1269233015907115016
1269233097637314560
1269233260896366592
1269233420590297088
1269233615524806656
1269233724182286337
1269233733334417408
1269233790032977921
1269233845934723075
1269233865694031872
1269233900888391681
1269233943066312706
1269233991116259328
1269234050583203840
1269234071546322950
1269234224231591941
1269234315151511554
1269234546022768642
1269234671294054401
1269234743993917446
1269234870498340864
1269234993831784449
1269235206126538753
1269235373483401218
1269235456216043521
1269235476768215040
1269235516437942272
1269235708125945856
1269235801994530818
1269235917132267521
1269235946987360258
1269235986338385921
1269236029808168960
1269236124997898240
1269236284515647488
1269236295269834752
1269236389020925952
1269236399871594497
1269236434755637249
1269236575218601987
1269236663441600512
1269236726763003904
1269236741778690048
1269237110550278145
1269237131429531649
1269237534732824576
1269237540810379264
1269237576835239936
1269237616462966784
1269237625715654662
1269237676558950400
1269237722985758722
1269237731030335488
1269237752136155141
1269237893563908097
1269238089790128135
1269238107553124353
1269238144848867328
1269238192215113728
1269238247835807746
1269238387505983488
1269238567789907968
1269238612530540545
1269238773524639745
1269238892433215489
1269238981671227392
1269239016446210054
1269239136143228929
1269239230158553089
1269239273284415488
1269239570329227265
1269239577522438148
1269239670619201536
1269239689900417025
1269239714198028288
1269239946742808576
1269239960495951872
1269239998219530240
1269240160203440129
1269240162699132932
1269240197499293696
1269240237672271874
1269240426604695552
1269240511317114882
1269240573581578241
1269240579969482752
1269240615675539457
1269240718322786304
1269240822899314689
1269240836002385921
1269241154752700418
1269241294913748993
1269241455773650944
1269241490984898560
1269241492041859073
1269241598279331848
1269241682626830336
1269241755280572419
1269241946435919872
1269242173536567297
1269242374808653825
1269242426281152513
1269242677863874563
1269242723304947712
1269242756309843969
1269242767085101056
1269242787393875969
1269242866339110912
1269242898203267072
1269242907934044162
1269243056848601096
1269243083658584064
1269243117590511616
1269243277229936640
1269243364181970944
1269243369819189248
1269243447451451393
1269243626367877127
1269243813756833793
1269243827350618115
1269244015628750849
1269244054329532417
1269244224974852100
1269244293547528192
1269244327898865666
1269244339013763073
1269244393128632322
1269244526390018054
1269244567532027904
1269244849984765952
1269244925318701058
1269244993342001152
1269245011322945537
1269245094701359105
1269245140490694657
1269245273877995521
1269245290009309184
1269245402169118724
1269245608793198598
1269245614644097024
1269245912741818371
1269245920820035584
1269245952793153536
1269245954596749312
1269245986150518785
1269246013249916931
1269246039283904512
1269246064772644866
1269246088655011840
1269246110515765248
1269246132468748291
1269246156405714949
1269246184624992256
1269246219920031745
1269246391441854465
1269246524996964352
1269246567078400000
1269246587945058305
1269246621323276289
1269246644580745217
1269246677854150656
1269246711911849990
1269246740638642176
1269246743356624903
1269246764302979073
1269246767062749186
1269246778781687810
1269246809525936136
1269246850743373824
1269246886197805056
1269246926190510081
1269246957337423872
1269246996021477376
1269247014690344963
1269247042276253697
1269247066640994304
1269247096810545152
1269247121271767046
1269247181766250496
1269247190003662848
1269247196085522432
1269247244634591232
1269247252457033730
1269247264758915072
1269247281137627143
1269247284526690304
1269247311185575938
1269247315266674688
1269247371688513537
1269247402315309057
1269247413048479744
1269247452688920578
1269247474071461888
1269247486339813378
1269247488332107776
1269247526198226948
1269247546699984904
1269247559580647424
1269247598994522113
1269247640820015104
1269247684248064001
1269247742708199424
1269247743811297280
1269247783724351488
1269247819497472002
1269247863147696133
1269247945041420294
1269247988943257600
1269248035118297089
1269248041548238848
1269248068567916544
1269248077497581569
1269248112037675008
1269248113287577600
1269248141368406018
1269248149194973185
1269248183504457729
1269248184334848001
1269248209207152640
1269248210633187328
1269248248927211529
1269248249178869762
1269248253473800193
1269248297849552897
1269248332280586249
1269248362802536448
1269248366497726465
1269248374492090378
1269248379864993793
1269248408662966272
1269248440866934787
1269248451713339393
1269248453009379328
1269248480528261122
1269248494600151042
1269248507518562304
1269248515315830791
1269248517794603008
1269248529417097217
1269248539374346241
1269248540418678784
1269248566117220353
1269248579518058498
1269248606982279174
1269248617048690690
1269248676666454017
1269248732765315072
1269248771227111424
1269248784833314817
1269248862016978951
1269248952811114498
1269249013590745095
1269249167114809346
1269249168041824257
1269249185414602752
1269249185766932480
1269249195199934466
1269249326502592512
1269249520468209664
1269249529334898689
1269249692166225921
1269249760449499143
1269249795849433096
1269249829231824897
1269249870247985153
1269249876619124741
1269249904217595905
1269249919526764546
1269250071314542594
1269250092642467840
1269250223249018881
1269250261329022976
1269250429663301632
1269250486265417731
1269250630591361026
1269250634496258049
1269250639965667333
1269250673444618241
1269250702372745220
1269250748291993600
1269250830051545091
1269251129336115200
1269251175469256704
1269251182700032005
1269251210227462151
1269251296785203200
1269251317458968576
1269251321384689664
1269251426196361217
1269251438686941188
1269251520119410691
1269251538863734785
1269251539111153670
1269251547407495174
1269251753343684608
1269251811371888641
1269251889880797184
1269252001650655234
1269252072274354178
1269252078121205760
1269252081162076162
1269252379188346880
1269252390219366401
1269252471735701504
1269252528178372621
1269252699800973314
1269252703747821568
1269252726250225669
1269252819602878465
1269252851517325313
1269252959591976965
1269252968706121728
1269253158024499201
1269253219596845056
1269253273996886020
1269253274986860544
1269253449952178179
1269253519254700034
1269253548568539137
1269253711806844929
1269253833236111361
1269253858590633984
1269253904241496064
1269254232395395075
1269254277018587136
1269254314431787016
1269254320060542982
1269254405997690880
1269254466601201665
1269254620662190080
1269254707899445248
1269254709463965699
1269255133629579266
1269255171672027136
1269255287686467584
1269255358461235201
1269255480729309186
1269255594491490304
1269255597763047424
1269255700129218561
1269255723571195906
1269255766306889729
1269255860401905665
1269255863023345665
1269255865430925312
1269256033249234944
1269256033433681922
1269256039754588161
1269256162270220294
1269256277697466369
1269256354553909248
1269256360476147712
1269256563442814979
1269256580865851392
1269256628320247810
1269256707496173569
1269256750970142720
1269256840371716096
1269256944818302978
1269257067409412096
1269257093766316032
1269257116759490561
1269257139723407362
1269257161798025217
1269257365221715974
1269257380522573824
1269257383676645378
1269257408133705729
1269257590862725121
1269257653789822976
1269257738581925889
1269258139981041667
1269258228656996354
1269258251801165824
1269258356813856770
1269258398094278656
1269258403307814913
1269258435188703234
1269258483515490304
1269258487630045184
1269258496849195008
1269258541933768710
1269258629783400449
1269258865805332480
1269258886852247552
1269258891235377153
1269259147045994496
1269259197629284354
1269259208685428736
1269259218630180865
1269259424830558210
1269259470267441153
1269259490832023552
1269259502857134083
1269259788053028864
1269259870894784512
1269260070631727105
1269260365038223360
1269260597583138817
1269260732618735617
1269260802739130368
1269260873199243274
1269261016363421698
1269261021673394189
1269261034973470725
1269261051415146497
1269261064081936384
1269261078824923138
1269261128435208192
1269261215542341633
1269261317891928064
1269261334170001410
1269261343670091778
1269261379367833600
1269261444362764288
1269261566811287552
1269261587426263041
1269261665243205632
1269261705869213696
1269261747527041024
1269261759858315265
1269261760420360192
1269261794150952966
1269262055464407041
1269262221663756291
1269262264391151616
1269262442892333056
1269262480133554183
1269262513188847618
1269262538673401857
1269262553689047041
1269262654956240898
1269262786607091713
1269262846166208513
1269262857998385153
1269262870002511872
1269262904521564161
1269263001435148289
1269263023446929408
1269263061413769216
1269263384639348737
1269263396391784448
1269263401169170441
1269263429547720705
1269263593779990529
1269263675162058755
1269263678970515456
1269263776446021632
1269263885795823616
1269263902119997445
1269263905790009346
1269263966422827011
1269263968171892736
1269263977357467648
1269264059825782784
1269264067484663809
1269264231700090880
1269264288318971908
1269264288751005701
1269264364785238018
1269264460046307329
1269264478006321152
1269264485979697153
1269264756302635008
1269264816889307143
1269264828775968770
1269264876058394624
1269264949563588608
1269264988000182280
1269265016978579456
1269265042538745856
1269265068212043776
1269265098847268864
1269265118145187842
1269265188554973184
1269265217726353408
1269265244431548423
1269265272105504770
1269265539630804993
1269265544643055616
1269265596794966017
1269265659378184192
1269265666927968256
1269265778119004161
1269265793499398145
1269266127944892418
1269266183045464065
1269266204209885184
1269266225210810370
1269266246027087875
1269266259495043073
1269266327115567105
1269266361513115648
1269266481965076483
1269266519969726466
1269266599820869637
1269266755702214661
1269266861323100161
1269266878792380416
1269266998464217089
1269267005745610753
1269267188785000450
1269267197014269952
1269267262776713217
1269267376572424193
1269267454963974146
1269267572421263365
1269267745138450434
1269267762620370948
1269267771856162816
1269267923731918848
1269267938051264515
1269268014639316993
1269268049103904768
1269268062563377155
1269268099519430657
1269268205866024960
1269268279589126150
1269268604358406145
1269268627196444673
1269268633332613121
1269268902879559682
1269268923482099712
1269269404380024832
1269269572915539968
1269269709679198210
1269269826335277057
1269269914965114883
1269269980488630273
1269270080715620353
1269270147887435779
1269270222969679872
1269270328477396997
1269270332856250370
1269270381233410051
1269270425013497856
1269270544005939202
1269270556278489090
1269270598494105601
1269270684007620610
1269270769072209923
1269270777817444352
1269270780329840640
1269270852044034048
1269270960399691779
1269271070122672129
1269271268450336768
1269271384603181056
1269271386880716802
1269271776212783105
1269272239691743233
1269272543971729410
1269272564817330177
1269272665795301377
1269272923489140736
1269273008633413633
1269273173134053376
1269273267744829440
1269273315228766208
1269273655126695936
1269273674588307456
1269273713612066816
1269273722726354944
1269273940649803781
1269274027090161665
1269274151002439680
1269274209785708546
1269274306464362496
1269274311002644480
1269274603735658497
1269274647436111873
1269274754369957890
1269274764427788289
1269274965137915909
1269275008754384897
1269275018392993792
1269275053293789184
1269275082821644288
1269275242314248192
1269275275956760578
1269275293698658305
1269275325252481031
1269275337281753088
1269275446006423552
1269275450943180801
1269275486619869184
1269275620145606661
1269275767424331776
1269276107293024258
1269276341276422144
1269276452417044480
1269276464630960130
1269276732932132870
1269276735243194369
1269276922959273984
1269277035765137412
1269277304934588417
1269277360555163648
1269277401361657863
1269277470353694720
1269277602105212932
1269277614285479936
1269277680438050820
1269277687262126080
1269277833303592962
1269278239211630592
1269278485027135488
1269278540983386113
1269278760458768385
1269278877844725763
1269278939177979904
1269279146225565697
1269279210109112320
1269279425578897409
1269279439793401860
1269279514082906112
1269279606999322625
1269279666877194240
1269280180788514817
1269280284513579008
1269280365954416649
1269280642593939457
1269280858713796610
1269280862287409155
1269280890804412416
1269281013961809921
1269281031770734592
1269281328241029120
1269281420255670278
1269281565483425792
1269281643048697857
1269281654222327809
1269281735239520256
1269281828868952064
1269281905557544960
1269282011342143489
1269282183061164033
1269282202094886913
1269282297959854082
1269282573559173125
1269282782729195522
1269282904363855877
1269282905336889350
1269282909225136131
1269283143346982919
1269283303594627074
1269283440081416197
1269283510449319936
1269283579017728001
1269283694600163331
1269283729714941953
1269283808383287302
1269284012457168896
1269284067511500806
1269284073425514497
1269284203058933760
1269284272696950784
1269284329122865152
1269284367479734275
1269284496488218624
1269284502804799490
1269284544051662852
1269284582458867712
1269284728122851329
1269284999641079808
1269285159691595778
1269285264691773440
1269285308929114113
1269285314847219712
1269285423488040960
1269285458103730176
1269285458468454401
1269285517247512577
1269285545470984193
1269285744293576706
1269285776073854976
1269286035801935872
1269286178651541504
1269286409535467520
1269286626875899905
1269286641207775234
1269286695268241408
1269286756005879815
1269286835966095360
1269286909068673024
1269286943214444546
1269286984293535747
1269286988382863361
1269287268453429248
1269287298413273091
1269287327626641408
1269287545818558466
1269287643029950464
1269287678639591430
1269287689871908868
1269287713234128904
1269287807673085955
1269287863419645954
1269287889130709000
1269287921762304006
1269287978486190082
1269288042478665730
1269288085839384577
1269288113756614657
1269288171822616577
1269288276495605760
1269288321232052225
1269288359647731712
1269288457072971778
1269288489813671941
1269289071068819457
1269289220431949825
1269289308109889547
1269289708179402761
1269289746917924864
1269289805478866944
1269289855055519752
1269289877260120066
1269289964719800322
1269289991471075330
1269290049037836292
1269290198287998977
1269290458590482432
1269290640090836994
1269290666250600450
1269290747829923846
1269290947852013571
1269290985265270786
1269291078110363648
1269291193201983489
1269291261275582464
1269291307790471170
1269291474438574081
1269291950794039297
1269291986512744449
1269292289190477824
1269292486884810758
1269292872102281219
1269292902951387139
1269293618617102336
1269293858694840326
1269294106003546117
1269294312627503105
1269294317048389632
1269294411638325248
1269294495809617921
1269294546023780352
1269294740907921408
1269294747874721792
1269294821216313344
1269295213194940417
1269295310154665984
1269295384393809921
1269295498365526016
1269295505781280770
1269295598643089408
1269295608650743808
1269295826859364352
1269295847063334913
1269295951446978560
1269295972208783361
1269295978160574465
1269296021823242243
1269296049992151041
1269296217223311361
1269296220859699207
1269296469779021825
1269296873464004608
1269297222014902276
1269297389195722752
1269297415603007489
1269297482225328131
1269298001882865666
1269298279306661888
1269298361137594369
1269298454506897409
1269298577840488450
1269298762708652036
1269298851770482691
1269298968460214274
1269298994326507526
1269299017911087112
1269299244793380864
1269299289668358148
1269299335449190403
1269299588214722565
1269299717239955456
1269299937675706368
1269300061940281346
1269300125752528898
1269300187752796162
1269300436420493313
1269300461875716096
1269300514606534660
1269300621011816449
1269300625319362560
1269300730986364932
1269301085635776513
1269301191730778112
1269301265021964295
1269301743269163010
1269302392346083332
1269302595467829253
1269302603365695490
1269302654339031040
1269302762476617728
1269302763428642816
1269302764351426560
1269302797784285185
1269302824774426624
1269303227121623040
1269303350807461888
1269304092742090753
1269304330923970564
1269304659333853193
1269304675473461248
1269304684801556480
1269304758243938304
1269304830109106177
1269304897217998848
1269305014859845632
1269305058501562369
1269305065359265792
1269305096275480578
1269305222385598465
1269305349481336832
1269305462861770754
1269305480977027074
1269305549641965574
1269305567266340865
1269305578293207043
1269305586400854016
1269305589160726528
1269305788046225408
1269305858904723456
1269305859491926016
1269305870174892034
1269306035090661376
1269306113570242560
1269306427409076224
1269306428503797760
1269306445981454354
1269306469998047232
1269306530257612801
1269306625124380672
1269306708091904003
1269306838299934722
1269306846625611784
1269306858575220737
1269306860450000896
1269306909582143491
1269307155276017664
1269307170669170691
1269307178965442561
1269307188939558913
1269307341310132232
1269307581614391299
1269307601621340160
1269307617345667073
1269307903892246528
1269307979595223042
1269307991511138305
1269308002999418882
1269308027963879427
1269308063753920512
1269308122809733120
1269308155282014216
1269308165759348743
1269308244121485318
1269308263692148736
1269308389282242567
1269308401680551936
1269308417354747905
1269308587349880838
1269308702626119682
1269308716047904768
1269308847908425730
1269309025172275200
1269309068159614977
1269309077731106816
1269309077965987840
1269309087633879040
1269309334367993859
1269309436511817728
1269309563649642496
1269309580036771841
1269309588949676033
1269309734894665728
1269309748140298240
1269309863559147520
1269309960124542976
1269310014776397829
1269310368897208322
1269310847890984961
1269311239454363648
1269311308639371265
1269311429175377922
1269311579759226880
1269311602257465344
1269311607672365056
1269311662890287105
1269311741483253769
1269311809108000768
1269312036867125249
1269312043531866113
1269312180308119553
1269312383283081217
1269312427528683521
1269312480389390336
1269312504422785029
1269312515093270532
1269312543111221249
1269312551126478849
1269312615194537985
1269312799584456704
1269312813253738502
1269312956975759367
1269312959999889408
1269312981596323841
1269313006565031936
1269313085526945793
1269313100207046656
1269313102488768514
1269313102992080899
1269313416021209088
1269313496686231553
1269313586230448130
1269313597534068743
1269313684926414853
1269313715024904192
1269313887196889091
1269313894352400386
1269314045523439616
1269314620830908423
1269314665751994368
1269314708856811520
1269314871079952385
1269314877048446977
1269315034464821249
1269315035211448323
1269315065347477510
1269315168393142272
1269315258495250433
1269315301780447238
1269315349285163008
1269315442155360256
1269315470131372035
1269315497872547842
1269315628634177538
1269315698586800131
1269315744409554946
1269315779511681024
1269315808066445313
1269315898747297793
1269315938672836609
1269316022403772417
1269316310414036994
1269316434418708481
1269316551691456512
1269316576643362817
1269316632922513411
1269316664828534784
1269316836958617605
1269317103095631874
1269317135001694208
1269317156698820609
1269317163036413957
1269317177590636545
1269317425239068674
1269317576313749504
1269317786637041665
1269318110215114753
1269318270328418305
1269318539682500613
1269318621710475270
1269318693730861063
1269318829974466561
1269318991522062336
1269319335572619269
1269319443110297604
1269319890084737025
1269320210143744002
1269320555997597696
1269320664080670721
1269320809371361280
1269320999931183111
1269321009297076224
1269321190373560322
1269321315049189376
1269321476391534593
1269321479822475265
1269321714409902082
1269321732910747648
1269321921130266625
1269322024092123136
1269322029838356481
1269322316179259393
1269322397942939658
1269322556173148160
1269323198044217352
1269323212426485760
1269323747431002112
1269323944584024064
1269323959046156293
1269324022032064512
1269324252018282498
1269324280397017095
1269324349988900866
1269324591048142848
1269324738473705473
1269324842895114240
1269324863237488643
1269325297188507654
1269325378541301763
1269325651070386176
1269325767483293697
1269325843484024835
1269325878389092353
1269326210796081158
1269326242161086465
1269326253456347137
1269326786531385345
1269326815199404035
1269326904764567554
1269327271128678400
1269327370231648261
1269327515774062597
1269328001608671233
1269328034663927808
1269328084999770114
1269328185176530944
1269328194777333761
1269328199109894144
1269328469114175488
1269328486780547074
1269328561275572230
1269328568376492032
1269328631794450432
1269328718704660483
1269328795300921344
1269328800887771136
1269328847020974084
1269328917946667008
1269329552037359628
1269329651341631490
1269329689224634372
1269329700532432897
1269329744451047429
1269329924030070785
1269329972100882432
1269330093660344321
1269330179257544704
1269330190607560709
1269330282068553734
1269330317145526272
1269330494900101122
1269330511664754689
1269330612353204224
1269330807182831616
1269330900631904256
1269330941572526080
1269331009692205057
1269331015727747073
1269331129640910848
1269331163409195009
1269331176130523136
1269331333702172673
1269331533191680002
1269331755884056576
1269331819587125251
1269331837039624198
1269332133824339969
1269332165067710464
1269332296064208903
1269332328549158913
1269332329803255810
1269332363626061825
1269332418961518592
1269332440805490689
1269332448464289792
1269332481733517314
1269332539325456385
1269332615833804802
1269332667109163008
1269332747870507009
1269332784063152129
1269332800924192768
1269332829823029249
1269332837993496576
1269332847644606467
1269332861632614402
1269332993967042560
1269332995154030593
1269333042130288640
1269333077614084097
1269333139635286017
1269333153585467392
1269333161999306752
1269333174250876934
1269333261374894082
1269333272414355459
1269333311157145601
1269333489704411137
1269333547103531008
1269333600069132289
1269333613994283009
1269333672710332418
1269333812980453377
1269333977778847745
1269334187619815426
1269334200588685312
1269334667569836039
1269334899422568449
1269334906481577986
1269334909161783297
1269334924563288064
1269334933643894785
1269335045656973313
1269335060114812930
1269335123419443207
1269335180575215616
1269335326448922624
1269335345595854854
1269335371474767873
1269335599032553474
1269335783795757060
1269335838304997377
1269335919204630532
1269335973860651008
1269336038826278913
1269336082971271170
1269336688096088064
1269336900533444617
1269337053231284229
1269337381007736832
1269337466726645762
1269337478734974976
1269337567406821376
1269337632523325440
1269337632829517827
1269337730724630528
1269337772042657794
1269337842888704001
1269337902498091009
1269338053316882432
1269338065220382722
1269338077249617922
1269338118441877517
1269338181746515968
1269338194031624199
1269338227678367744
1269338281935876099
1269338483358928898
1269338541311643655
1269338542846750721
1269338662489206784
1269338817217073158
1269338993235238914
1269338994506170371
1269339030224764930
1269339338283810819
1269339523500126214
1269339644413587468
1269340218185920512
1269340313526644736
1269340806663540736
1269340813860970496
1269340880642719746
1269340987886833664
1269340997873434633
1269341116333264897
1269341136470106114
1269341173216313344
1269341196083699724
1269341320335757314
1269341337037484034
1269341433921667075
1269341567942307840
1269342263282479110
1269342498029219851
1269342974913253379
1269343040520536065
1269343046581268486
1269343046631665667
1269343111089717251
1269343259719086080
1269343304572944387
1269343538971582464
1269343594340659201
1269343699114352640
1269343758505689088
1269343786062184459
1269344011699060739
1269344292230873088
1269344386363592709
1269344397247873024
1269344417858666496
1269344628156833794
1269344743588331526
1269344849603543040
1269345079279394822
1269345482893070337
1269345762506391552
1269345841040498690
1269345857763258369
1269346029197033472
1269346150752141313
1269346232993972224
1269346521629294600
1269346665112252423
1269346797895520259
1269346858704474118
1269346918582431750
1269347054524010498
1269347068172214273
1269347075281518595
1269347155631902726
1269347168223100931
1269347243875799040
1269347249240313859
1269347300511485952
1269347460352299009
1269347629290397702
1269347723091808257
1269347733216747521
1269347788845912068
1269347789814759424
1269347830914826241
1269347893737127936
1269347921431916544
1269348022741278720
1269348135861706760
1269348947748950017
1269349081568153605
1269349269477171200
1269349310598189056
1269349354244096009
1269349364549529600
1269349388599648257
1269349554605957124
1269349560306057217
1269349619940630529
1269349635870601216
1269349826178809861
1269349887990210560
1269350069528133636
1269350090814210052
1269350198674939910
1269350404770410496
1269350471669624834
1269350826247675905
1269351170579017735
1269351341094297600
1269351454881480705
1269351499282423809
1269351545415630849
1269351614663536640
1269351684377128961
1269351880691417090
1269351899779735553
1269351922751979521
1269351994369728515
1269352029450907650
1269352037097013248
1269352202839212032
1269352352852725760
1269352409505169419
1269353015477178374
1269353313671294977
1269353314342383618
1269353333082542086
1269353478855548929
1269353817319124995
1269354028963713024
1269354193606803458
1269354422506868745
1269354429838393346
1269354541096542208
1269354652530888704
1269354714644307969
1269354748622376961
1269354757799493634
1269354805086040064
1269355156556185600
1269355315776151559
1269355506856079361
1269355514661679111
1269355580994523139
1269355604923088898
1269355697105514496
1269355842672959493
1269356359629275137
1269356426675306497
1269356501031964672
1269356739121610752
1269356758092394496
1269356771392577539
1269357136707977216
1269357160229675010
1269357174590976008
1269357189996699648
1269357215598723079
1269357221890207746
1269357240823304193
1269357700850343938
1269357731200339970
1269357754734518272
1269357832513740803
1269357950256271362
1269358250249596932
1269358431758102537
1269358639741128711
1269358701783252996
1269358762718101505
1269359118432849921
1269359283365392388
1269359373681393664
1269359476143984640
1269359512412135432
1269359623817101314
1269359642930528256
1269359713210204162
1269359929783193601
1269360621507743750
1269360826424721422
1269360840911859712
1269360897040044032
1269360971421794304
1269360981517484036
1269361089394991106
1269362363779682305
1269362617912614915
1269362851271106561
1269363238430523393
1269363430496051202
1269363946160521222
1269363976544178177
1269363998677438465
1269364112842244096
1269364144718917632
1269364189690281986
1269364210603118592
1269364251812126721
1269364318275076096
1269364350403448833
1269364380757614598
1269364489591427073
1269364531882536960
1269364608122474502
1269364748510015489
1269364826129805314
1269364837068537859
1269364857238958081
1269364857784205314
1269364864306249728
1269365019113934849
1269365121970733061
1269365173770489862
1269365216669827074
1269365251801321479
1269365340770897920
1269365420336844812
1269365532052070400
1269365545306120197
1269365605393727489
1269365667913969670
1269365861544058880
1269365871941767170
1269365933958668295
1269366086669152257
1269366097406562310
1269366322032447489
1269366558926802944
1269366574970015745
1269366601125629953
1269366779652030465
1269367307211603969
1269367502930350080
1269367799656439810
1269368195464548352
1269368330219110401
1269368422946746368
1269368600760123393
1269369048619417600
1269369320766922752
1269369445341892609
1269369525838983168
1269369721280958464
1269369772837404673
1269370097484869632
1269370233422254081
1269370708452356097
1269370811904917504
1269371803253817344
1269372434916007944
1269373369142706179
1269373490710417408
1269373560193155074
1269374159211167745
1269374266841194498
1269374429471088642
1269375536448581633
1269375901856337920
1269376195000504320
1269376201149353985
1269376368908931072
1269376427864068097
1269376518486179841
1269376638938120192
1269377460338135042
1269377573731143684
1269377671420616704
1269377958080372738
1269377966045265926
1269378704083505158
1269378809738002434
1269379795932131331
1269380535421460483
1269380739377831936
1269380766791696384
1269380774769373187
1269380776954642435
1269380970815389698
1269381166458646528
1269381441718308864
1269381479576068096
1269382019093536768
1269382301072400389
1269382483390402563
1269382517410365440
1269383007330328579
1269383168232210436
1269383357944692736
1269383751781568512
1269384836151676928
1269385420791590916
1269385698639052800
1269386053095493638
1269386133974265859
1269386538267402242
1269387075180257287
1269387093949714436
1269387307578200064
1269387482413531137
1269388596701564929
1269388813689860098
1269388821193523200
1269389303135776770
1269389591695556609
1269389665116794882
1269389733920112641
1269390389108146176
1269390608357109760
1269390660311945216
1269390683510620162
1269390819632599041
1269391153893425152
1269391316196229122
1269391353143791624
1269391420768608262
1269392119199928322
1269392283574636545
1269392350104694784
1269392422871748608
1269392586319564809
1269393811123437569
1269394557113790464
1269394993065725952
1269395171503943683
1269395551256182785
1269395688141578241
1269396036658827264
1269396491505995776
1269396556484091907
1269396701061709835
1269397557765079040
1269398692173406210
1269399147926433794
1269399794759409665
1269399826002780167
1269399897255616512
1269401195946356736
1269401371863851010
1269401464545275905
1269401562109169664
1269401728048381960
1269403249439891456
1269403658724225029
1269404547044315138
1269405482323709959
1269405857986621440
1269405978178596872
1269406301076979714
1269406330227494912
1269406518010658816
1269407511871963137
1269407577345056772
1269408124110323712
1269409071809146881
1269410705020780545
1269411672902549504
1269412112415240192
1269412771608879107
1269412974566965248
1269413797942484993
1269413929463222272
1269414131981058049
1269414942215753728
1269415164044083200
1269417155017261056
1269418299747696640
1269418993649057798
1269419786775207937
1269421893452468226
1269422230930436098
1269422365261344771
1269422582182350849
1269422851825827840
1269422901335220225
1269422983535374336
1269423295427944448
1269423542485094406
1269423572382027776
1269423994886926337
1269425140250574848
1269426584806543360
1269427186181824513
1269427260530057221
1269427832922537984
1269427919782371329
1269428254953345025
1269428303905140739
1269429208226443270
1269430438617067521
1269430577863819264
1269431023705698304
1269431197815496706
1269432238355156993
1269432933410131969
1269435999375044609
1269436337335263232
1269436610518581249
1269439149645406210
1269439374149771266
1269439406986928128
1269441889838731265
1269442099763609603
1269442838250618882
1269443291394826251
1269443384093167616
1269444659434131457
1269445034899845120
1269445435720171520
1269446607424159747
1269447146291564549
1269449175114137603
1269450460576047104
1269450466804539393
1269451011162353664
1269451556501536769
1269451731345330179
1269452278886432768
1269452337891983366
1269452499360112644
1269452598962278402
1269452866994962433
1269452986415230976
1269453157328998400
1269454484809400320
1269455017217609728
1269456013062819841
1269456221955907586
1269457215246696448
1269457235920457733
1269457348722130950
1269457479894806532
1269458127650504704
1269458852904341504
1269459468196237312
1269461331301863424
1269462890794418176
1269463005839929349
1269463382505242625
1269464382263693312
1269464629056548867
1269464656231481344
1269464809491308544
1269465208210284545
1269466552958681090
1269466763332288513
1269466835663171585
1269467180724355074
1269467753582379009
1269468201534083072
1269469239489986560
1269469422969913345
1269469626016112641
1269470835674357762
1269471250415529985
1269472783869886464
1269472826089705474
1269473283851812869
1269474208167464960
1269474536547909632
1269474680718712834
1269475222496960512
1269475364386078720
1269475478789914625
1269475529675157505
1269476762565726208
1269476773768691719
1269477989294751745
1269477995267395584
1269478007523160070
1269478024212295680
1269478089274392576
1269478113110634496
1269478128952500227
1269478183746887681
1269478589570912257
1269479020929916928
1269480304256995328
1269480671430545409
1269480780494974978
1269480838636470273
1269481164533829632
1269481381719138304
1269482565271982080
1269483979448684544
1269484150047809537
1269484153386516480
1269484227395026946
1269484440553689089
1269484708502532096
1269485502874468354
1269485577960898563
1269486434311946240
1269487100572958725
1269487125210320896
1269487654585995269
1269487721325694977
1269488178651594764
1269488407169978369
1269488454758469632
1269488532021825537
1269488614326652928
1269488712045350914
1269488973652656129
1269489169530839040
1269489704967249920
1269489885427138560
1269490230073143296
1269490672689610752
1269491904833601536
1269492083888398337
1269492336356216833
1269492904231305216
1269493879897640962
1269494372632051713
1269495468033298432
1269495505920364544
1269495670769168384
1269497503612899328
1269497519446339585
1269498824961282048
1269499458796097538
1269500481413545985
1269502103845769217
1269503050500145152
1269503841101381632
1269504096563802112
1269504407143579649
1269504582973100035
1269504683665653760
1269505041666379776
1269505473541218304
1269505920276541440
1269506268672200705
1269507167809396744
1269507299179200512
1269507517081702400
1269507548241104896
1269507720023085063
1269507897316253696
1269508224757174272
1269509096333611008
1269511424038121472
1269511789714321415
1269511870567809025
1269513313412669440
1269514281286094848
1269514570013556737
1269514660329521152
1269515045563752448
1269515171095105536
1269515296697704449
1269515711384375296
1269515825456824320
1269517830204129283
1269518341431005184
1269518391649460229
1269518842713329665
1269518859440185345
1269518873520492545
1269519151858683904
1269519300878127106
1269520109154033664
1269520143694127109
1269521920904564736
1269521965213245442
1269522012780797952
1269522599953997824
1269522851499032577
1269523095758536706
1269523635192180736
1269524332465831937
1269524566512144385
1269525420858277891
1269526412500905984
1269526674573582336
1269526924390432768
1269527548154843136
1269527744980926464
1269527976330264576
1269528085134704646
1269528464039837696
1269528607682158593
1269528651957239813
1269528845092356096
1269529684288704512
1269530591684440067
1269531674053918720
1269532532099473408
1269533264747913217
1269534091583635463
1269534190489477120
1269534949226491905
1269535008701788160
1269535379176161280
1269535927296237568
1269537104255737859
1269537390936428544
1269537916939907073
1269538554524434432
1269538645276536832
1269540098107899905
1269540827572903936
1269541130351325186
1269542617026617345
1269543079071100928
1269543924386971648
1269544464286191616
1269546423852380161
1269546594535452672
1269547952940503040
1269548141944229888
1269548181962067969
1269548946260664320
1269549034630455297
1269550308537098241
1269550756157325313
1269551061230137344
1269551684335931398
1269553116338413568
1269553122923417602
1269553529930293255
1269554916420390913
1269556001554006016
1269559131234619397
1269559560395776000
1269559870505857025
1269561761155383296
1269563007882924032
1269563454630891521
1269565288611225601
1269565369687080960
1269565441128751105
1269566220782776321
1269568316126920704
1269568373039468544
1269568380689883137
1269569101762101248
1269570137105072129
1269570372892012545
1269570521341067265
1269571408742559744
1269572860625981451
1269573102750621698
1269573122212212738
1269576260050653190
1269576829481951232
1269576942057111552
1269579151033487360
1269579378851274753
1269579664374317061
1269579829264990208
1269579997012000768
1269580854570991616
1269581707814019072
1269581857731084288
1269582561052942338
1269582750916411394
1269582784819060738
1269583496948916225
1269583815464419328
1269583985421824000
1269584418479509504
1269584767130968073
1269584892364492808
1269585164746842112
1269585446608257024
1269586149523312641
1269586589719592962
1269586601291722753
1269588955823038464
1269589039881105410
1269589073351643137
1269589217971261449
1269589273600294913
1269589279254118400
1269591451207446533
1269591648905973762
1269591854699479042
1269592526429794306
1269593080107237382
1269594889920143360
1269594931481530368
1269595501390958592
1269598878283808769
1269600473599881216
1269601307909914625
1269603947091595269
1269604633439240193
1269605218590887937
1269607160440393730
1269607808653295617
1269608626651631617
1269608986262765571
1269611027156676608
1269612985066143746
1269613982727507974
1269619191235186693
1269623631421870082
1269633978073591808
1269634600965410821
1269638830900031488
1269639386867601408
1269640385095180288
1269644640438935555
1269645762398470145
1269650905219117058
1269652057805512704
1269656589893545984
1269657148109344768
1269657170339139586
1269661961001844738
1269661967138140160
1269662557901656064
1269663130730332160
1269665227123175427
1269678238076411904
1269678241578651648
1269678598748864512
1269680157872267264
1269681374623076353
1269682324159041536
1269687212788105221
1269687752188141573
1269689334174801920
1269690976119009280
1269691266863955969
1269693754975432711
1269694544817328128
1269694801001226240
1269698646561263616
1269699332158210049
1269703257242447873
1269706550010163200
1269710120201715713
1269712531184025600
1269713437787066368
1269717574604009473
1269719429555851264
1269719820787945472
1269720656696037377
1269721988257452036
1269729851054882819
1269733878106853378
1269737469907533825
1269737483237044228
1269737500437884932
1269746810488266754
1269758114569555978
1269761509552533505
1269779553347686400
1269856229851041794
1269861665807491072
1269877345512501248
1269878905218961410
1269881337646850049
1269897140668694528
1269929495684952070
1269943447349313537
1269956276114657281
1269959884772179975
1269971350615134208
1269993332136173568
1269993654636154882
1269995675741290496
1269998101911175170
1269998112061431809
1270026320068648960
1270044233236430849
1270046086246338561
1270051041816567809
1270067670910742537
1270067688799436808
1270071637036142595
1270089421606567948
1270117025445183494
1270117062883643398
1270269235739189248
1270269450227519490
1270277531145572353
1270282992917843974
1270288829119856642
1270559846744629249
1270565086378299393
1270570399223480320
1270580650291142656
1270584396580601856
1270586106761875456
1270605242615373826
1270608693000916992
1270610222126641153
1270610322299195394
1270650175376195585
1270684127683989505
1270684496170541056
1270746690249797635
1270789346703159297
1270822654346498053
1270999837945757698
1271131711120666624
1271377387461238789
1271518913558446080
1271518929307996164
1271519018789322752
1272428413731692546
1273598650766315521
1274399344465268738
1275209628943605760
1275209657578029056
1276874759565971456
1279652959685656576
1282531682399203329
