id
1265456580423606272
1265456805775175680
1265458227468210177
1265460006113153025
1265467267820613633
1265475652075036672
1265476179932393472
1265476472929759235
1265476591959912449
1265476794897117185
1265479268416405504
1265479843766046720
1265481909175541762
1265482065539149824
1265482189883314177
1265482940844130304
1265483138500833281
1265483275490988033
1265483510418194437
1265484368899911685
1265485088197918729
1265486226364272640
1265486269473226754
1265486769291575296
1265487153485754369
1265487767733231616
1265487940760764423
1265488920499949568
1265489507937378307
1265490905693409280
1265490985397739523
1265491830239526913
1265492164093624322
1265492358835077120
1265492573528961024
1265493019047997445
1265493600126881793
1265493627859591168
1265494056781656065
1265494116953198595
1265494332481638401
1265494665417154560
1265494812444286977
1265494992736354312
1265495045765029889
1265495404587683840
1265495421587243009
1265495760935751683
1265495817328173058
1265495834050904070
1265496245428240385
1265496302642778113
1265496498768314369
1265497131412054018
1265497190119682049
1265497437281685506
1265497454516068352
1265497699127787521
1265497933690155012
1265498158362230784
1265498191539118087
1265498594196537346
1265498671745040387
1265498855652589568
1265499015539576834
1265499053661523969
1265499129188421632
1265499496328368131
1265499547150811136
1265500079533809664
1265500202246590467
1265500257351278592
1265500383864119297
1265500495948517377
1265500646838603781
1265500726068940800
1265501059184824329
1265501108941795333
1265501518792441859
1265501916227948546
1265502904980553731
1265503201765269506
1265503242865315840
1265503320656969730
1265503609925570560
1265504232104493058
1265504265067528192
1265504633918820352
1265504835677421575
1265506180840992768
1265506199585382400
1265506525952512012
1265506672480526337
1265506839778725898
1265507113356460033
1265507182730194946
1265507216586682370
1265507347499188227
1265507583135232003
1265507714454769665
1265507741747089409
1265508175404584965
1265508284032745472
1265509039301169155
1265509594278887427
1265509853264568322
1265510571920822272
1265510740934492160
1265510943070576640
1265511499205926914
1265514729088450562
1265514967165538305
1265515034727383044
1265515971802025984
1265515997445926912
1265515999278895105
1265516101514993666
1265516111086465025
1265516347305402370
1265516590050795520
1265516797782040576
1265516907131789312
1265517003588206603
1265517219506774016
1265517757258399746
1265517951698042880
1265518008891572224
1265518146439577600
1265518962026176512
1265519197343358977
1265519949193371651
1265520160020074496
1265520423749459969
1265520955721465857
1265521108876394502
1265521126727450624
1265521147061374979
1265521284290613254
1265521481330634758
1265521565229363200
1265521695001059328
1265521823137103873
1265521872223035394
1265521875733622784
1265521875947524096
1265521879940501512
1265521896415789056
1265521905378959363
1265521915478892550
1265521916795904004
1265521931169693696
1265521940317511687
1265521942859309057
1265521959560937473
1265521990384922624
1265521991790006274
1265522006184931328
1265522041098289152
1265522046131372033
1265522055191166977
1265522070798172160
1265522072891068417
1265522074661072899
1265522087860502530
1265522111503839232
1265522112762130433
1265522116910370817
1265522141107281921
1265522141811879937
1265522154415800323
1265522159255986176
1265522161135104003
1265522174720385024
1265522179652845568
1265522180965744641
1265522183591387138
1265522193183670276
1265522209994440704
1265522221419823106
1265522223743410179
1265522248481411074
1265522257645973507
1265522262150701057
1265522270614806528
1265522290395099138
1265522295940005888
1265522312239034369
1265522320246026240
1265522328492007424
1265522328613650432
1265522330115194880
1265522339032203273
1265522354786091008
1265522357147504640
1265522360200957953
1265522392983617538
1265522405314899968
1265522407986663425
1265522410071232516
1265522420234039299
1265522459605897216
1265522471819673600
1265522477792399362
1265522485753233413
1265522489469415424
1265522504556314626
1265522505953009666
1265522516975640581
1265522526282809345
1265522527553630216
1265522537401901064
1265522537875865600
1265522543026470919
1265522553789001735
1265522558247591937
1265522559333928962
1265522578925457409
1265522609506193416
1265522649951866881
1265522652904595460
1265522655685468161
1265522729815552000
1265522773369241602
1265522884765790210
1265522890235092992
1265522914750877698
1265522937941168128
1265522978562936832
1265522980471345152
1265522981566132224
1265523025052655616
1265523090739662848
1265523098851385345
1265523104345964547
1265523113770520579
1265523115267891201
1265523115364438018
1265523127628566530
1265523130153472001
1265523133072707584
1265523138168868864
1265523148923027456
1265523158523826176
1265523181596614656
1265523232356151296
1265523237007560704
1265523237489967107
1265523282494795785
1265523292821209088
1265523324169465856
1265523328464359424
1265523335166861312
1265523341387063298
1265523349515571200
1265523361813278722
1265523364120199168
1265523419313049605
1265523475390873602
1265523500883861504
1265523514167242752
1265523539265929227
1265523540402593798
1265523554017255424
1265523595436003329
1265523612716539904
1265523640310824962
1265523642957430784
1265523648372375556
1265523652310818818
1265523654227636226
1265523660342861826
1265523719679676420
1265523719981748224
1265523735970435072
1265523739946516484
1265523773748523008
1265523818191302666
1265523836595904513
1265523854979497985
1265523870515302402
1265523877029036032
1265523879952494602
1265523886730461185
1265523895249092610
1265523899053289477
1265523901674795011
1265523911984373769
1265523913200730115
1265523914731671553
1265523968750030851
1265523988375252992
1265524002501677057
1265524035833737217
1265524044583129089
1265524048752267265
1265524089730600967
1265524131501682691
1265524140171235331
1265524146869600258
1265524149096759305
1265524150199881729
1265524163109937152
1265524173000056834
1265524174778490882
1265524180277243910
1265524182630248455
1265524184601542656
1265524186992324608
1265524193917009920
1265524233419001857
1265524245716783105
1265524251748114433
1265524255497879557
1265524331431559172
1265524332077502466
1265524339543347201
1265524342424768512
1265524358992334849
1265524360707792897
1265524390525100040
1265524414545788928
1265524471156355072
1265524472884453377
1265524484657774592
1265524504018792449
1265524555570913298
1265524572536877056
1265524581940580354
1265524599615299586
1265524690124263424
1265524692108091394
1265524693819424768
1265524695786545154
1265524697552355328
1265524705345310721
1265524761834250242
1265524772378759171
1265524791890640896
1265524797229973505
1265524799956226050
1265524801961177089
1265524803689156613
1265524822685167618
1265524823888928769
1265524836639608836
1265524848954130433
1265524854234779652
1265524855052603392
1265524876993011715
1265524880361107460
1265524886245605376
1265524897113145346
1265524912762036224
1265524920492134401
1265524927828045841
1265524931200237570
1265524946966585344
1265524984497213441
1265524985457782784
1265525010824822790
1265525019985281027
1265525026637459457
1265525050893045765
1265525053757800448
1265525072460156928
1265525086485991427
1265525108635992064
1265525109349122048
1265525115950960640
1265525117766991873
1265525141259325440
1265525176302780417
1265525194132774912
1265525200709435392
1265525202227789830
1265525206854111234
1265525215116886017
1265525216513527808
1265525225229352970
1265525236860096512
1265525243780743171
1265525244904824835
1265525259979063296
1265525260620828673
1265525282146050049
1265525282439671808
1265525288668221441
1265525298289954817
1265525325234081792
1265525331160715267
1265525362701873157
1265525371589537798
1265525373938401280
1265525386470993928
1265525397103443968
1265525402971373569
1265525429148037126
1265525433417728009
1265525441596731392
1265525449834233859
1265525451939815426
1265525468930940928
1265525484613402625
1265525486316380162
1265525488321249280
1265525489638297600
1265525498710568961
1265525500413382667
1265525518700552200
1265525523574403074
1265525524576841729
1265525533535883266
1265525534915809281
1265525538548060161
1265525542335414272
1265525569569112071
1265525574463893513
1265525588346974208
1265525600938274816
1265525606265032708
1265525624489287686
1265525629354676226
1265525631082795009
1265525631623798791
1265525653547421698
1265525671171891201
1265525673680142336
1265525688473395203
1265525692025974786
1265525706202718208
1265525713257586688
1265525722451447810
1265525726360612866
1265525729976111111
1265525733067239428
1265525741460107270
1265525743632748544
1265525743712374786
1265525753606701059
1265525778571243530
1265525784854364162
1265525790554365953
1265525817620271113
1265525824565981196
1265525834342940678
1265525834619785216
1265525858380513284
1265525873463234562
1265525873643528192
1265525874314674178
1265525883948929033
1265525897358200837
1265525906740858880
1265525918103150593
1265525918862315531
1265525946528010242
1265525953020809219
1265525956611133440
1265525969089110019
1265525969848279041
1265525989125304320
1265526011237720064
1265526014765080578
1265526020372934659
1265526022549766146
1265526031693352960
1265526033580687365
1265526034683879425
1265526042665668608
1265526044255281153
1265526053965004810
1265526054090833920
1265526054623510529
1265526060994777091
1265526065776283649
1265526067525279745
1265526082754752512
1265526086089281536
1265526091818717184
1265526098122678272
1265526109799579649
1265526110730817536
1265526111011733504
1265526117433249792
1265526137314304000
1265526138249662464
1265526148487938053
1265526152975745024
1265526167370694657
1265526198110687240
1265526207392727041
1265526220214722566
1265526245216960517
1265526269749473281
1265526287847825410
1265526291421421570
1265526304453144579
1265526313068244992
1265526316792778753
1265526321200992258
1265526329316950018
1265526394349592582
1265526398770466826
1265526403631644673
1265526464331595777
1265526466365833218
1265526498775183360
1265526506249506816
1265526513425883137
1265526522322051072
1265526588768223232
1265526641503211525
1265526648428023810
1265526675531497473
1265526683949584384
1265526694875738112
1265526701154541569
1265526722209996801
1265526760910790657
1265526764987715584
1265526807769612288
1265526818863484928
1265526849146322945
1265526853126836230
1265526898462949377
1265526912501284870
1265526912895590402
1265526917870096390
1265526949860048897
1265526958722514944
1265526967845216259
1265526976581902336
1265526979304067073
1265526982936313856
1265526983414464513
1265526988925739008
1265526992377712640
1265526994294525952
1265526999382134785
1265527000564989952
1265527002766901250
1265527009809219587
1265527022715092997
1265527055212515328
1265527059620728845
1265527066247774209
1265527071746506752
1265527079770230784
1265527096111173641
1265527108027265026
1265527120320704512
1265527139992055809
1265527155150200832
1265527170690101248
1265527180118851585
1265527208359137281
1265527217800560641
1265527251375972352
1265527252156022787
1265527273450622979
1265527276810182656
1265527310532345856
1265527327083188224
1265527331864694786
1265527345055698945
1265527366757031937
1265527373375692801
1265527383643258880
1265527385010720774
1265527391989968896
1265527395852918785
1265527397333585922
1265527398424031233
1265527415645908992
1265527433962442758
1265527440199254018
1265527463960088577
1265527502434455559
1265527515717734406
1265527549259649026
1265527549758750721
1265527558604558341
1265527567525851139
1265527592591003649
1265527642650030080
1265527643702730753
1265527674019119104
1265527689613578240
1265527707481395201
1265527725923721220
1265527740251414532
1265527742067609601
1265527744470925313
1265527752481964034
1265527761973772288
1265527788418801666
1265527815144902656
1265527833318903808
1265527863979192322
1265527867271794689
1265527878218891266
1265527893029015553
1265527897353342976
1265527913925017603
1265527928084889609
1265527948234371081
1265527959764549633
1265527974947938306
1265527977972023296
1265527989909028865
1265528002743611394
1265528011786530819
1265528030845456385
1265528111476678656
1265528155890221062
1265528170343735300
1265528184600231936
1265528206062424068
1265528239570784257
1265528249213497349
1265528277197864960
1265528280309993473
1265528283183054848
1265528284328099840
1265528300597886982
1265528303747727366
1265528315726700547
1265528358693212161
1265528417438572544
1265528428247363588
1265528437533487105
1265528475638784005
1265528508949893121
1265528546212089856
1265528553174708224
1265528554349092864
1265528555120799752
1265528556798521347
1265528566671970304
1265528572200058882
1265528577040289792
1265528580471173120
1265528582304141313
1265528616638709760
1265528618819690500
1265528643390001152
1265528643637448710
1265528649727475722
1265528655293415425
1265528665632317443
1265528669461676032
1265528676982181888
1265528680224378880
1265528689812484103
1265528691158847489
1265528707818676224
1265528727154417664
1265528734687297537
1265528735366873103
1265528779994169346
1265528786273153028
1265528786457591815
1265528788978405378
1265528791071445001
1265528793273372672
1265528794749833216
1265528810470072326
1265528844452335616
1265528848655036416
1265528851574161415
1265528851934908418
1265528853285556225
1265528856175394816
1265528891298496515
1265528920692097028
1265528965357285376
1265528976124137472
1265529031648333825
1265529068558090240
1265529074748919808
1265529075516530688
1265529082915233792
1265529123331608581
1265529124916953088
1265529136631734283
1265529156357496833
1265529169200525316
1265529171196985344
1265529180294451205
1265529194827649026
1265529195364519937
1265529197214253057
1265529210929586177
1265529227295801344
1265529236078690305
1265529252398727174
1265529290633904134
1265529294316621828
1265529295792979968
1265529306161254402
1265529317532057603
1265529323294986242
1265529335219466242
1265529346497921029
1265529348192436224
1265529348448231425
1265529377598685185
1265529381751066629
1265529387430150147
1265529389179113475
1265529416404414464
1265529420221231104
1265529434808950789
1265529436897775619
1265529442874658818
1265529458376822785
1265529466270494721
1265529466710888449
1265529468598341632
1265529470275985409
1265529470515130372
1265529470649274371
1265529474122231809
1265529494359756806
1265529498998575120
1265529513867444225
1265529514983120904
1265529515226390530
1265529524286042112
1265529537728741376
1265529548051021825
1265529558167621632
1265529558402576384
1265529559899873282
1265529575381008389
1265529580225527810
1265529588081360897
1265529607421394946
1265529611502444545
1265529625511374850
1265529628506181638
1265529646533181441
1265529646759714816
1265529648341028864
1265529666426765312
1265529695162044417
1265529703022149634
1265529704792166400
1265529715940569090
1265529718113284099
1265529719912628224
1265529720688558088
1265529754217783296
1265529754901504000
1265529768553955329
1265529777072541696
1265529780943966215
1265529785788366850
1265529817279102976
1265529837625774080
1265529866000248832
1265529872522379265
1265529874023882754
1265529886653001730
1265529896337575942
1265529910761852931
1265529939710935041
1265529944815345665
1265529946337837056
1265529954487459841
1265529967368167430
1265529977291837441
1265529977442906114
1265529981712678912
1265529992152322049
1265529995071545348
1265529996359106563
1265529999513268224
1265530019931131905
1265530033235468289
1265530035617832960
1265530041389191168
1265530042718867469
1265530042936897537
1265530052831252480
1265530056283238400
1265530057617014785
1265530058405490688
1265530063677685760
1265530065598758913
1265530069713379329
1265530077720326148
1265530081197330438
1265530083755864064
1265530089200115728
1265530100143001605
1265530101384478720
1265530103456583688
1265530114525233152
1265530119864582146
1265530122402226177
1265530123287175170
1265530133370343424
1265530134242754569
1265530141528162304
1265530145537953797
1265530155465945088
1265530166308192258
1265530168250073096
1265530175162376192
1265530175820828682
1265530175825076225
1265530177192370176
1265530179541176322
1265530184704364545
1265530185086009345
1265530187057422337
1265530188785487885
1265530189540450304
1265530199258644481
1265530207357845504
1265530214941175808
1265530215465451529
1265530216472088576
1265530219584262147
1265530234662723585
1265530247107227649
1265530249204375559
1265530253117739008
1265530255743344642
1265530256485683207
1265530263687368712
1265530266782752768
1265530267126677504
1265530278551879685
1265530282121322496
1265530287410249746
1265530301335379970
1265530303982063616
1265530314971062272
1265530316204191744
1265530320339832833
1265530327734386688
1265530331177910273
1265530332465463297
1265530336424968192
1265530348445880321
1265530359560708106
1265530369224425475
1265530382956531712
1265530387268321281
1265530400589451267
1265530404318195712
1265530418234826757
1265530418880811008
1265530430159228933
1265530442066911233
1265530452678520833
1265530471506751497
1265530485930954753
1265530498195034113
1265530515819507713
1265530524195524615
1265530527970398208
1265530532802199556
1265530539643199488
1265530541111226368
1265530541689974785
1265530551743766530
1265530559020875777
1265530561340289032
1265530565794594816
1265530576385212417
1265530577194811392
1265530583544971265
1265530590155157505
1265530600607428610
1265530610958897160
1265530613571911687
1265530624242331648
1265530635428519936
1265530641183059973
1265530642063937537
1265530658513981441
1265530662519558147
1265530665287782401
1265530666885709824
1265530676641742850
1265530701782319105
1265530714776363008
1265530725950009349
1265530739636015105
1265530742848794625
1265530750633476100
1265530754618064897
1265530761278558209
1265530768350236673
1265530768866136064
1265530771030315010
1265530795332120577
1265530801812365312
1265530814676250631
1265530829385748487
1265530839196147719
1265530842014720004
1265530852336959488
1265530859362320386
1265530899531214848
1265530903503278082
1265530963775361035
1265530986915389441
1265530991386517507
1265530999720620034
1265531021308694532
1265531035338584065
1265531036592680961
1265531058772205574
1265531069337608197
1265531080083374080
1265531083686379527
1265531122705993734
1265531132562542592
1265531139462135811
1265531141794267140
1265531149096570888
1265531165919895554
1265531185226231810
1265531197632978945
1265531209758789635
1265531214477352960
1265531215597223936
1265531220508717056
1265531233968312320
1265531245934653447
1265531256189657088
1265531269582139401
1265531326607826951
1265531328633671680
1265531330986737664
1265531358019026956
1265531400041750528
1265531404374495233
1265531409025859592
1265531412599451653
1265531432157548544
1265531438029471746
1265531456694222850
1265531474645827584
1265531492589060097
1265531495399161858
1265531499048325121
1265531513430564867
1265531526760054784
1265531537841434627
1265531547580588035
1265531555889524736
1265531559911862282
1265531564777254923
1265531571056099330
1265531583521587201
1265531584071045131
1265531592451280896
1265531600835616769
1265531612629999617
1265531620733472768
1265531648264802304
1265531654904451075
1265531666191257600
1265531687896854528
1265531782671335425
1265531784936243200
1265531793450688513
1265531800933335040
1265531807811993602
1265531815093317632
1265531820143267841
1265531902070587395
1265532036355436545
1265532051547205632
1265532052075622400
1265532072522891266
1265532086192091138
1265532108648448000
1265532117552893953
1265532132568502273
1265532147965857795
1265532175564316672
1265532194447134721
1265532195596271623
1265532202147815426
1265532203112562690
1265532203116658690
1265532226378268672
1265532234993451011
1265532236209827841
1265532247614148608
1265532255251947524
1265532272612081669
1265532273744584706
1265532285778092034
1265532290249220104
1265532297274671104
1265532309601759233
1265532319332474880
1265532321383489538
1265532323937820673
1265532328350277633
1265532355722334208
1265532356296945669
1265532358414999558
1265532365020987393
1265532385413795840
1265532386449784832
1265532399536033794
1265532424651407360
1265532427394519041
1265532446382194694
1265532457211887616
1265532459283775489
1265532471506067465
1265532478850203648
1265532539944476672
1265532542813384709
1265532588233568258
1265532598169862145
1265532601076453377
1265532615119044620
1265532645838147584
1265532651487858688
1265532667531079680
1265532676326506500
1265532676519444480
1265532684044062720
1265532687483371520
1265532706798080000
1265532733255802881
1265532749106024448
1265532760820723713
1265532780416512008
1265532790503768064
1265532797923528704
1265532864180994049
1265532906690293761
1265532957638492161
1265532963594407941
1265532983643168768
1265532993864597515
1265532994728714244
1265533009530368001
1265533022872440834
1265533026609627136
1265533042506022913
1265533070146494464
1265533075645177857
1265533091503898625
1265533092632166403
1265533100328652800
1265533107693813761
1265533122310963200
1265533125930766339
1265533132012478470
1265533144201035784
1265533144435916800
1265533155873865730
1265533161410383872
1265533173716455424
1265533182826483716
1265533193282871298
1265533196554440712
1265533212643786754
1265533221070090241
1265533251520790528
1265533285888909312
1265533291811266560
1265533372073476097
1265533379170230272
1265533417011232768
1265533448246235136
1265533450842505217
1265533500192624641
1265533527938019331
1265533554446012416
1265533623371010053
1265533661987909632
1265533690609913859
1265533719550611463
1265533755457929221
1265533941265637378
1265533948307832834
1265533962321100801
1265534004863946757
1265534039664009216
1265534075214925824
1265534086787010565
1265534099760058368
1265534124556763137
1265534211366281216
1265534237534494723
1265534302424641536
1265534330828398594
1265534369596411904
1265534393428463622
1265534394934145035
1265534425003106304
1265534434591285249
1265534459060912129
1265534487817052165
1265534521354616833
1265534544691843077
1265534565617197056
1265534576874659844
1265534577096962048
1265534586202750978
1265534607933550592
1265534608109703168
1265534627265089542
1265534627508256768
1265534649855598596
1265534713957167104
1265534747306049542
1265534756936187904
1265534778327150594
1265534806550614017
1265534829866692609
1265534833624846339
1265534846060965889
1265534848460034049
1265534849454088193
1265534864683601921
1265534864918556672
1265534887995604992
1265534906530177024
1265534914105085953
1265534914440691715
1265534924897103873
1265534926524383233
1265534934040674305
1265534944295751683
1265534945616957440
1265534964063494144
1265534965837639680
1265534973454532613
1265534987824238596
1265534990143623169
1265535080317030401
1265535168443449347
1265535168825221123
1265535204590059521
1265535247829151747
1265535267601031169
1265535298198519816
1265535307279224834
1265535331610300417
1265535367194775552
1265535425348882432
1265535507460698112
1265535508324798464
1265535521788497923
1265535540918714369
1265535557792337922
1265535573583896577
1265535585860628481
1265535591413960717
1265535601417338880
1265535613010358274
1265535623877799938
1265535641619750912
1265535652378132481
1265535665460174852
1265535968527945730
1265536015021850626
1265536034319863809
1265536134123323392
1265536135788408832
1265536226431512585
1265536240117579779
1265536449937580033
1265536561325707264
1265536586906828801
1265536732981866499
1265536745548009477
1265536748039348225
1265536755337494529
1265536757443047430
1265536778133536769
1265536820659585024
1265536841626853380
1265537010317570055
1265537022690840577
1265537065275600897
1265537065816637440
1265537116961988612
1265537131159662597
1265537187958984706
1265537249720107014
1265537310206177281
1265537336353398785
1265537351327105024
1265537436962168835
1265537454112735232
1265537476648673286
1265537498085801990
1265537518986055681
1265537549818384386
1265537553651978241
1265537568365477897
1265537597381791750
1265537600330305536
1265537642143330306
1265537660422103047
1265537690042318850
1265537695012585472
1265537705712259072
1265537715434655748
1265537722757918722
1265537730278195208
1265537759554555916
1265537777359302657
1265537798859358210
1265537804634906624
1265537812507643904
1265537827141492737
1265537864852480006
1265537874604306435
1265537876378468353
1265537928622739456
1265537931034402816
1265537986151813120
1265537992925609993
1265538027159539717
1265538042124738560
1265538053919125505
1265538073980436482
1265538101641990145
1265538103466430467
1265538119065100288
1265538141815013377
1265538174832578561
1265538200778551296
1265538230893625347
1265538231761764352
1265538303807406083
1265538324065894402
1265538340297809920
1265538366675849216
1265538379841769480
1265538397571031041
1265538461580263424
1265538550092763138
1265538580732162050
1265538708746493958
1265538709908344839
1265538738232401921
1265538757291315200
1265538760726458379
1265538764618825728
1265538784722137088
1265538801830637568
1265538818079444999
1265538833069858818
1265538893144829958
1265538921527758856
1265538953849028609
1265539032899104772
1265539057385340931
1265539068814819329
1265539114155327499
1265539142827552768
1265539191041069064
1265539250528882695
1265539365582897153
1265539373711400960
1265539387066105856
1265539387183501312
1265539398688485382
1265539489872650240
1265539580016590848
1265539666343845888
1265539751559532544
1265539763953717266
1265539807201148928
1265539810132926465
1265539930266238982
1265539980073537537
1265540000424308736
1265540119068651522
1265540130846244864
1265540225104777217
1265540259586158592
1265540291932676099
1265540295875334145
1265540341110902785
1265540351437221888
1265540459599933441
1265540463135731712
1265540520190885891
1265540560305168392
1265540567087415298
1265540613002461186
1265540626797531141
1265540652189782024
1265540675522777092
1265540679175933953
1265540688193650688
1265540790295629827
1265540843332685829
1265540876559884289
1265540885040726017
1265540891051163648
1265540892703830023
1265540901910315009
1265540912744214529
1265540925402603521
1265540936991485954
1265540937037615105
1265540952803991557
1265540958634029060
1265540972789841921
1265540983007174656
1265540983623729152
1265540989013426177
1265541024241389568
1265541144122966025
1265541167611023361
1265541245260173316
1265541266277875712
1265541336058527745
1265541386381688840
1265541498285830146
1265541513813151744
1265541527767584768
1265541560076324865
1265541570868260865
1265541580309573636
1265541595392335872
1265541615348781058
1265541626472140807
1265541643324792834
1265541675184685056
1265541699826262017
1265541721246650369
1265541748140445696
1265541829396705280
1265541916717977600
1265541941745324032
1265541979800317952
1265541999056297989
1265542010766798851
1265542015284109318
1265542050130415616
1265542069730279425
1265542080706863105
1265542093604302850
1265542106145329153
1265542120544354306
1265542132028321792
1265542143650738178
1265542155940044800
1265542171811295232
1265542184381677568
1265542201376899072
1265542223803932674
1265542380595404800
1265542417459171329
1265542580491730945
1265542657444663297
1265542661777260549
1265542751686451200
1265542756161683460
1265542759986888704
1265542810129829889
1265542833437622273
1265542883236511745
1265542970792706049
1265543062928883713
1265543198199382027
1265543363132088326
1265543388226600967
1265543431457312770
1265543440265367572
1265543450142932992
1265543508032655364
1265543511610441728
1265543520380739586
1265543532372275200
1265543546293178368
1265543555365437444
1265543565201022977
1265543575443570688
1265543584322850825
1265543593521025027
1265543604686270464
1265543616518410241
1265543626953838594
1265543670503215104
1265543721313067009
1265543725473726465
1265543757467987971
1265543799335501825
1265543815202512897
1265543863135014913
1265543877643173888
1265543895800262658
1265544020375281664
1265544079657635840
1265544132300345345
1265544189032488962
1265544232481312775
1265544294229737475
1265544430838308864
1265544600711806979
1265544621024829447
1265544635683942402
1265544726029139974
1265544742110183432
1265544777841475586
1265544780509036547
1265544829343318017
1265544842555334656
1265544914999402498
1265545104095395841
1265545120084045832
1265545138404810755
1265545525123842049
1265545559370317826
1265545562692161542
1265545619587948546
1265545650105614339
1265545736583811073
1265545772549967873
1265545793898938368
1265545796692426754
1265545830792138754
1265545839658840066
1265545862522028034
1265545931803500544
1265545956545761280
1265546039081213958
1265546087122731015
1265546098036420609
1265546130546470912
1265546206605971457
1265546238243606534
1265546299279015940
1265546299547492354
1265546361237315589
1265546439402360834
1265546470310195200
1265546481299337216
1265546642566021122
1265546700858560512
1265546705996517380
1265546770987266059
1265546785176670216
1265546838612082690
1265546869511520257
1265546952835510272
1265546974943723521
1265546985895079936
1265546999396536320
1265547002911379457
1265547158134104071
1265547219815579648
1265547233677754369
1265547297804386307
1265547322630574082
1265547427240706055
1265547463034916864
1265547480030220290
1265547645864550402
1265547940636090368
1265548035003686912
1265548190725615618
1265548208270381057
1265548290445193216
1265548346242064384
1265548375807623170
1265548458804551683
1265548461711208448
1265548519676485632
1265548535979814912
1265548570360459265
1265548629093355521
1265548825562959872
1265548892659224577
1265548949072592896
1265548959872884736
1265549096129040391
1265549108208635905
1265549238244651008
1265549277297860610
1265549295643701250
1265549366200238081
1265549436614213633
1265549618584137729
1265549780987543556
1265549854538903556
1265550069127942147
1265550084869103617
1265550134806446083
1265550162132447233
1265550197976903681
1265550280957071361
1265550289169457154
1265550325735399425
1265550938481311749
1265550960706928642
1265551011772608517
1265551017116143617
1265551072258674691
1265551091090980864
1265551117011890178
1265551150159474688
1265551153066135556
1265551158447407106
1265551393487835136
1265551400840331267
1265551452853936130
1265551473112481792
1265551628167413764
1265551632839905282
1265551674879459328
1265551853942722568
1265552035753218049
1265552115268833281
1265552213419704320
1265552242054176768
1265552265030623234
1265552279882608640
1265552310459138048
1265552322891046913
1265552345934573568
1265552392055132160
1265552486028447746
1265552617771618307
1265552639414190081
1265552758423392257
1265552784994316297
1265552786411991045
1265552808713105409
1265552828204015616
1265552846956703744
1265552851411091463
1265552861628379139
1265552892142014466
1265552900807368704
1265552938988113922
1265552968193134592
1265552994998894597
1265553188700160000
1265553189828427776
1265553205661925379
1265553231234707457
1265553329582637056
1265553431898591232
1265553490828500997
1265553501050015744
1265553528438874118
1265553621258821632
1265553754029461514
1265553764787924992
1265553778440384512
1265554000901963785
1265554052626231301
1265554072658227202
1265554271958900737
1265554396299104258
1265554429715021829
1265554679725019139
1265554821857390594
1265554871803052036
1265554988031451143
1265555009531502595
1265555109020405760
1265555268924051456
1265555321826705411
1265555323357745157
1265555377845927937
1265555398876168201
1265555414978048001
1265555459370553345
1265555482145697793
1265555511199576070
1265555554929455105
1265555639696347136
1265555687792394243
1265555919687073793
1265555952541093888
1265556008103002114
1265556164722544640
1265556231671996417
1265556297405083648
1265556316262719489
1265556365755453441
1265556385175154688
1265556411062378496
1265556541391933442
1265556575135072256
1265556629996609538
1265556661978238977
1265556954732167170
1265556966874767361
1265557212870717440
1265557522112446468
1265557533969833984
1265557536746373121
1265557670725066753
1265557741176852486
1265557751909974018
1265557798450008064
1265557974510157826
1265557979950125058
1265558038880104459
1265558108350398466
1265558141930012674
1265558265779421184
1265558273622671360
1265558647507165186
1265558745133789191
1265558892714614792
1265558995391127554
1265559037007069185
1265559177193234432
1265559233971486722
1265559273855221760
1265559397977161731
1265559448120107011
1265559457070747648
1265559466587684870
1265559484266614788
1265559492680462337
1265559506316144646
1265559518899056642
1265559532090142724
1265559544324907008
1265559556219944962
1265559569209704448
1265559569973026816
1265559655968800769
1265559752379170816
1265559848596451328
1265559897858609155
1265559989667729408
1265559994256195585
1265560227220541445
1265560253153845251
1265560359785676802
1265560424424112128
1265560430920990720
1265560445768871936
1265560451229913089
1265560469496102915
1265560493525172224
1265560494863155200
1265560552245547009
1265560631647899650
1265560670461927434
1265560696680480768
1265560710836359168
1265560775701286920
1265560822060847105
1265560862221373444
1265560926792683520
1265560995013033987
1265561028747767811
1265561072947298309
1265561076055322635
1265561164387401729
1265561232188334083
1265561272684339206
1265561328313384965
1265561437931528192
1265561528599797766
1265561549529325570
1265561579543826433
1265561590876815361
1265561603187118082
1265561620513767424
1265561801439281152
1265561813917356039
1265561876584443905
1265561893126758401
1265561907014098945
1265561929499770886
1265561995245428738
1265562011204755457
1265562026891493376
1265562033686294533
1265562066154373120
1265562280437186562
1265562299093389315
1265562327379836929
1265562366592331777
1265562531785052160
1265562813499572226
1265562842964594689
1265562877458604032
1265562987282272265
1265563000628535298
1265563050050011136
1265563074280464384
1265563083759591424
1265563188113833986
1265563257902858241
1265563289867739136
1265563312030433284
1265563323753533447
1265563409036255237
1265563414832832513
1265563427017277443
1265563444109074433
1265563486844846081
1265563531220484096
1265563560563924997
1265563582986584068
1265563755334819843
1265563761957617664
1265563765833191424
1265563787903541252
1265563800209707012
1265563814457757698
1265563826658906112
1265563838260314113
1265563866219634689
1265563879750459393
1265563932938428416
1265563940081356804
1265563958393679872
1265563973837094919
1265564110814679041
1265564197477404678
1265564260865839104
1265564374070112256
1265564505511211009
1265564526482788352
1265564566039265280
1265564662134865922
1265564763469348869
1265564794146435073
1265564821761724416
1265564856599621633
1265564923687510019
1265564930268332033
1265565140130435080
1265565314701459456
1265565666330935298
1265565932795170818
1265565957440897024
1265566184436633601
1265566239868571651
1265566629666197505
1265566826433478657
1265566831865139201
1265566905043234817
1265566926497099776
1265567060320542721
1265567123327287296
1265567189995749376
1265567202842984449
1265567424096731136
1265567549330272256
1265568041556901889
1265568102596644872
1265568384822972417
1265568840458670080
1265569429183758337
1265569530455166981
1265569583320236036
1265569632292876288
1265569641478467588
1265569770243608577
1265570157595942916
1265570195004891142
1265570703006466050
1265570809562705920
1265570828986585090
1265571407934763009
1265572208090517504
1265572617785954309
1265572649071190016
1265572661205360640
1265572817111846913
1265572858333401094
1265573334605053952
1265573630349631491
1265573828685705216
1265574040846163968
1265574064103600129
1265574078620086272
1265574381457231873
1265574407562502144
1265574687624646661
1265574795523039239
1265575051694309378
1265575330984624131
1265575430750437378
1265575561117736960
1265575789715771392
1265575980783058946
1265576023296532484
1265576037766893570
1265576185423171586
1265576395540922368
1265576458413584384
1265576473781579779
1265577292002217986
1265577465864499206
1265577970015571968
1265578087741222912
1265578297490132992
1265578730564575233
1265578737510363136
1265579560462102530
1265580471238266880
1265580638960103425
1265580702407548929
1265580711299428355
1265580713719607304
1265580726168231936
1265580740500164608
1265580844330123264
1265581138883620864
1265581173947809792
1265581574319374336
1265581747351191557
1265581906478981120
1265581926263521281
1265581930537418753
1265582108388610048
1265582167008124929
1265582182027886592
1265582206392598528
1265582507090575360
1265582668932091905
1265582968585613313
1265583641364742146
1265583754594172928
1265583830074748928
1265584168114814978
1265584224846954498
1265584353679011840
1265584729924857856
1265584788011978753
1265584798665342976
1265584845926699008
1265584929896828929
1265585009391476739
1265585170746310661
1265585317765165056
1265585415525937153
1265585429694296064
1265585497532850176
1265586107007336449
1265586184333524995
1265586299832020994
1265586514307801088
1265586652275236864
1265586730960392199
1265586794042621952
1265586860455272449
1265586914335363073
1265586961848258561
1265587073559429120
1265587094505820161
1265587119147237376
1265587172570267648
1265587201552928774
1265587203071246336
1265587245777649664
1265587284054769664
1265587297199837185
1265587307375140871
1265587351977431040
1265587609931153410
1265587623227088899
1265587625815089154
1265587748812947456
1265587856690442242
1265587875736928258
1265588291853746177
1265588345515712514
1265588619605147648
1265588804074823682
1265588844373647361
1265588918122172416
1265588920718417920
1265588952179683328
1265588983314120706
1265589037559144449
1265589076981436421
1265589293705093122
1265589395417161730
1265589404594298881
1265589492905377792
1265589735046746112
1265589937430073345
1265590237646000128
1265590421947731969
1265590553741312001
1265590666899476483
1265590770863493120
1265590793328144386
1265590817168605184
1265590835405557760
1265590919639728128
1265590981904273408
1265591079308611584
1265591094106095616
1265591107850842112
1265591155355500547
1265591290542129152
1265591432364122113
1265591570130251778
1265591661041680384
1265591812804218883
1265591970447060992
1265592255638691840
1265592307472044033
1265592381002387456
1265592450300723200
1265592466360549377
1265592495506948103
1265592556311777282
1265592606932832257
1265592716030689281
1265592842761584641
1265592871538888705
1265592910189342721
1265592951931121664
1265593020847656967
1265593305695506432
1265593360741552133
1265593420308975617
1265593689537011712
1265593842914357248
1265594061907361793
1265594120556421120
1265594142723170304
1265594496978268164
1265594536136527872
1265594707951759360
1265594763840978944
1265594935987916802
1265595048336424960
1265595187021185024
1265595203810988033
1265595209804464128
1265595212518297601
1265595224610484224
1265595248991850497
1265595285801013248
1265595308878311424
1265595342743130112
1265595349307179010
1265595375483793410
1265595387873812480
1265595395763208194
1265595420274831360
1265595440218673152
1265595546439421952
1265595645064359936
1265595656816607232
1265595668275638276
1265595689498750976
1265595711560781825
1265595768745926656
1265596133742710784
1265596136720646145
1265596292803280897
1265596467437330432
1265596503365746690
1265596513285275652
1265596537901592576
1265596584345112576
1265596652376621056
1265596678440194048
1265596748824788993
1265596762640781312
1265596806483738625
1265596896120385537
1265597184885563399
1265597240745263105
1265597256079568896
1265597359205031936
1265597451056144384
1265597848793513993
1265598158408527880
1265598208601780224
1265598517176872963
1265598944270319617
1265599088692801541
1265599348618022914
1265599364384382976
1265599507812753408
1265599697844154369
1265599784120877056
1265600316147470346
1265600732604096512
1265600971893334016
1265601159806533636
1265601301338939392
1265601545334190083
1265601557459955714
1265601563244068864
1265601567790518272
1265601579689771008
1265601758761570305
1265601978136170496
1265601986604474368
1265602067491688448
1265602099687174144
1265602104531574784
1265602210857091074
1265602292281225221
1265602414117257218
1265602500863971328
1265602704325447681
1265602903588442112
1265602929035075587
1265602967727681537
1265602973406654464
1265603032210976769
1265603140612534272
1265603309835923458
1265603363993014273
1265603473887965186
1265603504388943873
1265603511028535297
1265603704604024834
1265603898661842950
1265604072381378561
1265604241206448128
1265604331329466368
1265604334235996160
1265604887565471744
1265604959258546177
1265605126632476673
1265605155313143808
1265605170899169282
1265605180357316608
1265605186095124480
1265605204977778688
1265605209503477760
1265605341414293505
1265605341934469120
1265605374184501248
1265605407617290240
1265605426793648128
1265605591185022978
1265605616300707840
1265605637603356673
1265605741530034178
1265605789206687744
1265605934983806977
1265605978969436161
1265606102869258246
1265606400190840832
1265606438753165313
1265606466658066433
1265606492679540737
1265606519195746304
1265606594437558272
1265606611374166018
1265606632031113216
1265606746615287808
1265606757121880064
1265606876781109249
1265606917377921025
1265606970402275329
1265607012378968065
1265607057090113536
1265607139386470400
1265607232730943490
1265607340872527873
1265607344442015744
1265607345674924033
1265607376696049665
1265607394869907458
1265607414696431617
1265607584620220416
1265607623530868737
1265607683505184768
1265607755101925376
1265607819140780034
1265607831966715904
1265607904461115393
1265608045762998273
1265608089408921600
1265608114964844545
1265608133012885504
1265608147177279489
1265608225698783233
1265608249379663872
1265608290681012225
1265608526308741123
1265608798212968448
1265608946057990150
1265609086512422912
1265609239323533312
1265609257933627392
1265609939147526145
1265610024295915520
1265610060203388929
1265610097557995520
1265610244522156032
1265610270841483264
1265610361136267265
1265610388575358976
1265610391758843909
1265610593509072896
1265610652627775489
1265610985747947528
1265611014617194496
1265611084477591552
1265611099371524096
1265611099744813056
1265611141834661888
1265611316279926786
1265611376405463042
1265611456206102528
1265611559725871105
1265611812864774144
1265611845227950080
1265611866304217088
1265611970411024385
1265612105987895296
1265612153605820417
1265612282647773184
1265612341800046592
1265613129754578944
1265613154182144002
1265613828886335488
1265614023258787840
1265614049217298432
1265614296362487811
1265614309129965569
1265614331326140416
1265614395327025153
1265614399529762816
1265614584238440451
1265614851386175488
1265615018147659777
1265615507597778946
1265615531912167424
1265615559057715201
1265616075342974976
1265616146113454080
1265616364661694465
1265616429312815104
1265616569075486721
1265616578973806593
1265616670850088960
1265616731839647745
1265616776173420546
1265617009024385031
1265617054926766080
1265617080235241473
1265617096274317312
1265617108513193985
1265617273731121152
1265617290701279233
1265617498461929474
1265617631190691840
1265617711067017217
1265617754364796928
1265617970107162624
1265617973592633344
1265618066815299586
1265618263821692934
1265618787015032832
1265618803498651648
1265618961158242305
1265619245758586880
1265619259381747714
1265619357356290048
1265619388234960898
1265619452810473473
1265619495441309697
1265619551082995713
1265619562856398850
1265619716174802944
1265619755521761280
1265619827433050112
1265619958228234240
1265619967531048960
1265620585976979456
1265620838302101505
1265620912264695811
1265620919596331008
1265621190196019202
1265621201172348929
1265621292373250049
1265621444949684226
1265621482148896768
1265621833077919745
1265621959221657601
1265622332565004288
1265622457144291328
1265622751416631301
1265623853474156544
1265623918024458247
1265623978850336769
1265624027848204288
1265624449992269824
1265624787516350464
1265624797016469505
1265625083520774146
1265625143222636544
1265626270831960064
1265626278293626881
1265626658662424576
1265626982345330688
1265627228957749248
1265627651357790210
1265627740079894530
1265627771696545792
1265628206268284928
1265629186523303938
1265629220404891648
1265629230148222981
1265629586144067588
1265629879866925058
1265630311737688064
1265630719184863232
1265630970415382535
1265631002317205504
1265631167916781568
1265631309721935873
1265631360196071424
1265631497131749376
1265631595253297154
1265631817211637761
1265632101497540611
1265632382780129283
1265632418309869570
1265632520432992256
1265632586463756292
1265632681120825347
1265632751593705479
1265632825065299969
1265633028123922435
1265633267602075653
1265633480618110976
1265633487442399232
1265633606434684929
1265633823536156678
1265633985226399745
1265633996379246592
1265634127254114305
1265634129896505346
1265634248951726080
1265634369332342785
1265634442883805186
1265634753941630976
1265634847713886208
1265635212592951297
1265635298815250437
1265636148505743367
1265636156168945666
1265636973777170432
1265637093016866816
1265637663794704384
1265637682031534080
1265637745797586951
1265638058046754818
1265638277287227394
1265638539083091972
1265638574453665793
1265638626462924800
1265638679936147457
1265638777172697090
1265639273669279744
1265639346201399299
1265639354954682368
1265639416732758016
1265640102962831360
1265640309775425536
1265641052418879489
1265641285118947328
1265641382242185216
1265641928516874243
1265642180716236802
1265642636637097984
1265642897296297985
1265642910491373568
1265642922633949184
1265643159348002816
1265643164649623555
1265643297315397635
1265643368916410370
1265643515012358145
1265643571568357378
1265643648491741189
1265643696655003648
1265643702363607042
1265644067372883970
1265644347527217152
1265644589576118272
1265644654680248320
1265644849379766272
1265644894300917764
1265644993173225473
1265645236723818499
1265645400087764995
1265645425136144386
1265645519369633796
1265645936430116864
1265646022501466114
1265646036565086210
1265646258770845699
1265646296355962884
1265646698153598982
1265646761344929792
1265646771474182146
1265646891150315522
1265646893280817159
1265646908388904963
1265646957067984898
1265646967528419328
1265647081420656641
1265647201449136130
1265647294977904640
1265647327378911238
1265647327534080001
1265647353073197056
1265647679880781826
1265647693436792833
1265647859967254528
1265648209126440961
1265648302151868417
1265648440601726976
1265648525372796928
1265648575926673409
1265648701256749056
1265648862288625671
1265648872346574848
1265649008174870534
1265649159337582592
1265649285619728389
1265649416238780416
1265649692861480963
1265649788877447169
1265649867482976256
1265650335944790016
1265650416169164802
1265650416240525312
1265650658469990402
1265650686705926156
1265650700589182978
1265650721447346178
1265650907066380292
1265650958886830086
1265651075064852481
1265651127615401985
1265651412186300416
1265651664775598080
1265651723772801025
1265651875732508673
1265651978358730752
1265652074336772096
1265652170843492352
1265652190263140352
1265652316536885248
1265652363240640518
1265652418114715649
1265652431431630850
1265652599497187329
1265652615599337473
1265652899876495362
1265652969065701378
1265652969413832711
1265653187375030273
1265653312998854656
1265653503944470528
1265653504045178880
1265653524282703873
1265653533216399360
1265653696173662208
1265653716214054912
1265653749575495680
1265653811173089287
1265653821021315072
1265654165721747458
1265654256411049995
1265654260890468352
1265654360253612037
1265654481171165184
1265654504462024705
1265654594773954567
1265654601639800832
1265654854162268160
1265654861082877952
1265654976749191170
1265655078733721600
1265655248028221440
1265655291544326144
1265655365594685442
1265655399480356865
1265655922690416644
1265655930814857216
1265655946270904325
1265655966512660482
1265655997298851842
1265656006794776576
1265656015833440257
1265656065770782726
1265656076638314496
1265656293915791360
1265656402351136769
1265656412954337280
1265656418977189888
1265656444059336707
1265656597545734145
1265656703611219968
1265656791121170432
1265656805344108544
1265656869554548737
1265656978342379520
1265657088547663874
1265657098664173575
1265657211579019264
1265657224111681536
1265657231577690112
1265657264871964675
1265657274179244035
1265657792838451200
1265657892679618562
1265658087383486465
1265658304992350208
1265658306678358017
1265658319437520897
1265658336927789058
1265658355395289088
1265658437720879104
1265658630105227265
1265658680000696321
1265658724187648000
1265658805620281345
1265658957202427906
1265658992891748353
1265659039435931648
1265659121224888320
1265659267903881217
1265659380864778241
1265659464927100929
1265659477509804034
1265659480546533376
1265659648398389249
1265659677053984768
1265659833837068288
1265659914795601924
1265659920541614081
1265659960970694656
1265660006717812737
1265660062732877825
1265660506397949955
1265660721779613698
1265660903099445249
1265660955989434368
1265661352162594822
1265661433020166145
1265661523378278402
1265661691544563716
1265661714319708160
1265661721299034113
1265661841251790849
1265661851670581250
1265661868787429376
1265662263639396362
1265662356966666240
1265662393608093698
1265662522645983232
1265662538253033472
1265662559832637443
1265662671010979840
1265662764300763141
1265662824585424896
1265662892411457537
1265662921725685762
1265662971608432644
1265663144807903232
1265663209819770886
1265663236281524225
1265663309736443904
1265663625164992512
1265663677488705538
1265663710846222337
1265663898428026881
1265664051411070976
1265664092955705348
1265664386024247299
1265664438125944833
1265664589527683072
1265664782675443712
1265665251002978315
1265665261551509504
1265666410027630592
1265666448111910914
1265666909388722176
1265667236108402688
1265667330215829510
1265667400197947392
1265667683518828544
1265667712258318337
1265667729693929473
1265667911131242496
1265667952994631683
1265668071970295808
1265668140295487488
1265668228694630400
1265668430910251010
1265668451194015746
1265668469661601793
1265668514645344257
1265668556105977856
1265668611886235648
1265668884293488640
1265668897451229184
1265668992901033991
1265669125386448899
1265669200808304640
1265669606305230850
1265669659216379904
1265669776480833541
1265670137467854849
1265670205767692289
1265670225749516288
1265670323543748608
1265670387129389057
1265670495372017664
1265670549696417800
1265670838075846657
1265670846183387141
1265670932804354049
1265670969261080577
1265671014794526720
1265671045056430080
1265671070947790848
1265671297670971397
1265671407708459009
1265671769903575041
1265671846697066497
1265671916691394561
1265672011562602498
1265672349082423298
1265672596407738368
1265672924498886657
1265673158750695425
1265673242087481344
1265673397369032704
1265673502058831873
1265673689057632256
1265674728502554624
1265674832601059328
1265674935311241217
1265675056019095558
1265675141507407874
1265675260705361920
1265675511969300480
1265675520659898368
1265675528872308737
1265675541652389890
1265675552494682112
1265675560447102976
1265675576075071492
1265676050270261248
1265676208072728577
1265676397454020613
1265676678115794944
1265676717324210179
1265677035206250496
1265677050024730625
1265677126788923393
1265677194975686657
1265677516611731458
1265677712263467016
1265678461915418625
1265678703046135809
1265678840174645250
1265678983829610497
1265679017337696256
1265679048488947712
1265679210674139142
1265679215367614466
1265679250117427200
1265679263803543552
1265679328055975936
1265679424126582786
1265679468066209792
1265679495236694017
1265679605786173446
1265679678947438600
1265679714150014977
1265679736929304578
1265679823013281792
1265679969876873221
1265679986108833792
1265680051531636737
1265680521897664512
1265680870582693889
1265681147503222788
1265681881531629569
1265681939085889542
1265682490129334272
1265682855746666497
1265683017403641857
1265683073003388934
1265683133413892096
1265683421684269057
1265683470136811525
1265683602047631364
1265683604761427968
1265683770331496449
1265683887763582976
1265683998761607169
1265684228248866822
1265684269835456515
1265684354577002497
1265685119878094848
1265685150295134209
1265685346324373510
1265685435956760578
1265685660553351168
1265686002779041792
1265686219712757766
1265686220690141187
1265686418132697091
1265686559581323266
1265686880365969409
1265687029414854658
1265687422920261634
1265687683520770052
1265687755209621506
1265688332119482374
1265688389266833408
1265688486675451904
1265688840791982081
1265689167650062336
1265689314224009218
1265689583926345728
1265689859441778694
1265689876579717120
1265689913493782528
1265689913565085699
1265690138828513280
1265690151583461381
1265690162757058563
1265690176241704960
1265690202745511936
1265690267304308742
1265690627783753729
1265690661950574594
1265690836634865664
1265691019615416321
1265691078390398983
1265691089337372672
1265691272704135172
1265691369064009728
1265691498630320128
1265691498714148869
1265691628003643392
1265691675231285249
1265691762514853891
1265691776272044032
1265691979024916480
1265692049078018053
1265692217378770954
1265692394898567168
1265692410899816450
1265692497067606016
1265692748910219269
1265692962257874950
1265693043186782210
1265693301606420480
1265693704574185472
1265693877765320706
1265693884300103681
1265694028898525185
1265694089841762307
1265694102756220930
1265694195060113409
1265694243999252481
1265694988987441152
1265695372283969540
1265695382618734592
1265695941924773888
1265695976192454663
1265696565638959105
1265696904903446529
1265697024604696576
1265697295372296192
1265697579930734592
1265697644690759682
1265697692346449920
1265697756527693825
1265699205848285184
1265699844296806400
1265699914971058176
1265700053496274947
1265700115009789952
1265700214184251395
1265700320799272966
1265700397248847873
1265700529327480832
1265700594720706560
1265700961340792833
1265701042102194176
1265701076822450176
1265701078991069187
1265701339230863365
1265701432013082627
1265701460127424519
1265701667175006210
1265701741540114439
1265701846464659457
1265701885811527683
1265702031739752449
1265702108180942851
1265702536452829184
1265702688983040000
1265702760860848129
1265703170950430723
1265703196439298049
1265703263531413505
1265703587503628291
1265703846233411584
1265703881134219265
1265703959840374784
1265703972003856385
1265703977687056384
1265704030510219264
1265704173871534082
1265704236614062080
1265704293853790211
1265705538383470593
1265705770080862208
1265706785320710145
1265706861715742720
1265709031928274944
1265709262199599105
1265709318671826946
1265709501962952704
1265709721513836550
1265709919308742657
1265710719758196739
1265710737281990656
1265710748057112576
1265710761785069571
1265711040878252035
1265711205634752513
1265711538524033025
1265711668727812096
1265711668744642560
1265711814790262785
1265711894335291392
1265712433391448065
1265712494250786822
1265714606149742593
1265714647186866176
1265714957309575172
1265715023730675718
1265719003990745088
1265719175189856257
1265719202670874626
1265719235365548033
1265719727361593344
1265719980487671808
1265720774926745600
1265721270567489539
1265722713836081153
1265723044129124352
1265723215378362368
1265723495436021760
1265723505884016640
1265723545033768966
1265724154801614850
1265724516338208773
1265725220624781313
1265725861275160576
1265726037045858304
1265726087612510209
1265727203976908801
1265732270666600448
1265732421401694209
1265733368660070400
1265733575296667649
1265734417525374985
1265736154986528769
1265746693280149505
1265755335135911936
1265759731139960834
1265773870876971012
1265779572915744774
1265796458315481089
1265806029675094018
1265808338887081985
1265809683329150977
1265809991367380992
1265811952456138754
1265812049101295616
1265812082697658368
1265812099055464448
1265812112812769281
1265812129950638082
1265812145788379136
1265812161886126081
1265812176436105222
1265812190835113985
1265812207259934725
1265812223458455552
1265815088428191745
1265815270637080576
1265817283957526528
1265817985161334784
1265818214480654336
1265822087182237697
1265822813514092545
1265824178353008641
1265824344220954624
1265824380480663553
1265824673477963776
1265824673704448001
1265824800045297664
1265824975635853312
1265825557935202304
1265826046676480001
1265826222568849409
1265827188185726976
1265828024424906753
1265829262747107331
1265829470880980993
1265829980237373442
1265830334672879618
1265832460736180225
1265832473746903040
1265832510598123521
1265832522925121541
1265837267769270273
1265838136162054144
1265838159650099200
1265838211789553664
1265838237479649280
1265838558566207489
1265841081431752704
1265841286642311168
1265841554893217792
1265841674888060930
1265842909519187969
1265843099328065538
1265843524366487552
1265845348062212096
1265845820835807233
1265846578281091078
1265846995744444417
1265847928041529355
1265847978276855808
1265848106328834049
1265848411632349185
1265848880727384065
1265848919298387969
1265849121086140416
1265849467342860288
1265850230613831681
1265850887702032384
1265852251505152002
1265852318676893696
1265852381218189317
1265852625070821379
1265852669320663042
1265853235291537408
1265853275464765442
1265853387557548033
1265853778626052096
1265855166869209088
1265855228009570304
1265855597150261249
1265855618713178112
1265855692612661248
1265855712044826626
1265856390972739584
1265859190351937537
1265859654166491136
1265860200298397696
1265860626137657345
1265860636514193408
1265860798603317248
1265860992342405120
1265861183287906312
1265861194729926658
1265863283124441088
1265863285531914241
1265863415475527681
1265863629796073474
1265863864375222273
1265864702397014019
1265864932895137797
1265865297031880710
1265866188283838464
1265866189324115968
1265866272727863297
1265866320677134337
1265866425941573637
1265866892524355585
1265867019943120896
1265867721775828992
1265867887471988742
1265868092783001600
1265868331736879106
1265868962580951040
1265869652485439489
1265870185975734280
1265871682645958656
1265872029615394816
1265873699942645761
1265874539478749184
1265875235334754315
1265875643280977920
1265876130558627840
1265876138641051648
1265877149715701760
1265877343916171265
1265877485721391104
1265877498409123843
1265878507730513920
1265878525975957505
1265878809473167361
1265879428489523201
1265881416329388032
1265881775428927488
1265883533790281735
1265883655416819712
1265884095000838146
1265887647656022016
1265888637792800768
1265889902987788289
1265889928778416128
1265890431822422017
1265891985946279942
1265894084914413568
1265897180658667526
1265897760370327552
1265902262855053312
1265905413813342214
1265905506419388416
1265905519136591872
1265907843024269318
1265907937584787459
1265913251658960897
1265916826870939650
1265921523484962822
1265926918047772672
1265928509609803776
1265929341549948928
1265930205253775361
1265931171793448960
1265932241944936450
1265939446136033281
1265940784236449792
1265940796345323520
1265940813030338560
1265940824128438272
1265940824677847040
1265947382098755584
1265947905149501441
1265948306431029248
1265948581808177152
1265950267817832448
1265952992232161280
1265953117771890689
1265971615390593025
1265974246771240960
1265976207251660803
1265976428673273856
1265978898048786432
1265980183561097216
1265981129011662854
1265988926080196609
1265992639964381184
1266001728115261440
1266006014270279680
1266006385927622656
1266010278602342400
1266010889825718272
1266014744688963585
1266029355827965958
1266029687500713984
1266032878175035392
1266039218243096576
1266039682611232770
1266040827320688641
1266041309346689026
1266047998817116160
1266055247660756992
1266055327491018753
1266055810075037702
1266057657527357440
1266058183363031041
1266059516530941952
1266077373444902913
1266079472266035200
1266112932104081415
1266185953175011328
1266198513404215298
1266198524556980224
1266210904175194112
1266218713331699712
1266223086241792002
1266226028923416576
1266228462072680451
1266238470676049926
1266244445755731969
1266250958612250626
1266301142796926977
1266304458889334784
1266308571278438401
1266321087362666496
1266321098024640512
1266338533385666563
1266343954615644161
1266372058834862080
1266392052637609984
1266396769753145352
1266408635065700352
1266410846663606272
1266414158695759873
1266419105101262848
1266527078842863618
1266572743920816128
1266577040792145921
1266592647466057728
1266592954795384832
1266606769465425920
1266612686881726464
1266612699225640962
1266612721317003264
1266613044685221889
1266618346079846400
1266624357775835136
1266639112519499776
1266700027990290432
1266761839280443393
1266791846367252480
1266792594224316418
1266796643858276353
1266797981241507840
1266798568037388288
1266924270069956608
1266982549475246082
1267002558066851846
1267004166695682048
1267004242818207744
1267004313110548480
1267004717152047106
1267004870927802371
1267050504304996352
1267152873244299271
1267153536569298945
1267154842600058880
1267157213933645827
1267381575504678912
1267382013121581056
1267707467879727110
1267714941479317504
1268237085116334085
1268265770712043522
1268265780476407808
1268265793529118721
1268265805180858368
1268314459040215043
1268418255821123584
1268418269234503680
1268418280034893825
1268828902337601539
1268828912471044096
1268828921832718338
1268828932058386432
1268902340997906441
1269966131558862850
1270282233039945728
1270574924210401280
1270576593191272448
1270579255156432897
1271027425644670976
1271728542301093890
1271728553336270848
1271728564635746304
1271728576954429441
1271728589306654721
1271728604561338370
1271728617643405312
1271728629509025793
1271728642066808835
1271728657791242240
1271728670625771521
1271728683619717121
1271728698740207617
1271795050750660613
1271827321314394113
1272579818421391360
1272884119878287360
1272884159782899712
1272887495433293829
1272887535174406148
1272887576521834502
1272888060339015680
1272888560853626886
1272898149452075011
1272898158998294534
1272899204021706756
1273599087904866305
1273599097811775489
1273599107941019652
1274279283964424193
1276109803887058945
1276109812598665217
1276109824820785152
1276109834530611200
1277576624880226304
1277576646589992962
1277576661764988932
1277576676851871744
1277774572901654528
1278338899912167424
1278342945297465345
1278605406936260608
1278605500536389632
1280888225096011776
1280888238031302657
1280888251612446720
1280888279760396288
1281981772922679296
