id
1266539509438537730
1266539625176338436
1266546801332674568
1266551758056128512
1266551925568204800
1266552397020749824
1266554396063567877
1266555141110534145
1266555507256459264
1266557676227457024
1266558405608644615
1266559858524016642
1266559975779733504
1266559995954581505
1266560157754044419
1266561745302122496
1266562287873089536
1266563489323048960
1266566208620462087
1266568433459658753
1266569388334907392
1266569510934450181
1266570088116899842
1266570222468767746
1266570523720380416
1266570529764327425
1266570580683194368
1266570758588792834
1266572205531344897
1266573341193842689
1266574269917671425
1266574271641464834
1266576119886643201
1266577509321068544
1266577596634075139
1266578522186842112
1266580091699695616
1266580899057012736
1266580932032675840
1266581483298250753
1266581725355798531
1266581816862887936
1266581873884446720
1266582921294602245
1266586171246874628
1266586278302289920
1266586353518759936
1266586467414839297
1266587644173201408
1266588630530883585
1266588706187640832
1266589479575465994
1266589699633635330
1266590143349166080
1266590157127380993
1266590174357618693
1266590271183245312
1266590306134155265
1266590545880551424
1266591192390742016
1266591621266669570
1266591669907943424
1266591851420758017
1266592105700511744
1266592483598893057
1266592868052766721
1266593123393777665
1266593716107718657
1266593839168487425
1266594052645851136
1266594825593327616
1266595952795639809
1266597635030487040
1266598548709113858
1266598605487345664
1266598634130485248
1266598737985626113
1266598747565260800
1266598811683651584
1266598895221686272
1266599488073994240
1266599996087910400
1266600970307489792
1266601055753777152
1266601064821899265
1266601098216947712
1266601193284960256
1266601222045265921
1266601334133919744
1266601338852577280
1266601366572670988
1266601596412182528
1266601706789507072
1266601738745688065
1266601787328548865
1266602037753647104
1266602326288142336
1266602366356373506
1266602539274907648
1266603238104629249
1266603368509628417
1266603376210579456
1266603392153116672
1266603448054636544
1266603455960866816
1266603853006270464
1266603938012332033
1266604020719857665
1266604494009163776
1266605089692823558
1266605927463092224
1266606221097869314
1266607811418419202
1266608080634228738
1266609168389156864
1266609373532610561
1266609563761102848
1266610759867478023
1266611448886759424
1266611862914732034
1266611969013891073
1266611990081892354
1266612194738728969
1266612341539434497
1266612501472395266
1266612634356314112
1266612682129620993
1266613151614693376
1266613235588853760
1266613271760482304
1266613279146663936
1266613490141196288
1266614022926974977
1266614066589708288
1266614415656251392
1266614464717225987
1266614480517160960
1266614506433777667
1266614524603400192
1266614540634140672
1266615160652705794
1266615179330060293
1266615267674685440
1266615267720740865
1266615498000629760
1266615884950405122
1266616138290597888
1266616273938628608
1266616579258753027
1266616824436793349
1266616863498403841
1266616898625646593
1266616922587701249
1266617006482219008
1266617169288314886
1266617169674211329
1266617195171381249
1266617616732430336
1266617840003678209
1266618058673709057
1266618247257952258
1266618389138681856
1266618481941917701
1266620187316535301
1266620219533021184
1266620245738995713
1266621131450023942
1266621206070882304
1266621239155552258
1266621239788843008
1266621241437196288
1266621612381495303
1266621849401610240
1266621889985667073
1266623225796198402
1266624765109862400
1266625375955824647
1266625441613279232
1266626506245255173
1266627523367993344
1266627577571094530
1266627621057634304
1266627696710127617
1266628589635551232
1266628614172233729
1266628895454855168
1266629037889331201
1266629105472221184
1266630102101700608
1266630343618187270
1266630486866096130
1266630676020817920
1266634784119422982
1266634866730455041
1266635042815504384
1266635466931146752
1266635601752674305
1266635711735894016
1266636054410530818
1266636085481930753
1266636929594019840
1266636940637593601
1266637009810001920
1266637142165303297
1266637307110731777
1266637519539638273
1266638369506963456
1266638889944563712
1266638965437722624
1266639349715578880
1266640243438034944
1266640267387506688
1266640663451521026
1266640788102033408
1266641112720183298
1266641131900731392
1266641927094464512
1266642771147972608
1266642936445403137
1266643489342676992
1266643750312427521
1266643941069336579
1266644422856282114
1266644491789725696
1266644785361752065
1266644887153381377
1266645042015481857
1266645107140222978
1266645158851944448
1266645188748828681
1266645231119859714
1266645385444917248
1266646367092436994
1266646549217505281
1266647197908697093
1266647485063131136
1266647821824020480
1266649094988193792
1266649819436601344
1266650239059890176
1266650840200171520
1266651120027475970
1266651904819572737
1266653029081776130
1266654387742572545
1266654492189130754
1266654639061004294
1266655183142035457
1266655191987818496
1266655532972007424
1266656385619673088
1266656408256348161
1266656533569552384
1266656666659028992
1266657286312861699
1266657917014609923
1266658424206569472
1266658562140508160
1266658611796869120
1266659148328042497
1266659579246624768
1266659614881267712
1266659668660760576
1266659961549062144
1266660020663574529
1266660075772563457
1266660822778085376
1266660893968007168
1266661173405069313
1266662469432496128
1266664208403279874
1266664434531028998
1266664853902589954
1266666553157681152
1266666584971440130
1266666946944262156
1266667071804518400
1266667239614316547
1266667288851349505
1266667378278105089
1266667572608536576
1266668187187216385
1266668391340769280
1266668473800933376
1266668822959775744
1266668941348200449
1266669146793795586
1266669245909303296
1266669295276363776
1266669331661946881
1266669591033335808
1266669905295937536
1266670198435622913
1266670721666859009
1266671284240465920
1266672022148526080
1266672550957858818
1266672730511798272
1266672788380676096
1266672918760755200
1266672962905575424
1266673070091239424
1266673203344261120
1266673207089737728
1266673452791951361
1266673475680301057
1266673784091824128
1266674656725159938
1266674664824242177
1266675284004294657
1266675891897348098
1266676707597209601
1266677390320611328
1266677814377537543
1266678177100775429
1266678860319305729
1266679568166875137
1266679742096384000
1266680501630152704
1266680510857785344
1266681489724444678
1266681575845933056
1266681713859706880
1266681772378599426
1266681991195435008
1266682566070857728
1266682896758251521
1266682959802896384
1266684059108937733
1266686206030614528
1266686619064688640
1266686692934721541
1266687344641482752
1266687971601911810
1266688355955347457
1266688367858597888
1266688482497290241
1266689273245446144
1266689315213467648
1266689338043219968
1266689624744710145
1266689627756417024
1266690028455038976
1266690070171582464
1266690852858081280
1266691458205016064
1266691617622118400
1266691661016502273
1266691769359630336
1266692177423286274
1266692315424440320
1266692509146722306
1266692713015119872
1266693181829025801
1266694145600557056
1266694270318080002
1266694450765578240
1266694654512238594
1266694748837986304
1266694860712665088
1266695185267712000
1266695686747127813
1266695721039695875
1266697238362939392
1266697291546517504
1266697371611803648
1266697850542370817
1266697887909646336
1266697990133211136
1266698460394221568
1266698577784512513
1266698615227121664
1266698624496435204
1266698698790178818
1266701581334065152
1266702071186755586
1266702773392936961
1266703286930980869
1266703312021106689
1266703398100889601
1266703403331342338
1266703454581506049
1266704132628533248
1266704541870886913
1266704558438449152
1266704586556882944
1266704734867636225
1266704743663054849
1266704854598193154
1266705131959091200
1266705756750925829
1266705829304164355
1266707813738270721
1266709068351016963
1266709138446286853
1266709650205884423
1266710158023016457
1266710271575207936
1266710509895606273
1266710577524535297
1266710580087398400
1266710938167713792
1266711143814361093
1266711524111863808
1266711601094123521
1266712237537812481
1266713330401624065
1266713563546124294
1266715748040273922
1266716338891915267
1266716356503728128
1266716513353990144
1266716673815519241
1266717495148216322
1266717544406228994
1266717780646064128
1266718067968491520
1266718068740415496
1266718686812856320
1266719544263000070
1266719940259786752
1266720687512866816
1266720836481716224
1266721152367562752
1266721171245903873
1266721344508567554
1266721560972480513
1266721584162549760
1266721725271678976
1266721770737786880
1266721787217195008
1266721825091809280
1266722065794707457
1266722076712452097
1266722113123057664
1266722238553665536
1266722250696396800
1266722257365168128
1266722308044910592
1266722347416989697
1266722348805185537
1266722401124970505
1266722409509523456
1266722414286774273
1266722633887834113
1266722656931311616
1266722751114592257
1266722937501036544
1266722942630670336
1266722961572212737
1266722970199896065
1266723075774533634
1266723282088230912
1266723328456134656
1266723350849691648
1266723360404393984
1266723365705986049
1266723368528723968
1266723384945238016
1266723395535867904
1266723402901000195
1266723421305679872
1266723766798815232
1266723821182046208
1266723843827216384
1266723849191583744
1266723940661104641
1266723950597304320
1266724003424677888
1266724062597746689
1266724107133075457
1266724172513894400
1266724334954926081
1266724339027595265
1266724527939235840
1266724537577725957
1266724624064274432
1266724727348883461
1266724861860212736
1266724880176775168
1266724907745857536
1266725020493139968
1266725033197502466
1266725049551122434
1266725126856298497
1266725148503097346
1266725157483057152
1266725216539095041
1266725240098430977
1266725258045816833
1266725307383525376
1266725454695804930
1266725476107575296
1266725508856700928
1266725742777434113
1266725848394203136
1266725987619942402
1266726067609284609
1266726081257668608
1266726249910730753
1266726260123873283
1266726267770023941
1266726284056424449
1266726366902272000
1266726374892605440
1266726378583490563
1266726491686965248
1266726493671043072
1266726503385096196
1266726505582755846
1266726540953317377
1266726564621885441
1266726575913021449
1266726618757836800
1266726621165150208
1266726624667602946
1266726647979360256
1266726665561964546
1266726667453526016
1266726707857199105
1266726801306529792
1266726820684148738
1266726824492449793
1266726857153511438
1266726913881649153
1266726936589537283
1266726950976000008
1266726965308018689
1266727000502394882
1266727004948365314
1266727052251508736
1266727148116742146
1266727175673147393
1266727237643952129
1266727289108287489
1266727326340939776
1266727380422451204
1266727405647024130
1266727466535698433
1266727560320335873
1266727602309328897
1266727621456531456
1266727723164196865
1266727781871898624
1266727790214340611
1266727902625689601
1266728024453664769
1266728045882355713
1266728049657221124
1266728068800024577
1266728088060096517
1266728185993080835
1266728301483229184
1266728357338574849
1266728502713344007
1266728541472817155
1266728544714911744
1266728616047661059
1266728933724237827
1266728935938822144
1266729021376573441
1266729023838851072
1266729042079694849
1266729063051218944
1266729218441973760
1266729237815406595
1266729248770805761
1266729265892143105
1266729269201338370
1266729311781806087
1266729319453188096
1266729339023790086
1266729339321794562
1266729360616075266
1266729374033690626
1266729399212097536
1266729412076220418
1266729413082783745
1266729437749362688
1266729442778378240
1266729474042802176
1266729479155494917
1266729542418337793
1266729562194489344
1266729585749745664
1266729692918247424
1266729716200898562
1266729736182673410
1266729748392103937
1266729759649587204
1266729774732509185
1266729811365392386
1266729822379597826
1266729833834430464
1266729834622812161
1266729861646823425
1266729905426841601
1266729984690991109
1266730019499520001
1266730019658690562
1266730064802127872
1266730067909963779
1266730068094726151
1266730152001757185
1266730164483842048
1266730180472500227
1266730185824645120
1266730213792083970
1266730245417242624
1266730367991439361
1266730393132134401
1266730430319013889
1266730528499261440
1266730561847980032
1266730577626988544
1266730606060138497
1266730735253291009
1266730781927505920
1266730813368012800
1266730849808064513
1266730929688633344
1266730948789403648
1266730952321089537
1266730964513775617
1266730993383325696
1266731000064663559
1266731063474356230
1266731075830796295
1266731171481890816
1266731191761170432
1266731203354218497
1266731250724638721
1266731263697666048
1266731268261031936
1266731280105738240
1266731280332251136
1266731288456814594
1266731315531046913
1266731430815715329
1266731528219959297
1266731544321814528
1266731559207477250
1266731617655160834
1266731825373876224
1266731950317932545
1266731963081162755
1266732039912341506
1266732043863355396
1266732140152193024
1266732277737938945
1266732309190934531
1266732319131533314
1266732339692023814
1266732350517530625
1266732509913583618
1266732545481285635
1266732559632756736
1266732573000163329
1266732584979095556
1266732594865078272
1266732606403629062
1266732615312252929
1266732656558878720
1266732657842556930
1266732672342245376
1266732682282700800
1266732992266985472
1266733084566867975
1266733126903947266
1266733162035462145
1266733201541619712
1266733232432623617
1266733291299840001
1266733303824080897
1266733322794868736
1266733323256074241
1266733354520588290
1266733383394168835
1266733402532638720
1266733423403716608
1266733431586684931
1266733536905760770
1266733886106673159
1266733922387361792
1266733948794810369
1266733954402566150
1266734047805358081
1266734112930435072
1266734303574142979
1266734391818178560
1266734438936961024
1266734514061168640
1266734576648552448
1266734591315935233
1266734719661637634
1266734741971243009
1266734802549592066
1266734816679956480
1266734845977399297
1266734938646368257
1266734942098243585
1266734966617956352
1266734989531475968
1266735040102199297
1266735095295156226
1266735244339752960
1266735413676453888
1266735469322256384
1266735586129383424
1266735676432584705
1266735676969463808
1266735705557893121
1266735765461127171
1266735895673286658
1266735954091368453
1266736010395676672
1266736017609916416
1266736086186897408
1266736192789180423
1266736280789893124
1266736444577587205
1266736490190647296
1266736542845984768
1266736546092208130
1266736683677966337
1266736727441334273
1266736898170593281
1266736985751777281
1266737250248716289
1266737272533073923
1266737290006548486
1266737319802888194
1266737356721156096
1266737373955661824
1266737546580484102
1266737561042432005
1266737611294404609
1266737669469622273
1266737794568740866
1266738020465537025
1266738075570442240
1266738111800766471
1266738160899416069
1266738199893733376
1266738202951340034
1266738222605819905
1266738227286888448
1266738284752859140
1266738311852363776
1266738350502838274
1266738396061466624
1266738456274907137
1266738498171662336
1266738512017141761
1266738582825381891
1266738595878113281
1266738624147656704
1266738640815706114
1266738679944327169
1266738686973980674
1266738690488971264
1266738790275493888
1266738814921269248
1266738875499548678
1266738885616209921
1266738899663179781
1266738911923048448
1266738924292112388
1266738939077033984
1266739041921191936
1266739074418659330
1266739204538564608
1266739249602277377
1266739296473616384
1266739337909211136
1266739338659991554
1266739419060396033
1266739433576923136
1266739603521880068
1266739611008503808
1266739774909538304
1266739782782078978
1266739812653871104
1266739823794159625
1266739967079993345
1266739969663647744
1266739977267879943
1266740032452222976
1266740088031064067
1266740215407767558
1266740249243398145
1266740296961929216
1266740382093762560
1266740457620541440
1266740478839488512
1266740566882004993
1266740703545229314
1266740782209413121
1266740825540698112
1266740885192085506
1266741065954066434
1266741145142517762
1266741181410684929
1266741406506160133
1266741454023639040
1266741555936858120
1266741796471803908
1266741811353194497
1266741969717465089
1266741982916943877
1266742119177297921
1266742144078839816
1266742810922889216
1266742915918938114
1266743011087659015
1266743211822850049
1266743368455008256
1266743387182387200
1266743506929926144
1266743526362099712
1266743616770150401
1266743708457697280
1266743930927882240
1266743976234643456
1266743979883692032
1266744153368670209
1266744215582670849
1266744317810339842
1266744352308555776
1266744487839240192
1266744560744611841
1266744651232534530
1266744822385106944
1266745076279115776
1266745192201228289
1266745239890358273
1266745484514717696
1266745488348532739
1266745723577606154
1266745738320470016
1266745746130448384
1266746314848645123
1266746354132451333
1266746360495128578
1266746429441110016
1266746490984124417
1266746595359350784
1266746800595185666
1266746806181847040
1266746951036555264
1266747356143370240
1266747465564332034
1266747671286394881
1266747814652063745
1266747916124913664
1266748128897744897
1266748182245134337
1266748481726808068
1266748503310635008
1266748527125938178
1266748830424412163
1266749162600587265
1266749201469358081
1266749467174342658
1266749513328283649
1266749520479612929
1266749549684686848
1266749664436514816
1266749709714026497
1266749718631088129
1266749722313682945
1266749751908696064
1266750035556995073
1266750110081470464
1266750234442338305
1266750493428027393
1266750586617200646
1266750679202185216
1266750681576136707
1266750758885572609
1266750929056874497
1266750953727950848
1266750986321752064
1266751577269755910
1266751850830651392
1266751920619900930
1266751970020376576
1266752001884524544
1266752091432894464
1266752172261167105
1266752229983338498
1266752341673476099
1266752354293972992
1266752384803442688
1266752398187347968
1266752439903858688
1266752509890224143
1266752592190685184
1266752824987303937
1266753391830667271
1266753425443663874
1266753998729515008
1266754042736320517
1266754064626282497
1266754447717384192
1266754713309138950
1266754779071594497
1266754881211305993
1266754889134280704
1266755011117060096
1266755103371005960
1266755138120830980
1266755260791439361
1266755527708721152
1266755650501185537
1266756148675436545
1266756298042945536
1266756646841139200
1266756767125389312
1266756858464710656
1266757205706997766
1266757206340284417
1266757351576530944
1266757395814002688
1266757453665820675
1266757615624679424
1266757886253899776
1266758002402570240
1266758013530132480
1266758021927047168
1266758077052850181
1266758106119356418
1266758133986103296
1266758135907155973
1266758179498545152
1266758258166870017
1266759118506749954
1266759300950753280
1266759368726515713
1266759370001379333
1266759546162331649
1266759593578958848
1266759596250664966
1266759612692381696
1266759709274419205
1266759767126614016
1266759783505256449
1266759788576280578
1266759883019321344
1266759934139600899
1266759935217610753
1266759939504009219
1266759957170368512
1266759957388488704
1266759975734370306
1266760119913611264
1266760141174484994
1266760316425244672
1266760340223807490
1266760428207521797
1266760445387354113
1266760518368280576
1266760563486363650
1266760598697594888
1266760635020267526
1266760662530867203
1266760721338994689
1266760771633111041
1266760785491111941
1266760801160843265
1266760832358195201
1266760846891290624
1266761015842058240
1266761140576624645
1266761286638948352
1266761324266008576
1266761351613034503
1266761352233746437
1266761372123238401
1266761389810413570
1266761439051681799
1266761465169510400
1266761624838221825
1266761780057059334
1266761828505399300
1266761865725501443
1266761887049568256
1266761941390778368
1266762011767197696
1266762030293364739
1266762049121632256
1266762164272013313
1266762165068931072
1266762199994753024
1266762238561525761
1266762274959618048
1266762286003187712
1266762296551858177
1266762354768969728
1266762384254726149
1266762390365974529
1266762408627863553
1266762429293363203
1266762461006290944
1266762463028150272
1266762485253771269
1266762486054662144
1266762528098525185
1266762559325007872
1266762569987117056
1266762576727166977
1266762581798121479
1266762594565660674
1266762613649821697
1266762619182092289
1266762638987591684
1266762653168398337
1266762660411879426
1266762703672152065
1266762734395445249
1266762748828008450
1266762752925851648
1266762803458658306
1266762807099473920
1266762816158986240
1266762820265414657
1266762834001747969
1266762835679416323
1266762854486749184
1266762881531392001
1266762896115204096
1266762913643212800
1266762954181087233
1266762975643303937
1266762987676655618
1266762990730313729
1266762991531446274
1266762997520756737
1266763007234920448
1266763038239186944
1266763079041286144
1266763098007891968
1266763104911790081
1266763162466111488
1266763185048244224
1266763216379695105
1266763226232037376
1266763237019836419
1266763243130945536
1266763258444214273
1266763338241003520
1266763374387499009
1266763514619858947
1266763545007591425
1266763548325076992
1266763548744712192
1266763593120432135
1266763599667699713
1266763602129678336
1266763617686261760
1266763622044307456
1266763633205248000
1266763747944738816
1266763750859780096
1266763755360342017
1266763811777896454
1266763947207786497
1266764002048311296
1266764098462720001
1266764107988062208
1266764131648012290
1266764240586588160
1266764254331523072
1266764296173780997
1266764321607913472
1266764328658595842
1266764337420447745
1266764339521830917
1266764400762826753
1266764407872409600
1266764457641865217
1266764482283483137
1266764489208279040
1266764531818090503
1266764581038206976
1266764622528417793
1266764655529283584
1266764673556365315
1266764738546950150
1266764741562601473
1266764765579431936
1266764768045645832
1266764771619213325
1266764819438469121
1266764846281842688
1266764853810737152
1266764861733769216
1266764861868040192
1266764866070740992
1266764876552081410
1266764884878000129
1266764942423674882
1266764954004344836
1266764955128381443
1266765033767198720
1266765139145043969
1266765146623545344
1266765147076472832
1266765148603236358
1266765152705183749
1266765166290645000
1266765207193505792
1266765213027561472
1266765234192203777
1266765244132741123
1266765367566835712
1266765427125841922
1266765427574702081
1266765433107107840
1266765436458274817
1266765436462358528
1266765492506824704
1266765507455262721
1266765513247592450
1266765524001861637
1266765560911499264
1266765562115264513
1266765566750134272
1266765589328117760
1266765676363931648
1266765699495706624
1266765717589786625
1266765723222884352
1266765792584118273
1266765844224200704
1266765873420931072
1266765926449451008
1266765984859189248
1266766011279310849
1266766038659559424
1266766092728401932
1266766126635245570
1266766137791885313
1266766151503220736
1266766167911383041
1266766184734744576
1266766198513033216
1266766264581554176
1266766302477082625
1266766330713321473
1266766339961577472
1266766359914065921
1266766365379031040
1266766365828022272
1266766450426961921
1266766503577358339
1266766504344932353
1266766510581669889
1266766546371821568
1266766597835730944
1266766613216280577
1266766722800906240
1266766793521000450
1266766880666247170
1266766917290938371
1266766947938643968
1266766980562006018
1266767012459687936
1266767146044055552
1266767177216122890
1266767186481168388
1266767227287633921
1266767292223885312
1266767333256642560
1266767411346173953
1266767432166838276
1266767477523877888
1266767484742324224
1266767525653540866
1266767555185635329
1266767595920916480
1266767611070525445
1266767655991562241
1266767754377428993
1266767879954771968
1266767919947681792
1266767939912364033
1266767950792421381
1266767994522394633
1266768139641028609
1266768174021840896
1266768187963641857
1266768207811051523
1266768426544095232
1266768510602088449
1266768586170761216
1266768640466202625
1266768656672882691
1266768658409435138
1266768695122169857
1266768713241579521
1266768742454833153
1266768752382803973
1266768952228745216
1266769116964294656
1266769118730035200
1266769132395077634
1266769371914858502
1266769380932816896
1266769428978384896
1266769445961097217
1266769628845477888
1266769647417700357
1266769713708756994
1266769714887483393
1266769779978797056
1266769807346511874
1266769915744313352
1266770005137469443
1266770053531267072
1266770123429253123
1266770217989898240
1266770246884626432
1266770328006520834
1266770372202020864
1266770419689848833
1266770459317673984
1266770503236153345
1266770506235228160
1266770545049317376
1266770566876258304
1266770581359394817
1266770583120986113
1266770669796241413
1266770684073570306
1266770735353102342
1266770816248791040
1266770819226558466
1266770826705154048
1266770863535190017
1266770933190135808
1266770977335267329
1266771084025778176
1266771150690045952
1266771159346864129
1266771178653224961
1266771196651212800
1266771220575457280
1266771228045398016
1266771365316755460
1266771454369992705
1266771489950400512
1266771522670264324
1266771531683823616
1266771581734227968
1266771582522806272
1266771606606688262
1266771627343253507
1266771633760583685
1266771654627061760
1266771799301373957
1266771806020440065
1266771836655697922
1266771910030954497
1266771981162119169
1266772018705416192
1266772101991731206
1266772213002235906
1266772226440904707
1266772271714140160
1266772285219840003
1266772343151562753
1266772398780669953
1266772593207463937
1266772639202172933
1266772667971010562
1266772681468391427
1266772733507092481
1266772790293610498
1266772812879892484
1266772842177150976
1266772870442545158
1266772880987090944
1266772989913305088
1266773022100393985
1266773092644327426
1266773107718721537
1266773167588196355
1266773432693293056
1266773464750395396
1266773495536660480
1266773638730199041
1266773666219593730
1266773711773827072
1266773724667183105
1266773755994484736
1266773766324944896
1266773782435368960
1266773820725170178
1266773958814101506
1266773981341851649
1266774037604126721
1266774052540002304
1266774092650131456
1266774139618185218
1266774158005940224
1266774177530482688
1266774207494414342
1266774284560670721
1266774300197040129
1266774334149767168
1266774384804421635
1266774416538492928
1266774421244481536
1266774479084158976
1266774591332114433
1266774646915022850
1266774805937680384
1266774845767004160
1266774876544778241
1266774987744129024
1266775098465411072
1266775126676135936
1266775167520432129
1266775272365400067
1266775526741606401
1266775553882890243
1266775726092619777
1266775785890893824
1266775879654338561
1266776076711194624
1266776186975334400
1266776234249371653
1266776268009345029
1266776270328803328
1266776288376655873
1266776315585130497
1266776333033537537
1266776399366385665
1266776426352533504
1266776618346770433
1266776668024107008
1266776693773123584
1266776777273180166
1266776832600350720
1266776864523120640
1266776873234653185
1266776957317939200
1266776995246911488
1266777011181084672
1266777080076910597
1266777081691738119
1266777089752981504
1266777091246186496
1266777102860185600
1266777115199860738
1266777125723365378
1266777138230788098
1266777219373940739
1266777254350057472
1266777304702652416
1266777437939142657
1266777486249152514
1266777549671022592
1266777579467538432
1266777717413838849
1266777783067463681
1266777937702871042
1266778045437710336
1266778051334991872
1266778239701139456
1266778298522243075
1266778354956382208
1266778376267849732
1266778466005004288
1266778497269276676
1266778513249452032
1266778669671780352
1266778697983422465
1266778781236310016
1266778801909850118
1266778870029496320
1266778870453358592
1266778962195361799
1266778971343126535
1266779009964113921
1266779021775441921
1266779042868494336
1266779054167871489
1266779076771164162
1266779083628822528
1266779106827546624
1266779135889649665
1266779163379355648
1266779206073057292
1266779226637832193
1266779233642147840
1266779239551926272
1266779259151908870
1266779274624679937
1266779296355561472
1266779320342601729
1266779326940397568
1266779405570969601
1266779426085376003
1266779432158728192
1266779467860643840
1266779471153172481
1266779482867798020
1266779512743682049
1266779552627523585
1266779569979363328
1266779603995185153
1266779627575533576
1266779794777280514
1266779833633320960
1266779896841461760
1266779972389285891
1266780096188370950
1266780133303545857
1266780268528009216
1266780294079590401
1266780369363382274
1266780375293898753
1266780457863184385
1266780474837536769
1266780568248868864
1266780652814438400
1266780998529925126
1266781017655795712
1266781077311537155
1266781103760658439
1266781225722671110
1266781242093117443
1266781428332756992
1266781537963372544
1266781595135905792
1266781713755017217
1266781721313316869
1266781772492095499
1266781804964560896
1266781940390264832
1266782098645561347
1266782136398299136
1266782136406888449
1266782171680866305
1266782251662012416
1266782273006907392
1266782356263841793
1266782357979348992
1266782500594110464
1266782562090803200
1266782580466122755
1266782847358177282
1266782869034237953
1266782894346952706
1266782920523612163
1266782979386298368
1266783113209802752
1266783131035676672
1266783355825278977
1266783413710790659
1266783426633293824
1266783518920769537
1266783537283371012
1266783559198453760
1266783566500900870
1266783618581630976
1266783667721891840
1266783731907473409
1266783786961760257
1266783787662430214
1266783868524171264
1266784066478710784
1266784079552413698
1266784109390692352
1266784172967944193
1266784181226373120
1266784226004754434
1266784389595348993
1266784452279062529
1266784464304254979
1266784474412601349
1266784476799123456
1266784479076429825
1266784559343042560
1266784863585173505
1266784958045175810
1266784969654968322
1266785313571160065
1266785328435609600
1266785379014803461
1266785459683897344
1266785658816905216
1266785743726350337
1266785970071969793
1266785974379589632
1266786009326510082
1266786108295258112
1266786128272560129
1266786162074701825
1266786204508393472
1266786267636928513
1266786363036307459
1266786401644736513
1266786489997733890
1266786567416360971
1266786732134957057
1266786733825261568
1266786775038603264
1266786851580338176
1266786888746176512
1266787058514718720
1266787072217542656
1266787096037072903
1266787177066725376
1266787308935753730
1266787394692538368
1266787622011183106
1266787703959564288
1266787779339366400
1266787834490281984
1266787845555060737
1266787882351636485
1266787903688114179
1266787983144833025
1266788059409977347
1266788152854765568
1266788228062994436
1266788491163295744
1266788636068020229
1266788989723443201
1266789052407259141
1266789585020874752
1266789610387955712
1266789796971548677
1266789986759778304
1266790061292621831
1266790502667628550
1266790530605813766
1266790889743147014
1266790986589499395
1266791415427760134
1266791427599728640
1266791431823339520
1266791525096189952
1266791531089805313
1266791543102373888
1266792088567459843
1266792090916155393
1266792116056817664
1266792539434016768
1266792569297465344
1266792656228749312
1266792680501252096
1266792834012712961
1266792867160379395
1266792897904611328
1266792950031364096
1266793366940839937
1266793703391154177
1266793709200441344
1266793807791570945
1266793832492007430
1266794490133544960
1266794693649666048
1266794783944695810
1266794884087906304
1266795445067669504
1266795568707166208
1266795585018851329
1266795630006919174
1266795840061837314
1266795955397025795
1266795974212624390
1266796025009836033
1266796064843104258
1266796200549908482
1266796349728620551
1266796393810796549
1266796430770962432
1266796815325642752
1266796831708766208
1266796927263203333
1266796999837462529
1266797228766580736
1266797313051234305
1266797568459186178
1266797680279171072
1266797699426398210
1266798104122028032
1266798482842693632
1266798986574221312
1266799610271424512
1266799972227440640
1266800359269433345
1266800420078280704
1266800492438413313
1266800682725597185
1266800715919511557
1266800740095442946
1266801027967311872
1266801394008363009
1266801654101184512
1266801723026411520
1266801941880778753
1266801946188447745
1266801957420720133
1266802176975929345
1266802189869203462
1266802562629582848
1266803157327204352
1266803368254562305
1266803559355441152
1266803731275943936
1266804576075874304
1266804903567151106
1266804965521096709
1266805025323380736
1266805167187464197
1266805228763930624
1266805671518928897
1266805723893305345
1266805894144077825
1266806021948952581
1266806101573591040
1266806390695305216
1266806611198107648
1266806839318110209
1266806841197150209
1266807160312299532
1266807437371342850
1266807769203724290
1266808158653210625
1266808370897408000
1266808696899657728
1266809003167944705
1266809611857862657
1266809975545843713
1266809983473037312
1266810104113844224
1266810227145334785
1266810934019985415
1266811368319193089
1266813569431199744
1266814051528695808
1266814682632986632
1266814688270200832
1266815043640975360
1266815863316832258
1266816212438261760
1266816540353146886
1266817574865645570
1266817592053899265
1266817904970010626
1266818197702885376
1266818709403824128
1266819526764699652
1266822347178139648
1266822582776459264
1266823370693210112
1266824343939670016
1266824825600909312
1266825531389095937
1266827615274512388
1266834694273892353
1266836221931720705
1266837910382415872
1266838773939097600
1266839292036493316
1266839430276550656
1266839442616172546
1266855015861411840
1266874736086257665
1266880388451962881
1266880986278703104
1266888347005280256
1266888938196807681
1266890346270568449
1266891270284349440
1266891821214576641
1266892072927277068
1266893053362671622
1266893485682147328
1266893690330443776
1266894268297248769
1266894539500867585
1266895539309891589
1266895829203210240
1266895857099722752
1266896220548628480
1266897607198158855
1266897744590966784
1266898155095773185
1266898610052050947
1266899207962550272
1266899716689854466
1266899779918979075
1266900075244109824
1266900509388091395
1266900672189956097
1266901047097741312
1266901051111878658
1266901057856249856
1266901678634262528
1266901727896371201
1266902779681017857
1266902846710169600
1266903943654682624
1266904228225785858
1266904432463286280
1266904627963850752
1266904738429206529
1266904866212982786
1266905204508614656
1266905240244154370
1266905278328508416
1266905311887015936
1266905521304612870
1266905525830049792
1266905833419440128
1266905873349251072
1266906233698521089
1266906690626170885
1266906726692945925
1266906819680776192
1266907185814163457
1266907483936882689
1266907500756033536
1266907814729068545
1266907953044484097
1266908020891680773
1266909080376893440
1266909103403626501
1266909368169029634
1266910144044007425
1266910657280081928
1266910803166474240
1266910989544456192
1266911224022863872
1266911395741917185
1266911437546389504
1266911895413379072
1266911938191200256
1266912527243522048
1266912602191310850
1266912817564864512
1266913405354553349
1266913704546885634
1266913982226415617
1266914564559589377
1266914668876005377
1266915059814617089
1266915549746954241
1266915593036468229
1266915642868981760
1266915684941991937
1266915839334367232
1266915998881525761
1266916148274225153
1266916942570553351
1266917652758499330
1266917900348125184
1266918166178996231
1266918241705713671
1266919052124909572
1266919069934026753
1266919410691796994
1266919809587056640
1266920156527296515
1266920443048603649
1266920702105583617
1266920833886363649
1266921021023584256
1266921168268742656
1266921178494468102
1266921513380245504
1266921642552369153
1266921789382258689
1266921903052197890
1266922586019110912
1266923250841317377
1266923278897221633
1266923386837630977
1266923653989634049
1266924439524069376
1266924493487947776
1266924567563399168
1266924907725758464
1266925152803205122
1266925177146937345
1266925187578179585
1266925217143808000
1266925597193723905
1266925997321928705
1266926210422124544
1266926412470071296
1266926492803457024
1266926752716054535
1266927050733965313
1266927082455683072
1266927663135903746
1266927736335056896
1266928048391090176
1266928084411920386
1266928594275704839
1266929275078246402
1266929489889701888
1266929508034043906
1266929516271882240
1266929650757963776
1266929732022484992
1266929849358143488
1266929891104051200
1266930414196686848
1266930784578834434
1266931066570526720
1266931095309897728
1266931339300921350
1266931524584091650
1266931967062355968
1266933060110598145
1266933398393610241
1266933503251406848
1266933559241191426
1266933956068495360
1266934073626374144
1266934805431713793
1266934834041171971
1266935314938986498
1266935328696414216
1266935352784281603
1266935995859075073
1266936237652205569
1266936271500345346
1266936778247856128
1266936870220464128
1266936894803361792
1266937123795619843
1266937234374172672
1266938050011107332
1266938156105863168
1266938213022740482
1266938301795065857
1266938448864215040
1266938588291366912
1266938804079820800
1266939190744408066
1266939567438872577
1266939689912750085
1266939840563752961
1266939951230455809
1266940249222942721
1266940549673684992
1266940664949989376
1266940790296592386
1266941037408333830
1266941097692942339
1266941259194785793
1266941581564805126
1266941871554691072
1266942236769554433
1266942624847593472
1266943426391535616
1266943911387332609
1266944223271702528
1266944390641012737
1266944393476337667
1266945002527129601
1266945047167107077
1266945205665542144
1266945453825896450
1266946080693878785
1266946154463399938
1266946496588664838
1266946554461650946
1266946996578840578
1266947855836684300
1266947866339061761
1266947919027961856
1266947972706766848
1266948006743379968
1266949263570792448
1266949521050701825
1266949590785417216
1266950679840473090
1266951003670274048
1266951027783327751
1266951254825148417
1266951501735432192
1266952339132428288
1266952739721969667
1266952760525615104
1266953028646498304
1266953287552495617
1266953705410170886
1266954377677295617
1266954583886254085
1266954816040734720
1266955223685365760
1266955296041246722
1266955813974876163
1266955815958843392
1266956223263518720
1266956343237316608
1266956477950054400
1266956589665103873
1266956723337564162
1266956743579447296
1266956850479591424
1266957217405829120
1266957731908501504
1266957854596046849
1266958092454985729
1266958929252290560
1266958945110786049
1266959022290321408
1266959045832867840
1266959120441237504
1266959647354871810
1266960204089798661
1266960212390535170
1266960630671642627
1266960671213748228
1266960918136553472
1266961125050134528
1266961303534354432
1266961640878215169
1266962636857413633
1266962761273262084
1266963232691978241
1266963928292212736
1266964010546745346
1266964146190520320
1266964269884739584
1266964297424519169
1266964348506906625
1266964413472522240
1266964418254028801
1266964419566690304
1266964470699634688
1266964530715930626
1266964603386249216
1266964923931742209
1266964972644466688
1266965355043467264
1266965971891347456
1266966671542988800
1266966783682101248
1266966918365351937
1266966933536153600
1266968434702643200
1266968751888424961
1266969047461175296
1266970076575563778
1266970230682554369
1266970392494653445
1266970553539231744
1266970822914301953
1266971456736505862
1266971639318810624
1266972191075303426
1266972594839920641
1266973179429507072
1266975199234191361
1266975216774770691
1266975422543204352
1266975426598977536
1266975475630354433
1266975767847596032
1266975931748569088
1266976776582041600
1266976885382221824
1266976967783579651
1266977068006473730
1266978332345696258
1266978482673913856
1266978613905276928
1266979051975200768
1266979748707614721
1266979782799081472
1266979856904007681
1266979966907904000
1266980123510583296
1266981173466726403
1266981192332648448
1266981297898942464
1266983909289611265
1266983923340529666
1266984821009649665
1266985093819580416
1266985538256502784
1266986353448845313
1266986467743547392
1266986805787844609
1266986818563485696
1266987683575824384
1266987832419254273
1266989241587859457
1266989412073844736
1266989629166813186
1266990253488984064
1266990563464810496
1266990577339555840
1266991307207172096
1266991381546967042
1266991780433735681
1266991836641415169
1266992082549444608
1266992283171389444
1266992369192382467
1266992381359988736
1266992411064090631
1266992870659063808
1266993047201513474
1266993335429988352
1266993547783426048
1266995891363176449
1266996768547495937
1266996983622967296
1266998240471203840
1266998351557357574
1266998840290234369
1267001216170631168
1267001525466886145
1267001699702431744
1267002044793192449
1267002631978995713
1267002704582397953
1267002973370101761
1267003180711161858
1267003458462203904
1267004487270629377
1267005077878784001
1267006991312007168
1267007889018769409
1267008351784841217
1267010247534751744
1267010281408024578
1267010822640992257
1267011605457440769
1267012487666454533
1267012651172986881
1267014214792744961
1267014798568353794
1267015751774253058
1267016404689195008
1267016633073250304
1267016734420152321
1267017387200610304
1267017912910569472
1267018046851465216
1267018144683606023
1267019108526313474
1267019812661796865
1267021203153149953
1267022165821599749
1267022314987716609
1267025197049225216
1267025327538106368
1267027421800300545
1267029731867836416
1267030955300093954
1267033149059616768
1267033244333232130
1267033277325381632
1267039637723164675
1267043394599124997
1267055289561419777
1267056225956446209
1267058377177391104
1267061458967293952
1267065677434806276
1267067025123401728
1267071787583574017
1267072024989630464
1267074536215724032
1267074909542526978
1267075792309235715
1267076587259822080
1267076769355567104
1267078139286622209
1267079934901706753
1267085051268943874
1267085130834808833
1267087714102456321
1267091308281241600
1267093610098503683
1267094092426534912
1267094552109895680
1267097727038603264
1267106226766336001
1267108309418618880
1267108545855709184
1267112971395690497
1267114012510228481
1267114614069825536
1267115700172271629
1267115751892234241
1267116862644654080
1267117514942799879
1267124955428409345
1267125401903493121
1267127827393966085
1267132212215865345
1267132315609772033
1267134992821428232
1267141223241797633
1267141321837379584
1267142756025147398
1267143099672924161
1267148214525988864
1267149138036064262
1267152535565066245
1267152570541367301
1267153247506219008
1267154546196975619
1267154581030678528
1267156848496586752
1267156861700255744
1267169004981977090
1267182659530178561
1267189178896281600
1267260268762943490
1267260350069477376
1267260378351759361
1267260396731158529
1267268526886322178
1267274725899853824
1267275781035737089
1267295915372621824
1267301604673196033
1267305624808951809
1267318595618471937
1267322756208746496
1267324255705989120
1267325142138589184
1267331322126585858
1267331848616714241
1267332447462711296
1267344248359157760
1267359840046927873
1267361083594928130
1267372013032665095
1267381335934427136
1267381368742281217
1267381793293926400
1267381824965107712
1267382650605428738
1267382678111715329
1267398404797333504
1267440159236059136
1267443974542725124
1267444210564599808
1267475758773161984
1267487403494776833
1267506459236986881
1267639105300692993
1267651515331670017
1267677115740274688
1267684804587208705
1267703840574369792
1267751696655978496
1267774464298815488
1267821373918834691
1268001391018151938
1268030149339099143
1268040006364549121
1268134335653261314
1268182051108401156
1268222448786432001
1268417882263863300
1268419411318366208
1268422285993496576
1268550733076615170
1268582142532939776
1268738511823228928
1268827481986830336
1268840368818098183
1268934806857023488
1268952999029768197
1269202861390364672
1269575073662488576
1270406148844163072
1270572806506414082
1270577559596683264
1272909299455537154
1272921104542076928
1273161296377188353
1273161333203181568
1275511942501863425
1276081948436258822
1276488505565130753
1285504336655577089
