id
1264000728235798529
1264003347767418880
1264004875186208770
1264012400132382721
1264014052881203202
1264014334646194178
1264016571841671170
1264017711601840129
1264018694893473794
1264019293781491712
1264021339540803584
1264021464837062656
1264021581568901120
1264021776142499840
1264023303900954624
1264023988705116162
1264024683453841408
1264025131392872450
1264025362310168577
1264025473857830914
1264025765949009920
1264025831531139074
1264026256057741313
1264026815829389312
1264026826537488384
1264027001809178635
1264027246097915906
1264027305694896133
1264027382689611776
1264028018147655683
1264028499116912642
1264028595191599104
1264028619786948608
1264028667262443520
1264028986708918272
1264029278686998528
1264029412145557504
1264029439303675909
1264029846914633728
1264030244811362306
1264030568607449088
1264030615315386369
1264030844424880129
1264030900398043136
1264030941887913984
1264031163976486912
1264031219219660808
1264031645000237057
1264031660250558464
1264032732801187840
1264033181289742338
1264033737576194048
1264035802973175808
1264037203467923456
1264039722550210571
1264039984107044870
1264040360889552897
1264040688116740098
1264041798328033281
1264042391251685381
1264043078081536001
1264043146364751873
1264044785825914881
1264046012110270464
1264046203211116545
1264046346304020480
1264046615737667584
1264047047625207808
1264047080319758336
1264047566355787778
1264047649080164352
1264048757399867392
1264048801922367490
1264048839071334401
1264048850051805184
1264048953458397186
1264049214587318272
1264049819045072897
1264050220175896576
1264050930309312513
1264051092188540929
1264051119451328514
1264051154490724353
1264051612248489984
1264051919988723713
1264051937646768128
1264052074804805633
1264052933219540993
1264052933571670016
1264053093349552130
1264053242293608448
1264053248564084736
1264054032307556357
1264054269659021313
1264054382527688705
1264055064999665664
1264055374522519553
1264055396479754241
1264056078221770758
1264056130155581440
1264056231263526912
1264056260263108609
1264056417419493376
1264056438953050113
1264056716313931776
1264056723951833088
1264058564735315968
1264059388949606402
1264059400815284224
1264059550904320002
1264059626523201536
1264059640666558465
1264059822866984961
1264059850692218881
1264060161901105152
1264060224236744704
1264060855139917824
1264060875046092800
1264061047553417216
1264061103807528961
1264061228151783424
1264061517143642115
1264061803950153731
1264062672682827776
1264062962991423488
1264063011284832256
1264063218290393088
1264063347613249536
1264063407998853120
1264063481143156736
1264064156770033664
1264065601959534594
1264065719945183232
1264065888401096704
1264065923209707527
1264066140734717952
1264066646169268224
1264066647201062913
1264066686241648642
1264066768735068160
1264067023102857217
1264067138303778817
1264067393262780417
1264067535076458502
1264067658162503680
1264067698457280512
1264067911934775296
1264067920726052865
1264068194353872896
1264069032988139521
1264069210885378049
1264069314665037824
1264070799582875648
1264072449550807042
1264073028771688448
1264073059805171712
1264073624471953413
1264073787890335744
1264073901228748801
1264073971500232704
1264074089938841601
1264074342947749888
1264074474795741195
1264074695298539521
1264075005207252993
1264075064367955968
1264075820147990528
1264076041997266944
1264077523316432902
1264078331793879040
1264078711860715520
1264079799347183616
1264079925738340359
1264080072585080832
1264080351112187904
1264080384591122432
1264080573439504384
1264080585330511880
1264081414653386752
1264081543653449729
1264081738596155392
1264081827502804993
1264082095883743233
1264082170722889729
1264082179577044992
1264082645144698880
1264082747720495105
1264082868457914368
1264083569141354496
1264083799912132608
1264083833185591302
1264083893268946945
1264084193228623872
1264084507239559168
1264085279775821824
1264085335467790336
1264085551923097600
1264085879028477952
1264086611693899777
1264086715444191232
1264086742891724800
1264086756745453569
1264086938883145728
1264087035842908163
1264087275585101824
1264087744864636929
1264088674087600133
1264089190825734144
1264089284438564864
1264089390139297792
1264090799467266049
1264090901246144512
1264090917377650688
1264091227743543296
1264091552000983041
1264091567180005381
1264091881253863424
1264091920214773760
1264092044064063496
1264092111630217216
1264092665550794752
1264092683901034496
1264092928529620993
1264093101292843013
1264093148810227713
1264093554303021056
1264093795509047297
1264094229648867328
1264094509643763713
1264095158292738048
1264095447540330497
1264096111930867713
1264096333134270469
1264096509773189120
1264096652341772288
1264097484835557376
1264097772573036545
1264097988022075393
1264098103973601281
1264098169438306304
1264098327458721792
1264099041748512768
1264099741497012226
1264100293836341250
1264100502205353991
1264100946600005634
1264101422917795840
1264101462940008451
1264101641852239872
1264101681781968898
1264101840746135558
1264102135509155841
1264102196192391179
1264102351641567232
1264103059212439553
1264103583189999616
1264103961835044870
1264104672413003776
1264104845331423234
1264104993335853058
1264105146704900096
1264105235485790208
1264105404784619520
1264105514046304256
1264105648607899653
1264105888140398593
1264106950368903168
1264106963144712192
1264107132468760576
1264107893906866176
1264107960629895169
1264108493591719938
1264108940889067522
1264109108535402498
1264109794035675136
1264110023782928384
1264110363076943873
1264110569084334080
1264110705487179777
1264111204290703360
1264111338772725761
1264111722496954368
1264111982933934080
1264112000789090306
1264112226555789313
1264112859316924416
1264113005895262208
1264113012174131201
1264113150313422848
1264113204449415173
1264113825575366656
1264114433850249217
1264114549893951490
1264114896331059200
1264114956523515905
1264114977662742533
1264115222391984136
1264117022872547330
1264117147078463489
1264117296567422976
1264117770830127105
1264117958017798144
1264118049453547522
1264118096727547904
1264118193100128256
1264118565617229825
1264118863362289665
1264118974524129280
1264119489563516929
1264119560606822401
1264119967529697280
1264119978640343041
1264120145481535492
1264120368937263104
1264120590798974977
1264120863747649536
1264121152114491392
1264121154278756352
1264121179616563200
1264121294997598208
1264121305986670592
1264121478435557376
1264121569606950912
1264121623340187648
1264121647595843585
1264121688490340353
1264121693997371392
1264121699378724866
1264121759206461440
1264121833281843200
1264122192490647554
1264122843232534528
1264122973780353026
1264123056374591488
1264123088662171650
1264123404338319361
1264123549528100865
1264123553231728640
1264124309418782720
1264124363663646720
1264124387604811776
1264124469364350976
1264124574188351488
1264124600293695494
1264124687124135936
1264124745823420416
1264124893261635585
1264124966494142464
1264125506443792384
1264125517160050688
1264125524252807168
1264125741027020803
1264125882135805954
1264125920580902912
1264126128752476160
1264126260659322886
1264126448035643392
1264126518306971649
1264126591602503681
1264126727846051840
1264126807281983488
1264127072362016769
1264127182445543424
1264127296203567104
1264127462839062529
1264127611845914624
1264127666191548417
1264127736634912768
1264127927928700928
1264129189361397760
1264129494811578368
1264130177870598145
1264130412131037185
1264130707498172416
1264131163251228672
1264131301025644545
1264131890736398337
1264132011108827136
1264132421445799936
1264132508024791040
1264132955040960512
1264132983302152192
1264133734237790208
1264134011175292928
1264134907388932096
1264134956550324224
1264135102524784640
1264135352970813440
1264135484705591298
1264136205194506240
1264136543263956997
1264136693101195264
1264136771412979717
1264137532045959168
1264137825764728833
1264138668882698240
1264138951591374849
1264139375828512768
1264140457220673536
1264140462568308741
1264141380420395011
1264141533541883906
1264142068479229953
1264142258812706817
1264142428094808066
1264142908388769794
1264142949685833728
1264143019210498048
1264143324962832384
1264143709450440704
1264143854695047169
1264144030667063296
1264144410335424512
1264144473241640960
1264144766167629825
1264144776011689984
1264145182850719744
1264146443784290306
1264146661288394757
1264146761200791552
1264147126570926080
1264147629727977473
1264147649357217793
1264148142209056769
1264148194545590277
1264148552743219200
1264148926451478529
1264149719057600516
1264150144624152581
1264150811552219138
1264151228625412096
1264151615172481024
1264151660403863553
1264151971956576262
1264152475361214465
1264152964018683906
1264153067089469446
1264153097657561089
1264153133258768386
1264153173385756672
1264153780481929219
1264154399653294085
1264154867825889285
1264155108834791424
1264155328951640065
1264155409805271041
1264155684490244096
1264155842867269632
1264155921531301888
1264156174783578112
1264156623120904193
1264157283426037762
1264157331115454464
1264157754773712897
1264157845777297408
1264158143694565377
1264158415200362496
1264158550005370881
1264159561709228033
1264159572077543424
1264159864462422021
1264160107534774273
1264160176938065922
1264160195133034496
1264160338796253185
1264160608779411457
1264160958034870272
1264161018328109056
1264161323710988288
1264161695011930112
1264162081953271809
1264162591380836352
1264162647227891712
1264162879726661633
1264162885732831232
1264163543496056833
1264163619773624321
1264164105583116288
1264164669616357377
1264165001054560261
1264165953274871808
1264166103409930241
1264167099515232257
1264167124018356227
1264168041891483649
1264168215481122816
1264168559393021952
1264168597162770433
1264168685624844289
1264168780357345280
1264169310769070081
1264169868590448640
1264170012388003841
1264170325538816000
1264171652373458945
1264171889037053952
1264172041730764801
1264172199465947139
1264172830700081157
1264172858734862336
1264172900095078401
1264173515328163841
1264173615404036098
1264173873488150535
1264174494060556289
1264174805353463808
1264174941366366209
1264175101928525824
1264175161546170370
1264175500827725824
1264175583438819329
1264176661257269248
1264176753347571713
1264176784876032000
1264177102691196928
1264177227983454208
1264177594125045760
1264178289570197507
1264178348118421510
1264178463507984385
1264178502124867585
1264178776562454528
1264178905197527041
1264179299046830081
1264179746461663233
1264179851801460736
1264179994286317575
1264180031401549824
1264180204567777281
1264180754168328192
1264180916592705537
1264180952114192384
1264181790136307713
1264181793294434305
1264181912802910208
1264182094021816323
1264182138997370880
1264182161147482113
1264182296036421633
1264182326273040384
1264182457185841153
1264182497618743296
1264182885415817216
1264183302207860741
1264183678579757057
1264183688876744704
1264183870787776513
1264183894703771648
1264184014186909697
1264184089457954817
1264184158026436610
1264184235046211586
1264184635514216449
1264184663519760385
1264185067842211840
1264185104915628033
1264185494226665472
1264185754172841991
1264186155853058053
1264186452516184066
1264187094588506114
1264187101052100611
1264187195117711361
1264187228718235648
1264187277678387202
1264187985177821186
1264188091222208513
1264188678894747648
1264189850644877312
1264190541656449024
1264190770875117568
1264191111989518338
1264191146898718720
1264192331978289155
1264193114794864646
1264194554216894464
1264194764666212353
1264194800758124544
1264195022251048960
1264195389743411201
1264196241304453120
1264196319951810560
1264196606846361600
1264196648621793288
1264197439797334016
1264198753184956416
1264198819539009537
1264198973692063744
1264199392992677888
1264199513419350016
1264199550601965568
1264199974398631937
1264200163867996162
1264200625643872256
1264200627439230978
1264201070303207424
1264201444913082368
1264202651593572355
1264202994905608194
1264203299374297089
1264203514567200768
1264203559069011969
1264203762333351936
1264203900241842176
1264204011743465473
1264204118605864961
1264204338165100546
1264204398353362945
1264204565299245057
1264204953649897472
1264205270961405952
1264205874781962245
1264206102641532929
1264206106412417024
1264206107733405696
1264206168983064576
1264206185399533568
1264206187928719360
1264206322951749633
1264206592687214593
1264206967054237698
1264207818640384001
1264207956741992448
1264208016943046663
1264208091966574595
1264208142650478593
1264208220681310211
1264208690954919936
1264208764376420353
1264208866457391106
1264209009285959681
1264209109047541760
1264210045807374343
1264210087066963973
1264210224195526656
1264210456031514629
1264210805526007813
1264210959574450176
1264211191674609666
1264211216995692544
1264211630742790146
1264211839304577025
1264211867511078912
1264211933097574405
1264211986549583873
1264212137531998208
1264212174622187521
1264212219077832706
1264212240120586242
1264212492261232640
1264212495692181504
1264212829323722753
1264212991169478661
1264213100288303106
1264213384523927553
1264213389829640192
1264213444384788480
1264213465306193920
1264213743086571522
1264213951782375424
1264214369820274688
1264214420567191569
1264214737916755970
1264214873799565323
1264215062413099015
1264215688060776449
1264215844852305920
1264216143725645832
1264216891280801792
1264217120033984513
1264217370018615298
1264217370400358401
1264217471055065091
1264217771161911299
1264217785602883584
1264218114713104389
1264218329499262983
1264218456364326913
1264218649264623618
1264218862339448833
1264219484438491136
1264219582966923264
1264220396313862145
1264220661528121348
1264220971218673664
1264221662054174720
1264221772829921283
1264222287726809099
1264222622801428485
1264222767383293956
1264223580130164737
1264223643107762176
1264223977897168896
1264224182969069568
1264224468307755008
1264224527040446464
1264224549215727617
1264224681210462208
1264224748902346752
1264225168143990785
1264225244463669248
1264225390047965185
1264225552279404544
1264225799860662273
1264225842349117452
1264225871990226944
1264226464213413889
1264226547248046082
1264226593540648960
1264226693813727233
1264226759500800008
1264226920478109701
1264227152574271490
1264227162686738432
1264227183775477760
1264227236678299648
1264227468619251714
1264227837881581568
1264227930982342656
1264228122032889857
1264228282133893120
1264228600519114754
1264228690285793280
1264228904459362304
1264230096019304449
1264230598748467200
1264230998398697474
1264231081429159938
1264231164325306369
1264232489918386177
1264232562731311104
1264232733401911297
1264233095533756418
1264233603153584129
1264233633075859462
1264233782552465415
1264234223617085441
1264234370283511808
1264234387350196225
1264234513628049408
1264235159869460481
1264235186142748672
1264235288936828930
1264235593174781954
1264235976584544256
1264236015859924995
1264236156096589824
1264236577426935813
1264236692724121601
1264236695823802369
1264237385576939520
1264237503902441472
1264237530293121024
1264237848493993989
1264237861710118912
1264237934619877377
1264237965326368768
1264237984448200710
1264238082351681541
1264238150446133249
1264238162986975233
1264238203055288321
1264238259317682176
1264238374245679104
1264238782385057792
1264239565042151425
1264241349433253888
1264241758952710152
1264242427159818241
1264242434076278787
1264242510332862464
1264242572458971136
1264242653056524289
1264242771151302658
1264242786347257856
1264242867826024455
1264242923396386817
1264243503888044032
1264244005531004934
1264244109549670401
1264244162687381506
1264244301707476992
1264244423627431936
1264244569639661573
1264245110088388608
1264245215579250689
1264245265625755650
1264245482794233856
1264245492155854851
1264246611862933504
1264246873780621312
1264246893569282053
1264247155159695360
1264247361125007360
1264247532672233472
1264247545158610944
1264247910000218114
1264248038601551873
1264248544493359106
1264249763718807552
1264250194515787776
1264250630748737538
1264250983028330496
1264251840025280512
1264251947403468800
1264252318200954880
1264253417087737857
1264253562063925248
1264253688064942086
1264253993582239748
1264254341818363904
1264254712762658816
1264254940689641472
1264255080846495745
1264255668334231552
1264256485405732865
1264257412753616896
1264257536720605187
1264257652370157572
1264257990321987588
1264258097985585153
1264258146526167040
1264258211764453386
1264258331109187586
1264258442497228800
1264258457449967627
1264258653185544192
1264258709502525445
1264258982165635072
1264260943279726594
1264261230258077696
1264261278756896769
1264262000848392208
1264263436051124225
1264263712875184128
1264265450172542978
1264265494007169024
1264266458550288384
1264266658518048774
1264267287860658176
1264267564139655168
1264267741294407680
1264268248998002688
1264269334366564359
1264269430256627712
1264269888434188288
1264270010383568899
1264271405039923200
1264271587563405312
1264271644350169095
1264272305041088512
1264272453796323328
1264272723326447616
1264273281542172672
1264273689593483269
1264274611954466818
1264275047130243074
1264275597456371712
1264278355664179201
1264279666296315908
1264280447867109376
1264281771522154496
1264282670563016710
1264283343505547267
1264286670096142337
1264287864571002885
1264291883452375041
1264292188755841026
1264297874105552899
1264299438308294656
1264329686689210368
1264332059436355585
1264336469285634050
1264339602774556681
1264340761686020096
1264349140261015553
1264349383090270208
1264351088507060227
1264360676555980800
1264361231290228737
1264361750079643649
1264363309316411392
1264364273993756673
1264364846985949184
1264365075302735874
1264366115217707010
1264367274275885056
1264367406782218240
1264368332947374080
1264369116237959168
1264373526120857600
1264374596830183426
1264376449491927040
1264377714821259266
1264378792455409669
1264379838128885761
1264379897985802240
1264380846955352064
1264381805211385861
1264381952020316161
1264382520218402816
1264383971623940097
1264384764624207882
1264385238689439744
1264385519284355073
1264385921035747329
1264387089732456448
1264388055839973377
1264391393100861444
1264396995399233537
1264397050105528320
1264398135071145986
1264402546959036416
1264402997381074944
1264404681561800709
1264406314618363904
1264406330292539392
1264407503221243905
1264408176616779781
1264409664067796992
1264409929538048000
1264410291762278401
1264411840039153668
1264415501582729216
1264417057074024448
1264418081679572998
1264418612661628928
1264421139603877888
1264422435480363010
1264424391066054657
1264428461931683840
1264428778501136384
1264431866771210240
1264432613806288896
1264433647660281856
1264438574776287232
1264438624160026628
1264438699627966464
1264439168396132352
1264441199269687299
1264443261487165440
1264444148540678144
1264446071406653440
1264447195325124609
1264447664743055361
1264448139097812992
1264449047059763200
1264450046227030016
1264452865403256832
1264453010832396289
1264455095728685062
1264457625263058945
1264458513767636995
1264460096580583424
1264461149581557761
1264463679451365377
1264468033617215490
1264469383688196096
1264469559773462530
1264469997470056448
1264470545606733824
1264473591841796096
1264480978434584576
1264482694295101440
1264487963066609664
1264508163778179078
1264511088512471041
1264514035048841217
1264530641837862912
1264531214909812737
1264549464527851521
1264554747668959233
1264557877034975232
1264559172441509889
1264563015942168576
1264564968122392576
1264568689333899264
1264568689556434947
1264581672651104256
1264596723772657664
1264599559617024002
1264608758103236615
1264619152901316610
1264631298196254720
1264726876385357826
1264802221549633537
1264802255825485832
1264813622938800134
1264818719068426240
1264819331034017794
1264883985378926593
1264899031433531392
1264899239588528128
1264919331131047937
1264924922335412225
1264930672692482049
1264948161493323778
1264955666864779264
1265160835434872833
1265228825060954112
1265232857590571009
1265316747135070215
1265325504158208002
1265486076405260290
1265673580282392576
1265673638683918337
1265673661597364224
1265673808251322371
1265673826173456386
1265678541418618880
1265949030355480576
1265977108100194304
1266266613357019137
1266797250966990848
1267155269756338179
1267157631396962304
1267316640393256961
