id
1257105515307384832
1257110746208636935
1257112727430008834
1257117560769822721
1257120480252833794
1257125353811668992
1257125912316981253
1257126163236876288
1257126351619764225
1257126441868648448
1257127117650788352
1257127237771558914
1257128128528318465
1257128501875888128
1257128715152211968
1257129024700047360
1257129237481431040
1257130261843755008
1257130587518832650
1257130882785325056
1257131046249922561
1257132007727017984
1257132102979481600
1257132420580683781
1257133049856155648
1257133114133852160
1257133138683195393
1257133162469011456
1257133746886791168
1257134299817537536
1257134437797629952
1257134626524389377
1257135031572549635
1257135361853022210
1257135403116593152
1257135442350297089
1257136168765964294
1257136175921246208
1257136180455342085
1257136292380303362
1257136522140299271
1257137022445080576
1257137282412208128
1257137436288671744
1257137714077462528
1257137892440395778
1257138043879936001
1257138243985829888
1257138244266987522
1257139197426761728
1257139356508119041
1257139664315576325
1257139705067589641
1257139961771503622
1257140679463092225
1257140804654706689
1257141255722524673
1257141268519534592
1257141358176931844
1257141497742295042
1257141595054448642
1257141676679839745
1257141722863357954
1257141804660518912
1257141854811885569
1257141982805123072
1257142106830843904
1257143295521837057
1257143367344914432
1257143955495387138
1257144114732285953
1257144494413275141
1257145823529504770
1257145890772410369
1257145940563066885
1257145948582576128
1257146246394859521
1257146669461835782
1257146969325105152
1257147024513908736
1257147371995176960
1257147476777328641
1257147510033874944
1257147670050664448
1257148438350831620
1257148896519700480
1257149328713539585
1257150368946905088
1257151299566440449
1257151706003050496
1257152330937614338
1257152412369879040
1257152584147767296
1257152677265305600
1257152792067747846
1257152998398189569
1257153076009537537
1257153381631528960
1257153493393178626
1257153563400327170
1257153658325798912
1257153836780675077
1257154064703524864
1257154087621099520
1257154282811461633
1257154544045371393
1257154688706842626
1257154798807179264
1257154890243223559
1257154907636994049
1257154955842064384
1257155012351983616
1257155489709740032
1257155700670648320
1257155742211043333
1257156361546272768
1257156557235724290
1257156695408730112
1257156963084926977
1257156970295025669
1257157186037440512
1257157290148466690
1257157315935035393
1257157378526584832
1257157419488047105
1257157439851581440
1257157518779912194
1257157593316941824
1257157636237246472
1257157701840314373
1257157703903907840
1257157973333495808
1257157984108654592
1257158020691345408
1257158232319156226
1257158438481809410
1257158731047059458
1257158801859530752
1257158831764840448
1257158909904719872
1257159304324493312
1257159676980088839
1257159731904278528
1257159900486152196
1257160097719037952
1257160386857459712
1257161592434810880
1257161701667098624
1257161755681271814
1257161851936350210
1257161972887416832
1257161988343554048
1257162002524340224
1257162068890976258
1257162213753622528
1257162286365462530
1257162412010156037
1257162615853158400
1257162633909874690
1257162713261838336
1257163006498258944
1257163033425645568
1257163039448666116
1257163229106712577
1257163236928978944
1257163697719369728
1257163840434864131
1257164023914803202
1257164043758055429
1257164085998817285
1257164267364777984
1257164410096807936
1257164643824553991
1257164675420217346
1257165509474295809
1257165740790210561
1257165806112329728
1257166018473889792
1257166267020083203
1257166381558067200
1257166482913386497
1257166610676068354
1257166783854804992
1257166823218450432
1257166834781941761
1257166866776240140
1257166882018213890
1257166934820433920
1257167273204297731
1257167314308542464
1257167539974569985
1257167616893808640
1257167952085843970
1257168026882969606
1257168089084551168
1257168177328504833
1257168557680410626
1257168878775476225
1257168965576450049
1257169071419854853
1257169496089014273
1257169587814236161
1257169797298532358
1257170086873518080
1257170087527792641
1257170268369424384
1257170445721317376
1257170498934288384
1257170678337298432
1257170963260510208
1257170975990231040
1257171176150855681
1257171216755982337
1257171280853229568
1257171314999255040
1257171414274256896
1257171581962301443
1257171592062345217
1257171600157241345
1257171644805795842
1257172208834707459
1257172389638443011
1257172477752549376
1257172888907649027
1257173073838497792
1257173137784999936
1257173234081988609
1257173325266092033
1257173453490266113
1257173533450309634
1257173679663910912
1257174117733679104
1257174239033032704
1257174331421048833
1257174557733138443
1257174659730046976
1257174686749921282
1257174912181006340
1257175047225012224
1257175227303411712
1257175320198893575
1257175347063189504
1257175407893209090
1257175592136515584
1257175626097651714
1257175791659634688
1257175902468935685
1257176286272688129
1257176462844506115
1257176671737843714
1257176725131161602
1257176871856300032
1257176927439171585
1257177099682615298
1257177136412143620
1257177213230895105
1257177746872115202
1257177835250176000
1257177835929604097
1257177874672553984
1257177884734525440
1257177898701721600
1257177977361698816
1257178034555310081
1257178167313342465
1257178229430988800
1257178268291051521
1257178333483278336
1257178566476906496
1257178623477526530
1257178674937421829
1257178703207043072
1257178982404980736
1257179173375938560
1257179237380960256
1257179404209393665
1257179458257268736
1257179539924541440
1257179690554490880
1257179899820982273
1257179907471429647
1257180017412444161
1257180398397857792
1257180476801941505
1257180698273894400
1257181112863948803
1257181374252904449
1257182114807676931
1257182147879763968
1257182207686385665
1257182342646464518
1257182568417378306
1257182870587576321
1257182970563031040
1257183262272827392
1257183477205786624
1257183504728616961
1257183623511330817
1257183762829447169
1257183789769355264
1257183806035017728
1257183946787282944
1257184020108120066
1257184325503782913
1257184821752655873
1257184905286627329
1257184939461586945
1257185135029436418
1257185881603088384
1257186020614909952
1257186972335869952
1257187648118173697
1257187666824552449
1257187693529874437
1257187934903635968
1257187997113634816
1257188048409772032
1257188420369047552
1257188564883759105
1257188803191726080
1257189045937020929
1257189091432636416
1257189116346683398
1257189221149769728
1257189245439139841
1257189251919171592
1257189262921019392
1257189823313399808
1257189966074966019
1257189995565072387
1257190291720728576
1257190403234623493
1257190419580039174
1257190507295490049
1257190659703877633
1257190703970439169
1257190732777086976
1257190805619437575
1257190821427847168
1257190956006326272
1257190968522149891
1257190979578167298
1257191068996599809
1257191254171045890
1257191431384363009
1257191626415497216
1257191722292883457
1257191831638618117
1257191969773834240
1257191986844631041
1257191999544983553
1257192019987820544
1257192037448810496
1257192373500575747
1257192384212828162
1257192410054000641
1257192455583215617
1257192525963694080
1257192552211546112
1257192578836914177
1257192899420151808
1257192955837734912
1257193111471751169
1257193534978998272
1257193536556015617
1257193613068349446
1257193744283172868
1257193804517371904
1257193936470151169
1257194013641158658
1257194292407201798
1257194426822045697
1257194543960805376
1257194740623147014
1257194751339577344
1257194768850997248
1257194794511749122
1257194862052597760
1257195192811053056
1257195234896814080
1257195490493345792
1257195512668749831
1257195536874180609
1257195539055206401
1257195667677741057
1257195694294618112
1257195863857741826
1257196000671789057
1257196082414538753
1257196091834904576
1257196288866746368
1257196327231987712
1257196767830933504
1257196787766398976
1257197163588837376
1257197215233212416
1257197242080882688
1257197382057459713
1257197701197754372
1257197786493120514
1257197791283163138
1257197987479973888
1257198038596141057
1257198105771966464
1257198150672175105
1257198171140341760
1257198271564521474
1257198346160287745
1257198401835409408
1257198526058160128
1257198619792420865
1257198936147791873
1257199047468777472
1257199089189564416
1257199263630622721
1257199765910982656
1257199793698308096
1257200145751572481
1257200812557832193
1257201056364277760
1257201070427836416
1257201180423446528
1257201198169546753
1257201210769227776
1257201307590549504
1257201312216813574
1257201330818613248
1257201343833530368
1257201501971324929
1257201521659437057
1257201538046574592
1257201599870570496
1257201733958340608
1257201794763145217
1257201794775736322
1257201808486862848
1257201879077064706
1257201899994075138
1257201918000222210
1257201931862196225
1257201934450253824
1257202101475659777
1257202190071984130
1257202703928717312
1257203034758631424
1257203091180523520
1257203170045915136
1257203244536823809
1257203550574215168
1257203588008460289
1257203661228433408
1257203794649235457
1257203798012903425
1257203799745105922
1257203844376821762
1257203942502674437
1257204930412195840
1257205030903414785
1257205046611238912
1257205094745100289
1257205134028935168
1257205243785461760
1257205585885315072
1257205693347758081
1257205742366601223
1257205778118610944
1257205910075670529
1257206224946331649
1257206329510211587
1257206350314176513
1257206459017973760
1257206503687118849
1257206559819608066
1257206574415704064
1257206627389800448
1257206678421987329
1257206730309730305
1257206820722049031
1257206822726926336
1257207087739920384
1257207153779236864
1257207256090701824
1257207405492023296
1257207406976737281
1257207722098995201
1257208196126724098
1257208335453093891
1257208337948717056
1257208643910393857
1257208847682408450
1257209441335861248
1257209596290240512
1257209702326382592
1257209894505152513
1257209894589038599
1257210083458592768
1257210234822590464
1257210262895165440
1257210319778254853
1257210416054353920
1257210422073196544
1257210530449600512
1257210549932191746
1257210747743948800
1257210942804258816
1257210985711955968
1257211004074840065
1257211087180742657
1257211138380648448
1257211195796283393
1257211293678911492
1257211416949469186
1257211418383966208
1257211528975200257
1257211585119940608
1257211820542222336
1257211901165142016
1257211906558881792
1257212144250048514
1257212200105635841
1257212441282387973
1257212552087392257
1257212564909555712
1257212716541898763
1257212804370771969
1257213035699212289
1257213101461602305
1257213270844473347
1257213500264513537
1257213549203472385
1257213690790547456
1257213756704243712
1257214001789845505
1257214131335122944
1257214337648922625
1257214480506695680
1257214704063328257
1257214875505315841
1257214902541959168
1257214954811256837
1257215034125701120
1257215079981989888
1257215250723737600
1257215274819809281
1257215507536556032
1257215509705166849
1257215513865760769
1257215687627440128
1257215695269445632
1257215887570079746
1257216088581996545
1257216126607667200
1257216251539132416
1257216381524697089
1257216432376438784
1257216745091170304
1257216761067302912
1257216880906928128
1257216883637407744
1257217051028045824
1257217122469474304
1257217224428810240
1257217414321901568
1257217562502455296
1257217642978476034
1257218186799431680
1257218303069753347
1257218409584119809
1257218437786599424
1257218488159965184
1257218535333310464
1257218588978577408
1257218600282271744
1257218757715468289
1257218813147222016
1257218871368409088
1257218924954791937
1257219016801697792
1257219134569545728
1257219616314662912
1257219687554797568
1257219877036863488
1257220378793033728
1257220426629025792
1257220513786724353
1257220799372673024
1257221197974175745
1257221242081423360
1257221482532364288
1257221736853942278
1257221748011020288
1257221867821129728
1257221983034540032
1257222017645862912
1257222029402611712
1257222139687518208
1257222193693421569
1257222447503339520
1257222647194124289
1257223572856074240
1257223770462253057
1257224174419894272
1257224183139926016
1257224206728585218
1257224411578392578
1257224558265892864
1257224638997897218
1257224672917192704
1257224772645158914
1257224886977781761
1257224903398502405
1257224933924634627
1257224981022466049
1257224995014676481
1257225213487579136
1257225392089378817
1257225524142919680
1257225901571440645
1257225962833534977
1257226506138382341
1257226602775293952
1257226635805257730
1257226848037228544
1257226932518780928
1257227136756318209
1257227670158479361
1257227812949446658
1257228048413401088
1257228175119015936
1257228368317120513
1257228516187242496
1257228979964125185
1257229076051357696
1257229103989579776
1257229107928035329
1257229239411228672
1257229247678230528
1257229343895543808
1257229462338514944
1257229767985651712
1257229971405148160
1257230074232762369
1257230242793611267
1257230335810637826
1257230818549944320
1257230886136922112
1257230984149381120
1257230987131531264
1257231127837724672
1257231248315092992
1257231486375407616
1257231583523803136
1257231701824110592
1257231817578438657
1257231837040119808
1257231873350209537
1257232050639327232
1257232524398428160
1257232729420247040
1257232818339549189
1257232879081455616
1257232927282397184
1257233001508823041
1257233150218035201
1257233210800394240
1257233227267399680
1257233453554315267
1257233668004810753
1257233716688179201
1257233830697566208
1257233970003161088
1257234012004892672
1257234211792195587
1257234413043306497
1257234660087730177
1257234667528478720
1257234835900452865
1257234899284549632
1257234943685480450
1257235231905472512
1257235271424323585
1257235438554812417
1257235748790640640
1257236020308762624
1257236051883552768
1257236146175774724
1257236291348910086
1257236348060094464
1257236363105058827
1257237512008822785
1257238396168216578
1257238408096710656
1257238420511834112
1257238490187591680
1257238587394928641
1257238808220839937
1257238966761402368
1257239293644455936
1257239822135164928
1257239903852613632
1257240156626661377
1257240199098228736
1257240413968138241
1257240497934000128
1257240550924849152
1257241028664442881
1257241074571100162
1257241117436723200
1257241201427787776
1257241278116438016
1257241487680638976
1257241544618389504
1257241729431937026
1257241747865825281
1257241977290133504
1257242023364452352
1257242112338214914
1257242119959281664
1257242157406130176
1257242225861369858
1257242355595345925
1257242466144706561
1257242515163373570
1257242717408702464
1257243474484551680
1257243557540347904
1257243745247887360
1257243808267489281
1257243962173079553
1257244073989009410
1257244273512075270
1257244496342982656
1257244546406191109
1257244590475808768
1257244614559490049
1257244693919744003
1257244847678914563
1257244876007018496
1257244945464750080
1257244974380462080
1257245083117604864
1257245126168121345
1257245267331444736
1257245289330638849
1257245424370343938
1257245431035318273
1257245762175619073
1257245771637743616
1257245904324775936
1257246203948892160
1257246275352887300
1257246489505673216
1257246528294408192
1257246549391953920
1257246578584231936
1257246613799669763
1257246787141804036
1257247027890737154
1257247415318523904
1257247562479931395
1257247646177275905
1257247768072130561
1257247854923526144
1257247936368517120
1257248304439521280
1257248355387797504
1257248360274317312
1257248416264060929
1257248519167062016
1257248605011763202
1257248633759641601
1257248946327601152
1257248974790107139
1257248980334833664
1257249021078515714
1257249380639309824
1257249534406586369
1257249812551995392
1257250081419300869
1257250099563917312
1257250165880246278
1257250229079941125
1257250301599416321
1257250325838397445
1257250479412662272
1257250785315958786
1257250857466421249
1257250861891358720
1257250881361399808
1257250883663998976
1257250883999617026
1257250904685846529
1257250919965700096
1257250941813714945
1257250977003958273
1257251095723859968
1257251103520878592
1257251158281687042
1257251238015574016
1257251277689544706
1257251318340685826
1257251361541910528
1257251420115361794
1257251449274118146
1257251515095560193
1257251626894659589
1257251638676541440
1257251700089520129
1257251717437108227
1257251720381399048
1257251770679595008
1257251794096230403
1257251795946008585
1257251852745228288
1257251957657554944
1257251985155338240
1257252013055676417
1257252110430801920
1257252140130512897
1257252154995208198
1257252182040207360
1257252568893284352
1257252594054950912
1257252664900907008
1257252691237056512
1257253196331806722
1257253406646980609
1257253982524723200
1257254015336775682
1257254049881059329
1257254078981083137
1257254527520190465
1257254748241235970
1257254765026828289
1257254853992210433
1257254858387869696
1257255047299166209
1257255153507250177
1257255157881962497
1257255167247908864
1257255346273431552
1257255386790244353
1257255495917699072
1257255666500038656
1257255778055929856
1257255818912727041
1257255856426463233
1257256031299743744
1257256160379277314
1257256220009906178
1257256232970096641
1257256286313316354
1257256426990419968
1257256484041302023
1257257117846777859
1257257154219827206
1257257229536854016
1257257523314294784
1257257545338466304
1257257572454858752
1257257720459046912
1257257894317195266
1257258316578713600
1257258382798524416
1257258558913040384
1257258719529897984
1257258753625391106
1257258824374849536
1257258855223881728
1257258957606776832
1257259167133298690
1257259447208083456
1257259475838414848
1257259524404248577
1257259721725054976
1257259763982675968
1257259792747225089
1257259904156545024
1257259909919506433
1257260002131075072
1257260111157817344
1257260125313695744
1257260148214693888
1257260211330482176
1257260238832578561
1257260364640792579
1257260377345265665
1257260472820068352
1257260502796902401
1257260651849736193
1257260733944836097
1257260738550300673
1257260761199579141
1257260865776087043
1257261006012608513
1257261158949666816
1257261328366022658
1257261372070453253
1257262036523847681
1257262060351762433
1257262152852758528
1257262423268089856
1257262435146366976
1257262493862449152
1257262512992591876
1257262739048796160
1257262873920724992
1257263132675674113
1257263231392940033
1257263245397823488
1257263332676993024
1257263614370537472
1257263647098724353
1257263670947647490
1257263842318483456
1257263944558927872
1257264002553597952
1257264033511682048
1257264051043827712
1257264078306902021
1257264141770817542
1257264208930058240
1257264467378876416
1257264498605469698
1257264659104780289
1257264684526436354
1257264817024512000
1257264904236662784
1257265046788476928
1257265051150368770
1257265168427495424
1257265305384091653
1257265322027089925
1257265371012186112
1257265371859562496
1257265667893592065
1257265705453576194
1257265720997617667
1257265726584471554
1257265749372145664
1257265805789544451
1257265807157051392
1257265810881552385
1257265835493797889
1257265850249351169
1257265869153058816
1257265969455603714
1257266258975825920
1257266273605398528
1257266312474030080
1257266356866691072
1257266389007716352
1257266425393057792
1257266427645607939
1257266668482560001
1257266708995346433
1257266832895029248
1257266852792844289
1257267019944210438
1257267060041801728
1257267082544189440
1257267210256556032
1257267300136374272
1257267371150135296
1257267784398094338
1257267841671274497
1257267997821087747
1257268008290000898
1257268024685494274
1257268134781698048
1257268390311473152
1257268411895369728
1257268679923900422
1257269068194697218
1257269122703990784
1257269379315585026
1257269494122082310
1257269520126763009
1257269572840951808
1257269679191711746
1257269687391526912
1257269744689917952
1257269859047682048
1257269969663913986
1257270404546269184
1257270489292079104
1257270699816824832
1257271003618689024
1257271095268225026
1257271096312762368
1257271130408333312
1257271215175204864
1257271225904173061
1257271257093021696
1257271265934618624
1257271328773636100
1257271337523056641
1257271538832642048
1257271604884631552
1257271709046104066
1257271731552649216
1257271965771018240
1257271981646450688
1257272057798316032
1257272266406064133
1257272434874597377
1257272601682104322
1257272725812531200
1257273214989991936
1257273339044868096
1257273538660057089
1257273770823372800
1257273813349236737
1257273890948222982
1257273938943541248
1257273971290050564
1257273993763024898
1257274095579705344
1257274134020620288
1257274156296605697
1257274180543881217
1257274287741743104
1257274621054902272
1257274706148892677
1257274760855040000
1257275054980767746
1257275177202638848
1257275177756430337
1257275232940949505
1257275346153541634
1257275380555231232
1257275566547505160
1257275640857976833
1257275642946695175
1257275760051654656
1257275847607758848
1257276034497441792
1257276048368074757
1257276065225080833
1257276079858839554
1257276238126866432
1257276250361479174
1257276314731655169
1257276330678218753
1257276359296126982
1257276377549529093
1257276393056075776
1257276439415709698
1257276443626819585
1257276577269809153
1257276588648849409
1257276894707318785
1257276901795610628
1257276910264082434
1257276960679571457
1257276974868729857
1257277002714923009
1257277023074091009
1257277061862842369
1257277118603501579
1257277192532156418
1257277515489476611
1257277597198647296
1257277603263594498
1257277968478543873
1257278255742115840
1257278309743853568
1257278310846918656
1257278786594394112
1257278802994122752
1257279270101176322
1257279284256952320
1257279436476407811
1257279487106002952
1257279489802977287
1257279615564947456
1257279673664405504
1257279890451083264
1257279921686274052
1257279947212836864
1257280073763368962
1257280105988141056
1257280169116483594
1257280255078760448
1257280267590307840
1257280293767086085
1257280325459292161
1257280609669521408
1257280643496644611
1257281010573742086
1257281132510486529
1257281341898412033
1257281453357965312
1257281504444477441
1257281553702326272
1257281755679203331
1257281843751038976
1257281874478510080
1257281892958629888
1257281962198175744
1257282188644622339
1257282197989421056
1257282218877161473
1257282220156387330
1257282235650248704
1257282300452179968
1257282419377483777
1257282426176516098
1257282556375916544
1257282562583482368
1257282616278970369
1257282836454944768
1257282915496595456
1257283008866013184
1257283010212192256
1257283109420064768
1257283226973818880
1257283558965760000
1257283631694913536
1257283902399549440
1257283934280433667
1257283939716132864
1257283980660862977
1257284046712954880
1257284471658811393
1257284543595364353
1257284644833308672
1257285182933131265
1257285354190712832
1257285378039578625
1257285401338720257
1257285641492021248
1257285669241536512
1257285996074405889
1257286052680798208
1257286198617190403
1257286247019675651
1257286279588311040
1257286312828088321
1257286417123852295
1257286431032119303
1257286461168197635
1257286978128637952
1257287062375534592
1257287336368447488
1257287339463901184
1257287342110453761
1257287661905154048
1257287838158262273
1257287930726539265
1257287983675379712
1257288024460791809
1257288417479733249
1257288567727878145
1257288747617529861
1257288815128875008
1257288951485755396
1257289115499978752
1257289133191344129
1257289241857572876
1257289323889770497
1257289552777154561
1257289809829249025
1257289878452273152
1257289907107778560
1257289930692276224
1257289939580002304
1257289996467187712
1257290054076170240
1257290191959556096
1257290316975128577
1257290448793677825
1257290461309476867
1257290537649836038
1257290570235609089
1257290586731634689
1257290592649908226
1257290616582443012
1257290852680044544
1257291142238023684
1257291225729818625
1257291267152764931
1257291302603034624
1257291476729462784
1257291671944888323
1257291720292618245
1257291731730608135
1257291768124456973
1257291905760665607
1257291947145904132
1257292030579015680
1257292160795324422
1257292559912747008
1257292595593711623
1257292737650528257
1257293075325415424
1257293124612710404
1257293277549809666
1257293582072811526
1257293629124743168
1257293652122112001
1257293686330675202
1257293714344509444
1257293907546853383
1257293949485625344
1257294007031394305
1257294081773826049
1257294098542792705
1257294134743728128
1257294177412530177
1257294204096483328
1257294227228295169
1257294234748465153
1257294301312118784
1257294360032362497
1257294364172320768
1257294384107675654
1257294468845314048
1257294593999192077
1257294738501312512
1257294746806091777
1257294840536145920
1257294868923252740
1257294877982887936
1257295085609398273
1257295282007691265
1257295377860038658
1257295586761547777
1257295622501253121
1257295627135995905
1257295675416547328
1257295769457082369
1257295869558358019
1257295950986588162
1257295958859284480
1257296318978015232
1257296335159640067
1257296375018131457
1257296530903629826
1257296558351147008
1257296671408623616
1257296708158906368
1257296840631951361
1257296892028911616
1257297159348793345
1257297482586796034
1257297514295853056
1257297791199698946
1257297813257572352
1257297907562287104
1257298034997760000
1257298132385267712
1257298183849271299
1257298271552393217
1257298609890099200
1257298689732702208
1257298759731445761
1257298820498690055
1257298972743331849
1257298987364659200
1257299085779845121
1257299105488961536
1257299200582332416
1257299209927057408
1257299227157422086
1257299508058222595
1257299604451676166
1257299627566526467
1257299695145123840
1257299701159923713
1257299707900030977
1257299913668472832
1257300072011902976
1257300099094306817
1257300123593433088
1257300197081862144
1257300267864915968
1257300371262693378
1257300375935188997
1257300390585892870
1257300468025393153
1257300632584646662
1257300709965312000
1257300823064772608
1257301154838581249
1257301159070494720
1257301204746600448
1257301298363265027
1257301418215534593
1257301430290898945
1257301435336716290
1257301698789294081
1257301788396412929
1257301844650426370
1257301903244881933
1257301947318546434
1257302076972888069
1257302196095344641
1257302412420775941
1257302643665276929
1257302736086982656
1257302751530430465
1257303047299989507
1257303101486149634
1257303185183522829
1257303237457137666
1257303302716354561
1257303364930465794
1257303513199030284
1257303527463874563
1257303692312670211
1257303713254830086
1257303797518434304
1257303873510764544
1257303943253684228
1257303967316316160
1257303989944606720
1257304241854545923
1257304540627394561
1257304938830376961
1257305018710933508
1257305094854340608
1257305263578611714
1257305521029144577
1257305618831925248
1257305734452133895
1257305827691515910
1257306138858512387
1257307096585912321
1257307119616847877
1257307299988639750
1257307474987642883
1257307483351117824
1257307814248108032
1257307846431014915
1257308060139130881
1257308249642004482
1257308291333414912
1257308292512014348
1257308852480962561
1257308865315565571
1257308956847824898
1257309390173954059
1257309414266044416
1257309436617519108
1257309798992801794
1257309814905962499
1257309848087089152
1257309914269020161
1257309925904052224
1257310045307469826
1257310075535847427
1257310125561274374
1257310213750747136
1257310225788358656
1257310512154476549
1257310600473923584
1257310755956776961
1257310792845688844
1257310939684106243
1257310968033406977
1257311118973734912
1257311171771695104
1257311321130844165
1257311331570446336
1257311362537017349
1257311399409094657
1257311684382781442
1257311810325057536
1257311813626028037
1257311816792735746
1257311889777778688
1257312024175849472
1257312028982575106
1257312131948531712
1257312163397431298
1257312351511969798
1257312459204919299
1257312652700733440
1257312715552382977
1257313032503353348
1257313080104517637
1257313081744490504
1257313122429202437
1257313192734150658
1257313195229712385
1257313264897155075
1257313281812754438
1257313508665876485
1257313610017062912
1257313675146231808
1257313691390758912
1257313721883299843
1257313795623403520
1257313807879168000
1257313812740370436
1257313967686348800
1257314055213027328
1257314084111835137
1257314114189144070
1257314139287851009
1257314204375121920
1257314353147080710
1257314415243702274
1257314427512057856
1257314433094713348
1257314505249308672
1257314522626310145
1257314542033317888
1257314575692599296
1257314577240387590
1257314646173773824
1257314706332631044
1257314708106833921
1257314814268866561
1257314832216252417
1257314834850308106
1257314845017305092
1257314914940534792
1257314954962583552
1257314987778793475
1257315010147053574
1257315079550234626
1257315150748475393
1257315397579051013
1257315421448925185
1257315435302645761
1257315702949548035
1257316316140040193
1257316411505905665
1257316789874130945
1257317022171492352
1257317145525927938
1257317146012475392
1257317236831735808
1257317396714360839
1257317489496649730
1257317490041839617
1257317502893174784
1257317653225418758
1257317810994155523
1257317880992948224
1257317906871775234
1257318139060092938
1257318169523269637
1257318233981374465
1257318265522511873
1257318348959780864
1257318366743674884
1257318389577428993
1257318483466960897
1257318572965027846
1257318659069865996
1257318670918774784
1257318801411956737
1257318861453398026
1257318979439259649
1257319086930841601
1257319128898998277
1257319306485850113
1257319470596382720
1257319492868124672
1257319677690130432
1257319690835161089
1257319700343603209
1257319707473936391
1257319799840858114
1257319886117670912
1257320112907882502
1257320332899217408
1257320431716974602
1257320660876931073
1257320672486817794
1257320718821253127
1257320789897908224
1257320851973660676
1257320863889686541
1257320871858892801
1257320938862854147
1257320973331644418
1257320982504632327
1257320983116967937
1257321017598373890
1257321094886768642
1257321117154328576
1257321131855343623
1257321132878729226
1257321143196778497
1257321203892514820
1257321211203207168
1257321317310672896
1257321364119105538
1257321372096720897
1257321399368048641
1257321407869931520
1257321416333996036
1257321436751859714
1257321448894390274
1257321462400081920
1257321507899883530
1257321522638630917
1257321542842605569
1257321559733092356
1257321574929035270
1257321593342029824
1257321665551233024
1257321802746875908
1257321813400403970
1257321820144824327
1257321885399838720
1257321917553377282
1257321943230898179
1257321976042938371
1257321987086540801
1257322078602006528
1257322302439448577
1257322429942124545
1257322432316104705
1257322634083098627
1257322700529270786
1257322788886470656
1257322817344819202
1257322897288257537
1257322986857590786
1257323048597741577
1257323052288733185
1257323259080536070
1257323369021628419
1257323419349078018
1257323561586323456
1257323585502232581
1257323679211417609
1257323883390095365
1257323908472045568
1257323940722036738
1257324005108838405
1257324493657145351
1257324682027528192
1257324708409704449
1257324739493654529
1257324760955936774
1257324967189975040
1257325012215709698
1257325074341941248
1257325089097482246
1257325117907980294
1257325226381111297
1257325390961324034
1257325408422256640
1257325618389229568
1257325711305531392
1257325789378478080
1257325819606818817
1257325821255053315
1257325844999008258
1257325862392905728
1257325873490882560
1257325896093986816
1257325929858129921
1257326029267333121
1257326041602895872
1257326043523940352
1257326076604252161
1257326077829091328
1257326152554704908
1257326204279042050
1257326211312824320
1257326226483621888
1257326282330656768
1257326289679077376
1257326291176603656
1257326391848304641
1257326399196524544
1257326431694024705
1257326602586914816
1257326807533137922
1257326827820822529
1257326857990504448
1257326890295062530
1257327029386653698
1257327095010623488
1257327117542588421
1257327213504081920
1257327228565815298
1257327266075377666
1257327283532181505
1257327365241417728
1257327415405101056
1257327458988294145
1257327499714785287
1257327519126048768
1257327557495549955
1257327717294329857
1257327995418624001
1257328037730779136
1257328204785897483
1257328223114887169
1257328248591187968
1257328467823247360
1257328547582091264
1257328701332533248
1257328992450994178
1257329015985037312
1257329104614899712
1257329140618817538
1257329172709597184
1257329189843132417
1257329299226390528
1257329423730302978
1257329502407069697
1257329508249563138
1257329536695504899
1257329577334059008
1257329583688495104
1257329591431004162
1257329644950261760
1257329889511788544
1257329943911923712
1257329989575479297
1257329996961443840
1257330089638985728
1257330093388476416
1257330239723704330
1257330330622623745
1257330564664827904
1257330586328469510
1257330624609882117
1257330722999853056
1257330816104886272
1257330889110876160
1257330949601312771
1257331225515249665
1257331326786637825
1257331369237192705
1257331401571160066
1257331575479558145
1257331710276046848
1257331790915739649
1257331819005054977
1257331947279470592
1257331953931440129
1257332037649825795
1257332173960613889
1257332202863505408
1257332217564413952
1257332311256739840
1257332496943001602
1257332544581894146
1257332573530992643
1257332609371136000
1257332620427497474
1257332646096433153
1257332800631517185
1257332826745327616
1257333092676767746
1257333137849356291
1257333163384287237
1257333377348317184
1257333482239508480
1257333819088265217
1257333877414264833
1257334074601070592
1257334089755000832
1257334190841921542
1257334227013636103
1257334300262961153
1257334448984666114
1257334514055090182
1257334593839128577
1257335091224875015
1257335156026806272
1257335171600220172
1257335231138447361
1257335520151195656
1257335579861188609
1257335609015758848
1257335614556512257
1257335668914688003
1257335670005280768
1257335782131609603
1257335945596207105
1257335960783728640
1257335991100194819
1257336007726415878
1257336215503810560
1257336326116048896
1257336401504411651
1257336493493964805
1257336700990369793
1257336704052183041
1257337046177366017
1257337054045798400
1257337255947108352
1257337404270292993
1257337421047488513
1257337428001652739
1257337525712142336
1257337532825702403
1257337542099251200
1257337563607633920
1257337692527960069
1257337762153484294
1257337867417923585
1257337871746424832
1257338019717226496
1257338120464478210
1257338166073331716
1257338284763684865
1257338327843450882
1257338464145739781
1257338520374558728
1257338597683924994
1257338718656049153
1257338792056442881
1257338819373862912
1257338986173005832
1257338989536780288
1257339167052267522
1257339236673556486
1257339350288945154
1257339369255571456
1257339394614267907
1257339402356998154
1257339446720110592
1257339452780879878
1257339518975389701
1257339905900007424
1257339967724011521
1257339997314744321
1257340008467501059
1257340022040276992
1257340132128165888
1257340147135373312
1257340209500508167
1257340224885096450
1257340251804229637
1257340292753166336
1257340333404422145
1257340641350160384
1257340748963426304
1257340771109408770
1257340896749801472
1257340921491963907
1257340977322307586
1257341004425953280
1257341022306283520
1257341061971808262
1257341150274469890
1257341177013121025
1257341229953662976
1257341268197363717
1257341376045481984
1257341396249346049
1257341398224973827
1257341406034702336
1257341419473244161
1257341426712576002
1257341440914587651
1257341504764497920
1257341529343082508
1257341759853662209
1257341883266850818
1257341920944238600
1257342017933320198
1257342028704292865
1257342040070905857
1257342050212732930
1257342069972045832
1257342102310211584
1257342174783516672
1257342244849422336
1257342256429903872
1257342341708484620
1257342487313645568
1257342562278481927
1257342669447213060
1257342715861368835
1257342739299143685
1257342750636335105
1257342806017835009
1257342875693731842
1257342957667192835
1257343014357422082
1257343141834825728
1257343175036993537
1257343508391788544
1257343524011495439
1257343635252789254
1257343911946838016
1257343920784265216
1257343927700664330
1257344055094231040
1257344126149971973
1257344132026114060
1257344167723884548
1257344181309145091
1257344244219609096
1257344336817258497
1257344438885646339
1257344585774309376
1257344640568737794
1257344745371770888
1257344869858713608
1257344878192873472
1257345334507982850
1257345360986546177
1257345417815240704
1257345431325028354
1257346119262240769
1257346188187238406
1257346333951897608
1257346350326452224
1257346596691476486
1257346628077445121
1257346640710701062
1257346757614280709
1257346890812841989
1257346910957993985
1257347070664626177
1257347087601147905
1257347187471790080
1257347230048161794
1257347243142766593
1257347265368293386
1257347299996557314
1257347466858582023
1257347479332442118
1257347506469552128
1257347555333111809
1257347578850615298
1257347602355572736
1257347701232021507
1257347739295285254
1257347777488658432
1257347818957783040
1257347869994074113
1257348044451909636
1257348072214069248
1257348154074300419
1257348156318236673
1257348332055400449
1257348358081052676
1257348446350118916
1257348510128668672
1257348599354138629
1257348628403949568
1257348673605951489
1257348713535635458
1257348855311540224
1257348872348864513
1257349016771272704
1257349028746051584
1257349030453161984
1257349082705788930
1257349125357686792
1257349144684957697
1257349146647957504
1257349189786316806
1257349198107869185
1257349237320437760
1257349378702016513
1257349381709279240
1257349401577762818
1257349416211681280
1257349660240424965
1257349820529983488
1257349950800879617
1257350062017052673
1257350263872069632
1257350389768257539
1257350586284019713
1257350619452575745
1257350688285364230
1257350754953842694
1257351253207719937
1257351409177186305
1257351546611867648
1257351569634463745
1257351578664734723
1257351591860060160
1257351658738245632
1257351682079555591
1257351883490033665
1257352004042702861
1257352057431916547
1257352083046572032
1257352155633238020
1257352362408230912
1257352441475055621
1257352594818826246
1257352692780937219
1257352734241697794
1257352771004772354
1257352800037752836
1257352826986037248
1257353318063575040
1257353354184986630
1257353426570280963
1257353582883586048
1257353622561619977
1257353625866829828
1257353714895126535
1257353826782318592
1257354014766903298
1257354226432462852
1257354543224041478
1257354760606359554
1257355275142606853
1257355306406903811
1257355330444541952
1257355519515398145
1257355593783873543
1257355630274400262
1257355696984805378
1257355714064003073
1257355908373458951
1257355972282114048
1257356121951604739
1257356308145156096
1257356457131028481
1257356516979552259
1257356893175119882
1257356901475549188
1257356936481210371
1257356941401239553
1257357301700341765
1257357316799807492
1257357353604845571
1257357371669610496
1257358006146215936
1257358008104910848
1257358013461155842
1257358243300589569
1257358761074855936
1257359277980889089
1257359343277785090
1257359648342106119
1257359845499559940
1257359862155149313
1257360024898322438
1257360049015599105
1257360441304666113
1257360561047842827
1257360709916205056
1257360928347127808
1257361046219743234
1257361065832259585
1257361131062079488
1257361474097471488
1257361524659752963
1257361738816684036
1257361772052447238
1257361954697609216
1257362204589993984
1257362230854770689
1257362798788718592
1257362843663507462
1257362905558908930
1257363094227038209
1257363116200992769
1257363196308066304
1257363251534483466
1257363342697598976
1257363535606304768
1257363624307429378
1257363762690109441
1257363804205338627
1257364048682921985
1257364155797065728
1257364178899271686
1257364277163364353
1257364292099289088
1257364927339278336
1257365054384680962
1257365102694711303
1257365510636830720
1257365640446435340
1257365873070870532
1257366377272430594
1257366500853395456
1257366633481461760
1257366680918994946
1257366691690033152
1257366848456339457
1257366880207147009
1257367256885059585
1257367438951428097
1257367542739410947
1257367656103129089
1257367785212121106
1257367823170625538
1257367826354049024
1257367943475867654
1257368086350647298
1257368187152347140
1257368364445564930
1257368888154697731
1257369208511479808
1257369251998023681
1257369309762015236
1257369413025771520
1257369420705476612
1257369664725946369
1257369866337689601
1257369884679450624
1257370107396984832
1257370162598154240
1257370269229998080
1257370269263564801
1257370480438317056
1257370525099229185
1257370813570920452
1257370844856233986
1257370962502262788
1257370979770273793
1257371151795458050
1257371297442664449
1257371438971080713
1257371552091430922
1257371853477359616
1257371882174787587
1257371885962252290
1257372107408904192
1257372437366398979
1257372817991045127
1257372861779623942
1257372975428513795
1257373143511023618
1257373336541200384
1257373407894810627
1257373535246393351
1257373570541457408
1257373711172280332
1257373944639901696
1257373984510947328
1257374063053471745
1257374997334687746
1257375101269524482
1257375195565785092
1257375944551137280
1257376274835791873
1257376422970171397
1257376461297790983
1257376713165717504
1257376987351584779
1257377045035745281
1257377348825071616
1257377497827721216
1257377555205816327
1257377658125590541
1257377975978397696
1257378007116890116
1257378012024233984
1257378079640559617
1257378139996643328
1257378194052788233
1257380674304180224
1257381085220044804
1257381157026639872
1257381485675532289
1257381534509776897
1257381622103576579
1257381675719364610
1257381684955287553
1257382276167581700
1257382383822782464
1257382404278403073
1257382505277251584
1257382642556776452
1257382810316419075
1257383216010444800
1257383582068281344
1257383585142771712
1257383956401577984
1257384758528573440
1257384777629523969
1257384887759392768
1257384937679925249
1257385057100140549
1257385067376246789
1257385180555358208
1257385616335085572
1257386250786529280
1257386383100055554
1257386391601848322
1257386474779148288
1257386475571875842
1257387805518544897
1257387869389365248
1257388001644216320
1257388298001174540
1257388572069572617
1257388781881229312
1257389217417658370
1257389288569872389
1257389675137961984
1257390043452321799
1257390531455471616
1257391504924053505
1257392320292573185
1257392971806375938
1257393378536366091
1257394036056494086
1257394370736766976
1257394446238351363
1257395568424488968
1257397037462626305
1257398619650641921
1257398815700783104
1257400035370848256
1257400262328832005
1257400612880355331
1257400642626191360
1257401720105246723
1257402321799168007
1257402473603612677
1257403005697060864
1257403824786083844
1257404754193498112
1257405431032528896
1257406954705747969
1257408938225446912
1257411068487319553
1257426102106152960
1257428197416800257
1257430706722148352
1257434845883531264
1257435151014952961
1257436103780564992
1257436310714933249
1257436395636953093
1257442478229250050
1257444495706243074
1257444840264159232
1257446611149639681
1257447186029260801
1257447743779483659
1257449337950547968
1257454158476726281
1257457317861302277
1257458335835701253
1257466161714786304
1257466912293793792
1257467065658683392
1257467176912551936
1257467348086173696
1257468286586875904
1257470100623560709
1257471424115150849
1257471650095861760
1257471714503647233
1257472502206353408
1257472808008839168
1257472827298443264
1257473857016852480
1257475574760525825
1257476166279032832
1257479701863575552
1257481296084971520
1257481334026625026
1257481405581254656
1257481587534360576
1257484983410790403
1257485096141107201
1257485847949123584
1257486166841978880
1257486482790658049
1257486531511500801
1257488264824532992
1257488325566332928
1257488405321052160
1257489600274214919
1257491042787487744
1257491237981937664
1257491854096052226
1257493339752017920
1257494369386389504
1257497299011301376
1257497303411126273
1257497308293455872
1257498309431877638
1257498541670502400
1257498661866606594
1257499027123232769
1257499047419674624
1257499192215232512
1257499657938382849
1257500068690759681
1257501275169722368
1257501433831833602
1257501932735913984
1257502189502648321
1257502492105093120
1257505827579101186
1257505902564958208
1257506063953231874
1257507625635217409
1257507642655870982
1257508280513028096
1257508808055717889
1257509446969962496
1257509915045683203
1257510112945528833
1257510887499403264
1257511442380660737
1257511963384352768
1257512474384855040
1257513404178325506
1257514147517890562
1257515421428707328
1257515656833986561
1257515897020919808
1257516386311524353
1257516603719028747
1257517931350671360
1257517953354027014
1257518374269026304
1257518685545086983
1257518687906484224
1257519311079354368
1257520474407538689
1257520759360098304
1257521305726808066
1257521624234053632
1257521760225951744
1257522379720441857
1257523222683287552
1257524214409695232
1257524432748179458
1257525520050331649
1257525713025957889
1257526100273610754
1257527103924260865
1257527409554763777
1257527690325684225
1257527956290797568
1257528029024313345
1257528260080087040
1257529677494849536
1257529956705406976
1257530128881590278
1257530988441280513
1257531656954499072
1257533319127855107
1257533415194320898
1257533458936709120
1257534661321879556
1257535662288322560
1257535756123418624
1257536442152169478
1257536815851921408
1257537413481725952
1257537496545554432
1257538129659072512
1257540526040993793
1257540796896751620
1257541144302555136
1257541373634453509
1257541922911993857
1257541963882135553
1257542960226299907
1257543172177174528
1257543292050276352
1257544511644819463
1257545639904206848
1257545674041765889
1257545832724869121
1257547040671793152
1257548327731761152
1257548766728433665
1257548901520990209
1257548972400365570
1257549007250845702
1257549950629617665
1257550516013248512
1257551960829497346
1257552564171792384
1257553011355693057
1257553212770603009
1257553425174151168
1257553673263157248
1257554458923470849
1257554482960859136
1257554515089174528
1257554685172445184
1257555211608100864
1257555408564224003
1257556026003304448
1257556879968030720
1257557900580380672
1257558796848828416
1257559049928732672
1257560131895808000
1257560722260836352
1257562087267749888
1257562149653827584
1257562348757245952
1257563058303623168
1257563121146720256
1257563857725165570
1257565047502626816
1257565836375519232
1257567514743107586
1257567540219244545
1257567997667008512
1257570032630083585
1257570290810281987
1257571574862901250
1257572506682093568
1257574230243205120
1257576090069078017
1257576172294148096
1257576350799540224
1257576841541378048
1257578358830850049
1257578457992589313
1257578641153830912
1257578715619495937
1257578963402133507
1257579028669702145
1257579545907118080
1257581349575131136
1257581664294727682
1257582253154217984
1257582606897614848
1257584097653899267
1257585673449734144
1257588834180743168
1257590065221586944
1257590741649494016
1257591191228555264
1257592760196042752
1257596029928714241
1257597166115160065
1257597206380462080
1257597396495659010
1257598856931532803
1257599612929495041
1257599636740558849
1257599807415152640
1257599866580041728
1257599902105784320
1257599918266437632
1257599944866836486
1257602207274467339
1257603447987159040
1257605346648096768
1257605877789528064
1257609226844864512
1257609444084547586
1257609480487010304
1257609556991115265
1257609573453742082
1257609591388540928
1257609843302707200
1257610043299676160
1257610121611485185
1257610137159839747
1257610151286263808
1257610480673329152
1257610524327542789
1257610583941226496
1257610594783563776
1257610611787251714
1257610631441612803
1257610769698566145
1257612483545661442
1257612522481430528
1257612560582361088
1257612608104017920
1257612626349232128
1257612645869522944
1257613051483893761
1257613070538588160
1257613102947930112
1257613204534038528
1257613238709166080
1257613256233046016
1257613810317373440
1257613837223821312
1257618851384094722
1257620000094838786
1257621844049268737
1257623279570833408
1257623306095570946
1257623868379762688
1257623919475003392
1257624095446966273
1257624189453742080
1257625582080266240
1257625867309719553
1257625964617629697
1257626056552521734
1257628568420528129
1257630148511162368
1257630483401314305
1257630633712447488
1257632021297299456
1257632644503703553
1257633134528671745
1257636539942633472
1257640065976504323
1257640846519754752
1257642744362659842
1257642774481920001
1257644258837872640
1257644959475302407
1257644984246788097
1257646536890163202
1257647039615131648
1257648140380848129
1257648435684970497
1257648595760644096
1257648597715337217
1257648616442912768
1257648788644249602
1257650580568203264
1257651492422594561
1257653440873930752
1257656976923930626
1257658900431736832
1257659604500185088
1257660162392969217
1257667917572956162
1257669167034978306
1257679972203970560
1257684478882766850
1257684738506215424
1257687093305884672
1257691664795291653
1257692753527549953
1257696234913116160
1257696699541159942
1257702916863012864
1257703364927926276
1257705137981673472
1257706306569490432
1257708055816335366
1257711399045869570
1257713183508140033
1257719171678420992
1257725403197853697
1257731170739073030
1257748210354880512
1257749150436855816
1257790578164711425
1257831851349213184
1257839241083736069
1257839275573477377
1257840757748068352
1257855089894539266
1257859672544952321
1257863255114072065
1257872990382903299
1257878252103757829
1257881323571744768
1257897499278311425
1257898973609840640
1257905406690521090
1257916363433111552
1257922978395811841
1257941930069000192
1257964519294332928
1257981528925241354
1258000049210036229
1258009840904998912
1258011871749103617
1258030593754857473
1258037572850388993
1258052095560818688
1258054390797275138
1258057464244830214
1258089622804070406
1258101765041467392
1258238178676346880
1258334640923979776
1258338077996711936
1258342467449114624
1258352776926691329
1258428172850216961
1258461772706529281
1258473587624873993
1258575631781990405
1258615171875868672
1258615523488587776
1258630690507091969
1258686502931857408
1258820848519196677
1258923123463852034
1258963771445272576
1258967044114067462
1258971684188622850
1259128011976331265
1259168139117551616
1259168156272164866
1259272575219314689
1259332892867657728
1259386593242165249
1259412396629798918
1260047784960385026
1260141394519158787
1260146332045660160
1260398393559416832
1260838705444450304
1261199288534732800
1261209889659109378
1261647773146861572
1261862920499142657
1262040236776808448
1262155125306449923
1262638382573731841
1263003597651898369
1263383309280632833
1265523109274226688
1267072786293559296
1267337649280495616
1267339151348809728
1268116078758068225
1268395765912817665
1268846506062176256
1269151725396676613
1269217677639327746
1269852654831722497
1270704678880280578
1271978168232992774
1272547001637404672
