id
1262171783626551296
1262172334313533441
1262172722873827328
1262172823390261248
1262172877463289857
1262173851066208257
1262175650519175170
1262188089776185345
1262188149402300416
1262190239688192001
1262193026249547776
1262197035022692352
1262199195294785537
1262199457065492480
1262201118232207360
1262203043896004609
1262203743992516608
1262204227239112707
1262204575043420165
1262205929254256646
1262205986917560323
1262206085315923970
1262206226282266627
1262206598744666112
1262207040442646528
1262207114975621121
1262207611992227840
1262208052012257281
1262208107968696320
1262208111340896257
1262208195885297666
1262208619946409984
1262208847269097472
1262209031340351488
1262209322366337025
1262209602202075138
1262209838207004673
1262209881332781056
1262209991680962560
1262210203510091778
1262210320438661125
1262210331373236224
1262210423820091403
1262210482737278980
1262210685586542593
1262210805422047232
1262211679317876736
1262211691183472642
1262211701161824256
1262211832409845760
1262211845705867265
1262211892174557185
1262211911443251201
1262211938425151490
1262212284870524928
1262213179020505088
1262213899111129090
1262213968837218304
1262214116099321856
1262214182952415234
1262214253110419456
1262214576919240704
1262215425217032192
1262215795997765633
1262215866420084737
1262215905351618561
1262215944710967296
1262215954252967936
1262215971588067332
1262216000046370816
1262216014374170626
1262216047643357184
1262216116631293953
1262216238689693696
1262216419078365184
1262217630221340672
1262217660286136321
1262217798769618945
1262217803735629824
1262218551848509440
1262218756303904774
1262219176548024320
1262219477296570368
1262221211091849216
1262221343912628224
1262221776265723910
1262222467738865664
1262222562047791106
1262222662887043074
1262222907528245249
1262222913144451075
1262223493535391749
1262223623756136450
1262223765326442497
1262223853645959171
1262223861925343233
1262224689021063168
1262224950447894530
1262225217641779202
1262226392051220486
1262226792036753412
1262227481773223936
1262227671087493120
1262228703020367873
1262228814697861120
1262228826521624577
1262229027277934595
1262229335714304000
1262229435106783233
1262230234960506880
1262230615795077121
1262230685592494080
1262230842111406081
1262231082277068803
1262231356249001985
1262231819912507393
1262232036603056130
1262232348290154496
1262232472831524865
1262232599411343360
1262232684300034048
1262233319003041792
1262233393196142594
1262233515820638211
1262234375862644738
1262234429621104641
1262234507241021440
1262234841765928967
1262235018283200515
1262235373586927616
1262235884310552578
1262235937733558274
1262236174921285633
1262236303535603712
1262237005691355136
1262237153758556161
1262237174235185154
1262237622652620801
1262237677933346816
1262237935325323265
1262237960243724290
1262238091336658945
1262238345175822340
1262238558938685443
1262238660373684224
1262238692653006848
1262238810450034688
1262239072744902657
1262239082954002433
1262239166601015313
1262239362793836544
1262240658343038982
1262240755021516801
1262241338373922816
1262241709846663169
1262241721628397573
1262241727236263937
1262242084045676547
1262242104606167040
1262242150080643073
1262242529828679680
1262242601744453632
1262242659667673090
1262242811107147781
1262243710269448192
1262243763394473984
1262243984572846080
1262244054672109568
1262244058031960064
1262244213791625217
1262244238609330178
1262244418905608194
1262244491282481152
1262244965549174785
1262245500830380034
1262245960970670086
1262246025416175616
1262246091875115010
1262246108975247365
1262246178470666241
1262246447518486528
1262246493672615936
1262246773269069824
1262246853380358145
1262247083211456514
1262247123451600899
1262247334945140736
1262247800382918661
1262247910554497029
1262248010559508480
1262248098660782080
1262248162003214340
1262248167032205313
1262248872715452417
1262248886959292419
1262249121588506626
1262249356775882753
1262249406541312000
1262249602280873990
1262249634132623362
1262249720153595904
1262249777422614528
1262249928518221824
1262249999854907392
1262250100031655936
1262250175768285186
1262250236615032832
1262250245137805314
1262250440147775489
1262250564576071680
1262250649250607105
1262250695748653062
1262250819333783552
1262250887101272067
1262251319315828736
1262251435405656065
1262251579194867714
1262251630373646336
1262251659062841344
1262251712053760001
1262251865401679875
1262251888830935040
1262252037103902726
1262252098512658435
1262252131387535360
1262252139054641152
1262252175532621827
1262252602349281280
1262252732402065408
1262252805760462848
1262252824462798848
1262252946223501313
1262253007820988417
1262253061734572033
1262253513742192642
1262253595849875457
1262253809851682816
1262254054253580288
1262254067079950336
1262254522090557441
1262254607385997313
1262254847694438402
1262254878770028546
1262254935732883456
1262254999511449601
1262255399895351296
1262255400306368512
1262256352400826370
1262256415252664320
1262256494570991617
1262256977289216005
1262257103240134660
1262257368638857216
1262257402084122625
1262257434686414848
1262257669513121794
1262257735690858498
1262258003140661253
1262258055388987392
1262258084027740160
1262258191233998848
1262258219151495174
1262258316975185926
1262258750989238272
1262258868534403073
1262258883655020544
1262258925451177985
1262259111611305984
1262259155814871040
1262259232381886465
1262259560984821761
1262259588956487680
1262259693516447745
1262260028037386251
1262260454455377920
1262260528761667584
1262260632402800641
1262260654129504256
1262260778238869504
1262261017364574209
1262261025736458241
1262261032652869632
1262261127389552640
1262261429798875141
1262261658338164736
1262261704211062784
1262261770363625474
1262261844368068609
1262261929227272192
1262262078687019008
1262262874245926912
1262262905044701188
1262263026876473344
1262263165754183680
1262263411112640512
1262263500291874816
1262264064371089408
1262264684473876480
1262265049512423424
1262265101672996865
1262265940353462273
1262266128182603779
1262266128375537666
1262266294512091136
1262266986584780801
1262267056344481792
1262267058294833152
1262267063424348160
1262267074497220608
1262267275119190016
1262267375338098688
1262267715986784256
1262267800518750208
1262267860174245895
1262267980626513921
1262268083244281857
1262268299448070144
1262268569531842561
1262268580978143233
1262268638913912832
1262268650247118848
1262268903759233024
1262268976698032133
1262268986592423936
1262269008931221504
1262269416550526978
1262269438595928064
1262269470917242881
1262269479121235970
1262269585874657280
1262269603125833730
1262269825788805126
1262269965983453185
1262270222867759104
1262270325049430016
1262270661637988353
1262271018162368513
1262272133457207296
1262272333101891584
1262272636220067845
1262272952873041920
1262273090194735104
1262273175955533824
1262273307170275329
1262273460753088512
1262273631498964995
1262273761899773955
1262274261785378817
1262274283004325888
1262274482745380864
1262274596746780672
1262274624290607104
1262274666669977600
1262274907208998912
1262274914729459713
1262275370440679425
1262275403248328704
1262275476845760512
1262275830513668096
1262276218742870016
1262276234832044032
1262276326351912960
1262276388251369478
1262276577737539586
1262276713406439424
1262276717915172864
1262276735627694081
1262276915223642112
1262276950271373313
1262277510953267201
1262277648958607361
1262277774703685634
1262277808799260672
1262277830408200192
1262278098789130242
1262278257656946688
1262278545210032130
1262278580152733697
1262278593096200192
1262278600050409472
1262278715683332096
1262279125408133120
1262279250503241728
1262279299035512834
1262279626304507904
1262279634328182785
1262279795360116736
1262279822203654144
1262280027485491201
1262280737681743872
1262280793860329472
1262281027092807680
1262281217887670272
1262281279728316416
1262281603922919426
1262282315083902976
1262282316178550784
1262282347245797376
1262282541647581184
1262282555757395969
1262282627698118656
1262282734241636352
1262282849350119424
1262282983580426241
1262283421411430401
1262283529938849793
1262283935482068992
1262284135709564928
1262284168945373185
1262284417814237185
1262284441491136512
1262284752977104896
1262285125611655169
1262285361033564160
1262285626784665601
1262285795865419781
1262285993765265408
1262286061146759169
1262286277904404481
1262286918705917952
1262287089602752514
1262287151271514116
1262287588741824517
1262288007110909953
1262288025171537921
1262288400868151296
1262288420530876418
1262288479586828288
1262289217268453376
1262289376102539265
1262289554763067393
1262289587755339779
1262289645913530368
1262289686065590274
1262289792550809603
1262289816475127808
1262290606132469761
1262290725171011586
1262291086388551680
1262291411057156099
1262291425330331649
1262291591974223872
1262292039762350080
1262292644165632002
1262293710030745605
1262293767437967360
1262294277478125569
1262294407513952262
1262294467207290880
1262294649625968644
1262294658769489920
1262294755968380930
1262294781755101185
1262294892497129472
1262295133405409280
1262295621240848385
1262295633240694784
1262295762068627457
1262295809120485381
1262296005350961152
1262296130886537216
1262296228391301120
1262296288785100800
1262296453822558216
1262296562568278018
1262296727215882241
1262296759306530817
1262296784933728256
1262297185372090369
1262297271485505536
1262297462422646785
1262297608644591616
1262297635299504128
1262298038627786754
1262298415595208704
1262298451074834432
1262298596453412864
1262298794940461059
1262298912242561024
1262299052978221057
1262299062092681216
1262299132330467333
1262299214178062336
1262299330750435329
1262299616478781440
1262299670442844160
1262299704429248512
1262299756333797376
1262299784477650946
1262300227286884352
1262300629365645312
1262301548333465601
1262301770627375104
1262301774997852161
1262302281904484353
1262302713062273024
1262303092491481089
1262303547967840256
1262303588279255045
1262303631925301249
1262303654087983104
1262304116748902401
1262304151691833344
1262304229764378624
1262304258294071296
1262304323553439744
1262304348589129730
1262304631125757958
1262304645105348608
1262304701774782464
1262305105015181312
1262305132160704513
1262305547342282754
1262305591143198725
1262305618616033281
1262305703005282304
1262305833351704577
1262305947428376576
1262305996505968640
1262306375658602497
1262306402896424961
1262306528993959937
1262306677321334784
1262307009266843648
1262307061318049793
1262307461588856833
1262307544111841280
1262307606317592576
1262307657030995968
1262307692015689729
1262307827667918851
1262307946110898176
1262307977127579649
1262308106165465089
1262308284016455680
1262308305235394562
1262308426878722050
1262308631116238849
1262308772313169921
1262308773584084993
1262308787467227136
1262308848620253185
1262308909643071488
1262308974050840576
1262309043076501505
1262309086407929856
1262309444861345792
1262309475932913670
1262309956352651264
1262310600933289984
1262310949790248960
1262311359750045696
1262311449285652480
1262311588947623936
1262311769621463041
1262311964925198341
1262312068973297664
1262312220563832832
1262312430673281024
1262312667810721792
1262312780503244800
1262312884341747712
1262313230581616641
1262313402531225601
1262313431874572289
1262313738201255936
1262313758011150336
1262315022157398016
1262315060510076930
1262315150851207171
1262315497959424005
1262315981319233536
1262315990693666816
1262316039578271744
1262316315684990982
1262316499047518208
1262316611685568512
1262316759471869957
1262317067291648000
1262317229221109760
1262317498696900608
1262317502102532096
1262317548852281345
1262317649532456961
1262317675138572290
1262317704607916033
1262317774426300416
1262318130673717250
1262318305945124864
1262318353982488579
1262318370780839948
1262318388337995776
1262318627518164993
1262318925230022656
1262319205510189056
1262319284379717632
1262319317925761024
1262319762652254210
1262319981011906560
1262320222784024576
1262320822947131393
1262320824280850434
1262321176023621632
1262321252326400002
1262321518995836928
1262321594501746688
1262321990859231232
1262322425083187200
1262322504074493952
1262322524685295616
1262322548638875648
1262322613600374785
1262322639231746049
1262322669082611712
1262323170629103617
1262323230406324224
1262323278930214913
1262323517833576448
1262323517938446337
1262323539027386373
1262323618735931393
1262323781571186688
1262323824701431811
1262323935443472384
1262324008621674496
1262324037969039361
1262324126464667648
1262324171289157633
1262324632289411072
1262324639956520963
1262324750543544320
1262324966013485056
1262324970895495170
1262325030886821889
1262325038176329728
1262325118803591169
1262325274126897152
1262325494889902081
1262325645863944192
1262325776403202048
1262326099167641602
1262326169418031107
1262326368718684163
1262326808604635136
1262326929333551105
1262326979988197378
1262327082182479877
1262327464690249728
1262327952613785601
1262328169232769026
1262328202438995968
1262328373155635200
1262328651296710656
1262329045947166720
1262329247336726536
1262329314432872448
1262329407684870144
1262329462865133568
1262329577898033152
1262330340624027656
1262330468416045057
1262330618727325698
1262331003701469184
1262331076057448448
1262331328436961286
1262331521643528192
1262331614874329088
1262331847763091457
1262331993112616961
1262332378787328000
1262332457270906880
1262332786184196097
1262332815661649920
1262332876973985798
1262333007207243776
1262333225696768001
1262333258836180993
1262333267405127681
1262333407197114368
1262333433419792384
1262333441804136448
1262333486180040705
1262333522011963392
1262333715818188801
1262333889646919680
1262334024120401920
1262334165153984515
1262334197483667456
1262334492758474754
1262334606042423296
1262334782370983940
1262335130066194432
1262335187087654912
1262335274815815681
1262335322379087873
1262335393157931008
1262335520438435840
1262335558224883713
1262335712709541889
1262335729616781312
1262335745320075264
1262335907874701312
1262335925205508096
1262336110069460992
1262336170819796994
1262336226041966592
1262336408662016000
1262336510684278784
1262336567605157888
1262336683321618433
1262336858190745600
1262337264421494785
1262337577513824256
1262337845781381126
1262338440005390336
1262338778846375937
1262338967615221760
1262339137841102849
1262339138960805890
1262339175245897732
1262339177917669376
1262339210490544129
1262339575499767810
1262339599852023808
1262339924210016257
1262339932040900608
1262339940542820352
1262340096931610625
1262340401307938817
1262340403556225026
1262340588076060673
1262340725947105280
1262340867412680704
1262340934064156674
1262341019606986752
1262341303163117568
1262342020732944384
1262342708091387904
1262342793000820736
1262342796914176001
1262343310758182913
1262343392601804800
1262343631135895552
1262343879786823680
1262343886476722176
1262343935265038339
1262344081490886657
1262344217826820098
1262344561914937344
1262344571394105344
1262344602780086273
1262344837271105536
1262344915415154690
1262345887247818753
1262346027022999553
1262346261707046923
1262346335639961602
1262346433774092290
1262346542842773506
1262346894342324224
1262347162551230467
1262347476683624450
1262347545998692354
1262347943647961091
1262348044239945731
1262348328869789696
1262348342337646592
1262348750967750658
1262348777148596231
1262349082674200577
1262349115175952384
1262349288882855937
1262349377026142208
1262349789225611270
1262350196328894465
1262350208525983745
1262350450764001280
1262350464299020288
1262350547748675584
1262350933725343744
1262351091489857537
1262351313318416384
1262351314685739009
1262351356326817792
1262351428326129664
1262351572090195973
1262351923442638848
1262352078472720387
1262352116514988032
1262352417821163520
1262352591570288647
1262352714949955585
1262352946236358656
1262353018802012160
1262353104646942728
1262353192022470656
1262353457236901889
1262353751517560834
1262353848502542336
1262353873047437312
1262353889824817152
1262354413198458887
1262354459897868290
1262354644422049793
1262354853294112770
1262354913545211904
1262355088468660226
1262355111990317057
1262355186145787905
1262355236355600387
1262355286863384576
1262355306329198592
1262355386365087744
1262355517977968640
1262355880802054150
1262355921084256268
1262356061757063171
1262356269324734467
1262356476603006976
1262356592344748038
1262356692697862149
1262356756597846017
1262356805314736130
1262356970071359491
1262358383035899909
1262358431714865152
1262359229932896257
1262359517205053440
1262359772097122305
1262359808298098689
1262359848424927232
1262359855391576065
1262359913852010500
1262360080760135680
1262360123768557569
1262360520721674240
1262360650505834497
1262360671058120704
1262360968421670912
1262361112038846465
1262361306235092992
1262361376057700352
1262361534979661824
1262361544043552768
1262361546241519617
1262361840631164932
1262361886558830595
1262362466056581120
1262362466660626432
1262362588496760832
1262362805241602048
1262362926939242496
1262363378166779904
1262363586548072449
1262363831000580096
1262363980418420739
1262364135175708674
1262364175621222400
1262364565355892737
1262364666363166720
1262364762916020225
1262364817794490369
1262364938112294912
1262364949910827011
1262364970483843073
1262365080492048385
1262365426681556992
1262365450765099008
1262365524874461184
1262365753879212032
1262365808761565185
1262366405388894209
1262366408526225409
1262366663082680322
1262367067757404160
1262368798939766784
1262369165651787778
1262369306253369344
1262369312549068805
1262369470250549248
1262369765592530945
1262369951605682177
1262370090399543297
1262370126860607488
1262370146443804672
1262370345467760646
1262370362374963201
1262370366841896964
1262370560664760320
1262370621184290816
1262370624095154181
1262370854635057152
1262370975301001216
1262371054036500486
1262371149184405505
1262371160341114880
1262371478550560769
1262371539011268608
1262372001580105729
1262372202059427843
1262372404799524864
1262372440736444416
1262372850004111361
1262372878827302913
1262372885378842626
1262372925547692033
1262372949501321219
1262372984452497410
1262373171216265217
1262373242569973760
1262373538616479746
1262373861984632833
1262373899939045379
1262373900907929610
1262374377120845828
1262374406342483969
1262374569400242176
1262374752116789248
1262375127913766912
1262375143977832448
1262375170158837766
1262375426325913600
1262375448027312131
1262375963293356037
1262376009661382667
1262376048424935425
1262376073737777152
1262376228524351488
1262376246845079560
1262376295066894336
1262376295859736577
1262376302310555650
1262376308086050818
1262376320073371649
1262376403040944132
1262376639381544963
1262377128701673472
1262377254732148737
1262377294682820615
1262377411867533312
1262377545112133633
1262377573834768392
1262377612304883713
1262377735256715265
1262377741896351744
1262377855385829382
1262377855993950209
1262377947626962949
1262377956803964928
1262377984608043011
1262378367422271488
1262378371775856642
1262378472476991498
1262378547353534464
1262378577464606720
1262378702354120704
1262379104558555137
1262379135516717057
1262379163887046656
1262379437389156358
1262379521287880710
1262379691710824448
1262379750804328449
1262379956518162440
1262380092774285312
1262380157538574336
1262380221682069506
1262380241055551488
1262380253734940675
1262380531460833283
1262380655473762306
1262381009343066114
1262381135117647876
1262381235919339520
1262381396552753152
1262381402282213376
1262381434251161601
1262381561753763842
1262381755677491201
1262381918479364097
1262382074524286976
1262382079800721411
1262382176072589312
1262382308725850113
1262382308998426628
1262382637710180353
1262382666772594688
1262382715426439177
1262382735533973508
1262382827783536642
1262382864244580363
1262383542241198082
1262383656670289921
1262383687439659009
1262383715877036032
1262383717340844035
1262383734290108417
1262383798647431170
1262383850728099842
1262384056731344897
1262384092374589440
1262384206145036296
1262384363741884420
1262384454124941316
1262384459309035520
1262384502350979073
1262384509783281666
1262384576602820608
1262384651076804616
1262384706542350337
1262384707171475458
1262384723801903109
1262384747176767488
1262384757545095170
1262384806647812096
1262384886591246342
1262385148944932864
1262385156985368587
1262385243572625415
1262385289143693314
1262385316817747974
1262385421146882051
1262385527455657986
1262385634322321411
1262385699275378690
1262385799552741384
1262385812009877506
1262385849620140034
1262385858809823236
1262385983502331905
1262386053207543810
1262386115165786113
1262386138431598598
1262386149735227400
1262386184132706304
1262386207515951105
1262386225727639555
1262386250549547009
1262386258099294218
1262386345860890627
1262386412554457088
1262386414529974272
1262386458985484288
1262386477645914116
1262386484734300162
1262386484935561217
1262386564304338947
1262386607287566339
1262386613000208384
1262386680671154177
1262386706273239049
1262386736904253441
1262386847617081355
1262386909764075520
1262386930848858115
1262386949328863232
1262386976499564548
1262387023500972037
1262387027603062784
1262387089112551428
1262387125053505545
1262387155118305286
1262387157437747200
1262387164446363648
1262387196373450753
1262387230678581250
1262387263306162180
1262387270587383808
1262387300304125955
1262387305211400193
1262387333300658178
1262387361503199233
1262387406113734657
1262387476649390083
1262387484790587395
1262387498002649090
1262387522379931650
1262387542353158145
1262387561160486918
1262387630748155907
1262387684397498371
1262387736306225152
1262387822067101704
1262387859195125761
1262387901863780352
1262387913846857731
1262387918133432320
1262387973494050818
1262387994104823808
1262387996554342400
1262388043320832001
1262388067735920644
1262388090137653250
1262388110534553601
1262388178117419008
1262388239194873862
1262388243452112897
1262388274406055938
1262388278604505088
1262388294970675204
1262388310074372099
1262388392588910592
1262388392953892870
1262388408745328646
1262388480769957902
1262388490953728001
1262388518715875328
1262388529893605383
1262388531575640069
1262388547346141194
1262388582918107139
1262388586634149888
1262388588865556486
1262388593429024768
1262388691068215306
1262388703089119240
1262388706364862467
1262388743597699072
1262388774601920513
1262388821024559106
1262388834895106058
1262388864787918849
1262388902402367490
1262388923222888451
1262388943414341641
1262388945343729672
1262388956886425601
1262388957997944832
1262388958186606593
1262389040189407232
1262389046451539969
1262389053531525124
1262389061748174856
1262389096955219968
1262389143931441159
1262389149992173575
1262389181348827138
1262389190840463369
1262389202966269952
1262389244812759042
1262389310315257857
1262389316594159623
1262389350689579008
1262389355517181952
1262389382021025792
1262389393718992899
1262389396680122370
1262389397741338627
1262389397959442432
1262389406222204930
1262389423381020675
1262389474463547395
1262389491299426306
1262389519145480193
1262389531472527366
1262389532013494272
1262389544676188164
1262389589660045314
1262389637621973005
1262389735592472580
1262389748586491905
1262389845399347202
1262389945328599040
1262390010210328580
1262390010424287233
1262390024965894147
1262390038110834689
1262390058499346432
1262390291824291841
1262390343816880129
1262390376645693446
1262390396526776321
1262390430932623368
1262390431058407425
1262390431540805638
1262390440793423872
1262390481905991682
1262390589435383808
1262390636508037120
1262390636570988545
1262390674961375233
1262390736395407361
1262390781354160134
1262390793580490755
1262390905761300494
1262390918981783554
1262390934601453569
1262391065056862214
1262391080785457157
1262391091455840265
1262391223504994311
1262391349942390790
1262391447447371776
1262391491743354882
1262391552439173132
1262391558491516930
1262391579240792064
1262391589705592839
1262391623792709632
1262391650078294016
1262391749483388929
1262391764175990786
1262391818496479237
1262391851019120641
1262391881662693379
1262391912578809856
1262392014739570688
1262392018946441217
1262392024067645443
1262392214103240707
1262392226069581829
1262392228934189060
1262392325462020096
1262392352922054657
1262392402918158344
1262392417170456581
1262392516386660354
1262392597621944321
1262392608866926595
1262392615280017412
1262392771496816640
1262392884495556609
1262392975197339650
1262392981191102469
1262392996005326855
1262393023889133570
1262393062673846277
1262393220224483338
1262393275559940100
1262393342148653058
1262393375803801603
1262393385530335239
1262393387086381068
1262393416933146624
1262393426424856578
1262393474428678146
1262393523908870147
1262393573749796870
1262393634911137798
1262393659095429122
1262393689781030913
1262393783263596552
1262393819825344512
1262393830323695618
1262393860644315138
1262393868781264903
1262393892504252416
1262393904630059016
1262393968198856706
1262393996162318336
1262394008338411520
1262394065326354437
1262394075501780998
1262394122905812999
1262394195077222404
1262394240883187714
1262394248290238469
1262394347473055746
1262394370126426121
1262394466977144833
1262394496723148811
1262394552150831114
1262394588184170509
1262394617967915011
1262394623932149769
1262394633285500934
1262394636498276353
1262394652252135428
1262394953004716033
1262395070432653312
1262395166436069377
1262395171255332870
1262395180734390276
1262395184853237769
1262395206638407681
1262395419574894600
1262395494900404226
1262395532334583810
1262395702740738049
1262395733384232969
1262395879727738881
1262395890649772041
1262395919749861378
1262395953392345089
1262395962871463940
1262396020174053376
1262396049399963648
1262396101627383814
1262396106048253954
1262396192450846720
1262396273119957001
1262396291344105473
1262396325221588993
1262396343475212295
1262396433547890695
1262396542775971843
1262396563000868864
1262396612103540740
1262396650066149385
1262396698653007879
1262396759340433410
1262396879129772033
1262396880706772994
1262396890878038016
1262396904274616324
1262396938152038401
1262396962596442112
1262397065537163270
1262397073107881985
1262397104699424768
1262397161058316290
1262397170298347523
1262397183980122113
1262397189634035714
1262397228909580293
1262397241517584386
1262397273671114752
1262397280835026945
1262397331560955909
1262397397235359754
1262397419305795584
1262397458556030983
1262397521680388096
1262397538847596546
1262397576982208524
1262397716723830787
1262397718472917000
1262397763200974851
1262397848571781131
1262398021851066371
1262398158363070470
1262398194396344324
1262398449481396236
1262398449993093120
1262398637658771457
1262398668633759745
1262398799395401728
1262398818714148864
1262398832723271682
1262398843280293891
1262398863215919110
1262398938797289472
1262399035438239757
1262399069919612930
1262399073648287744
1262399087124643842
1262399087581827072
1262399176979218436
1262399183237132288
1262399338925432832
1262399506538258433
1262399525022564352
1262399719906725890
1262399729884966925
1262399855315607553
1262399891134963714
1262399900500836355
1262399935665799173
1262399958398963715
1262400172488667136
1262400297630081024
1262400352021819393
1262400429150875649
1262400440458674176
1262400509417328640
1262400518804123649
1262400572369465345
1262400603004813313
1262400636882161667
1262400640594046977
1262400662110973957
1262400664879222785
1262400684621737987
1262400716200644609
1262400766616182784
1262400884589420544
1262400885591769088
1262400924409978880
1262400947277398016
1262401049354104834
1262401115871686657
1262401161761562630
1262401331031138305
1262401377638191105
1262401404649574400
1262401416779517954
1262401759064068098
1262401764319518725
1262401773270110213
1262402000525955073
1262402104485912577
1262402117928615942
1262402203924529156
1262402204125876224
1262402234865733633
1262402239446081539
1262402344760860672
1262402411785789448
1262402435865366529
1262402443524136961
1262402476730351617
1262402509265465344
1262402559857352714
1262402603067084801
1262402788233031680
1262402858718302212
1262402896370556928
1262402934668693505
1262403007901315073
1262403025576042498
1262403030416338945
1262403045708697601
1262403083621093376
1262403237522608129
1262403362340909065
1262403372017225731
1262403384436555779
1262403386118463499
1262403495136759809
1262403557346721792
1262403618801618944
1262403777388257291
1262403819255840769
1262403830634778624
1262403838297825281
1262403913266769921
1262403945164611586
1262403967163592704
1262403999036309508
1262404004467945472
1262404009375272960
1262404022243414017
1262404023220686850
1262404030275428352
1262404136546586625
1262404192452386816
1262404194234855426
1262404281128202240
1262404324610564096
1262404326087110657
1262404335851524097
1262404340012052480
1262404358580260865
1262404390142402560
1262404417585909761
1262404433930944512
1262404443452170247
1262404459402915842
1262404482438246400
1262404579716747273
1262404709932924930
1262404765352439810
1262404784084201472
1262404789943570438
1262404798781014018
1262404825339383808
1262404845585133570
1262404885384921088
1262404918402408449
1262405050120445954
1262405069481349121
1262405168244633600
1262405174917824513
1262405198028238849
1262405248510881795
1262405259512745984
1262405361300123648
1262405470654009351
1262405496004153344
1262405570616836096
1262405573921828865
1262405584898478082
1262405589918875648
1262405595619090435
1262405655719223296
1262405669967278080
1262405705635516416
1262405737843527681
1262405753710747651
1262405754973294593
1262405810405031936
1262405827907866625
1262405839370874882
1262405840692101121
1262405848879394817
1262405850091515905
1262405861663584258
1262405863295217665
1262405879824969728
1262405883016822784
1262405906295189504
1262405906991464449
1262405916835495936
1262405940839510022
1262405968803102720
1262405981205491713
1262406017327009793
1262406053569933319
1262406103180226563
1262406122356518912
1262406131823128579
1262406145680928769
1262406209094717440
1262406220813664264
1262406224596918273
1262406227767812099
1262406235086655488
1262406368411123712
1262406378133602306
1262406402238222337
1262406406486888448
1262406469707849728
1262406514712641536
1262406534258196484
1262406582064877569
1262407466882457607
1262407585996685313
1262407594620137473
1262407766255136770
1262407768016932864
1262407977308479490
1262407981527896065
1262408020044271617
1262408024049823746
1262408184406216705
1262408186205573122
1262408487012884480
1262408549688242180
1262409018158571520
1262409210639286272
1262409228544815105
1262409476721827841
1262409541817438208
1262409710407385089
1262409820054978560
1262410032408190978
1262410086959349760
1262410237887148040
1262410293621096448
1262410382284673024
1262410428849819649
1262410447933837315
1262410504107986944
1262410523573989380
1262410551050694656
1262410562417225735
1262410611889074176
1262410633862975491
1262410758589018114
1262410814935273472
1262410912419287040
1262410970380374019
1262410975698980864
1262410999275180033
1262411044363939840
1262411120767152128
1262411157681262592
1262411209304764416
1262411210143612929
1262411224106569730
1262411236945170432
1262411305085894656
1262411309187911680
1262411351898705921
1262411354708807681
1262411398719602689
1262411603019997186
1262411822264545280
1262411824655450112
1262411831668363266
1262412413468631040
1262412416563859456
1262412739751874565
1262412895717134342
1262412930278014976
1262412981343789058
1262413174692876294
1262413183253266432
1262413206921703424
1262413389302661120
1262413413126475777
1262413456545890306
1262413591975735298
1262413593452122112
1262413634103382016
1262413731520274432
1262413798947905536
1262413978489192455
1262414255443177473
1262414418115284994
1262414685795758080
1262414689851637761
1262414793178255361
1262414793589301248
1262414916167831556
1262414927035338757
1262414948409454593
1262414993368154113
1262415018492153858
1262415075970822146
1262415087228391425
1262415098234142722
1262415106408886272
1262415138579251200
1262415150335885313
1262415160569987072
1262415170455908353
1262415172544667648
1262415179310080006
1262415350034923523
1262415412400136192
1262415482348544001
1262415607796060162
1262415697440903171
1262416056523653121
1262416289848532995
1262416290733600770
1262416303274561543
1262416447558627329
1262416538293940229
1262416726039441408
1262416801494941696
1262416944780791809
1262417297408512002
1262417418485366785
1262417431877816320
1262417440975265792
1262417518800637958
1262417521052979210
1262417651080577031
1262417720961830921
1262417724560617472
1262417732001292293
1262417798770208768
1262417809599946752
1262417815681761281
1262418001061531648
1262418059379253250
1262418147249926151
1262418160524771330
1262418300115574784
1262418324513714177
1262418353794187265
1262418448984035335
1262418493380743169
1262418618270310400
1262418624666497024
1262418720384827392
1262418751602872321
1262418770242555907
1262418827834523649
1262418872847659013
1262418877121564677
1262418926555684864
1262418940774346752
1262418997032685572
1262419023360376832
1262419072194506753
1262419077689204738
1262419081925287938
1262419517885554688
1262419706960543746
1262419988725600259
1262420239666511873
1262420439781068802
1262420674427195393
1262420747399639041
1262420771076550656
1262420797739548674
1262420866513506312
1262420955063881737
1262420993731170304
1262421148295364609
1262421230176649217
1262421321801228294
1262421499639500805
1262421501518606338
1262421620095889413
1262421921452511232
1262421944273637378
1262421982311825410
1262421988783517696
1262422090432622592
1262422438115184640
1262422588015497219
1262422813799075843
1262422923077443585
1262422998797242370
1262423055478878209
1262423092086874115
1262423167739596803
1262423404000534533
1262424098396942336
1262424099919237123
1262424147709308928
1262424238159302663
1262424261270147076
1262424306597986305
1262424369852231681
1262424430350700556
1262424436998844425
1262424441394475011
1262424472998592513
1262424626853904390
1262424628624064513
1262424679844679688
1262424682927656960
1262424718365294596
1262424760748773377
1262424776972177417
1262424780634021889
1262424790243172354
1262424832735539200
1262424869049970700
1262425001560403969
1262425043398729728
1262425227503513609
1262425358885720069
1262425513861226497
1262425823539130368
1262425876937019393
1262425955982811137
1262425962156867584
1262425975385665538
1262425984017596420
1262426009623814150
1262426022777151495
1262426048408489993
1262426192612909057
1262426287521566722
1262426427380707328
1262426516690001921
1262426523858087936
1262426776635969542
1262427094648160256
1262427269190103042
1262427279394607111
1262427423423057927
1262427447896584198
1262427804391608326
1262427965146705930
1262428139860312064
1262428275122548737
1262428378474389505
1262429353218015234
1262429478191587329
1262429764175794181
1262429774808592394
1262429787437457408
1262429939980173316
1262430198445887492
1262430323117133839
1262430438091522048
1262430620711481344
1262430656409341957
1262430735610155008
1262430868943056897
1262431023373131776
1262431034815270912
1262431059356135430
1262431170198769664
1262431197227110401
1262431323488169984
1262431675398619136
1262431717949751296
1262431900871753729
1262432010670309378
1262432075510165507
1262432079448608768
1262432085899268097
1262432130933686272
1262432171773616134
1262432182670200840
1262432185757437952
1262432210193391617
1262432226483900416
1262432236290420737
1262432314216321025
1262432361125498881
1262432404309934080
1262432410723069955
1262432430776090625
1262432556470767619
1262432591367606274
1262432619351781376
1262432635864973318
1262432709181349888
1262432730383433728
1262432731708952576
1262432845575970824
1262432906766503936
1262432925305405441
1262432956125044736
1262432959858192384
1262433053864890372
1262433152330432513
1262433314603823105
1262433330441728002
1262433681572007937
1262433690149195779
1262433740585701400
1262433816314032128
1262433858328260608
1262433963437690883
1262434083902234626
1262434285740601344
1262434315310424067
1262434394880475136
1262434627311898630
1262434866739716098
1262434951749926912
1262435033400426496
1262435092942782468
1262435097459949575
1262435265588498432
1262435407171592195
1262435425412661248
1262435432412983301
1262435585878134795
1262435607575396354
1262435609232146432
1262435959133466624
1262436050598653963
1262436065945645063
1262436374168436738
1262436384511410179
1262436414681120769
1262436460969500672
1262436487209144327
1262436706378186752
1262436911924170752
1262436918685396993
1262437049346465793
1262437062969565185
1262437437499793413
1262437614625439746
1262438149025865728
1262438166453239814
1262438198233436160
1262438226427613184
1262438311198699520
1262438474281553920
1262438568481435649
1262438572755505154
1262438606012059649
1262438614518173701
1262438622567022592
1262438634814406656
1262438642208964615
1262438651004403712
1262438659988623366
1262438687800991746
1262438688203722754
1262438697565388804
1262438708369817601
1262438726384455680
1262438738254344192
1262438765118791688
1262438839194451969
1262438949965844480
1262438976083734528
1262439057491099649
1262439143843430401
1262439188873523202
1262439232116645890
1262439391408070658
1262439450019270657
1262439452212944901
1262439788453474305
1262439836792827910
1262439849149202437
1262439975527886849
1262439982586826752
1262440030645243912
1262440177269604355
1262440220601004032
1262440227408412672
1262440313131393025
1262440323461951488
1262440353480744966
1262440459881701377
1262440475379851265
1262440498096041985
1262440723330158593
1262440747950673920
1262440837146914818
1262440839298445312
1262441158732546053
1262441187094511617
1262441237295972352
1262441280967041024
1262441522550788100
1262441666964791297
1262441672773754883
1262441771025530880
1262441991767351296
1262442069546729474
1262442367300206593
1262442453954682883
1262442589535506432
1262442619269009410
1262443049013166084
1262443208258322433
1262443245063360515
1262443371479564289
1262443759872114688
1262444092388110336
1262444259401256961
1262444265579241474
1262444554759921664
1262444764168884226
1262444789439565824
1262444817801502724
1262444836612947968
1262444964686057478
1262444982478176256
1262445291397165056
1262445298338738179
1262445429909790720
1262445824413511687
1262445861877006338
1262445895993393153
1262445960254443520
1262446046569005066
1262446868338016258
1262446881520652290
1262446886604148742
1262447136374960132
1262447417347235842
1262447508372013056
1262447609240788992
1262447617629401088
1262447726232363011
1262447905295798273
1262447940074786816
1262448017375780869
1262448197370249216
1262448407571988490
1262448418313703434
1262448791644299266
1262449070540546051
1262449146281295877
1262449428528586753
1262449454872813570
1262449476976836608
1262449658309283841
1262449774600630272
1262449858444746754
1262450309319680000
1262450329624461313
1262450479738392576
1262450546792960001
1262450883612364800
1262450946157600777
1262451352745230337
1262451662607785991
1262451763413737473
1262451803574190081
1262451936554409990
1262452279090831361
1262452280072101896
1262452696906379265
1262452938766680064
1262453132119900160
1262453399640879104
1262453551911100416
1262453792760619009
1262454274195443712
1262454666081624065
1262454734096646145
1262454786173087747
1262454837188255755
1262454984391548938
1262455770941140994
1262456225901563905
1262456340930273280
1262456433238556672
1262456761514168325
1262456907031142411
1262457503453007872
1262458197111078912
1262458408453562376
1262458721726324736
1262458913385058310
1262458948562477058
1262459059841781760
1262459247360716801
1262459983473586177
1262460292249923586
1262460390140755969
1262461791772110848
1262461815864414208
1262461949159378949
1262462054918770691
1262462868449947653
1262463054442184704
1262463078454738944
1262463109941190657
1262463427630567426
1262464063763873798
1262465048527679488
1262465346008571904
1262465829746049024
1262465843704877057
1262465964790222848
1262466305841651718
1262466559894790144
1262467069397868545
1262467385346400258
1262467953225801730
1262468428553748480
1262468430093041670
1262469424218595343
1262470019667177473
1262470146569809921
1262470303172747266
1262470796733296640
1262471165844619265
1262471448482000898
1262471906034356228
1262471907728740352
1262472467110453248
1262473322991882248
1262473681168740358
1262476790229905409
1262477337892814848
1262477688675151875
1262477802265350147
1262478359902199808
1262478703528939520
1262479973987889153
1262480746960293889
1262481210875490305
1262481588144803841
1262484325930418178
1262485947259727877
1262486067703427076
1262487716270411776
1262487820150734854
1262489805163651072
1262498585842782215
1262500440807178246
1262500850167156736
1262511402876452864
1262512163161288709
1262514225928261633
1262520205214769163
1262522198402760704
1262526587792175105
1262526825147904002
1262531503906570243
1262540844411744256
1262541164814585856
1262541349963751426
1262542638915424256
1262546166589165568
1262547178662363138
1262547516517736448
1262547528421199873
1262547539322167302
1262547558095781889
1262547569084940288
1262547595832016901
1262547604379926533
1262548894652731394
1262550450793938946
1262550967347625985
1262551793185312773
1262551997795852288
1262552321377984513
1262552333075931136
1262552345453318144
1262552357285453824
1262552370736594944
1262552382334001152
1262553391445807108
1262554794540990466
1262555114797178881
1262555195520757761
1262556474447990786
1262556539786846208
1262558016462704640
1262558037069434884
1262559444124254209
1262561324304871427
1262561421998637061
1262562124099813379
1262562893603758080
1262563590042599424
1262563943479865344
1262564883658272768
1262566289035325441
1262566316222881792
1262566431461384193
1262566925080690699
1262567659335450629
1262567710384250880
1262567999933943808
1262568538914664454
1262568543754891278
1262568548918009856
1262568555066916864
1262568562465611776
1262568566206992384
1262568567435902982
1262568585584656385
1262568592425529345
1262568599769808896
1262568686281424896
1262569200079470592
1262569825479450625
1262569982258528256
1262570349159419907
1262570509293633536
1262570933140643840
1262571246199492608
1262572323539804160
1262572713131950081
1262573851252121601
1262573918734278657
1262574364182163466
1262575278519275520
1262576025814224896
1262576028209168384
1262576091799056384
1262577293232308225
1262577689392640001
1262577842304552967
1262577931190239233
1262577959786905601
1262578529457385472
1262578601125466113
1262578971708923908
1262579450396512264
1262580131492700164
1262580285188825089
1262581816860516353
1262581892274163713
1262581912222273541
1262582504734720000
1262583148677754881
1262583150137544707
1262583197021474817
1262583422360317953
1262583660076810240
1262584351944052738
1262586077837168640
1262586812108664832
1262587713708003329
1262588058710560772
1262588567785799680
1262588666473570304
1262589161749401602
1262589176689692678
1262590528614395904
1262590581580185601
1262590687633121284
1262591463633965056
1262591500816248839
1262591648317374465
1262591895437545472
1262592119723753472
1262593800259751936
1262594140363264000
1262594164291747840
1262594431678582784
1262595086417661954
1262595351057436672
1262595559782785024
1262595707674021890
1262596173212286981
1262596566541635587
1262596620325027845
1262596907945414657
1262596995161575424
1262597712454782976
1262598470248140813
1262598499587313670
1262599249226797058
1262600063085195265
1262600742348697600
1262600870266466304
1262601185250418694
1262601297095790592
1262601475978641408
1262601529019609088
1262601752039260160
1262601900769378304
1262602183096201222
1262602225047740417
1262602609036267520
1262602636718739456
1262602651058999302
1262603497926651904
1262603622371778561
1262603884846911493
1262604098098135046
1262604233100099585
1262604301945442305
1262604696977649664
1262604702333710337
1262604774056361990
1262605091581956101
1262605741996859396
1262607066042191872
1262607487620075521
1262607633699278853
1262608104526618624
1262608425323843584
1262608476456448004
1262608492914855936
1262608526758690824
1262609023880159234
1262609060895088640
1262609174183043074
1262609646000496640
1262609798689939457
1262610051329667072
1262610145122680832
1262611953039654913
1262612454456135680
1262613235745738753
1262615942430932993
1262615985691021312
1262616392551055360
1262616412050391043
1262616432967331840
1262617233047515137
1262617617942093824
1262619573578326021
1262620118120529920
1262620273074896896
1262620346093633536
1262620400799944704
1262620695068053506
1262620699899944960
1262620818489479169
1262621577461608452
1262622586871205889
1262622962370347008
1262623904977358849
1262623920886251522
1262624090726313984
1262624190617866240
1262624233638821888
1262625070649937921
1262625872449884160
1262626258585825287
1262626896359100416
1262626940906647553
1262627527471828992
1262627569901416448
1262627648666308609
1262627991227715584
1262628090485919745
1262628250439880704
1262628614853529600
1262628629936250880
1262628635527299072
1262629787207639058
1262630064232988673
1262630482711379969
1262630869740683266
1262631577890304000
1262632013103857664
1262634777716424704
1262635688606027776
1262635735397437440
1262637900249759744
1262638247299219456
1262638496595841025
1262638966978871298
1262641024293363715
1262641116362522624
1262641528192761857
1262641556525375489
1262641904656793600
1262642634973081601
1262643057524162560
1262643542004023297
1262644308097843200
1262647686844612608
1262648003367763968
1262649767424856064
1262649803009376256
1262655620148350976
1262656684859822080
1262658000285601793
1262658284701519872
1262658319052832771
1262661505713135616
1262661727486988288
1262662477868863488
1262662953188261888
1262663842083016709
1262663899675078657
1262664052343558147
1262664561322270720
1262667150197755904
1262668973390401536
1262669155272216576
1262670037195747329
1262670379149123585
1262671077572042752
1262671494246731776
1262672620035735552
1262672728126939136
1262674786414714880
1262674899052703744
1262675219078144001
1262676213371408387
1262677328032866305
1262679632274391040
1262682621038825474
1262690348238876674
1262695132631048194
1262696998391689216
1262697397815259138
1262700881579053057
1262714572324122630
1262716804704550913
1262717147333177344
1262718151633989633
1262718567088140288
1262718663364247552
1262722981270294531
1262728452727160832
1262740257759363074
1262742867778269185
1262743891050065920
1262750462538731520
1262752342685806594
1262754852104310787
1262757134023811072
1262758360668991488
1262761047137505290
1262764171646533632
1262765916774739968
1262768584058642432
1262768630581940225
1262771831586435073
1262778599821672448
1262779239109099521
1262793090860908547
1262801634670850050
1262815760310730752
1262820588080566273
1262877015729770497
1262983926638882816
1263002859865595909
1263023187387920384
1263042416786976768
1263057979382906886
1263057988794884096
1263057998907428864
1263058018398359552
1263058029060263936
1263092340048052225
1263093252363870208
1263112021526089728
1263124221774921729
1263147512396996608
1263320598052249602
1263325900738686976
1263372301841596416
1263372627407757313
1263372949660356608
1263373625677303809
1263374099079991296
1263428295162499074
1263464619399680003
1263728507370090496
1264094240981868550
1264101962598854659
1264214296222994432
1264521157820088321
1264843697553801216
1265086985758220289
1265212490935394304
1266063021916344320
1266239550843568129
1267155778701492224
1270954923706867713
1278198201275699201
1283722606529646592
1286356822475943938
1286944472006160384
1288539119929286656
