id
1262907677103054848
1262908838535143424
1262917709668519936
1262918275047940098
1262925046521008128
1262925630288658433
1262928456519688193
1262930144110481411
1262931549072191489
1262932079353884672
1262932188238163969
1262933246649659393
1262933532692762624
1262935455160389632
1262935966844702722
1262936041205444610
1262936125443842055
1262939108902567945
1262939195296931843
1262939333323042821
1262939527691284480
1262939755391545344
1262940796090593280
1262940831213932545
1262941031374491650
1262941780007419904
1262942027039363076
1262943441564184576
1262944093627387905
1262944336217608192
1262944452429205504
1262944698500624385
1262945082614984705
1262945311959519238
1262945560966955013
1262945734296510470
1262946116607377410
1262946170730696704
1262946344613879813
1262946417544437760
1262946674546114560
1262946743148109824
1262947548765052928
1262947902512562177
1262947957193805825
1262948146205900800
1262948168762884096
1262948396907802625
1262949161126821888
1262949562546864130
1262949652443344897
1262949866671652864
1262950522207813632
1262951583232471041
1262952815263191043
1262952981844103171
1262953096034037761
1262953157266636802
1262953238451585027
1262953257338654720
1262953266742210560
1262953308806922240
1262953362066231297
1262953461840297984
1262953796415741952
1262954493815197700
1262954522709721090
1262954650422124552
1262954953099882502
1262955011878912001
1262955115310448640
1262955571747196928
1262956622726467585
1262956829748989957
1262957094816317441
1262957931068350470
1262957963788025856
1262958353833242625
1262958691818639361
1262958779655761923
1262958847746093056
1262959606281777152
1262959982280093698
1262960095077564417
1262960135468703744
1262960674126389248
1262960844738002944
1262961331654856704
1262961681686319105
1262961745670307841
1262962051296702465
1262962149187481600
1262962650322960386
1262962911598776320
1262963007463854082
1262963043564126209
1262963259541458949
1262963516127862784
1262963560210149376
1262963604183277571
1262963778423009284
1262964110809014272
1262964707302027269
1262964754416574464
1262964900969791488
1262965515015852034
1262965545000976384
1262965784168497152
1262965866074976256
1262965888401182725
1262966132929150977
1262966524148670465
1262967263306616834
1262967273624608768
1262967519847100416
1262967575396397057
1262967833497161734
1262967988526907394
1262968065756626950
1262968089471258624
1262968387640025088
1262968584210448385
1262968616284110848
1262968716117135361
1262968826859343873
1262968927736467456
1262969029238587399
1262969086977413126
1262969675165597697
1262969970138513410
1262970061645656066
1262970154457202688
1262970200271532033
1262970378768580615
1262971141624344579
1262972680258629632
1262972883971846144
1262973645791559680
1262974064311840770
1262974132972470272
1262974433419046913
1262975255108190208
1262975570444455936
1262975655551131649
1262976092362747905
1262976549445414913
1262977855190781956
1262978015975182336
1262978721083883520
1262978861769330688
1262980649683574789
1262980745116758016
1262981186445549568
1262981644266266627
1262981776387039232
1262982216474222593
1262983015166246912
1262983538770665472
1262983915549020163
1262984354948624384
1262984585106690048
1262984966054588416
1262985420800798720
1262985970837622785
1262986445536591877
1262986469964120064
1262986546505973762
1262986566772969473
1262986789507252226
1262986967765090304
1262987071318360064
1262988080551792640
1262988149568892928
1262988428322406400
1262988548405448704
1262988556194189312
1262988750037987328
1262989128787832833
1262989791647260672
1262989865941184512
1262989911252066304
1262990083625496576
1262990224872873984
1262990227368480769
1262990898050273280
1262991063930691584
1262991406735470592
1262991950132674560
1262992346393841664
1262992395555176450
1262992711130341376
1262992979284852736
1262993116899901442
1262993735010394114
1262994088279764993
1262994323240562694
1262994451087142914
1262994649519730689
1262994694050635777
1262994979338817536
1262995043918516224
1262995101447409664
1262995292581957634
1262995450065534977
1262995633792782336
1262995842992046080
1262996134861000704
1262996177953280000
1262996195548504065
1262996324842119168
1262996476130725888
1262996807291789314
1262996890993356800
1262996905560141824
1262997142454497280
1262997647218089985
1262997780974329857
1262997841536069632
1262998062584098817
1262998707571548161
1262999040725303296
1262999261651693569
1262999286536527872
1262999567169212418
1263000178128289793
1263001391225876480
1263002320272490497
1263003857547694080
1263004502430322688
1263004874947457024
1263005081420599297
1263005190912765952
1263005844519583745
1263006664665554946
1263007093608636416
1263007203717414912
1263008121611595776
1263008188300791809
1263008447513145346
1263009221123039232
1263010226632089600
1263010892251267075
1263011331340472320
1263011627810590726
1263011717044469760
1263012017981587457
1263012129092894721
1263012486036336640
1263012509067296769
1263013057707388928
1263013139307728896
1263013209608540160
1263014822490193921
1263015040011075585
1263015190926209025
1263015452785045505
1263015516358225920
1263015607043338240
1263015851487199232
1263016115342422016
1263016161215725568
1263016238537601024
1263016290534465536
1263016397606490112
1263016486295097344
1263016580595757057
1263016608731205632
1263016633842491392
1263016783616843777
1263016999338344454
1263017213579145217
1263017367744872448
1263017715553300480
1263017974576877568
1263018322704117764
1263018352131309568
1263018487817007105
1263018575750545408
1263018838683037698
1263019855181049859
1263020153102569473
1263020845670096897
1263020864783757312
1263020933314260992
1263021121324093537
1263021482944446466
1263021490343116800
1263021793180184577
1263022069765136385
1263022122726830080
1263022317443125248
1263022522297171968
1263022735183294464
1263022901067948033
1263023161609773056
1263023182455492608
1263023217582669825
1263023235228196864
1263023468188102656
1263023505391714304
1263023531094401027
1263023834430681088
1263024091671547907
1263024160353202176
1263024302045028353
1263024379790864385
1263024399449497605
1263024834734444544
1263025424491319297
1263026071320104960
1263026134264004608
1263026627811794946
1263026890974957570
1263026921371287554
1263027289245257728
1263027672306913281
1263027828536287233
1263027862346571776
1263028227221729280
1263028237585854465
1263028319940939776
1263028597243236352
1263029208835596288
1263029377769574400
1263029721597648896
1263029734449053696
1263029761686884352
1263029812094009344
1263030755292327936
1263031308365770755
1263031351164506112
1263031402519506945
1263032035502772229
1263032039206518786
1263032280349630465
1263033210885324800
1263033407614799875
1263033622912806912
1263034128951201792
1263034705949216768
1263035124867829762
1263035647041945600
1263035778336161794
1263036394072682496
1263036442844028928
1263036966402211840
1263037192055730177
1263037499946958854
1263037980819836928
1263038080786759681
1263038312463433728
1263038606819700736
1263038872872800256
1263038897916801024
1263039531319734272
1263040410030612481
1263040709424287746
1263040851053285376
1263041429628059648
1263041516148264960
1263042201732423681
1263042446880944129
1263042699470528512
1263043948299399168
1263044093828927493
1263044396330729473
1263044463955513344
1263044864721031168
1263045291596320768
1263045310437183489
1263046997851795457
1263047162058772481
1263047917335699456
1263048558007238656
1263050166711582720
1263050527434141696
1263050596204064768
1263050761728077824
1263051040242483200
1263051059615821824
1263051372854796288
1263051503675363331
1263051507882229760
1263051786954379264
1263052446181535745
1263052517513981952
1263052551290675200
1263052814562889729
1263052827632394245
1263052918942576641
1263052937435115520
1263053241635311616
1263053320568045568
1263053704741126144
1263054022367342592
1263055127608324098
1263055263415795713
1263055830766817281
1263055898190045184
1263056168295059458
1263056215715663873
1263056270044495872
1263056702737268736
1263056781800091650
1263056802544906245
1263057138240249857
1263057515639484418
1263057548791484416
1263057831705616385
1263059236709371904
1263059240035291138
1263059345224302597
1263060061645148162
1263060181560160256
1263060278025093120
1263060715532926976
1263061089232748550
1263061184795652098
1263061444473450496
1263062011023429632
1263062043503951873
1263062447658844162
1263062974425686018
1263063648974573568
1263064271551954944
1263064282511691776
1263064736507330562
1263064890685583367
1263064983287607296
1263065216570609669
1263065311294545920
1263065528718983168
1263065529847287810
1263065578534649857
1263065708197326849
1263065778640678917
1263066550959058944
1263066673902387201
1263067088886870016
1263067180280606720
1263067791680081921
1263069024256229381
1263069242288570368
1263069378066608129
1263069581712687104
1263069933308710912
1263069972357615619
1263070071405940738
1263070464621948929
1263070723565731841
1263070803299532804
1263071124893634566
1263071161534935040
1263071436241080321
1263071543736877057
1263071768434167808
1263071790319964160
1263071831734566913
1263071838910902274
1263072187251953664
1263072293091188737
1263072395683926018
1263072502676369411
1263072631982559235
1263073041577160705
1263073578016260101
1263073657129021441
1263073778809987075
1263073843255537664
1263074091642355713
1263074217211371521
1263074284601257986
1263074302133448712
1263074416969146368
1263074702827847683
1263074703100518400
1263074841340579840
1263075016167624705
1263075035322839041
1263075118273757186
1263075152230862850
1263075242714464256
1263075245268832256
1263075323861544960
1263075337665163265
1263075352248750081
1263075372024782848
1263075373446828033
1263075380812034048
1263075430975836161
1263075465289437185
1263075554892353536
1263075573049495552
1263075657904525312
1263075815538872320
1263075838620295168
1263075864780181504
1263076116060868612
1263076501571940353
1263076882364403712
1263077023540490242
1263077079186313216
1263077506145497089
1263077841203314690
1263078587613081600
1263078955915018242
1263079438499053568
1263079611643998210
1263079770041970688
1263079797531357184
1263079917463339008
1263080419949494272
1263080446365036546
1263080521006891008
1263080973182222336
1263080988411744262
1263081033597177856
1263081046029066241
1263081335242977281
1263081435071643648
1263081496069488641
1263081567892787200
1263081885485408256
1263082087109627904
1263082091962494976
1263082097465581568
1263082119837949952
1263082530749599744
1263082812757782528
1263082989631700994
1263083021508521985
1263083321686450176
1263083677237407744
1263083982352154624
1263084092553342976
1263084186950414336
1263084285759819776
1263084518107312128
1263084538403540992
1263084798903451652
1263084850648625158
1263085075136163841
1263085100906012672
1263085155591151616
1263085249224781828
1263085427809906695
1263085601785556992
1263085608341131268
1263085767892631553
1263085927020158978
1263086053713469441
1263086378666979329
1263086477568815105
1263086925193379840
1263087071704449027
1263087213849513984
1263087796350332928
1263087880290947072
1263088039775154176
1263088208323112965
1263088318381608961
1263088580932632576
1263089069103480832
1263089315757854720
1263089712928972800
1263089858500792320
1263089971717640193
1263090311296778244
1263090539886493696
1263090581212807169
1263090592487215104
1263090986395279362
1263091341392703488
1263091454391525376
1263091822152343552
1263091867563876353
1263091929371144193
1263091955136954368
1263092124804939776
1263092318602760192
1263092585817497601
1263092891624210433
1263093393992724487
1263093409834647553
1263093454185299969
1263093545658974208
1263093562289221634
1263093589355253766
1263093638923460609
1263093911951568896
1263093961217830912
1263094011549679616
1263094399258460161
1263094635808735241
1263094708324061185
1263094935705849857
1263095016387424258
1263095171559952387
1263095459301724161
1263095594568032256
1263095907236659200
1263095950861643777
1263096128100118529
1263096207875825666
1263096414923440129
1263096623741259781
1263096648801980418
1263096742356103178
1263097023559065600
1263097024817303553
1263097207214845952
1263097237984309248
1263097331458678784
1263097441206718465
1263097629073747974
1263097674456166405
1263097814168502273
1263098021740457984
1263098035334082563
1263098407968804864
1263098650730823681
1263099297488187393
1263099790503612416
1263099865384415232
1263100494257389569
1263100540474417154
1263100680656412672
1263100894846963713
1263100988904202240
1263101328286314498
1263101545144389632
1263101669098655747
1263101715823251457
1263101757095161858
1263102174579445760
1263102740860825603
1263103230663262209
1263103239190220800
1263103393104453632
1263103558750068736
1263103669744005121
1263103736907362306
1263103760852647937
1263104069851181058
1263104420654411779
1263104733494968320
1263104953293262849
1263104992749076481
1263105413567754240
1263105426062667779
1263105645206630401
1263105707693359104
1263105881824100365
1263106057821253633
1263106282078134272
1263106307105517568
1263108083435352064
1263108388977815553
1263108507773042688
1263108737914593280
1263108888053682176
1263109008795164672
1263109113912778752
1263110023493947399
1263110025305874432
1263110318596583424
1263110789155696645
1263111007683203073
1263111701311787008
1263112232797220864
1263112234626101248
1263112251243810817
1263112544161419268
1263112641720926208
1263112655499399170
1263112728811470848
1263112771060641793
1263112902388703234
1263112926518366209
1263112934823284742
1263112995258974208
1263113207494742021
1263113216319602688
1263113708508717056
1263114030182363136
1263114260701470720
1263114331073458177
1263114526007812096
1263114547159842817
1263114573919420421
1263114950710628353
1263114969693982721
1263115095057424384
1263115413573042176
1263115654472830976
1263115776539521025
1263115810672988161
1263115843233370113
1263116113979768833
1263116241088032768
1263116323296428032
1263116667778973697
1263116684522643456
1263116886314754060
1263116957898944513
1263117082918436866
1263117227013763072
1263117230654369792
1263117390117625856
1263117631864934401
1263117709283393536
1263117747757756417
1263117809401450496
1263117835259334657
1263118063177621505
1263118161324498945
1263118195243843586
1263118607598436352
1263118644940140544
1263118985349881859
1263119147015299072
1263119601682059264
1263119699623251968
1263119712931717121
1263119778169978881
1263119848642502656
1263120013847867400
1263120186682626048
1263120203669372944
1263120234195673088
1263120492388429824
1263120812539863041
1263121282989776896
1263121821299335169
1263121821395804161
1263122057652469761
1263122382568316929
1263122409583935489
1263122567017181186
1263122738996285440
1263122799993880576
1263123044064620544
1263123310050553856
1263123452287782914
1263123738532311041
1263124007949344770
1263124084474482698
1263124135728820225
1263124364003733505
1263124425517314048
1263124483721908224
1263124488369041409
1263124600549855232
1263124656854351874
1263124712160292864
1263124856687792135
1263124863100678149
1263124881991962628
1263124988971716608
1263125022002106370
1263125686316924930
1263125689030631425
1263125692818116614
1263125756789395456
1263125852138635267
1263126345854390272
1263126387965210624
1263126416612261888
1263126536745410560
1263126939470106626
1263127062677766148
1263127204927614978
1263127242273705985
1263127278386589696
1263127314696724481
1263127360607596545
1263127678262972416
1263127694872641538
1263127716913709056
1263127852821688321
1263127909696446464
1263127959071670272
1263128682475986950
1263128765409849345
1263128959811751936
1263129298338066432
1263129344916029448
1263129397009289218
1263129438994210816
1263129499534626816
1263129511828180993
1263129515275902976
1263129642854002689
1263129751755112451
1263129782096506881
1263129964167168000
1263130114520481792
1263130199396409344
1263130244229152768
1263130264391176192
1263130350751936517
1263130426404675584
1263130861291008007
1263130886586937355
1263130948373118976
1263131172999225346
1263131188190904320
1263131343707271168
1263131780866957312
1263132765601402880
1263132912292990989
1263133621755543554
1263134354819158017
1263134412356546561
1263134641281736706
1263134798479937536
1263135277800775680
1263135688637251585
1263136035011276800
1263136039117492226
1263136072164392960
1263136234840432642
1263136276464545793
1263136580929073152
1263136681609363464
1263137220568838144
1263137438672846848
1263137446432309250
1263137711457742851
1263137811919585286
1263139365762424833
1263139974582501376
1263140046195982336
1263140282771468289
1263140671042576391
1263140990132670464
1263141165697826820
1263141414495571970
1263141515615928322
1263141600718454789
1263142023042867202
1263142068320210945
1263142136490295297
1263142303587282944
1263142801455316993
1263143409918685185
1263143947234422791
1263144828637982720
1263145252526809088
1263145536321990658
1263145810138562561
1263145879629819910
1263146390458425344
1263147009734701057
1263147367643123713
1263148251957559296
1263148291098804225
1263148734558408704
1263148742800179201
1263148744427442177
1263148937147367424
1263149524576591880
1263149559838097408
1263149685721751554
1263150078409220096
1263150719013654528
1263151021808685056
1263151509623181312
1263151637553508352
1263151781795766272
1263151789559382017
1263151896572727296
1263152937775386628
1263153005123297282
1263153345570631685
1263153604518711297
1263154250961416192
1263154310751219713
1263154496022155265
1263154762196934657
1263155089843163137
1263155448091303942
1263155469259993088
1263155858822901762
1263155922190434305
1263156032542367744
1263156446285291520
1263157514708963328
1263157553011318785
1263157558770118658
1263158886917431300
1263159467606245383
1263159508672475141
1263159625425117185
1263159704873828352
1263159728525340672
1263161021180633091
1263161654197526529
1263161733402656769
1263162062785490944
1263162245384597504
1263162342617100288
1263162461768859649
1263162485982531589
1263163038078832641
1263163106760495105
1263163495983443968
1263163518288707585
1263163644621328385
1263163669065711618
1263163812003250180
1263164663480664065
1263164932079706119
1263165217787109376
1263165452726833152
1263165509345959942
1263166578104733697
1263166853481934848
1263167200078299136
1263167227815055360
1263168637013278720
1263168708916260864
1263168883919388672
1263169386484916224
1263170167716163588
1263171100051214337
1263171134318575622
1263172919816908801
1263173713337495553
1263174696545275905
1263174856239190019
1263176740924321793
1263176978670276608
1263177401493671936
1263177912875978752
1263178917105463296
1263179023888367616
1263179745619070976
1263179886677708801
1263184485694058496
1263184656075075584
1263185914282434560
1263186034898042881
1263186172987297799
1263186264624267264
1263186774605598720
1263186899369328643
1263187044710285312
1263187413066629120
1263187987883421696
1263189743770181632
1263191907636781056
1263192819310657537
1263192916073353218
1263194280220258304
1263194496621096965
1263195620157734912
1263201459342127105
1263202774113816578
1263203911940419584
1263205311156039680
1263213251254456320
1263224982504484864
1263242220955729920
1263244002104619008
1263247635147902976
1263248637720592385
1263248862879203328
1263252556245016576
1263264809987960832
1263266693440131072
1263268730831765511
1263268925686644745
1263278542592323585
1263280920196333568
1263281668510453760
1263282452308676609
1263283317396385792
1263284828104949761
1263287531711475715
1263289523452235776
1263292989775855616
1263293030657744896
1263293131560300544
1263296433454751749
1263297930607329281
1263298102246682628
1263299070984171531
1263300597735755776
1263301538681888770
1263303430812155908
1263303689797804033
1263305923705126918
1263307634578534402
1263308835902509057
1263310481755906048
1263312312074514433
1263312328822415361
1263315087089119233
1263315303527862272
1263316346512781313
1263319398070185984
1263319867714928640
1263324174120112128
1263325075094331392
1263325212462002176
1263328628869390339
1263328868666130434
1263335785601789953
1263351057586978816
1263352485307133952
1263354026835488769
1263354147442589696
1263355850418057216
1263356594235961345
1263360512055750668
1263363320788054018
1263364540080644096
1263364645483470848
1263365349392609280
1263370758169886720
1263372077362483200
1263372522655006720
1263372855590387720
1263373540935340032
1263373934994612228
1263374014589939714
1263378777557491717
1263379068864659456
1263379427838197760
1263381259230646272
1263381616711385088
1263384930442190849
1263385721081036802
1263386906986975232
1263388061674676224
1263388240326856704
1263389413985464320
1263392752064069632
1263397421687599104
1263398136107749376
1263398943997808640
1263402570891948033
1263412097615978496
1263415314752188416
1263416633189597185
1263418249502314497
1263422829439131651
1263427503529570305
1263429123839418368
1263429992769150982
1263430416159125504
1263430530944700417
1263430754605858817
1263434404442959872
1263438257250955264
1263442923145682945
1263451488837238785
1263458631321780224
1263468692463063040
1263473854179090433
1263475305550942208
1263488459253178372
1263507133708087299
1263511702764695553
1263517422339776514
1263523112005636100
1263524186053578761
1263533402659196928
1263667078084677633
1263702462302584835
1263747669190537217
1263752367951892480
1263775202531573764
1263794438733811712
1263805433086648321
1263986117201649664
1263991752827867136
1264066632017682433
1264182520045875200
1264238498439200771
1264450176338538497
1264588933628821505
1265220103987064833
1266033656281391107
1266705021875507201
1267155609490685952
1267157946452135936
1267524058079350784
1273155747275247623
1273185242136940546
1273211539689033728
