id
1265817334993743872
1265820013434474497
1265822190991106048
1265824275740516352
1265830096256016385
1265830644266889217
1265832665971712000
1265834830878486528
1265835220109889538
1265836317495214081
1265836992480378881
1265837358169153536
1265837621114286081
1265838381675708416
1265838700849704960
1265839942942498816
1265840222404661248
1265841416137105408
1265842986048339968
1265843648853409793
1265844198047019008
1265845941501857792
1265846809328418817
1265847181598240773
1265847187511996418
1265847249998958592
1265847339354218496
1265847506463674368
1265847865596755968
1265848172842307591
1265848344523337729
1265848556948279300
1265848559032610816
1265848593358950470
1265848850385973250
1265848871311163394
1265848895923351553
1265849044452204549
1265849086156181510
1265849172168634369
1265849221221101568
1265849437458317312
1265850630641508354
1265850821364740097
1265850947168636928
1265851230779092995
1265851673412583430
1265851701447122946
1265854228469334016
1265854280914927617
1265854319900930049
1265854403438759937
1265854558821122048
1265854883783155713
1265855001601159169
1265855187727511553
1265855577911107584
1265855963765956608
1265856134012907525
1265857141312647168
1265857207276634112
1265857630947422209
1265858258704781312
1265858327491289094
1265858767733882880
1265859072831549441
1265859417729204226
1265859646885187584
1265859789810106368
1265859977702526976
1265860282271674368
1265860480200998912
1265860574413537281
1265860689450549249
1265860995769131008
1265861065520353280
1265861303265968128
1265861338364026880
1265861372048334849
1265862177061249024
1265862447673425921
1265863547088764928
1265863642358022144
1265863762931675136
1265864151794057217
1265864387841097728
1265864698462965761
1265865105469853696
1265865343475560448
1265865431748734977
1265865439730491393
1265865524518563842
1265865941809688576
1265866188363464705
1265866536448909312
1265866618091057152
1265866770746871810
1265866838593941504
1265866918789033984
1265867164952690688
1265867451901906944
1265867470432358401
1265867773722361856
1265867812444213248
1265867954014556160
1265868011883212800
1265868129051136000
1265868456978608128
1265868706661318656
1265868713842089984
1265868902380130304
1265869826716647430
1265869874502553602
1265870271841538050
1265870537655324672
1265870671596277760
1265871343049773056
1265872125853700098
1265872193759690752
1265872823823880195
1265873157140905984
1265873246726926336
1265874098724302848
1265875651678142465
1265875762596413440
1265876595174227969
1265876947256500225
1265876974028730368
1265877311964024833
1265877886017421312
1265878118553710593
1265878254776397830
1265878499329482754
1265878580518682625
1265878859519410176
1265879179649744901
1265879397749469187
1265879421963001856
1265879678209847297
1265880553313665027
1265881224788271109
1265881940663701507
1265881977263185921
1265882593322557446
1265882832737632256
1265882856968110080
1265882988320927746
1265883047276294144
1265883457886052353
1265883714845700097
1265883816058470401
1265884485981294597
1265884520932241408
1265884897996136448
1265884991927406592
1265885190414532609
1265885431805116417
1265885459982532608
1265885651511148546
1265885966956445697
1265886919591735297
1265886968006803457
1265887376183906305
1265887780598697984
1265887873087295494
1265888401720516609
1265888436583424000
1265888575796764673
1265888846471979008
1265888878675755008
1265889095248752642
1265889379286843392
1265889436497096705
1265889458370551809
1265891482486976517
1265891707691786240
1265892112664416256
1265892666580979713
1265893004650278912
1265893047272738816
1265893377234669570
1265893391369412618
1265893940630355968
1265894430013181952
1265894956188594178
1265894973867724800
1265895029718966274
1265895843258826753
1265896407287783424
1265896530927652864
1265896588817379332
1265896604684316673
1265896616973733889
1265896660904939523
1265896680680910856
1265897222618648582
1265897795011182593
1265898127552217088
1265898199568379905
1265898402992263169
1265899267308175360
1265899509017710593
1265899766342463488
1265899890929995779
1265900137634828288
1265900296624054272
1265900714284535808
1265900998452817920
1265902803345567744
1265903316644409344
1265903757532950528
1265904439820537856
1265904818863976448
1265906601921335296
1265906957057167362
1265907343465873410
1265907403834503168
1265907630679248896
1265908729607786497
1265908759211237376
1265909726107164672
1265910367298842624
1265910511184601090
1265910528767070208
1265910818761084928
1265911041319481347
1265911617239363585
1265912342258253827
1265912749332336641
1265913177952452608
1265913381485248512
1265913626289778688
1265913737707425792
1265913788441788417
1265913798524878849
1265914094437175301
1265914123289796608
1265914348741918721
1265914401644670976
1265915611479248897
1265916226846539776
1265916445759856640
1265916635682144256
1265916930357067776
1265917143951892480
1265917220133068800
1265917243499573250
1265917263749746688
1265917348386615297
1265917573180395521
1265917705967845378
1265917926726496261
1265918006703472640
1265918213373730816
1265918805038952450
1265919414815391750
1265919641077063682
1265919688846032896
1265919976164261888
1265920000914853893
1265920152836718593
1265920360106430466
1265920625950023680
1265920646955118592
1265921027714027521
1265921622403239936
1265921962376863744
1265922082182844416
1265922310466408448
1265922558244687873
1265922945702117378
1265922981487878144
1265923012991176708
1265923632091369472
1265923830926635009
1265923904998170631
1265923905262219264
1265924133612814336
1265924385984176129
1265925073132818432
1265925337440870402
1265925553460146178
1265925578017968128
1265925632694923269
1265925996974206978
1265926040737595393
1265926249467314176
1265926532410810368
1265926562676985862
1265926636718956544
1265926645820674048
1265926682579533829
1265926729975160832
1265926795712479234
1265927375101005824
1265927398496907264
1265927431522844674
1265927461721698305
1265927513303388161
1265927633453248514
1265927654278082560
1265927686855294976
1265927744237551616
1265927850869260289
1265927879046557697
1265928000392040448
1265928108915527680
1265928248317415425
1265928249999269889
1265928661833834496
1265929160419049472
1265929640411095041
1265930103072215040
1265930119409008641
1265930252406059008
1265930472527257600
1265931339469139968
1265932163217788929
1265932909086683137
1265932986093977600
1265933181779357696
1265933277761802242
1265933373744259072
1265933376722276354
1265933520314261504
1265933753333014528
1265933958509817857
1265934232884518912
1265934459133554688
1265934787103141889
1265934818094788610
1265934851926110208
1265935157044928513
1265935168969342976
1265935217371475970
1265935361143787522
1265935685728403459
1265937414142509056
1265937659979055104
1265937661505789959
1265937714928480257
1265937750932381696
1265937811057848320
1265938525406597122
1265938804290007041
1265939067549736960
1265941021084409856
1265941043444408322
1265941275129180163
1265941328418004993
1265941341562974209
1265941601735503874
1265941856476635137
1265942291707019264
1265942666572955648
1265942969703686144
1265943012305260544
1265943147097382918
1265943284179849216
1265943428178874380
1265943471690600453
1265943509674029056
1265943860426858496
1265944344185298944
1265944730535374849
1265944971850506243
1265945613373337601
1265945861713915904
1265946332646313984
1265946481908944896
1265946519708016640
1265946567611121665
1265946852311969792
1265947185386045441
1265947346652651524
1265947587296845824
1265947649745620993
1265947670473924609
1265947718192476161
1265947756834807809
1265947828431585280
1265947879425716225
1265948057860034562
1265948139246153728
1265948174964981762
1265948213296500736
1265948377679708161
1265948402719678464
1265948471896371203
1265948703837175808
1265948812016640001
1265949116627955712
1265949263613181953
1265949520900190209
1265950001341005829
1265950125848883200
1265950283252633600
1265950424932265984
1265951277940342786
1265951916040663054
1265951983543803904
1265952286439886849
1265952350377775104
1265952448004448257
1265952787705335819
1265952966806319104
1265953192602304512
1265953528293609472
1265953603404967936
1265953709390852096
1265954591268638721
1265954650534154241
1265954859087470593
1265954872630882304
1265954897180180480
1265954913756033026
1265955149744345088
1265955327830343685
1265955416393109510
1265956128065609735
1265956773472595975
1265956884546121728
1265956912715067392
1265956919744724992
1265956984240500736
1265957422314795009
1265957610810982400
1265958134339768320
1265958364506460160
1265959023318380544
1265959171641323522
1265959520523522048
1265959567793565700
1265959579655049216
1265959621111382016
1265959965904318465
1265960040697147392
1265960329466376194
1265960525864861696
1265960796909158400
1265960873975091202
1265961015851782144
1265961045232943105
1265961203475443712
1265961292575145986
1265961313592848386
1265961322966945793
1265961324871208961
1265961424213495808
1265961596829880321
1265961761649225729
1265961852976201729
1265961927013830659
1265962001815257094
1265962022245629957
1265962039320743937
1265962195147317248
1265962842764611584
1265963546598191105
1265963572674228224
1265964244429877248
1265964307159760897
1265964480044941313
1265965678349086722
1265965678688972801
1265965760171569152
1265965917302779904
1265965978560667648
1265965987771437056
1265966259172073472
1265966551045476352
1265966579369627649
1265966657043742723
1265966657345777665
1265967239423033347
1265967634648043523
1265967671566389248
1265967745889439744
1265967898390077442
1265967918921027585
1265968639519252480
1265968771421761536
1265968821443026944
1265969030835257346
1265969205209251840
1265969324528791554
1265969376613797889
1265969877690585089
1265970537915797504
1265970543947395073
1265970588813717504
1265971388717940736
1265971458850742272
1265971576370917376
1265971769745301507
1265971880072105986
1265971932819668992
1265972099631341568
1265972212361834496
1265972470105989123
1265972659700953088
1265972805918695427
1265973026094329856
1265973041894391808
1265973655881674752
1265973762299748352
1265974099043667971
1265974120338128898
1265974172729200641
1265974502967541760
1265975291995983873
1265975552646828033
1265975568102612992
1265975576579506178
1265976225505390592
1265976499288576000
1265976658080624640
1265976724346601473
1265976981327433729
1265977051011416064
1265977151162998785
1265977403047677954
1265977462221082626
1265977535499603968
1265977736071446531
1265977762139045888
1265977834243268608
1265977837347057664
1265978551154532352
1265978715499974662
1265978892310982657
1265979203096363009
1265979881948577792
1265980248686055426
1265980278092083201
1265980787498893312
1265981059910557696
1265981886180003841
1265982326292480001
1265982683483566080
1265982909288153088
1265983105883680768
1265983559724158977
1265983651407294464
1265983789076934657
1265983793430749184
1265983801991323648
1265984258541142017
1265984364288114688
1265984920423456769
1265985289203224576
1265985312041455618
1265985797423075328
1265985818805407746
1265985982530154496
1265986149257969665
1265986217734176771
1265986580465975296
1265987540840054784
1265987711422222338
1265988185215172612
1265988968547520513
1265989298517610497
1265989876962508800
1265990223403646976
1265990497186672640
1265990552618586115
1265990901161222145
1265991057520693248
1265991248596348929
1265991570936954883
1265991603723866112
1265991651111038979
1265991829889089537
1265991934742376448
1265992337454444544
1265992579515994115
1265992598906220546
1265992956533587970
1265993619514757121
1265993763282968579
1265994375894614016
1265994991375179776
1265995037785161733
1265995146258198528
1265995456045293568
1265995916076441600
1265996456139337728
1265997422804729857
1265997424096694273
1265997744180801537
1265997862145531904
1265997912359800839
1265997991615184896
1265998057688240129
1265998091892723712
1265998109416525824
1265998135635120134
1265998386437726209
1265998512983957504
1265998830895599617
1265998842689880064
1265998857642655745
1265999201957064704
1265999655281852417
1265999664370913282
1265999679558348800
1265999820084383745
1265999899570642948
1266000240936550401
1266000652208992256
1266000895797456896
1266001364435394560
1266001786890002434
1266001807278592000
1266002565235441664
1266002634986663940
1266002744235573254
1266003015905001473
1266003022532001793
1266003760045834241
1266004017555083266
1266004445013446662
1266004486608191494
1266004797859168256
1266005075568148480
1266005152881770496
1266005363964342278
1266005531438825474
1266005696153219078
1266005801266819078
1266005897064722435
1266005899719524353
1266006079596449792
1266007223987253248
1266007762963763200
1266008309775110144
1266008421293228039
1266008465769668608
1266008686444462081
1266008704685662208
1266008711849545730
1266008980381368320
1266009320610689025
1266009400872968192
1266010139187806209
1266010205562814468
1266010381069107200
1266010418742427650
1266011184936910848
1266011224749289472
1266011307838517250
1266011915265798147
1266011946505117698
1266012152059609088
1266012528863260674
1266013237474099205
1266013309381345282
1266014025332162565
1266014070857248775
1266014074095075329
1266014289598402560
1266014308472938498
1266014599075282945
1266014650258214912
1266014705899851776
1266014819901210625
1266015163506925568
1266015231047852034
1266015297149992969
1266015727066263556
1266015787023810562
1266016253384241152
1266016336477650944
1266016719430180871
1266016953866444805
1266016963869970433
1266017148603940864
1266017332188655616
1266018186786246656
1266018518115336198
1266018934903406594
1266019599625093120
1266020279245029376
1266020573869678592
1266020775368298496
1266020932566556674
1266021168596701186
1266021850259378176
1266021875341242368
1266022278032130048
1266022463999078400
1266022702051180545
1266023077130862592
1266023559039717376
1266024250726592512
1266024856853852160
1266025236790681600
1266025246433226752
1266025371524161536
1266025511303745537
1266025666312499202
1266026215825170433
1266026340198658049
1266026416275062784
1266026569669042178
1266026740792483840
1266026797923045377
1266026828558331905
1266026897085018114
1266027026026303488
1266027072083746816
1266027228468596741
1266027440695996423
1266027562016428033
1266027592509009920
1266028047205048321
1266028151009755137
1266028227706753025
1266028253661155328
1266028289778503682
1266028351396823040
1266028861114011653
1266028967619727360
1266029239029116928
1266029524338323457
1266029559478190080
1266029751476482048
1266029887992639488
1266029977947918338
1266030001415008261
1266030117458862081
1266030340792967168
1266030362544820224
1266030437052317706
1266030531361325056
1266030768423395329
1266031320557400064
1266031684236963841
1266031889967656960
1266032273645686787
1266032359666835460
1266032998702514180
1266033119100112896
1266033440283033600
1266033857754804224
1266033904353529857
1266033965401550848
1266034068199583745
1266035213940994048
1266035418107019264
1266035628791259138
1266036117985427457
1266037675015811072
1266038403700752384
1266038584030552066
1266038831230451712
1266038936628944896
1266039563228606470
1266039792652783617
1266039848562909190
1266040069330219009
1266040119674449925
1266040179674034179
1266040233809846272
1266040293578727426
1266040305557499904
1266040405289775106
1266040929959514117
1266041047680835585
1266041218921828352
1266041237431218176
1266042504551337985
1266043122296864768
1266043400073199617
1266043573109026822
1266044389345779712
1266044447734640640
1266044751452745734
1266044807098466305
1266044994110083073
1266045172145688584
1266045271626133505
1266045544167813121
1266045831225970688
1266045904135602182
1266046112491806721
1266046478784569345
1266046722574364672
1266046756900331521
1266047195758952449
1266047319767756801
1266047560998883328
1266047938800820230
1266048020589707264
1266048388979503104
1266048652830576641
1266048660003061766
1266048732157501442
1266049241803378690
1266049914041249793
1266050061055688704
1266050687537950723
1266050913640124416
1266050970775150593
1266052524949340160
1266052808723357696
1266053003443929088
1266053754815565824
1266053800219095040
1266054143539544065
1266054351681761281
1266054425388257281
1266054657933111296
1266054753340895237
1266054809494401031
1266054899453833223
1266055889221570564
1266056453405589505
1266056532732653571
1266056709283483649
1266056746025525248
1266057131406405633
1266057268686139392
1266057480846446592
1266057499955785730
1266057742596399104
1266057784312778752
1266057815736463360
1266058260043272192
1266058445389729793
1266058687812075520
1266058698251816968
1266059661997981696
1266060435649789952
1266060832825360388
1266061416743624705
1266062735780937728
1266062742764601347
1266062765602541573
1266063779328077827
1266064168756666379
1266064362013425670
1266064547602980864
1266064677647396865
1266064678838587395
1266064779057209345
1266064864029675523
1266064915112112128
1266065127868190725
1266065284059758595
1266065426754293761
1266065697861447689
1266066706385956865
1266066801798123523
1266066947646664704
1266067409632362498
1266067673605120006
1266067798628937728
1266067908276498434
1266068179610042368
1266068597387825152
1266069170308947968
1266069357672583169
1266069428711518208
1266070079210471425
1266070586440073216
1266070604157014016
1266072210285850626
1266072316716482560
1266073348070690818
1266073371550404613
1266073835666845701
1266074527588638721
1266074740390797314
1266074804949417984
1266074903742083085
1266075861834502144
1266076714620399617
1266077517649043456
1266077655662764037
1266079399406755840
1266081674967670784
1266083305407107074
1266083635217616896
1266083867024211969
1266084181307768835
1266085610051248128
1266086786733875202
1266091434228150272
1266093739702915075
1266101238619410444
1266103557360701442
1266105681565843457
1266113477908803586
1266134722079490048
1266150303902162945
1266151046633730049
1266156369578688523
1266159350260752385
1266159594356834307
1266160036918644741
1266164342443081728
1266165070326902784
1266166973353717762
1266171283865325572
1266171867515293701
1266175662190145541
1266176197261574144
1266177381540257793
1266178034144436224
1266179841998675971
1266180173390475265
1266180246086094848
1266180344396603392
1266181497226067968
1266182489589997568
1266183825245319168
1266185593844727809
1266185865782534144
1266186628764184576
1266188739090550786
1266190890139254789
1266192047335227392
1266197238256152577
1266198556232290304
1266198614528987139
1266199077856911360
1266200985686302720
1266202174901510144
1266202550258274305
1266203743260774401
1266204654016229376
1266205037430140930
1266207144040423425
1266207819495243782
1266211111893958658
1266212775807692800
1266212813648715781
1266213379548553216
1266214199941709825
1266215394219634689
1266216091761561600
1266216814591295488
1266216862951649281
1266219719683723265
1266219765510496256
1266219871848722432
1266220112966832129
1266222163654107137
1266222598196621317
1266223113227980801
1266224029297491968
1266225662135726080
1266226492649820160
1266228510135287809
1266228714997714944
1266230421085356032
1266230879719878657
1266231774025117696
1266234579121082368
1266239311126511617
1266241938962841603
1266242123122139141
1266245855687802886
1266246184445734912
1266248591095390208
1266248775103700994
1266249112481001472
1266250511423922178
1266252831712894976
1266253505481674755
1266257564070637568
1266264059453685761
1266265094578597888
1266265844901789698
1266266016113242113
1266270210618585089
1266270392634597376
1266271203460648965
1266272266850983937
1266288020883296256
1266290497447849989
1266303318361387011
1266304855649345536
1266310542307635205
1266314064117903360
1266315263764545537
1266318346019991553
1266323637436637185
1266323658986807296
1266329333473427456
1266334321540870145
1266334590836174849
1266340683771785223
1266354257541787653
1266354586257743872
1266369799140995078
1266372673275215872
1266377034244096009
1266378633397993472
1266413249429454851
1266417392499843073
1266426621080330240
1266430310318628864
1266430542083309569
1266430616800604161
1266430817976193026
1266432965736722433
1266434126543941632
1266434140729036800
1266434158303182848
1266434190850940928
1266593227949273089
1266600782843072512
1266603026481111040
1266606310293979136
1266607936123449350
1266620653869858816
1266648142172340224
1266791745452269568
1266796539290087424
1266797893836394497
1266941202307432449
1266955343273144323
1266975461189419008
1267152760308367366
1267153429488689153
1267154751558385665
1267157127216463873
1267381490423181314
1267381922855940096
1267663761319444480
1267678373574111234
1267681894461607936
1267682259307343874
1267692792689700868
1267706254258057216
1267706598098690058
1268136541261565952
1268158830380290050
1268595375142850561
1269230521852268544
1269246833915617283
1269903595710722048
1270939768868663298
1270941802191704064
1271335051012128768
1278605381313236993
1280000982714331136
1286960396935430145
1287297452131966977
