id
1279929657022799873
1279943491385036801
1279944925992247296
1279945150643310592
1279946065135800320
1279946149491699712
1279946234149535744
1279946369763913728
1279946508553486336
1279946998754541573
1279947255143751680
1279947601924612097
1279947605439582209
1279947744589737984
1279947873468071937
1279948144428474369
1279949050704392192
1279950380235780098
1279950693432823808
1279951859885600769
1279951883860348929
1279951910217236480
1279952333888086017
1279952371506765825
1279952404432039937
1279952453127950336
1279952518663958528
1279952557654212609
1279952941739159552
1279952960282189824
1279952971908800512
1279953322519101446
1279953499233546240
1279953962985119745
1279954141859557376
1279955716992716800
1279955744213708800
1279956044655943680
1279956155482157056
1279956588657180672
1279956605878980608
1279956661352857600
1279956816609177600
1279957493435609089
1279957550717218816
1279957603892596736
1279957617104654336
1279957818871701504
1279957830481526784
1279959026059448321
1279959343132114944
1279959893496049664
1279960089638498304
1279960118226874368
1279960127081086977
1279960135222177792
1279960267883855874
1279960352516497408
1279960762010570754
1279961315914641409
1279961551097573376
1279961783613091840
1279961795189329920
1279962191416852481
1279962324648882176
1279962471474753536
1279963196300787712
1279963240156426240
1279963490384412673
1279963565189783552
1279963726293000193
1279963819838599168
1279963870593835008
1279964179453980673
1279964247431065605
1279964265621807104
1279964485898268672
1279964548741529600
1279964719546155010
1279964811262976000
1279964827071311873
1279965025277374464
1279965302822858752
1279965575653888000
1279965601214025728
1279965669564444672
1279965707418038272
1279965746634715136
1279965791438245889
1279965951702622209
1279965971298439169
1279965976264507393
1279966111933403136
1279966114613583877
1279966245954060289
1279966406826586114
1279966528931115009
1279967269393588225
1279967610818441222
1279967621132083202
1279967915668680705
1279967996815925249
1279968275233861632
1279968308322865153
1279968355986706432
1279968430976688128
1279968443551240192
1279968837224431616
1279968937652785153
1279968982020141058
1279969134084648960
1279969204024668161
1279969820948041728
1279970163211661316
1279970437108097024
1279971102861651968
1279971136680284160
1279971159681855488
1279971344516386817
1279971514104729600
1279971570165755904
1279971643532603392
1279971680232718336
1279971881957744641
1279972011087851523
1279972161025802240
1279972170408407040
1279972280164990978
1279972315304873984
1279972360330727424
1279972460436176898
1279972598500126721
1279972745896329216
1279972861365510144
1279973078353588226
1279973491693858816
1279973531514621953
1279973718026940416
1279973816383361024
1279973902022656000
1279973996134465536
1279974014971084800
1279974431612272640
1279974752803631104
1279974900116017155
1279975014930845696
1279975029468356613
1279975202412093441
1279975336382357504
1279975345261862913
1279975410218889216
1279975501692407808
1279975566964211714
1279975743531782150
1279975812322607105
1279975848905281538
1279975920237809669
1279975994565079041
1279976020859162624
1279976118586470400
1279976134768128000
1279976140585578496
1279976564323581952
1279976576503779329
1279976627770818561
1279976657147715585
1279976717038186496
1279976765427904512
1279977078775934977
1279977134602084354
1279977340219658241
1279977426349678595
1279977519773388800
1279977975195168768
1279978666747817985
1279978829042159616
1279978846465318918
1279979089139347463
1279979166469812224
1279979205464215554
1279979230852526081
1279979265736523776
1279979269469474816
1279979331985584128
1279979349656166400
1279979429922394112
1279979436272685056
1279979474709143552
1279979502924267526
1279979518984249344
1279979542485045248
1279979674148368386
1279979684080410625
1279979697640742913
1279979959163838465
1279980020170022914
1279980226852749312
1279980617279533056
1279980832245993472
1279980863665520640
1279981225847828481
1279981255564484608
1279981451425931265
1279981539309355009
1279981761431101441
1279982249199333376
1279982669204357126
1279982694244499457
1279983179051307013
1279983214174408707
1279983450649317376
1279983604601249793
1279983644786880512
1279983672892874752
1279983797686038528
1279984424592039937
1279984442694447104
1279984490513747968
1279984570931142656
1279984666926215168
1279984786203799554
1279984870828072960
1279985041074872320
1279985082934030341
1279985110117306368
1279985240333787136
1279985477152432128
1279985657956294659
1279985925167222784
1279985977155411969
1279986009325871105
1279986182399512576
1279986329690894340
1279986345864093699
1279986476021764099
1279986532879724544
1279986859397967872
1279986895158603776
1279986897771626496
1279987107566481408
1279987164944625665
1279987327620706304
1279987389910278145
1279987543451156480
1279987552183652354
1279987615937163265
1279987915762745345
1279987997232914432
1279988002136059905
1279988020637085696
1279988031953399808
1279988051456880642
1279988161444065280
1279988204372766721
1279988318462083074
1279988552692973568
1279988607000829953
1279988617373310976
1279988662495703040
1279988869169942529
1279988972668612608
1279988980881096704
1279989016742387714
1279989035511898112
1279989065060716545
1279989114343837698
1279989124112322561
1279989154361696258
1279989240957296640
1279989262578905088
1279989303762759680
1279989325321498625
1279989377599303681
1279989411115986944
1279989432922357760
1279989668239429638
1279989708634968065
1279989761713807360
1279989900998111234
1279989970497753088
1279990010398179336
1279990020166705152
1279990026604998656
1279990053138165761
1279990138718826496
1279990186579906561
1279990282847580160
1279990300312653826
1279990314950815749
1279990379509452801
1279990438624137216
1279990459503263749
1279990467954786306
1279990575073091584
1279990689384640515
1279990696271679488
1279990978791665664
1279991003273814016
1279991159981371392
1279991245310267392
1279991246593769472
1279991286926241794
1279991335324274688
1279991343964581888
1279991411899686912
1279991457093386241
1279991500273676293
1279991771188154368
1279991972288053248
1279992133768765441
1279992176659714048
1279992245693952001
1279992291558449153
1279992407556100097
1279992522308124673
1279992556676243459
1279992566809636864
1279992577555652608
1279992629950730241
1279992734418210819
1279992747110195200
1279992790949101569
1279992830677495808
1279992910344146945
1279992948336103424
1279992984772251648
1279993030997684224
1279993057006379008
1279993070273073152
1279993071090966532
1279993102468595712
1279993171179536384
1279993233133584384
1279993249193619456
1279993356760858626
1279993387630964737
1279993398183657472
1279993443209539584
1279993485819428864
1279993533047271424
1279993658981453826
1279993728392814593
1279993770583511047
1279993785447931904
1279993800375574528
1279993822483628033
1279993925063921667
1279993943162146818
1279993952217772033
1279993956353232897
1279994005892272128
1279994006777151489
1279994022786789379
1279994031162961923
1279994102495326213
1279994226202120193
1279994325506678789
1279994355281952769
1279994364152905731
1279994392414007302
1279994415411494912
1279994592054525952
1279994635394469888
1279994667178713088
1279994693888012288
1279994716012986369
1279994844232835075
1279994988269416449
1279995100613898242
1279995146554142722
1279995173271789568
1279995316612198400
1279995389920206849
1279995455229751296
1279995475018559488
1279995496342290433
1279995975357128704
1279995991911882754
1279996066201395200
1279996131984805888
1279996615114162177
1279996647284436994
1279996975711055873
1279997187737309184
1279997349117390848
1279997412434759681
1279997538737647618
1279997616298659840
1279997673953652737
1279997700381872129
1279997921698607104
1279998056293789696
1279998064288239618
1279998123574616066
1279998155417772032
1279998183599411201
1279998213034926080
1279998252142612480
1279998418644086785
1279998436515786752
1279998498033659905
1279998507223404544
1279999081847222272
1279999172981088261
1279999403575525376
1279999518721761280
1279999648573255682
1279999976320335872
1280000080355790848
1280000262845771777
1280000525975486464
1280000546099785728
1280000664609816577
1280000811448201217
1280000839822610434
1280000873133793281
1280000887440633858
1280000903781605377
1280000965421105152
1280001013265514496
1280001017464094721
1280001082664472578
1280001135240024064
1280001176830767104
1280001237719515136
1280001251766267904
1280001412806488064
1280001481601515520
1280001792701370368
1280001950289813504
1280001979708657664
1280002208470192128
1280002230347857921
1280002469007769600
1280002481187991554
1280002615015649281
1280002640986824706
1280002705788858370
1280002870956273664
1280002934130921472
1280003034852950016
1280003048778002432
1280003272510595073
1280003332891791362
1280003666557038592
1280003721611472897
1280003895922536448
1280003944459022338
1280004051078459392
1280004084712345605
1280004148264460289
1280004216916869121
1280004232389619713
1280004240304267264
1280004322500075520
1280004323577982977
1280004335334641665
1280004394767900673
1280004545100349441
1280004624154365953
1280004942388854784
1280005041244393473
1280005075406958593
1280005168331804673
1280005319704195073
1280005320299802625
1280005583702126592
1280005587804151810
1280005612349255680
1280005679629996033
1280005717332647936
1280006022145302528
1280006034052878337
1280006040658968576
1280006079343063041
1280006080152473600
1280006241742249984
1280006358859829250
1280006649915174913
1280006683285020672
1280006825467719680
1280006854534262785
1280007001636958211
1280007049921748992
1280007057576345603
1280007106939154433
1280007231266631681
1280007318663389185
1280007372501471232
1280007474964127744
1280007622679117827
1280007885343211520
1280007939445547011
1280007972790259714
1280008192341098496
1280008211362222081
1280008334645456896
1280008362919260160
1280008574098268160
1280008602606956544
1280008643010838528
1280008669967585281
1280008679748562945
1280008695162773505
1280008743393124352
1280008774896496641
1280008779598348288
1280008796413194243
1280008807540817920
1280008807632920577
1280008941888589824
1280009079042256896
1280009092052824065
1280009282419740680
1280009340481462274
1280009460963049472
1280009530659618821
1280009603044880384
1280009671474995200
1280009687346237440
1280009882884640768
1280009891457888257
1280010111977582593
1280010227677446144
1280010288603918339
1280010289258192896
1280010377799929856
1280010511480807425
1280011091100217345
1280011096758218752
1280011512669564928
1280011675974774786
1280011702055010304
1280011805570379776
1280011934423592960
1280011941381935104
1280012062316351489
1280012104397922304
1280012130457092098
1280012171208822784
1280012212925419521
1280012360829120512
1280012439291965441
1280012516827918336
1280012538709594112
1280012555369328641
1280012555788840960
1280012575686529024
1280012607949164544
1280012737142075392
1280012863298342913
1280012876397400066
1280012908273917955
1280013012439453700
1280013071230984193
1280013089685946369
1280013163581202432
1280013248398389248
1280013394892873729
1280013411968069632
1280013544323350528
1280013550098903040
1280013633779449856
1280013634995810305
1280013661663346688
1280013683431596032
1280013882099036161
1280013899857715200
1280013955184771072
1280014231287459840
1280014294910812160
1280014299788804097
1280014318470217728
1280014401492279297
1280014453690363905
1280014461336723456
1280014471910453249
1280014531557646336
1280014575195176960
1280014588969398272
1280014701326331904
1280014728614629376
1280014897254785024
1280015015236403206
1280015111059410945
1280015243154878465
1280015256366927872
1280015418896248833
1280015435413491713
1280015487217233920
1280015567668142080
1280015634353369090
1280015718235303938
1280015730864349185
1280015771779977216
1280015810501603329
1280015870031323136
1280015894416986114
1280015939669356545
1280015943293210625
1280015964214419456
1280015975002148866
1280016006778257408
1280016007826821120
1280016007889776640
1280016021349253120
1280016060469698561
1280016106946617345
1280016179378020353
1280016180279828481
1280016197979783168
1280016208713023488
1280016246033899525
1280016287251394560
1280016314271072262
1280016344147091456
1280016353395499008
1280016397742071809
1280016431002710016
1280016446207094784
1280016487181217793
1280016491551748096
1280016523076055041
1280016566692614145
1280016617011687424
1280016624083300352
1280016697500434432
1280016703800274944
1280016746284412929
1280016746720530432
1280016787250298881
1280016889247174657
1280016893365981184
1280016907765071872
1280017062853611520
1280017069610688514
1280017126963597313
1280017153022820352
1280017198560325632
1280017217195667456
1280017326960603137
1280017388759420928
1280017629327921152
1280017669106708488
1280017860979376129
1280017866297765890
1280017958882824193
1280018086733594625
1280018093268324353
1280018106698498053
1280018253729787906
1280018312919789569
1280018316623519747
1280018380863401984
1280018387033186304
1280018450044252160
1280018611604582401
1280018815355482113
1280018818157314049
1280018867478282240
1280018871865376768
1280018880174239746
1280018944154198017
1280018961820602368
1280018973820518400
1280019141970149377
1280019160060145665
1280019178263461888
1280019314515431424
1280019328423694342
1280019506631335936
1280019578181939200
1280019800077393922
1280019956587876354
1280019984572268544
1280020037508595712
1280020703413075968
1280020722086064129
1280020821595967490
1280020836884217856
1280020929792401411
1280020983521263617
1280021100198576130
1280021468160471045
1280021617486098432
1280021631755153408
1280021685903622144
1280021725296525314
1280021815276912640
1280021868271898624
1280022097746472960
1280022273894703104
1280022635682738176
1280022764632502273
1280022789592772608
1280022802276347904
1280023139045400583
1280023147161542657
1280023198344654848
1280023277923176448
1280023423264018432
1280023424715436033
1280023432281894912
1280023611139645441
1280023662519672832
1280023685445771264
1280023722154496001
1280023728731107330
1280023845177405441
1280023898394779648
1280023913171488772
1280024009631862785
1280024014136565760
1280024093434146816
1280024133200302082
1280024496787714048
1280024515980996609
1280024774400344065
1280024876951076865
1280025068190326786
1280025249950527489
1280025417726881793
1280025523184263168
1280025718051581952
1280025739530665984
1280025884984963074
1280026032045580294
1280026121656909825
1280026191118905344
1280026195480870915
1280026224769654784
1280026292264419328
1280026320085245957
1280026411093291008
1280026428302491649
1280026504068390918
1280026532610600960
1280026624885313538
1280026690559721472
1280026710373732352
1280026715624890371
1280026784952508416
1280026828191805440
1280026893526294529
1280026951445434368
1280027077102628864
1280027111185453056
1280027153308848128
1280027202256584705
1280027396662456320
1280027474126966785
1280027545887375360
1280027559376220160
1280027599985500160
1280027619635810304
1280027641764970496
1280027650426200067
1280027703542812672
1280027715786076161
1280027755795542018
1280027949199048704
1280028035278729217
1280028134499405826
1280028168292675584
1280028197564768256
1280028263897632770
1280028402423148544
1280028484115615744
1280028643381645314
1280028780040294400
1280028791092285440
1280028806959362053
1280028926329274370
1280028958130659328
1280029000123858945
1280029144818974720
1280029146169716738
1280029176070672386
1280029299886534657
1280029301019041793
1280029501812912128
1280029618444087297
1280029663306235904
1280029736123564032
1280029748899360768
1280029907377152003
1280029965044473856
1280030024926543873
1280030062646001664
1280030090856853504
1280030109370548226
1280030312144097282
1280030364056997889
1280030385699647488
1280030590591356933
1280030637630644226
1280030697084694528
1280030953662898176
1280030972872847360
1280030991562584065
1280031032801198081
1280031043756544000
1280031141139869696
1280031217010634753
1280031290247401472
1280031372585779200
1280031416978292736
1280031449392001029
1280031502793752576
1280031659396493320
1280031680946860034
1280031762567974912
1280031772256829440
1280031782717386753
1280031802216734720
1280032011588005900
1280032026733604866
1280032063748321281
1280032115837382659
1280032302643339265
1280032339087642624
1280032370620428288
1280032482050662400
1280032482859970560
1280032544482680834
1280032641220112384
1280032669716234240
1280032762439757825
1280032838088183808
1280032895336198144
1280032900478496769
1280032926814531588
1280032932506173440
1280032941129650181
1280032970263289857
1280032974184910851
1280032984565862400
1280033005696765953
1280033011824648192
1280033015293345794
1280033062353424385
1280033126232686595
1280033143425138689
1280033167861116929
1280033223444099072
1280033254888755200
1280033268960653312
1280033306797465600
1280033338036596736
1280033400288538624
1280033535215038465
1280033539585724417
1280033600163835906
1280033633248530432
1280033705369559040
1280033791738646528
1280033802123800577
1280033853868924929
1280033866808299523
1280034020579917825
1280034116465864704
1280034128998457345
1280034215128514560
1280034246417977345
1280034373866123265
1280034467323629568
1280034467348836352
1280034488668483584
1280034654506987520
1280034663570997248
1280034673624707072
1280034691530121216
1280034717090361344
1280034815924994048
1280034848933961729
1280034888373039105
1280034906228154369
1280034910548275200
1280034937706446849
1280035014583840770
1280035049904025600
1280035171299803137
1280035171555667968
1280035188420968448
1280035230875713537
1280035269551382528
1280035310026412033
1280035395623743488
1280035433544474624
1280035519905189888
1280035537277968387
1280035557171556352
1280035586531749888
1280035595054530562
1280035631960190976
1280035761828446208
1280035765200629763
1280035771181707264
1280035869030641665
1280035888928444418
1280036201387327488
1280036309994663936
1280036330446049286
1280036586927747072
1280036607886651396
1280036614987632640
1280036661129211905
1280036678313242627
1280036801751609344
1280036848174157824
1280036880529137666
1280036986758152194
1280036997625638912
1280037075484434432
1280037094052769793
1280037134406049792
1280037162948284416
1280037380976553984
1280037408495435777
1280037443232657408
1280037524413378563
1280037564099911681
1280037766768635904
1280038075599482885
1280038195296526337
1280038246265704448
1280038279677542401
1280038295032872961
1280038374045151238
1280038534636638208
1280038730611535872
1280038775276498944
1280038777092595714
1280038784722071552
1280038786643025920
1280038804959539200
1280038843027083265
1280038877772701696
1280038910987350017
1280039337233485824
1280039407936888832
1280039553097596928
1280039634668384257
1280039672396251136
1280039871151656960
1280039920979988481
1280040042778333184
1280040172596281345
1280040194578632704
1280040213486526464
1280040270923354112
1280040271317786626
1280040333070331905
1280040349918883841
1280040356432826373
1280040442873053184
1280040513387720707
1280040581687730176
1280040682241978368
1280040697895108608
1280040729193013248
1280040741075447809
1280040863679148034
1280040945589776384
1280040966749999104
1280040973964152832
1280041002464448512
1280041042503319552
1280041046051708928
1280041082563080193
1280041257708871680
1280041272330182656
1280041291414294529
1280041297860943883
1280041482175385601
1280041527310340097
1280041531626254336
1280041745170849793
1280041827073024001
1280041860019318786
1280041917321842688
1280042000188768260
1280042121257299972
1280042178895474688
1280042338547634176
1280042481497698305
1280042527622459392
1280042703405805568
1280042894733148166
1280042943210860544
1280043026165858305
1280043043119198209
1280043081937518592
1280043126581653504
1280043241342070785
1280043265123684352
1280043335227326465
1280043352369446913
1280043625724944384
1280043701553659904
1280043818759282689
1280043833133170688
1280043853106622464
1280043885973000192
1280043962825392128
1280043973201911808
1280043987626229764
1280044014587179008
1280044225048920064
1280044390715543553
1280044488077918210
1280044495036248064
1280044533053456385
1280044538061447168
1280044624355094528
1280044659981479938
1280044777887551488
1280044800712953856
1280044857549963265
1280044918321426434
1280044952546799616
1280044961052766208
1280044987539841025
1280044995836289024
1280045013632598016
1280045043613495298
1280045070977167361
1280045073762148352
1280045099334819840
1280045109594042368
1280045114371563521
1280045159040729088
1280045418231951360
1280045460216877056
1280045467829559296
1280045549194895360
1280045626256789504
1280045677641265152
1280045738014064641
1280045767671988224
1280045890527358977
1280045944474464257
1280046026531811329
1280046141489348610
1280046205687353344
1280046234032431106
1280046273098178563
1280046462877921282
1280046536601157634
1280046595883569152
1280046655316738048
1280046729039998976
1280046771289219073
1280046958124523522
1280047065989386240
1280047150416592896
1280047298299346944
1280047339185434625
1280047522967216128
1280047531427196935
1280047606240960512
1280047712663040000
1280047717994000384
1280047762805911553
1280047831194058752
1280047962177990656
1280047999373041667
1280048101735018497
1280048128079491072
1280048486503690240
1280048507286515718
1280048544280268800
1280048548432580608
1280048572130418689
1280048598789451776
1280048610697150469
1280048702439096320
1280048836690362370
1280048913563570177
1280049023253168128
1280049032556134402
1280049073467215872
1280049391689068549
1280049394721501185
1280049442494636033
1280049574376140800
1280049596647915520
1280049598292045825
1280049605816676353
1280049634455351296
1280049852991201280
1280049887480954880
1280050073020166145
1280050135175585792
1280050233443905537
1280050289165254656
1280050318521192448
1280050394798845957
1280050602572001281
1280051153359613955
1280051321727401985
1280051438530387969
1280051572202823681
1280051579937124354
1280051734459506690
1280052010692169733
1280052154279948288
1280052186009853952
1280052201457516544
1280052204775374848
1280052236958097410
1280052375642759168
1280052456735379457
1280052567242768384
1280052738546528268
1280052849485869057
1280052939466264576
1280053062145503233
1280053143804407808
1280053190898008064
1280053346129207297
1280053434872246272
1280053458440159233
1280053572424495105
1280053610500419584
1280053717312684032
1280053761520492551
1280053807028637696
1280053836141359104
1280053865040101382
1280053994497269762
1280054026839617537
1280054084930883586
1280054191650566145
1280054246356815873
1280054264174243845
1280054265549996033
1280054306507378688
1280054326371614720
1280054454553677824
1280054505040535554
1280054532752330752
1280054641368031234
1280054695520681984
1280054750109732864
1280054751636275205
1280054793663365122
1280054850949189634
1280054877801119744
1280054937523679232
1280055031509577728
1280055056734187521
1280055058692898816
1280055080293523456
1280055087327412225
1280055088434700289
1280055178167611392
1280055328533405697
1280055603319074817
1280055670901895168
1280055681249193985
1280055749943504896
1280055795053289478
1280055799616847873
1280055827823333376
1280055893791391749
1280055992269463554
1280056080769224705
1280056106195144705
1280056178974666752
1280056252249358337
1280056339855597568
1280056390023864322
1280056570760638470
1280056612577673217
1280056621301817345
1280056651584688130
1280056734250196992
1280056834707951617
1280056905688219649
1280056948159733760
1280057170680111104
1280057198895181827
1280057260983685120
1280057325156536320
1280057399567671297
1280057475966722049
1280057521177333760
1280057538591854597
1280057595336683520
1280057659383660545
1280057741046767616
1280057843270529024
1280057853043109888
1280057885469184000
1280058015861944320
1280058024627802113
1280058045721014273
1280058167146115072
1280058214998933506
1280058218992021504
1280058352051957765
1280058403163975684
1280058419609833473
1280058488123609089
1280058561884598272
1280058596147908613
1280058683167141889
1280058792797822978
1280058872321863680
1280059013049262080
1280059208478584833
1280059661140594689
1280059725946683395
1280059778866262016
1280059953525465094
1280060031942094848
1280060050577526784
1280060164280774656
1280060363371802625
1280060503604092928
1280060619199148034
1280060661217685504
1280060703492038657
1280060705102630913
1280060750292152320
1280060786367328256
1280060920077533185
1280061002067791872
1280061033013366785
1280061084867555329
1280061118984056838
1280061132019908609
1280061214245044225
1280061278845693958
1280061387566272513
1280061452741533697
1280061520139845637
1280061541774049280
1280061664675524609
1280061674678972416
1280061688495181825
1280061968116641792
1280062013742309376
1280062234480304130
1280062236321439745
1280062365132681216
1280062835524087809
1280062854461186049
1280063046778417152
1280063098699739151
1280063209819394048
1280063270523723776
1280063437502967808
1280063574191177733
1280063585989746693
1280063608517468160
1280063631808290817
1280063656093315072
1280063693863006209
1280063707423236096
1280063762431479809
1280064035715608578
1280064060055117824
1280064079110045698
1280064083279167488
1280064247691481088
1280064248345817089
1280064263801892864
1280064341807525888
1280064388762763264
1280064414616436736
1280064590877822977
1280064625556336640
1280064663540002816
1280064725062049792
1280064728061169664
1280064758956228609
1280064800349814785
1280064887499091968
1280064901608689664
1280064903366074368
1280064916548796416
1280064964066029570
1280064984395870209
1280065123659378688
1280065125211238401
1280065183348449280
1280065213350449152
1280065441671475201
1280065445203066881
1280065455286181895
1280065523439398914
1280065569027502082
1280065577222959104
1280065660286976000
1280066041507229696
1280066055507828736
1280066143865073664
1280066155927855105
1280066203579375616
1280066221774233600
1280066349067235328
1280066393518469120
1280066472262266881
1280066485956644864
1280066532786073600
1280066720464433152
1280066732858589184
1280066809723379713
1280066896654524416
1280066930951352320
1280066947615354880
1280066997145886720
1280067034772934656
1280067133376847872
1280067156818837504
1280067256840597504
1280067343758921735
1280067367863607299
1280067375191080960
1280067395692814336
1280067515041714176
1280067616615194624
1280068151565152257
1280068153817436161
1280068261162319872
1280068280330272770
1280068288991711232
1280068308113317890
1280068329139343360
1280068361662066689
1280068384294461440
1280068387415060482
1280068675983138816
1280068719763316736
1280068746753617920
1280068815569719296
1280068854274637824
1280069001314332678
1280069110835974144
1280069207133224962
1280069224933675009
1280069316151357445
1280069374162788352
1280069385160290304
1280069866699976705
1280070028176445441
1280070107725619201
1280070153477083137
1280070236075462658
1280070238000672768
1280070259144155138
1280070287124385797
1280070342652784645
1280070372113543171
1280070531908112385
1280070544700784640
1280070613533515776
1280070635801067520
1280070717560643584
1280070941058293760
1280071072767975424
1280071124647174147
1280071202749296641
1280071263512231937
1280071276489347073
1280071299511939073
1280071319585828867
1280071339118694401
1280071411361411073
1280071494232494080
1280071633412091904
1280071964644630529
1280072302370193409
1280072475292962816
1280072523422420992
1280072653349572608
1280072870928973824
1280073103230423040
1280073130392903680
1280073136222986240
1280073330884784128
1280073499076210688
1280073575559360512
1280073806028189696
1280073912882061317
1280073985535799297
1280074015193743360
1280074221452955648
1280074463204134912
1280074501355520003
1280074562760146944
1280074653021736960
1280074766980771841
1280074816603648002
1280074868407496706
1280074909964619776
1280074966432534528
1280075012511170562
1280075078298791938
1280075132829003776
1280075154819739651
1280075158481403904
1280075238760275968
1280075241184571396
1280075249829113857
1280075254065319937
1280075261510213632
1280075348042891266
1280075373770756096
1280075409179021313
1280075422328225793
1280075662791815169
1280075733319049217
1280075879406727169
1280075882405654528
1280075984134275074
1280076366554095616
1280076398971895809
1280076485357797376
1280076530807259138
1280076819010469888
1280077315532152833
1280077346872016897
1280077507081846784
1280077552145465344
1280077593220268032
1280077738754191360
1280078064567717890
1280078069747703808
1280078113766903808
1280078143445807104
1280078770548772864
1280078912668594177
1280078913549373440
1280078946114002949
1280078967370731521
1280079040100040704
1280079077127229441
1280079143791554560
1280079211747659776
1280079276792922112
1280079315921563648
1280079344006651904
1280079409341329408
1280079507186057216
1280079841463644160
1280079988272672781
1280080389319479297
1280080447427375107
1280080494504247296
1280080517103140864
1280080821227941888
1280080851854712839
1280080852186087424
1280080890463387649
1280080891637686272
1280080893600657409
1280081091177529345
1280081408107655170
1280081532300849157
1280081855337775104
1280081922014638081
1280082009805578240
1280082215615905797
1280082236692283392
1280082813824319489
1280082822481367041
1280082907781107719
1280082943570919424
1280083058977202177
1280083185078956032
1280083465346715648
1280083776924610561
1280084176285380608
1280084282803798016
1280084418380660736
1280084641601343489
1280084706235564037
1280084720848535557
1280084814347988997
1280084868777443328
1280084914663231488
1280084979129565185
1280085149225377793
1280085300610392064
1280085440054386690
1280085725296328705
1280085848172539905
1280085852463329281
1280086060312276992
1280086177790345217
1280086243003359232
1280086266306953218
1280086277576994818
1280086382606553088
1280086399337680898
1280086430983892992
1280086441607876608
1280086486533079043
1280086515217911809
1280086714187345921
1280086772089647107
1280086792633344001
1280086848035975168
1280086875416363008
1280086962225872896
1280086975895105536
1280086996312973312
1280087164814938112
1280087196456775681
1280087263171342341
1280087461155106816
1280087626750427137
1280087627706728448
1280087729804435456
1280087763363065858
1280087800105168896
1280087862164086784
1280087874117894145
1280087907366105089
1280087926777409536
1280087935048540160
1280087994758643714
1280088083711422465
1280088095489048578
1280088098248855552
1280088111578443776
1280088189806407685
1280088231761985537
1280088486037475328
1280088498221936640
1280088555830669312
1280088606510481410
1280088782780301313
1280088809590255618
1280088961898037248
1280088964125216768
1280089070413078528
1280089090881273857
1280089100784041984
1280089229587070976
1280089271072747521
1280089277511036928
1280089324982202368
1280089354275192832
1280089356963725312
1280089386751688704
1280089417718235136
1280089476526567424
1280089508000694272
1280089722170138626
1280089738670518274
1280089762427138048
1280089789144764418
1280089813232779265
1280089820123947009
1280089824171458560
1280089867922243584
1280089876252278789
1280089932191731712
1280089954693996546
1280090008104267776
1280090075443761154
1280090100974542850
1280090168695783424
1280090236719034368
1280090363525390337
1280090405824917505
1280090518072913923
1280090676672163841
1280090734343774208
1280090786445443072
1280090802547421185
1280090836252778497
1280090863574503425
1280090890468380673
1280091007841779712
1280091010249265153
1280091151744118784
1280091185319571461
1280091364730929152
1280091366282850304
1280091448595984384
1280091469592686593
1280091530682753024
1280091629810905090
1280091656851615745
1280091733687058432
1280091822757277696
1280091862787710976
1280092005712883713
1280092167743008769
1280092240413691904
1280092406558277633
1280092552226459648
1280092628411809794
1280092664143081472
1280092665632059392
1280092703313678336
1280092826064179202
1280092838932344837
1280092924814884865
1280092998282313728
1280093097175777280
1280093368530288646
1280093415087075328
1280093444958859265
1280093483991044096
1280093492778119168
1280093522276696065
1280093552240848896
1280093559228469250
1280093620448555008
1280093629327892481
1280093733069787136
1280093792318615552
1280093796420599808
1280093813462073345
1280093896249413632
1280093904373575680
1280093921566003200
1280094142660411394
1280094275766640646
1280094308566102016
1280094442444042245
1280094461054181376
1280094498257686532
1280094534664196097
1280094586275151873
1280094664146608129
1280094724506845184
1280094747780997121
1280094845491490816
1280094901628092417
1280094952467296256
1280095115420131328
1280095124630859779
1280095171309268992
1280095260782149633
1280095261734436865
1280095353287528448
1280095527514898433
1280095532040335361
1280095568073650184
1280095607374274560
1280095836316155906
1280095913893965824
1280096070744207360
1280096292195065857
1280096370796437506
1280096377633038336
1280096446033715200
1280096475792289792
1280096484117975041
1280096536202895361
1280096611662614529
1280096739811160064
1280096811395342352
1280096821487026179
1280096901279346699
1280097084184485888
1280097092128485381
1280097202602303500
1280097219069296640
1280097224286863363
1280097301076209666
1280097319052963847
1280097344852123648
1280097345179275265
1280097609068105729
1280097740412858368
1280097791415422981
1280097870109171712
1280097918460891137
1280097961427386371
1280097990674313217
1280098169796177925
1280098181393444866
1280098210720083968
1280098229112070145
1280098619756957696
1280098676698787840
1280098706432225282
1280098873973764096
1280098939312541696
1280099185052680192
1280099207680913409
1280099208264142849
1280099288144474114
1280099291340500993
1280099334319529984
1280099340963287040
1280099368880783361
1280099479148847106
1280099480902209536
1280099629703421962
1280099662301716483
1280099686326517760
1280099736742068225
1280099803591032834
1280099894691131392
1280100045396770816
1280100092960108545
1280100112593637377
1280100128984985600
1280100130096467968
1280100132172726272
1280100146030579712
1280100161755033600
1280100165743861765
1280100200170713088
1280100239148367872
1280100331427262466
1280100401165905926
1280100450386116608
1280100554774065152
1280100586130739200
1280100604648423424
1280100625850568704
1280100709212368896
1280100744108978180
1280100861352439808
1280100889991282690
1280100895569502208
1280100984442613761
1280101018265513984
1280101033281064961
1280101045905973248
1280101063828398080
1280101080853032960
1280101141305454592
1280101227884195841
1280101244808228864
1280101342871203840
1280101464719929344
1280101546848669697
1280101606931992576
1280101610350239745
1280101631317684224
1280101653325193216
1280101720941424640
1280101790684450817
1280101886054391808
1280101984276639753
1280101998331715586
1280102071098728448
1280102072663207936
1280102184756015104
1280102212547600386
1280102220676153344
1280102317459554305
1280102407314092032
1280102485009424384
1280102528483422208
1280102544354598912
1280102544618909696
1280102662860505089
1280102797120139266
1280102851121836032
1280102897380810752
1280102919891644418
1280102984337092609
1280102987466145792
1280103027496501248
1280103029052592128
1280103124636598279
1280103133557841920
1280103163228327936
1280103227057246209
1280103295067947009
1280103416883105792
1280103448571113473
1280103452706664448
1280103870543196160
1280103980962471936
1280104216741076992
1280104281023152129
1280104314225094656
1280104385708605441
1280104410677477376
1280104631251566592
1280104773740564481
1280104878858104833
1280105132105953282
1280105180046823424
1280105220626763776
1280105282656333829
1280105392756764675
1280105696592158721
1280105726669553674
1280105978369765377
1280106071353249802
1280106176949243904
1280106622929399810
1280106636896382977
1280106638796402689
1280106646941790208
1280106835282767879
1280106858422792192
1280106878010183680
1280106885589291011
1280106926676705280
1280107048772857857
1280107199168049152
1280107415560581120
1280107429422788608
1280107440910905345
1280107459210694657
1280107478621892610
1280107483445379072
1280107503418630144
1280107531361087489
1280107622247489540
1280107665121619969
1280108034195406848
1280108067800023040
1280108268203827200
1280108360868802561
1280108435321700354
1280108534361845760
1280108702368841733
1280108740088233986
1280108752264286209
1280109130984775680
1280109483096772612
1280109815147065344
1280110023230849024
1280110186040946688
1280110202226798594
1280110250721304577
1280110320778805250
1280110607166038017
1280110785054642181
1280110808144334848
1280110818198093825
1280110879988568064
1280110893456592898
1280110960439554049
1280111173476720641
1280111177696047107
1280111209618931715
1280111241772457985
1280111243752341505
1280111244876279811
1280111290699010048
1280111382265028614
1280111385146343424
1280111580047241216
1280111691565420545
1280111779310301184
1280111877465559040
1280111928291913728
1280111981232418817
1280112067039555584
1280112301840887808
1280112452001075200
1280112609514205185
1280112797032910848
1280112811327143936
1280113088411377667
1280113091733225473
1280113140898775041
1280113288613855232
1280113334029651968
1280113389247664131
1280113510660190209
1280113528695697409
1280113532684480517
1280113544873177089
1280113899581235200
1280114072130744320
1280114083543478274
1280114209691328514
1280114234722906113
1280114323327717380
1280114459676033024
1280114466026381320
1280114466277875712
1280114480060325890
1280114488742744066
1280114536448552961
1280114565070520320
1280114565921955841
1280114574444777478
1280114574792912898
1280114619034382337
1280114710990344198
1280114921842196480
1280114967815974912
1280115005669564417
1280115071234932736
1280115104327929856
1280115111756042240
1280115120908038144
1280115133272846336
1280115195784781825
1280115210787983364
1280115233873223681
1280115308817047554
1280115417655078912
1280115417969618949
1280115432259649536
1280115461313531909
1280115463330992128
1280115484575203328
1280115524442091520
1280115528716046337
1280115601952796673
1280115602334441472
1280115626409787392
1280115676703670273
1280115702137974784
1280115712439095303
1280115713751965703
1280115727928721408
1280115728515887104
1280115758479994881
1280115762183602177
1280115790662918146
1280115878185459713
1280115884736954370
1280115893138153474
1280115894052478977
1280115929053986817
1280115953213169664
1280116053972942853
1280116070922125315
1280116081470738433
1280116098248011776
1280116098415747073
1280116116476616705
1280116138152611840
1280116139666726913
1280116172176756736
1280116184784924672
1280116191718019072
1280116202652614658
1280116241819070465
1280116242687258624
1280116251927306240
1280116269656666112
1280116280851197957
1280116287083966464
1280116326002917377
1280116356403179520
1280116357284020224
1280116362275221504
1280116381841633282
1280116384551198723
1280116412011311107
1280116442826858503
1280116453534908416
1280116502532767746
1280116511835713536
1280116534581489671
1280116534690508805
1280116566504300544
1280116578411925505
1280116597013671941
1280116636687626247
1280116693486845952
1280116699593756675
1280116767315001344
1280116788244541440
1280116798470230016
1280116808003973126
1280116808486227970
1280116809186676736
1280116814953906176
1280116853637910529
1280116876077494272
1280116894213660673
1280116902728093700
1280116908151332864
1280116927214518274
1280116930532085761
1280116975805566979
1280116976006778880
1280117010555428866
1280117034148225024
1280117110081904641
1280117111361343489
1280117153283244033
1280117173462028288
1280117238633238528
1280117324096221187
1280117346657394688
1280117352068050944
1280117356560343040
1280117357751480320
1280117367029129221
1280117374075777026
1280117381822590979
1280117385022836736
1280117439779336195
1280117479931383808
1280117512105979906
1280117545719287808
1280117647821041665
1280117763378307073
1280117772123435008
1280117774237552640
1280117810199433216
1280117828524183557
1280117842906451970
1280117862917705734
1280117865345986562
1280117878579064834
1280117899521212416
1280117903463874560
1280117970522398723
1280118110482165760
1280118143688400896
1280118174176784386
1280118219789832193
1280118257978970112
1280118333912739840
1280118448144543744
1280118458026389504
1280118629011464192
1280118666898452480
1280118668609740801
1280118758309195776
1280118781134635008
1280118905332269061
1280118924303110145
1280119035905138688
1280119037612003328
1280119075285303296
1280119156264714241
1280119218403508224
1280119219686801410
1280119234886922241
1280119367859007490
1280119380584484866
1280119441582243841
1280119442974756865
1280119448007917570
1280119649573539840
1280119734105604097
1280119822223732736
1280119889169133570
1280119906013335553
1280119937642582017
1280119953182482441
1280119957376741376
1280119977333239812
1280120004889858060
1280120057238978565
1280120085370204160
1280120089753169920
1280120100062760960
1280120187476340736
1280120203565690880
1280120205331410944
1280120243554267137
1280120308486176768
1280120325041094656
1280120328610435073
1280120375246942208
1280120387255205888
1280120401721360384
1280120421967228928
1280120424152481792
1280120429982519298
1280120432360747009
1280120470113681408
1280120480293195777
1280120481090174978
1280120503668219904
1280120509607276544
1280120529651814402
1280120569787109379
1280120576812572673
1280120605749112832
1280120621184110592
1280120644261142529
1280120650015727619
1280120694068572161
1280120708496908295
1280120721411211265
1280120760590311424
1280120762926419969
1280120783529000960
1280120785151987714
1280120790105468929
1280120899862237187
1280120911132164096
1280120940706193408
1280120942522441729
1280120944942411776
1280121003637645314
1280121023988289536
1280121033715040257
1280121054766260224
1280121105747869696
1280121146868789253
1280121282227507201
1280121303056314368
1280121320286466048
1280121321830023168
1280121356940533766
1280121480303394816
1280121549391945729
1280121589330145280
1280121592530391040
1280121629297659904
1280121649266741248
1280121734159405058
1280121747199496193
1280121765809852417
1280121782423269377
1280121848223555585
1280121865495810049
1280121883757654016
1280121902774628357
1280122009054150657
1280122083423502338
1280122128663076865
1280122215854309377
1280122228991025160
1280122252038725633
1280122265376624640
1280122295961321473
1280122421874315265
1280122452866187265
1280122464211623936
1280122470117195776
1280122508730003458
1280122577633939457
1280122696924196864
1280122732294914049
1280122737432752128
1280122806416470018
1280122807775461376
1280122811650961408
1280122964344598530
1280123008334479360
1280123061522403333
1280123112030232577
1280123130208333826
1280123148743016448
1280123194486202370
1280123265789210624
1280123292028977154
1280123304464900096
1280123308105584640
1280123310999695361
1280123332579389441
1280123371896725504
1280123374488793088
1280123377261268993
1280123388778827779
1280123454172180480
1280123471083659265
1280123484639657986
1280123551316471809
1280123559147261952
1280123617087385601
1280123618924453889
1280123621973753857
1280123628588167168
1280123662633365505
1280123668689870848
1280123674385768451
1280123679326662656
1280123719440986113
1280123738772529160
1280123761740533760
1280123793109729282
1280123830183194624
1280123876379262976
1280123899498266624
1280123932184465410
1280123934218715137
1280123936835899398
1280123943102238720
1280123961360056321
1280123984533573632
1280124021158211586
1280124074832715776
1280124109309931521
1280124111574855681
1280124117870493697
1280124150418309121
1280124175865315328
1280124208626855936
1280124237844365313
1280124280794038272
1280124313941622785
1280124326239297536
1280124351585546240
1280124368232697863
1280124381801230339
1280124403414560769
1280124422133673984
1280124475661447170
1280124478639370240
1280124519131176960
1280124583840894984
1280124650857484288
1280124663671083008
1280124898405318656
1280124903321042945
1280124913907494914
1280125163300769792
1280125177758507008
1280125327193174017
1280125366590246912
1280125443434090497
1280125693288804356
1280125694106693637
1280125739929448449
1280125772674588672
1280125845064093697
1280126132373852160
1280126202381041665
1280126269208686597
1280126315098595333
1280126417578033153
1280126443947606016
1280126462046044165
1280126467695767552
1280126498834247680
1280126522896945154
1280126553393786882
1280126554350092289
1280126560222146561
1280126577116721153
1280126582250549250
1280126608204943360
1280126618363518976
1280126635212066819
1280126677280907264
1280126722160001030
1280126731064446976
1280126771908603904
1280126780519546880
1280126823582453761
1280126849197080579
1280126905870503937
1280126934005846017
1280126938611212288
1280126948857933824
1280126951013806081
1280126984446570498
1280126996677193728
1280127151186964481
1280127205452832768
1280127212239204352
1280127352937148416
1280127357374758913
1280127393881944064
1280127416556351488
1280127484529270784
1280127525306331136
1280127528263274496
1280127628763033601
1280127643325566979
1280127662648782848
1280127833193381888
1280127857180602369
1280127914349133825
1280128013695238144
1280128044380766211
1280128233170563072
1280128253684936704
1280128269740765185
1280128278032838657
1280128287432310785
1280128397524385793
1280128418881794048
1280128505435443201
1280128667084107777
1280128743558676480
1280128929458610176
1280128946852397057
1280129015571820545
1280129016029052929
1280129081430941697
1280129085935517697
1280129156349493253
1280129205360046080
1280129210703589378
1280129400093249541
1280129498604638212
1280129523908923393
1280129543978618881
1280129573636599808
1280129584839700480
1280129604435374082
1280129611758596096
1280129632730329089
1280129681631535105
1280129716255510530
1280129750913015808
1280129915132579840
1280129917779238913
1280129981121654784
1280129991502516224
1280130013908492290
1280130099807784968
1280130133748117506
1280130140454846465
1280130143889944577
1280130192615239683
1280130218909241346
1280130245383852033
1280130352900538369
1280130390158499840
1280130397783748609
1280130407451615233
1280130421632536577
1280130441257734144
1280130452360069120
1280130460182384640
1280130629946888194
1280130876722966530
1280130891738542080
1280130917101527040
1280130942611251200
1280130960193802240
1280130984038461443
1280131024752570369
1280131076279525384
1280131216008638466
1280131223524749312
1280131260480917509
1280131279472562176
1280131334975877120
1280131358581354497
1280131393570234370
1280131394392461313
1280131447144058880
1280131566170255361
1280131568577601536
1280131592883564544
1280131611854430208
1280131614081777664
1280131664920772610
1280131698999558145
1280131869279842304
1280131888833855490
1280131890037567488
1280131927542886401
1280131948254580737
1280131972933849089
1280131988507078657
1280132389209956357
1280132399473422337
1280132493069348866
1280132538946576384
1280132578477879298
1280132583985012737
1280132681418735618
1280132705003335682
1280132831436345344
1280132839518859264
1280133185808986114
1280133204054167554
1280133204679114752
1280133263294492672
1280133310098759681
1280133316591509506
1280133372937777152
1280133413324722178
1280133456928874496
1280133559483641856
1280133572209160197
1280133632573583360
1280133684004139009
1280133719995691008
1280133767307223040
1280133849792630784
1280133884282155009
1280133899717275649
1280134110829088768
1280134294896140289
1280134313002954753
1280134431404064769
1280134477281398784
1280134564623659008
1280134668793384962
1280134673859919873
1280134748485169153
1280134815417860098
1280134868735844352
1280135022318546949
1280135070506876930
1280135098638102528
1280135121425666049
1280135179676250113
1280135279890665473
1280135318247583746
1280135349470035968
1280135385817821186
1280135591628173317
1280135721194487810
1280135764597080064
1280135959187607556
1280135960903118848
1280136017501028353
1280136021468827648
1280136230202572800
1280136308124315648
1280136390836019205
1280136504782647296
1280136718520250368
1280136741135855618
1280136786103070720
1280136806592155650
1280136819779108864
1280136839798517761
1280136901043748864
1280136941162262528
1280137122461048833
1280137248831270927
1280137254996865024
1280137353831596033
1280137397699821571
1280137560564498433
1280137701803483136
1280137719436292097
1280137863993024512
1280138073553035266
1280138218629763072
1280138569663705088
1280138666673758208
1280138807187136513
1280139022556225536
1280139091183415296
1280139245407985664
1280139296599617539
1280139598488694785
1280139706408337408
1280140149473439744
1280140265269784576
1280140287545835520
1280140325214752768
1280140351819460610
1280140415421710339
1280140495239254016
1280140496828948480
1280141037164429314
1280141066306564098
1280141084136542209
1280141100456513544
1280141119695831042
1280141124250853378
1280141131452424195
1280141151207591939
1280141198108188677
1280141434067116033
1280141478837104642
1280141706617188354
1280141741916471296
1280141774581686272
1280141842240073730
1280141892542332929
1280142034049761284
1280142107521372162
1280142110323171329
1280142146331217920
1280142208230764545
1280142319589552128
1280142350048624640
1280142412585680897
1280142535625568256
1280142641355649027
1280142764840108032
1280142910210494464
1280142947917291521
1280142987012435968
1280143311278272513
1280143355775643660
1280143415934504961
1280143599917608965
1280143705274347522
1280143744704995329
1280143841476005888
1280143851903053826
1280143855837310976
1280143870030786561
1280143896194904064
1280143921335525376
1280143946820141056
1280143953027723268
1280144039254216704
1280144100029632519
1280144836071313409
1280145183116423168
1280145312309555200
1280145333704634368
1280145377883090944
1280145728258490368
1280145767668150273
1280145769962463232
1280145952720826368
1280145971645575175
1280145980633968644
1280145986661134336
1280146088305913857
1280146144618639361
1280146229800759301
1280146256250040321
1280146341197344768
1280146424479354880
1280146513281208323
1280146550719561731
1280146581111451655
1280146598257987584
1280146653601599489
1280146712804245505
1280146772518514688
1280146813186650112
1280146826054627329
1280146904085434368
1280146934758379521
1280146960217829376
1280146987262849025
1280147079160049664
1280147129759985670
1280147133446774786
1280147144867852289
1280147205819641858
1280147263508017152
1280147281962909696
1280147326263152641
1280147354843144192
1280147417753501697
1280147424187539457
1280147763338948610
1280147808637448193
1280147858566508545
1280147996248666120
1280148092050829313
1280148350109511680
1280148496947875840
1280148507286859777
1280148531009867776
1280148544515530752
1280148570830630912
1280148591219052547
1280148610747731970
1280148614384283653
1280148650388160517
1280148663445012484
1280148857767092224
1280149028647256065
1280149043587330053
1280149056984154112
1280149242518986753
1280149460245344258
1280149483624337410
1280149488640749568
1280149511193542660
1280149553417617413
1280149742249406464
1280149755545280517
1280149878052540416
1280149896650084352
1280149964530708482
1280150330441785346
1280150402248224768
1280150426269003776
1280150502496505856
1280150555197726720
1280150555243851776
1280150578731970567
1280150705135706112
1280150762085953536
1280150798668685313
1280150826929905666
1280151014478397440
1280151151510319109
1280151169277411328
1280151245471092736
1280151260692312064
1280151284994027523
1280151412396056582
1280151439369629696
1280151511641624579
1280151511645990923
1280151524644028416
1280151555723808768
1280151623851892741
1280151791250796547
1280151915523796994
1280151920435290112
1280151947929022465
1280152007047696384
1280152076459347968
1280152135947005962
1280152136244961281
1280152196194029571
1280152378470064128
1280152396794966016
1280152448154267648
1280152473127120902
1280152578370625541
1280152593495478273
1280152828321783809
1280152915391533057
1280153043485380608
1280153064482066437
1280153065132179458
1280153076565868545
1280153110699077637
1280153280002187264
1280153302177464320
1280153510982500353
1280153542075068416
1280153573070790656
1280153616976769024
1280153664221405184
1280153684777852928
1280153692696481792
1280153782920208384
1280153794198691845
1280153804730580994
1280153823982399493
1280153844177989632
1280153844752809985
1280153937853558784
1280153964323803136
1280154118560964608
1280154144372699136
1280154179634257921
1280154201264283653
1280154228980199424
1280154251889479680
1280154292406480899
1280154339785404416
1280154362703118336
1280154431326007298
1280154463588610051
1280154540856299520
1280154566718177285
1280154605733572613
1280154743210270721
1280154785518194688
1280154943698034690
1280155201698066433
1280155216898215941
1280155412159819776
1280155549011595266
1280155574387146752
1280155602275037185
1280155668301746178
1280155735821705217
1280155752456306688
1280155894198620160
1280155909952622594
1280155954848264195
1280155967099858944
1280156019021058048
1280156096993169408
1280156256280272899
1280156379668336647
1280156380507172869
1280156414082613249
1280156659843768320
1280156890844950528
1280156904929456128
1280156934918684678
1280156970796777473
1280157019849158657
1280157160618332161
1280157200355258371
1280157403430834181
1280157435269791744
1280157470967476226
1280157546922164225
1280157799259897856
1280157832029941760
1280157909934956545
1280157989190524928
1280158006387195904
1280158103292588032
1280158177258909697
1280158243847692293
1280158303125794817
1280158458805796864
1280158628100468737
1280158677136113664
1280158826361024514
1280159009505308673
1280159053910388737
1280159204154601472
1280159293967384579
1280159364695769088
1280159386481029123
1280159495079919616
1280159637606748161
1280159747140759552
1280159777071431682
1280160014154338304
1280160093984698368
1280160112565338115
1280160414853206018
1280160440497078272
1280160443923750913
1280160473913024513
1280160510168535040
1280160513939439616
1280160573955510272
1280160704440397826
1280160724648484864
1280160751500443650
1280160917695524866
1280160930462982145
1280160954622177281
1280160996762370048
1280161243983048704
1280161311758798848
1280161372907556864
1280161469150064640
1280161502830325760
1280161563509284864
1280161582962446336
1280161586045321216
1280161880682590209
1280161969429860352
1280162130000408576
1280162177354092545
1280162243368255488
1280162318542753792
1280162458057883650
1280162684999098368
1280163165691506688
1280163379575840770
1280163487788920832
1280163645331091459
1280163824390164480
1280163921572200448
1280164390688288769
1280164631751700481
1280164851575218178
1280164960568356864
1280165258934378497
1280165333605601280
1280165358112870400
1280165393055641601
1280165393772904448
1280165658987163648
1280165719275999232
1280165746132180992
1280165974142926849
1280166215508357122
1280166504839839744
1280166541409976320
1280166867118600192
1280166979685376000
1280167029249433602
1280167132354039808
1280167294681767939
1280167363652935680
1280167377385205760
1280167413460406283
1280167703488000000
1280168001023533056
1280168086507675648
1280168185967198208
1280168245757046794
1280168257438101505
1280168293811105793
1280168297720246273
1280168299246972930
1280168347913424899
1280168420273582080
1280168495913693184
1280168496391786497
1280168547952418817
1280168676927275011
1280168793281458177
1280168842761658368
1280168852425490432
1280168874730680323
1280168938588921856
1280168954728775681
1280168958973243392
1280168983774113792
1280168990862606336
1280169014602240002
1280169045472362500
1280169065676337152
1280169087373463553
1280169093870444544
1280169094566735872
1280169117098455043
1280169126070112257
1280169136287440898
1280169141412880389
1280169237500190721
1280169298414071808
1280169311215075328
1280169536814084096
1280169594355724289
1280169637359915008
1280169660101484545
1280169680234217472
1280169687817482240
1280169752892026880
1280169810538762248
1280169917854019584
1280169928432050179
1280169933284839430
1280169994030997509
1280170057222492160
1280170125245595648
1280170162541346818
1280170244795805696
1280170336529440769
1280170470147371009
1280170554100551681
1280170605367754752
1280170624762036226
1280170747965566976
1280171087150497794
1280171122604957698
1280171143865876497
1280171269506207744
1280171389715005445
1280171607948836864
1280171636398800897
1280171661069742080
1280171965995597830
1280172009691832321
1280172044429246469
1280172058115096579
1280172078465835008
1280172148699492352
1280172310784327681
1280172339032813570
1280172346909704195
1280172417319485455
1280172447979864066
1280172481513308162
1280172522357420032
1280172606251909122
1280172913501409280
1280172964600672256
1280173045362106368
1280173273838305286
1280173391593435136
1280173490117603328
1280173518336868354
1280173585424715776
1280173696418639872
1280173733701795930
1280173788546560000
1280173856817217537
1280173881311940608
1280173896679870464
1280173942309699592
1280173979563507713
1280174183264075784
1280174199068336136
1280174253036302337
1280174299588947969
1280174426592428034
1280174671699120128
1280174836736638976
1280174934069612546
1280174951991894016
1280174979477192711
1280174998250905600
1280175029515202560
1280175403127062530
1280175416406228993
1280175513235931138
1280175513273643008
1280175522060754944
1280175552901464064
1280175577195044864
1280175594463023104
1280175655896797184
1280175661798191106
1280175879478407168
1280175891025285120
1280175997124575233
1280176157481197571
1280176166410698757
1280176297843531776
1280176369167556608
1280176734097162243
1280176836643708928
1280176911981744128
1280176941643911170
1280176970324557827
1280177092705923072
1280177311057231873
1280177349925826560
1280177389226475527
1280177461704052736
1280177508416024577
1280177625369939969
1280177649185243137
1280177754839760908
1280177776260071426
1280177851573010432
1280177917926899712
1280177930421719040
1280178027368857613
1280178028312576014
1280178049464451132
1280178118406389763
1280178296198578189
1280178344730849280
1280178350917513216
1280178485839855616
1280178496564719617
1280178622679089154
1280178627699601408
1280178660650041348
1280178946600910857
1280178964313636865
1280178991052099585
1280178996366327812
1280179155418529792
1280179218647625729
1280179353528045568
1280179374902308874
1280179394670190592
1280179444947144704
1280179574098194439
1280179798057250817
1280180241680355329
1280180421632815109
1280180586636734470
1280180623043293184
1280180886168694784
1280181014241906689
1280181042775617536
1280181080104906754
1280181104473813008
1280181201295167488
1280181269519675392
1280181283159552002
1280181294182236161
1280181341598789634
1280181349396041728
1280181453070962690
1280181529549746176
1280181537997066240
1280181551737614342
1280181582846767115
1280181614870278156
1280181643500597251
1280181660433051648
1280181693484158976
1280181910552141826
1280182148855558144
1280182176701546496
1280182195223580672
1280182236269039616
1280182291176681472
1280182491345637378
1280182494810312704
1280182865997656064
1280182915763142659
1280182958020636675
1280183051381702663
1280183275990863872
1280183322086273025
1280183444497027072
1280183508925771776
1280183663489978369
1280183869275172864
1280183893451128833
1280183936748933120
1280183973709111296
1280183980290179074
1280183994747768832
1280184089870565377
1280184186498945024
1280184332645064705
1280184393923883014
1280184635868082176
1280184763006038019
1280184788465315841
1280184827099049987
1280184874943438848
1280184967117500416
1280184970116337664
1280185016153227266
1280185102501208064
1280185124156395520
1280185140707119104
1280185143940886528
1280185151759118336
1280185180334854144
1280185183069597697
1280185204649254912
1280185221988577285
1280185228850429954
1280185241198444544
1280185254972547072
1280185286731788288
1280185327987163136
1280185360857751557
1280185374350835712
1280185429497540608
1280185537148510208
1280185628727013377
1280185700231467009
1280185706766188544
1280185762470744064
1280185776387452928
1280185792149639168
1280185795278630913
1280185795459121161
1280185867802300416
1280185883585478657
1280185956855885825
1280185984202596354
1280186009859362817
1280186010337333248
1280186162150285320
1280186174686953474
1280186178398900224
1280186387010957312
1280186509291778048
1280186540774223872
1280186567194054656
1280186568855060480
1280186628888121344
1280186665894641670
1280186666511003648
1280186681673449477
1280186699729928192
1280186713873186817
1280186809234763777
1280186823298310144
1280186825106059264
1280186845389713409
1280186911886172160
1280186929003151362
1280186943414743041
1280186950918393862
1280187013350686720
1280187039015596032
1280187048255610880
1280187179063316481
1280187192338341888
1280187211137376257
1280187251926933512
1280187263700226049
1280187270738345985
1280187298760388608
1280187369153368065
1280187398488391680
1280187473981698048
1280187505627631616
1280187540121804800
1280187612607602689
1280187677262974976
1280187689904377857
1280187740085084160
1280187790366408705
1280187940761559040
1280187964270628865
1280187991877545985
1280188005945274368
1280188111146774529
1280188144315273216
1280188204730089473
1280188205451501569
1280188248527011841
1280188296287514629
1280188341556613120
1280188354634682370
1280188409277890563
1280188673053491200
1280188729122934788
1280188775247699968
1280188953648193536
1280188971469832192
1280189012070641664
1280189127225294849
1280189193449172992
1280189199757393920
1280189214663913472
1280189285644165120
1280189318489751557
1280189321539018753
1280189334931607553
1280189367500206080
1280189467052199941
1280189475256102918
1280189496340787201
1280189522244808705
1280189578775674886
1280189767523741696
1280189852152066050
1280189905629396992
1280189909584625669
1280189952249131008
1280189970196475904
1280189977184227330
1280190008503066624
1280190027130011648
1280190184487661568
1280190327769280512
1280190349395111937
1280190435076366336
1280190555197018112
1280190635417325570
1280190636629491714
1280190652660113408
1280190792435302400
1280190870881366017
1280190893220192256
1280190942520082432
1280190972500930562
1280191042378059776
1280191089396183041
1280191140080177153
1280191218316541953
1280191228173103104
1280191284221624320
1280191394317955073
1280191404996730885
1280191551159795714
1280191578607243264
1280191595174703105
1280191612589502464
1280191646865358848
1280191671544672256
1280191742814220288
1280191743183355905
1280191919562215424
1280191925635608576
1280191948695859200
1280192005826461696
1280192072058728448
1280192080636080129
1280192132708364294
1280192162756349953
1280192231366750209
1280192258017341440
1280192315252813824
1280192414527787010
1280192469326417920
1280192522208215042
1280192526012444674
1280192597785362433
1280192883790757888
1280193006113443846
1280193059532111872
1280193061637836802
1280193116566249472
1280193291464568832
1280193303170842624
1280193463527464965
1280193485316911105
1280193500282146816
1280193608369332225
1280193635863031810
1280193879187185664
1280193884702732288
1280193945696260096
1280193971176607744
1280194013321035776
1280194147798806528
1280194188902948865
1280194265700724736
1280194449482514432
1280194471485771776
1280194524300468224
1280194912072331264
1280194922721669121
1280194934994120704
1280195192247554049
1280195281749860357
1280195537334083589
1280195566866059264
1280195789432606721
1280195837423792128
1280195991338024960
1280196038322565122
1280196145700995073
1280196485263454208
1280196799605571585
1280196829620002816
1280196868450877440
1280196922452504576
1280197436783251456
1280197464830537729
1280197485961441280
1280197554118914049
1280197769324445701
1280197950795329536
1280198062506258432
1280198100317908995
1280198232069435394
1280198304257716225
1280198384565903361
1280198617278496768
1280198738774863873
1280198823881687043
1280198834610565120
1280199108121124864
1280199644920725505
1280199759433588736
1280199816388042752
1280199886030462977
1280199913658126336
1280199923091169280
1280199939969015808
1280199950987431936
1280199954816884736
1280199972634296321
1280199983359078401
1280200011620335617
1280200060857286657
1280200076917440514
1280200188263448576
1280200220781891585
1280200260657090561
1280200284644376576
1280200286439530496
1280200606599151617
1280200859268202498
1280201247128031232
1280201311502254080
1280201346969296896
1280201395476393984
1280201524728102912
1280201744782209024
1280202365568561152
1280202415958966272
1280202584024772609
1280202749783633920
1280202917593546753
1280203205071106050
1280203430628229120
1280203704818257920
1280203716474179585
1280203761818861568
1280204197682544641
1280204411403304964
1280204446358663168
1280204617939210240
1280204914380111872
1280204921485197312
1280205032110067712
1280205558784552960
1280205600538816512
1280205652124528640
1280205732550328320
1280205773461532672
1280205963450957825
1280206173094858755
1280206429589082113
1280206460362743808
1280206795357577216
1280206892724137984
1280207005152456709
1280207170298974208
1280207231028355072
1280207338171854848
1280207795812352000
1280207869946875906
1280208128160567297
1280208379386802176
1280208553324634114
1280208928429637632
1280209591557488641
1280209759044419584
1280210520654647300
1280211031730434048
1280211195656458240
1280211672125202432
1280211750793560064
1280212031623348227
1280212718801219584
1280213295392337923
1280213679871422466
1280213906854641665
1280214288884473856
1280214324892495872
1280214708977430528
1280215222347759616
1280216034633551872
1280216836760465408
1280218036142854145
1280218711354458112
1280220120992952320
1280220946096222209
1280221069580750849
1280221073976393729
1280222948557647873
1280223214984200195
1280224804356927492
1280225220968591361
1280225294826172417
1280225451995099136
1280228235620446209
1280229244249899008
1280230830971863040
1280232656957960193
1280233037905575936
1280234837216047106
1280237770087239681
1280238377023844352
1280240532074233856
1280243992483905536
1280245646985854977
1280249227264868353
1280250765420855297
1280251498501255169
1280252359629631488
1280253594118189057
1280254042933825536
1280259154888794112
1280265005804531712
1280269416530411520
1280272216735854593
1280272679933788166
1280275267257135104
1280281073994264578
1280282637173571585
1280283137793093632
1280287977348853760
1280293222678290432
1280294046984884224
1280294357598273536
1280294494659698688
1280295745090809858
1280296098377031680
1280298247089606659
1280298326831718402
1280299191055474688
1280299365148397569
1280299483570401280
1280299604882288640
1280299635156725760
1280299646150012929
1280302513984434176
1280302721334034433
1280302866566008832
1280303242388389888
1280303250395197441
1280303295819644930
1280303298722095104
1280304828783235079
1280305471941828608
1280305491726360577
1280306181110546432
1280306534816202752
1280307931229982721
1280308178962374657
1280308701501378560
1280308919684829184
1280309202267697152
1280310237468127232
1280310597696045056
1280311439341744128
1280312408636973057
1280313291793981440
1280316093085581313
1280316486859415557
1280316554240913408
1280317009658429440
1280318652609265666
1280319110157529088
1280319272493805569
1280319346611347457
1280319485296041987
1280320426166513664
1280320955961638914
1280321031148695552
1280321328134844416
1280321701083934720
1280321799981416448
1280323458858053633
1280325192728772608
1280325412858392576
1280325765662339073
1280326121029095425
1280326594771345410
1280326607131955201
1280326807770677248
1280326899051319298
1280327817318723584
1280328810429177857
1280329444696023042
1280329967067205633
1280330209246343170
1280330279668736000
1280331515541372928
1280331738913206278
1280333678833364992
1280334227850973184
1280334541446475776
1280335127709548544
1280335239093424129
1280335389832572928
1280335400213471233
1280336844861763585
1280337701841956866
1280338145947422720
1280338199559077888
1280338894102261760
1280339261284159489
1280340120466362368
1280340862883360768
1280343300214415360
1280344583541383168
1280345004313939969
1280345094923538432
1280345772513357824
1280347051134349313
1280347857514450945
1280347934811283456
1280348212587569152
1280351849820741637
1280356178103463937
1280357023985446912
1280357052729061376
1280357388428603393
1280357655446532097
1280359151827288065
1280361019332673537
1280362086070009856
1280362240428765185
1280362268476100608
1280362887412764672
1280363011849379841
1280363107336876032
1280363126735507456
1280363950924652545
1280363978468634624
1280364037583171584
1280364265157713922
1280364665130770439
1280364851701800960
1280364952142802944
1280365030949613568
1280365165624438785
1280365274236022784
1280365551915696134
1280366266948042752
1280366560285282304
1280371072416636928
1280371246316679168
1280371246484475904
1280372390749515776
1280372404955553800
1280372416401879040
1280372427252543489
1280372440783302657
1280372453970247680
1280372467383635968
1280372605313114113
1280372785945034756
1280373597433823232
1280375275788750849
1280375538058620928
1280375565938118656
1280376444422586370
1280377999204872192
1280378333042110465
1280378623778643968
1280382077158875137
1280382746011918341
1280382868603183104
1280383635741224960
1280383788288061440
1280384871806853120
1280385908387115009
1280386107738226689
1280386960612196352
1280387170801352705
1280387372765442048
1280387445503090695
1280387484816310277
1280387885506551809
1280389474715709440
1280389483104329730
1280389488066232321
1280389498036084742
1280389506428858369
1280389514179952640
1280392075591090177
1280393939179040769
1280395797876502528
1280396906045136899
1280398643111968768
1280401033911390208
1280403270951829504
1280405414476210176
1280407037596143616
1280408002562895873
1280415421774979072
1280415458034778112
1280417891934810113
1280419079447212032
1280419610886455297
1280420932180275200
1280421254139219968
1280421269662396417
1280421708059406336
1280425280100679680
1280425351353532416
1280426202277138433
1280426525666340865
1280426837462507521
1280428536709345282
1280429980539731968
1280431588979830785
1280432087565099008
1280432415035416577
1280438141594284033
1280438315875831810
1280438845666926592
1280442305908895744
1280447165102297088
1280447232693559297
1280448906745151489
1280450099076710402
1280452950045982722
1280454968072212480
1280456113108979714
1280456997054234627
1280469184665620481
1280471749851676672
1280474729590034433
1280475115214368769
1280482725107863554
1280483041438097410
1280483339946782724
1280483461371817987
1280484754895147014
1280487024592486400
1280487452738588672
1280490240679919619
1280490892948733952
1280493406020669441
1280493642868801537
1280506896143847424
1280517343634956289
1280518582166749186
1280522308323401728
1280531679283572736
1280534926228484096
1280538271785693186
1280543763828539393
1280548752126881794
1280566359298990080
1280658044615979009
1280684119773474820
1280686511441227779
1280689363098071040
1280691765347905536
1280696397159731201
1280706348418658309
1280716230702166016
1280722217458790400
1280722263688376322
1280751869694865408
1280770083631984640
1280770285633847296
1280770473144446976
1280797647616368641
1280808713956159488
1280814234415161344
1280815833938182144
1280831778924593152
1280832950834094087
1280835648291655680
1280844336804970496
1280857711949705217
1280863315414024194
1280906596843831298
1281059914841051136
1281125010455887873
1281192403471339521
1281209336623226881
1281263547406680065
1282406669549543425
1284790630338531328
1287438775895781376
1287439080377090048
1289078282663542784
1289078306399084544
1289081293620178944
1289100900129075201
1289100918349152257
