id
1282113063605243905
1282115481294344192
1282116357425750022
1282118053879091201
1282118868303876096
1282120160166305793
1282121385167347712
1282121722028634112
1282121891415613443
1282122126825099265
1282122819564744704
1282122821238284288
1282123137346203648
1282123139950891008
1282123142056443905
1282123363431837697
1282124084231331840
1282126849531883521
1282127755958788103
1282128153457176576
1282128507141644288
1282128565081903104
1282129183804719104
1282129529054457856
1282131245913083904
1282132546118008833
1282133328183746560
1282134203698679811
1282135438887718914
1282136743035260934
1282138090593607681
1282138195027795968
1282138200794791936
1282138432857239552
1282138600486903809
1282139079384002560
1282139114033168384
1282139460755492865
1282139642477699072
1282139698874310657
1282139962557620224
1282140015900848128
1282140119902949376
1282140243743739908
1282140437898133505
1282140759609802753
1282140881412333568
1282140896016781317
1282140906942894082
1282141311944896522
1282142047894298624
1282142225116192768
1282142298805944322
1282142325637107712
1282142350571999232
1282142419622834177
1282142446520946688
1282142636959125506
1282142693053788160
1282143050245038083
1282143081010061312
1282143622645772289
1282143713372729345
1282143737364111360
1282143796931657728
1282143850878791680
1282143885154643968
1282144205414883328
1282144440753156098
1282144552934092802
1282144743674134528
1282144760678043650
1282144964462252032
1282145549714460677
1282145891332157442
1282145993547411461
1282145995715829760
1282146006746886144
1282146046672375808
1282146138720624642
1282146145007841280
1282146146849140736
1282146411279089670
1282146904986406913
1282147121093767168
1282147242070040578
1282147359644762112
1282147429391859712
1282147535595819008
1282147560828755968
1282148077315514369
1282148218172661760
1282148277979242496
1282148307909832704
1282148507445428224
1282148593038696453
1282148598621204480
1282148860559798274
1282149072602755078
1282149962202009600
1282149978031288322
1282150211620462594
1282150403920982023
1282150492101988352
1282150599467757574
1282150765901910017
1282150770951942144
1282150885779365890
1282150977169002496
1282151450769010688
1282151816562528256
1282152169655930880
1282152325633593344
1282152365550788609
1282152388980117504
1282152402011828224
1282152521549508608
1282152952338059264
1282153138691076097
1282153502014238720
1282153555168768013
1282153623217217538
1282153641785212928
1282153661376925699
1282153762560212993
1282153847322898432
1282154023412314115
1282154052114018304
1282154286395187200
1282154340266807296
1282154384420290560
1282154494134870016
1282154556684529664
1282154564393656320
1282154625391398913
1282154681725120512
1282154686263357440
1282154812428046337
1282154892329541632
1282154930313113600
1282154949657464832
1282154982431551489
1282155026497011712
1282155100253765638
1282155317237698561
1282155341744975873
1282155520405549056
1282155565938958336
1282155581365772289
1282155665620742150
1282155884248883200
1282156153435123712
1282156310666960897
1282156364362510336
1282156551571009536
1282156774234001408
1282157037938282496
1282157641209384960
1282157686599979011
1282157944084107266
1282157949771628546
1282157958931992577
1282158024442822657
1282158072157200384
1282158112942682112
1282158145280729091
1282158201954136064
1282158410817875970
1282158435346219008
1282158663235493890
1282158680276758528
1282158711453241345
1282158745938780166
1282158764024410113
1282158853421850624
1282158902663016449
1282158989535350789
1282159051275550723
1282159099061272577
1282159162143596544
1282159180523151360
1282159368436240384
1282159647227383809
1282159673043496961
1282159796834070529
1282159949494120448
1282160124933468161
1282160334363668482
1282160474205745152
1282160580648775680
1282160649053691904
1282160719585144833
1282160760651563008
1282160802695221249
1282160941233127424
1282161014385963009
1282161066215182336
1282161074297430018
1282161152580091905
1282161167784267783
1282161206254432257
1282161434424532992
1282161443526197248
1282161510718926850
1282161511431987206
1282161627630977024
1282161725639282690
1282161747391139840
1282161775647920128
1282161793897361408
1282161810175492096
1282161810431340545
1282161833470644225
1282162001305690112
1282162169098858496
1282162188631724033
1282162465174745089
1282162474851033092
1282162528143859713
1282162671760990209
1282162770247446529
1282162801805492225
1282162814090506240
1282162905987727360
1282163134732500992
1282163292220211205
1282163398063480838
1282163398419963907
1282163460889915392
1282163473753845761
1282163581924982784
1282163589143355394
1282163625986191365
1282163699466174464
1282163704109232128
1282163742374006785
1282163754717908992
1282163779828977664
1282163785218711552
1282163889489145857
1282163940869332994
1282163998998228994
1282164015913828352
1282164031516741635
1282164178845708288
1282164201331580933
1282164204288368641
1282164228334538752
1282164339651289095
1282164378889064448
1282164506622259200
1282164548598980611
1282164581096280066
1282164679473680387
1282164692140486656
1282164708120772608
1282164726252793856
1282164940627828737
1282164942745899008
1282164954464829441
1282164963360993280
1282165080054886400
1282165176729399296
1282165223009349635
1282165289933668352
1282165317473452033
1282165349681491968
1282165477595156480
1282165607023038464
1282165705660461059
1282165758890582017
1282166008317280256
1282166034045079552
1282166054056161281
1282166062234996737
1282166064592240641
1282166078018224128
1282166173392498695
1282166175820967936
1282166301679423489
1282166343588909057
1282166527228174338
1282166539941285889
1282166544018145280
1282166548644245504
1282166600695549952
1282166631938965504
1282166790148124675
1282167060752003073
1282167081950208000
1282167216037941248
1282167258656063488
1282167271398539265
1282167290750894081
1282167374800617473
1282167398880043008
1282167426579222528
1282167580145274880
1282167606577729536
1282167770063355906
1282167774324957185
1282167813206167554
1282167914544525312
1282167933964173313
1282168003216334850
1282168009700732929
1282168032870060037
1282168060049190913
1282168070736207872
1282168084548075526
1282168391185297408
1282168544042483713
1282168583670296576
1282168592012677120
1282168671784390656
1282168687785504768
1282168735583928321
1282168765338222593
1282168766705459200
1282168778378416128
1282168792970170373
1282168868337643520
1282168883223212032
1282168899732201472
1282168904404529155
1282168942119641088
1282169097501863936
1282169111791845377
1282169238413688832
1282169349772423168
1282169381368336384
1282169389786075136
1282169449290686465
1282169489983860741
1282169491703631872
1282169526054862848
1282169586507382786
1282169634859307009
1282169647702269953
1282169779793522694
1282169891684900864
1282169903433134080
1282169970223460353
1282169977810808833
1282169990892752896
1282170119834095620
1282170132169515008
1282170136254808064
1282170144966340612
1282170163714912256
1282170291049783296
1282170312398782470
1282170331143143425
1282170340609679360
1282170358745845761
1282170426576138240
1282170541969780736
1282170549028847616
1282170613658865666
1282170664951017472
1282170705623216128
1282170729413242880
1282170835982139393
1282170853988302848
1282170981444759553
1282171174869327872
1282171259673960448
1282171280469291014
1282171612771438592
1282171638457356289
1282171688893861890
1282171733781315584
1282171808968409088
1282171832196403203
1282171847992242177
1282171879663366144
1282171887791951872
1282171910596460548
1282172144521056256
1282172222338039808
1282172252683776000
1282172308858171398
1282172324356079616
1282172516870451200
1282172627465801729
1282172693660397568
1282172817698549761
1282172953413599232
1282172989929332740
1282173131084316672
1282173141800718337
1282173260948402176
1282173266468061184
1282173296344051714
1282173312601214977
1282173444189110272
1282173444423991297
1282173570638987264
1282173638842646529
1282173701513830400
1282173722389032960
1282173817129807872
1282173825212284929
1282173953834770432
1282174005236006917
1282174045417467910
1282174078623735808
1282174183615508486
1282174216847032321
1282174230562394112
1282174413220098048
1282174524218241024
1282174529679142912
1282174559244791808
1282174583190065153
1282174673233555456
1282174723455979520
1282174884349542400
1282174908248633349
1282174952834138115
1282175175123824640
1282175267713110016
1282175340127776771
1282175626510647297
1282175639731138560
1282175685193199616
1282175809382309888
1282175815107543040
1282175816084774913
1282175945256755201
1282175971836039168
1282176151834615808
1282176284114722816
1282176517255032832
1282176562276646912
1282176575253798912
1282176684687413251
1282176940326088705
1282176950765670400
1282177146870304768
1282177156311728129
1282177202386137088
1282177450869264387
1282177516959002631
1282177517437063168
1282177620554051584
1282177635360157697
1282177672794083328
1282177773432274950
1282177832685195264
1282177909764116483
1282178025425997825
1282178104404803591
1282178181437419520
1282178256758648833
1282178277365305350
1282178842665209864
1282178857009725441
1282178930380640256
1282179050677493763
1282179098475888642
1282179137919021062
1282179317141614592
1282179454392061952
1282179484821512193
1282179486746685441
1282179495856877573
1282179504832569344
1282179647484997632
1282179765143732224
1282179900368011264
1282180046241755139
1282180187635900416
1282180284209696768
1282180320922488833
1282180416556826624
1282180418343546880
1282180541333360640
1282180575982317569
1282180639903453186
1282180715380015104
1282180806018908163
1282180840550592512
1282180852865093633
1282180931088867328
1282180962390962176
1282181007177773056
1282181110181490688
1282181334757257217
1282181362930249728
1282181616970989569
1282181643260907520
1282181665834459138
1282181764207673345
1282181840950837249
1282181954280976390
1282181954641645568
1282181976330403841
1282181979140587522
1282182053958582272
1282182077417263104
1282182104722182146
1282182145205612547
1282182153753649153
1282182168324669440
1282182179296956427
1282182191745654785
1282182270913150976
1282182376303538182
1282182460353085441
1282182588346462209
1282182710975516672
1282182720106291200
1282182766021550080
1282182770375012352
1282182890906771456
1282182950113533954
1282183025988497414
1282183193928429570
1282183224219717632
1282183228044898304
1282183246684606464
1282183272278056960
1282183361587367936
1282183571172585472
1282183578982334465
1282183651384455168
1282183834495156224
1282184079266312193
1282184113626079233
1282184315195895808
1282184589721530379
1282184693320790016
1282184799059234816
1282184837235765248
1282184844429135872
1282184913005850624
1282185108838133760
1282185163640717314
1282185308247781376
1282185329802391552
1282185373481758720
1282185405505257472
1282185423146516481
1282185475198013440
1282185482504269829
1282185505136758784
1282185522002096129
1282185531854483458
1282185546446430208
1282185573042581504
1282185648632246272
1282185782392836097
1282185831503892482
1282185899514769409
1282186178888781824
1282186213328187393
1282186215630888961
1282186247398547456
1282186293460393984
1282186299114287104
1282186461425459200
1282186464344682497
1282186487933448193
1282186591759249408
1282186788769914880
1282186790837747713
1282186951114682368
1282186962430902273
1282187128344940545
1282187152999079936
1282187189598576642
1282187192366964738
1282187246414622721
1282187338940944384
1282187433811906560
1282187492108558337
1282187720425566209
1282187728788938752
1282187883877556225
1282187931344461824
1282188022826463237
1282188054560563200
1282188099745792000
1282188235788046337
1282188257367781376
1282188310194974720
1282188424615690240
1282188685673291776
1282188725489766402
1282188754283708417
1282188779889950721
1282188779978022912
1282188791545917440
1282188934173188099
1282189113458753536
1282189173911220224
1282189188763275264
1282189229062098946
1282189344166428672
1282189530246701056
1282189580016340992
1282189596097277955
1282189637545418752
1282189711658737664
1282189775714181120
1282189946623647744
1282189974008299520
1282190045009436673
1282190112063762434
1282190237066760194
1282190275255795712
1282190313788850176
1282190333112020993
1282190360463069185
1282190394374025216
1282190404964642819
1282190434597400576
1282190440632991744
1282190445330591744
1282190453450903552
1282190464540487680
1282190528314961920
1282190611534184448
1282190647454240768
1282190838471114752
1282190856317882368
1282190873791393792
1282190904061603841
1282190982033707009
1282191006234865664
1282191160660733957
1282191191459590145
1282191206173138945
1282191303975899136
1282191319981387777
1282191411459158016
1282191444149702656
1282191446120951810
1282191650005987329
1282191659602554880
1282191703777046528
1282191827852877824
1282191892604579840
1282191909524353025
1282191966105595905
1282191982861840385
1282192143633641472
1282192144891998214
1282192200915251201
1282192408948555780
1282192456746819584
1282192461968728064
1282192796850376704
1282192920204857346
1282192969521602560
1282193016493465600
1282193069111046144
1282193126547836930
1282193234345656320
1282193279413448704
1282193309033619457
1282193411362062336
1282193482333908992
1282193622377435136
1282193718859100161
1282193748366065664
1282193763763466241
1282193785330384896
1282193789545635840
1282193812173942784
1282193818687700992
1282193821132939264
1282193847938736133
1282193871745585152
1282193928557649924
1282194020622430209
1282194083205705728
1282194444561772550
1282194606629646342
1282194759935643648
1282194789283201025
1282194799475470336
1282194826293727232
1282194846141353985
1282194898431533057
1282194907298320384
1282194991649972224
1282195048755601409
1282195192229982209
1282195242322731009
1282195346534182912
1282195428486688768
1282195507121541122
1282195557369278464
1282195584783224834
1282195632728375301
1282195647500660737
1282195675719987200
1282195680241397760
1282195684284743680
1282195701187801088
1282195783182245888
1282195823208484864
1282195852388372480
1282195886856998912
1282196055787024384
1282196071993597955
1282196222137126912
1282196354878500864
1282196458863656960
1282196542980370432
1282196575398227968
1282196596017389568
1282196627826937856
1282196670856347649
1282196680390008832
1282196759674974208
1282196918207045633
1282197102148247554
1282197273699442688
1282197293144305664
1282197488837906433
1282197586229620738
1282197598120685568
1282197645407080448
1282197651027406848
1282197765892657152
1282197790248980480
1282197826022158336
1282197828417146882
1282197848142954497
1282197919676788736
1282197952862265345
1282197993576251394
1282198003554500609
1282198023951376384
1282198052892114945
1282198105509642240
1282198148098723840
1282198173792890881
1282198198702891008
1282198251593031680
1282198273114038272
1282198275412484113
1282198284426248193
1282198315518459904
1282198469780873220
1282198481654833152
1282198604967374848
1282198620352081923
1282198831208120320
1282198870664019969
1282198878465523714
1282198943720513537
1282198996551733249
1282199023873490945
1282199030223605760
1282199057616777216
1282199072779038720
1282199100595691520
1282199119340199936
1282199147483807744
1282199180014833664
1282199256846102528
1282199507837390848
1282199512463728640
1282199560010399749
1282199561075752960
1282199603501137922
1282199614607810560
1282199794996264962
1282199986315292672
1282200058436308993
1282200143211589632
1282200160026517506
1282200228896989184
1282200267467788288
1282200399999451136
1282200405670268933
1282200470212055040
1282200485542281216
1282200697585512449
1282200734587478016
1282200871539888128
1282200891215372288
1282201076804935682
1282201207394545664
1282201270837637121
1282201285983379458
1282201357160611846
1282201357416464386
1282201429524934659
1282201478300483584
1282201524815437824
1282201554372538375
1282201666159169536
1282201796996329472
1282201811672162306
1282201811814772736
1282201831163166722
1282202081877651457
1282202237561827328
1282202260714348545
1282202287692107777
1282202288853880832
1282202391576580097
1282202428595597312
1282202444349538304
1282202569478041600
1282202623899168768
1282202701946712065
1282202873422426112
1282203016146251778
1282203020294410240
1282203109465284608
1282203149453807618
1282203188704055296
1282203427725082624
1282203593123131392
1282203595618713600
1282203633262592000
1282203641101705217
1282203786677817345
1282203845972631559
1282204435821686784
1282204471695519744
1282204504956403712
1282204716714188806
1282204796460478464
1282205053160325120
1282205110479671297
1282205126472548352
1282205136324931585
1282205355800268800
1282205375245111297
1282205379997265921
1282205640128110593
1282205653679828992
1282205681244766209
1282205941291573249
1282205985935777795
1282206043523563521
1282206116902928384
1282206152831328256
1282206278966579200
1282206336017563649
1282206389851484160
1282206514766217218
1282206725194477568
1282206743112503296
1282206776314564610
1282207087892680705
1282207196458041346
1282207271150407680
1282207411348987904
1282207494102646784
1282207507830632449
1282207630262509569
1282207648830513154
1282207832733913090
1282208036178681858
1282208369252593664
1282208451511193600
1282208775030493184
1282209150777221121
1282209163615993856
1282209229864972290
1282209305131757568
1282209345174818818
1282209386568413184
1282209396823490561
1282209582979276800
1282209621050974210
1282209945253900288
1282209966598680577
1282209971157884928
1282210167572979712
1282210615113572352
1282210718691950592
1282210775205986304
1282210905703378944
1282211104181989382
1282211157051273216
1282211350295412736
1282211353390837768
1282211441097883650
1282211474862010368
1282211553895256064
1282211720908374017
1282211785416642561
1282211856614977536
1282211858607292416
1282211902722990080
1282212036189974528
1282212259964620801
1282212437811359744
1282212519491207170
1282212654656794624
1282212686558707714
1282212717097607169
1282212753193742338
1282212795111497729
1282212835544592385
1282212888296296448
1282212950762110976
1282213004486914048
1282213086498152449
1282213108996468736
1282213169297944577
1282213184087060480
1282213267943768065
1282213391927595009
1282213437808930816
1282213504494100485
1282213573301870593
1282213587080159233
1282213628788084738
1282213635771650049
1282213663328198662
1282213664104214528
1282213681275613184
1282213712078622720
1282213763261726722
1282213841598689280
1282213845591658496
1282213904655908865
1282213919784873985
1282213955780268033
1282213970041081857
1282213977062170626
1282214016073584640
1282214051506864130
1282214051930464256
1282214080963469312
1282214240896475137
1282214288770256897
1282214295921586177
1282214393661362176
1282214415379525632
1282214471889371136
1282214500846850049
1282214538851516417
1282214821711110144
1282214834809921537
1282214898202628096
1282215011390087169
1282215015840247808
1282215047867936770
1282215112267292672
1282215119594782723
1282215135931535361
1282215199265574913
1282215247256772609
1282215285802405888
1282215295180926976
1282215323018698754
1282215370988773382
1282215474181189637
1282215583337943040
1282215810400784385
1282215842545930241
1282215891732533249
1282215986356084740
1282216049258053634
1282216060201037825
1282216094585909249
1282216107114291200
1282216115624488960
1282216221295783936
1282216302103453702
1282216436535091204
1282216543812644864
1282216573072052224
1282216639266607105
1282216646371753985
1282216678688845826
1282216886474702849
1282216886558588928
1282216971514163200
1282216986286661632
1282217102896533505
1282217171725070336
1282217181938212866
1282217271948013576
1282217280013774848
1282217382388219904
1282217613087645696
1282217646054932480
1282217670021013504
1282217794289823747
1282217882999377921
1282218118148845569
1282218133831536640
1282218140374630400
1282218180740444160
1282218317969870849
1282218318275866624
1282218348151898114
1282218731389825024
1282218733352566784
1282218754311467009
1282218821852426240
1282218926814851073
1282219058314612739
1282219104150011904
1282219145610719232
1282219149310087168
1282219161268051968
1282219163231158272
1282219211507425280
1282219214716035073
1282219293556436992
1282219459692781569
1282219477103284224
1282219496745267200
1282219604396216320
1282219626735169536
1282219962442985478
1282220041291923456
1282220143855067139
1282220172212711424
1282220243729829889
1282220263153602563
1282220404900196352
1282220462215270400
1282220578628235266
1282220591710273536
1282220697834545153
1282221011694317568
1282221054782435335
1282221128379822081
1282221201905967104
1282221281425756163
1282221489480101888
1282221594111139841
1282221833295552512
1282221921719861249
1282221946013396995
1282221989516709888
1282222096240668672
1282222099910799360
1282222117061156866
1282222148677844992
1282222415863373824
1282222439036944384
1282222480359219200
1282222710718754816
1282222866092617731
1282222876670730240
1282222976751095813
1282223068287401984
1282223068891340803
1282223172494823428
1282223219718500353
1282223223669579776
1282223224563003392
1282223279374098433
1282223303977885696
1282223459003580416
1282223476179300352
1282223495724834816
1282223544106016769
1282223582144233472
1282223771244355584
1282223792467501056
1282224087725572096
1282224130033479680
1282224189722640384
1282224210375405571
1282224247759343618
1282224253308297221
1282224273998745601
1282224306131480578
1282224388847202304
1282224390063550465
1282224517155176448
1282224579025362944
1282224686995136513
1282224709539524609
1282224747078733825
1282224756104679424
1282224787427926016
1282225012993167360
1282225178731151360
1282225217297764352
1282225401121497090
1282225412890746883
1282225413545005076
1282225453751611392
1282225494616727552
1282225648707092482
1282225824792444928
1282225867091898368
1282225936688009217
1282226041717534721
1282226123946909697
1282226130922008577
1282226131773485059
1282226205723291648
1282226284567785473
1282226446358867968
1282226530274308098
1282226639028420610
1282226642287357954
1282226662919122946
1282226782171611137
1282226894868381696
1282227003798609920
1282227022513664000
1282227067505930241
1282227068223156224
1282227090394243072
1282227209290170369
1282227224565841920
1282227259579887616
1282227333584363521
1282227392493219840
1282227502316793857
1282227886854815750
1282227910355476482
1282228049509904385
1282228087636103168
1282228108397998080
1282228242603098113
1282228258059112448
1282228263637549057
1282228375755489282
1282228384416718849
1282228452192477186
1282228463542374402
1282228476313866242
1282228582006222848
1282228639531249671
1282228661039493120
1282228737350623233
1282228783714455558
1282228824516603904
1282229099822342144
1282229133007663104
1282229162434953216
1282229224766533632
1282229283050491904
1282229338075656192
1282229456824791040
1282229680917983232
1282229704813088768
1282229707216310273
1282229838116315138
1282229975651762176
1282229980194193408
1282230417341337600
1282230460504879104
1282230737316372481
1282230755871973376
1282230803691212802
1282230993877741570
1282231036655497216
1282231052241526784
1282231129374744576
1282231219854303234
1282231221355831296
1282231543943950336
1282231631864971264
1282232091497787392
1282232129900797952
1282232208376254464
1282232386407632901
1282232467361914882
1282232508537438209
1282232880945455104
1282233188342018048
1282233217827790849
1282233775976398848
1282233788525768708
1282233817864888320
1282233939742998530
1282234007925616641
1282234051231756289
1282234119070441473
1282234246795390977
1282234325639954432
1282234341221740545
1282234418493419521
1282234545815744514
1282234571812028418
1282234739873640448
1282234912112701441
1282234912183971840
1282234971256569856
1282235039359496193
1282235198986280960
1282235406956638208
1282235479505559553
1282235572375875584
1282235618961928193
1282235644618711040
1282235708258701315
1282235749958660096
1282235846326812677
1282235972445368321
1282235987209285637
1282235991101599744
1282236012735852544
1282236104955932672
1282236130318905344
1282236251278471168
1282236254822662144
1282236276205182978
1282236304072208385
1282236315048656896
1282236500172840960
1282236726195306496
1282236755458981888
1282236804976963584
1282236811209654274
1282236883901337600
1282237047244312577
1282237093540794368
1282237124134055937
1282237263909273600
1282237444004302848
1282237444532793345
1282237587256557568
1282237624548089856
1282237671180386305
1282237744966598658
1282237854383435776
1282237959345827840
1282237993005092866
1282237993642754053
1282238010453458951
1282238012269551617
1282238017764159490
1282238032897175552
1282238055231807488
1282238066409697280
1282238112454684677
1282238159313530880
1282238194243661824
1282238228729196544
1282238267929182208
1282238427602153472
1282238576516685826
1282238588793483266
1282238651230027776
1282238652651692032
1282238773506576386
1282238908479111172
1282238931279347714
1282238973650153474
1282239108870402048
1282239137748258816
1282239152428220422
1282239229305729025
1282239253863260160
1282239256413368320
1282239281851842560
1282239305771913218
1282239309404233728
1282239338764398592
1282239345634668545
1282239366467739649
1282239403809619968
1282239480577974272
1282239494637228032
1282239517978574853
1282239525255671810
1282239566804443137
1282239579458695168
1282239676275847169
1282239690997927942
1282239711373746178
1282239946238029825
1282240096326922240
1282240122059206657
1282240154594185217
1282240259699249152
1282240275352416258
1282240283917185024
1282240288707117056
1282240293610246145
1282240476641398784
1282240490553790464
1282240508002107392
1282240573361975297
1282240650247729152
1282240752630640640
1282240863469355009
1282240865361002497
1282240912706289665
1282240914136522753
1282240929726738433
1282240991257341952
1282241016221724673
1282241016678895616
1282241064624025601
1282241077462753280
1282241077756321792
1282241095011676160
1282241112241922049
1282241124287909888
1282241211634290689
1282241229929893888
1282241259537489921
1282241298527707137
1282241408779161600
1282241487443341312
1282241581005729792
1282241583014789120
1282241584826707969
1282241586919731201
1282241704720920577
1282241747662147584
1282241769892003840
1282241841014771713
1282241970929192961
1282241992563363841
1282242033520799744
1282242043339661312
1282242086733967360
1282242166828314625
1282242241264672768
1282242304351207425
1282242503572197383
1282242575034773504
1282242576188227584
1282242597272973312
1282242642785402887
1282242667145916416
1282242788952875008
1282242806489026562
1282242833777176577
1282242863841992704
1282242878672998400
1282242934713102336
1282242945739976704
1282243000119115776
1282243111901491200
1282243204364943361
1282243283624685568
1282243412540833793
1282243464726368259
1282243470321750016
1282243604082126848
1282243830507503617
1282243864699351041
1282243972849700864
1282244049009696769
1282244136410558465
1282244177619595264
1282244184418643968
1282244206627520513
1282244223278780416
1282244299208273927
1282244317499670528
1282244494109184000
1282244542440194049
1282244689463136256
1282244971471400960
1282245081185976326
1282245150022889472
1282245235217543173
1282245284555141122
1282245301906968581
1282245425043406848
1282245516831502336
1282245582388510720
1282245708410585089
1282245960412704768
1282246036652609536
1282246103815958528
1282246133830443009
1282246151568125958
1282246208011096064
1282246249463201792
1282246278609375232
1282246282279399424
1282246300361043968
1282246304869965825
1282246375896276992
1282246393239875585
1282246518209011712
1282246531823792128
1282246542842159105
1282246554443673601
1282246577889767424
1282246593106677768
1282246600048300033
1282246603600826370
1282246654943363072
1282246758224076800
1282246779468046337
1282246798652956674
1282246838217666560
1282246849081073664
1282246903426543618
1282246946954993666
1282246998171631616
1282247054916415488
1282247067918712833
1282247070456279041
1282247168196136961
1282247173438967808
1282247194540601344
1282247268796596224
1282247287532445697
1282247293131866112
1282247336710647808
1282247365752000513
1282247420089229314
1282247489358163968
1282247501785882624
1282247530495897600
1282247587618156545
1282247602809929729
1282247622581985280
1282248004582268928
1282248127894876163
1282248143384399872
1282248360292872193
1282248365351202816
1282248372364034048
1282248418878820352
1282248547031584768
1282248590476206080
1282248655752302592
1282248682125975552
1282248737801166848
1282248755568275457
1282248800522960897
1282249002793046016
1282249006379184128
1282249012071084032
1282249099144597504
1282249116337098752
1282249143885455361
1282249196968398850
1282249287670173697
1282249313540689921
1282249334386380802
1282249438275055617
1282249503278415873
1282249581200203777
1282249627652116480
1282249650452328448
1282249761194569728
1282249761769185281
1282249766986866688
1282249865209147392
1282249871588638720
1282249889003401217
1282249918694821889
1282249948570906625
1282249956972040193
1282250018322186241
1282250079965855745
1282250116020109312
1282250116301127680
1282250139902435329
1282250145057267713
1282250189034717184
1282250257011576833
1282250319531929600
1282250384254177280
1282250429254918145
1282250461282660352
1282250521839951874
1282250536037650432
1282250557705482246
1282250580753133568
1282250581105680384
1282250598729912321
1282250620775223298
1282250623472168960
1282250623598030852
1282250656758165508
1282250793907699712
1282250812312350720
1282250836614066178
1282250847192326144
1282250849649979392
1282251008291135488
1282251042525085696
1282251079061626880
1282251118475530240
1282251128730554368
1282251466837602305
1282251530867863552
1282251605903982592
1282251629442433027
1282251696698253312
1282251734346342400
1282251810447581186
1282251903548551168
1282251954991673345
1282251956866756608
1282252014928289793
1282252036877086720
1282252051045478400
1282252127876739073
1282252147950665729
1282252158499295234
1282252310505123840
1282252352699785218
1282252364997509120
1282252398551941120
1282252529972047872
1282252546539548672
1282252649660899329
1282252768497922050
1282252771291324416
1282253010509238275
1282253062267011072
1282253132483813376
1282253147470049282
1282253232262328326
1282253278206521344
1282253391058464768
1282253432779227136
1282253790201049090
1282253808773459973
1282253848304685056
1282254041301434369
1282254147169861633
1282254159555829760
1282254219538505729
1282254247191408643
1282254311800487937
1282254355018604544
1282254454482509824
1282254502335139840
1282254525118558208
1282254693222121472
1282254886785019904
1282255299596804097
1282255400985866240
1282255557143871488
1282255617776685056
1282255873608310784
1282255874820431872
1282256096808189952
1282256152785371137
1282256178643230720
1282256226072449025
1282256255348649985
1282256265385631745
1282256280887808002
1282256323921342465
1282256630491435008
1282256661802094594
1282256671016812547
1282256725517582336
1282256823068905472
1282256846099644421
1282256874478268416
1282256966568443906
1282256999237873664
1282257031500492800
1282257153353342976
1282257176627576832
1282257219715690497
1282257226951000067
1282257508711559168
1282257523056054273
1282257792137453568
1282257826492997632
1282257868901756929
1282257944772370433
1282257996010024961
1282258004805480449
1282258133226643458
1282258281256194048
1282258337287946243
1282258515281604608
1282258791598190592
1282259254427041792
1282259271565148160
1282259292977016834
1282259305975156738
1282259331606511616
1282259386623090689
1282259398694334465
1282259456999542784
1282259525618155520
1282259548133195776
1282259652214796288
1282259683445624832
1282259861611220995
1282259914451070976
1282260281142341633
1282260431067734017
1282260431571087360
1282260637385728000
1282260751701303298
1282260837772582913
1282260915694587904
1282260925643284481
1282260940147367936
1282261169659539458
1282261232095858688
1282261294121283584
1282261385766768641
1282261421087059973
1282261495292637188
1282261521834237952
1282261531363815424
1282261552872095745
1282261865301544960
1282261957467242496
1282262241081913345
1282262314368897024
1282262326041665536
1282262421315260418
1282262424230326273
1282262607546601472
1282262696549691392
1282262747934121987
1282262833573408770
1282262833888198657
1282262856151384065
1282262938884218881
1282263064990056449
1282263100465405952
1282263224486965248
1282263291717398529
1282263344167055360
1282263389427781632
1282263480557395969
1282263550170238976
1282263554196819968
1282263589970079746
1282263694915719169
1282263724468793345
1282263735055212544
1282263764646027265
1282263873949556736
1282263896733020160
1282263944250355713
1282263995458572288
1282263995781713920
1282264053511929856
1282264078027591680
1282264109296128000
1282264159237750786
1282264186148417537
1282264193224151041
1282264254842900486
1282264265823416320
1282264285045981184
1282264318696800257
1282264410237460482
1282264559642767360
1282264574478045184
1282264590038872064
1282264678635167744
1282264693181042688
1282264696674856960
1282264808927051781
1282265038812622848
1282265280773840901
1282265390211465218
1282265496964837382
1282265563264212992
1282265576187088898
1282265631451037698
1282265718000504832
1282265840918786048
1282265881691607041
1282265911143985152
1282265948788011009
1282266126316167169
1282266170951823360
1282266209199681536
1282266276719542275
1282266303156256770
1282266414292721665
1282266500523372545
1282266590965198849
1282266680270352384
1282266698565824517
1282266755981697024
1282266795580121089
1282266977390727173
1282267175227514881
1282267277665001475
1282267509844918272
1282267556988907520
1282267610189492224
1282267662236540933
1282267678690836480
1282267944769056769
1282268061496537088
1282268213883965441
1282268230296285184
1282268272612630528
1282268465731182594
1282268499755192320
1282268531392798725
1282268531568963585
1282268772242354181
1282268904203497472
1282268929847472129
1282269232424644610
1282269239294844930
1282269264653586432
1282269281682468864
1282269285524451330
1282269424049770496
1282269464130490368
1282269523085635584
1282269564248535046
1282269656728735744
1282269684323110913
1282269721325268992
1282269815625986050
1282269870994780160
1282270083897688065
1282270097470418945
1282270113056477184
1282270141426749442
1282270189178859520
1282270286000189440
1282270491592409088
1282270509141377031
1282270558130827270
1282270657762390016
1282270747101028354
1282270782090022912
1282270796497383425
1282270913132552192
1282270945604808705
1282270949836910593
1282270950151553024
1282270975325683712
1282270976194031618
1282270981915107329
1282271047635464193
1282271051045576704
1282271145996083206
1282271178187436032
1282271182838849537
1282271193106649088
1282271300484988928
1282271321812955136
1282271453140807680
1282271551140708354
1282271721723052033
1282271777670836224
1282271856188207109
1282271887930781697
1282271896566763522
1282272029970796545
1282272253598523393
1282272282954493952
1282272360934993923
1282272410763358209
1282272513255342081
1282272618813329408
1282272671204618240
1282272748102877184
1282272752238358528
1282272859402809344
1282272888809295874
1282273060272259072
1282273084112691200
1282273160319000576
1282273492981780480
1282273573621514240
1282273671365586945
1282273701589684224
1282273768203673601
1282273780597850112
1282273803754598405
1282273925330866179
1282273931777372160
1282273981102350337
1282273991932043264
1282274007299973122
1282274265102876672
1282274294941155328
1282274297713586176
1282274409907138560
1282274440160481286
1282274473211654146
1282274559257792518
1282274577897287682
1282274774383648775
1282274888577716225
1282274912900546560
1282274918323720192
1282274960711401473
1282275136960266240
1282275332561633280
1282275823773339650
1282275851283750912
1282275956049063936
1282276146361425920
1282276340004052992
1282276384585338881
1282276403778482187
1282276442479357952
1282276443964104706
1282276475547185157
1282276524368908289
1282276583839903744
1282276607265107968
1282276697744654338
1282276957212696577
1282277014418817024
1282277020123058176
1282277060082200576
1282277112867504128
1282277192810983424
1282277220329775104
1282277336054931457
1282277402387898370
1282277614762094593
1282277654868066304
1282277677894823937
1282277681086652417
1282277824972251136
1282277886313914370
1282278114131763202
1282278206012194818
1282278233203851264
1282278382101606400
1282278384249131008
1282278397163388933
1282278489811415041
1282278527379730432
1282278758280343552
1282278885611024384
1282278953311277058
1282279081543753735
1282279088317587456
1282279106088890375
1282279113454043136
1282279121087692802
1282279903656722432
1282279915212075009
1282279975085694982
1282280157156278275
1282280171232301057
1282280213108285440
1282280372928045057
1282280568797802496
1282281048584253444
1282281308530421761
1282281436972593158
1282281600479162371
1282281648533327873
1282281680061906944
1282281721346416642
1282281773003444225
1282281872085487617
1282282144744615937
1282282253008003073
1282282356536041474
1282282493710725120
1282282559401943040
1282282721151090689
1282282733520093184
1282282821734658048
1282282860565667841
1282282916249133058
1282282958338977794
1282282979885068289
1282282990853210112
1282283095454912512
1282283247003594752
1282283293761777664
1282283303043600386
1282283319875432448
1282283357766729729
1282283379409346560
1282283393372131329
1282283464708878336
1282283568891195397
1282283569713418240
1282283639309402113
1282283660813783040
1282284307885649921
1282284374986125313
1282284459807539201
1282284478157602816
1282284761315041285
1282284893473398784
1282285025635864577
1282285414015856640
1282285530319695878
1282285549408014336
1282285626390220801
1282285688994492421
1282285851095887873
1282285865884999683
1282285911783256064
1282286102032728064
1282286206156304384
1282286265140776961
1282286323110277120
1282286460821860353
1282286504706887681
1282286695589670912
1282286885293809664
1282286894345097218
1282286906206633984
1282286907980832769
1282286915392167937
1282286938888630272
1282286951748366336
1282287110079184896
1282287162105499648
1282287665774071808
1282287670077452289
1282287720933412867
1282287778147917831
1282287782535233536
1282287882175000576
1282287942799462403
1282288138908430337
1282288193891561472
1282288390335950848
1282288519243657216
1282288563518730240
1282288638055772161
1282288686751608832
1282288933963853827
1282289262793232387
1282289264449875969
1282289412097708033
1282289547796033536
1282289562417459200
1282289638502064128
1282289970921668611
1282290115226636292
1282290241735282688
1282290356021690369
1282290387214757888
1282290536288784384
1282290582824476674
1282290647131500545
1282290834390396928
1282290896424144899
1282290918452719617
1282290929760526339
1282290956796956674
1282291209260548096
1282291249555238913
1282291480288092160
1282291513435623426
1282291620621111297
1282291691836207105
1282291902138572800
1282292020086792193
1282292025144913921
1282292426413977602
1282292779184304128
1282292792341848064
1282292912794095616
1282292952430075904
1282292992238215170
1282293023011987456
1282293062618628100
1282293184215650304
1282293218579828742
1282293256961830913
1282293271738191872
1282293333205807104
1282293348988940288
1282293462105067520
1282293464374194177
1282293467469639680
1282293501099757568
1282293549849968640
1282293576072716288
1282293592468283392
1282293622520467457
1282293695249883139
1282293752443408384
1282293811075403776
1282293814829420550
1282293830578892801
1282293832835428352
1282293874900140032
1282293882248556544
1282293889907318786
1282293905094873088
1282293925357617157
1282293950653403136
1282294001379405825
1282294024007753728
1282294035483226115
1282294048607178755
1282294050725535746
1282294050859573249
1282294052600164352
1282294129725071360
1282294200571064322
1282294237208301569
1282294261602381824
1282294265821802499
1282294283140128769
1282294334457610243
1282294340874694661
1282294344737673216
1282294376010399745
1282294391109894144
1282294403772461056
1282294434827124740
1282294474094153728
1282294533275803649
1282294544399134720
1282294545565151232
1282294653501333505
1282294676276428800
1282294689949835265
1282294711349211136
1282294713844936706
1282294728566829056
1282294741581869056
1282294794241245189
1282294814193713152
1282294830454857728
1282294849677352960
1282294857029959683
1282294862885187591
1282294880727785479
1282294899866402816
1282294906380152833
1282294923627134976
1282294932007317504
1282294933370499078
1282294951301152768
1282294957311774720
1282295008851361792
1282295012877725696
1282295023573233665
1282295026244923393
1282295044221702144
1282295044532170752
1282295074315923456
1282295102421889025
1282295113855545345
1282295157400801283
1282295181119610880
1282295188635791361
1282295190279950338
1282295213403172868
1282295215110402048
1282295218730004491
1282295274589700097
1282295299440906242
1282295344290607106
1282295345658068993
1282295346639429633
1282295397889671168
1282295535198564353
1282295562214072320
1282295565477466112
1282295658079064065
1282295681130983424
1282295704908705794
1282295730254692352
1282295747401052162
1282295750702104582
1282295771430129664
1282295771535007747
1282295778627604480
1282295803424288769
1282295817663942657
1282295846206226433
1282295896592416770
1282295897611628545
1282295907963158529
1282295923431755776
1282295974291927040
1282295991689854977
1282296009297551361
1282296017308745728
1282296025147830272
1282296052649844736
1282296069146030080
1282296088888700930
1282296097193496576
1282296108480229376
1282296118693355520
1282296145973141504
1282296153246060544
1282296153883635713
1282296154949144578
1282296201551900673
1282296206316584961
1282296236679155712
1282296244954476544
1282296264650977280
1282296362428542978
1282296424487514112
1282296461170864128
1282296495153180673
1282296557602107393
1282296574865928193
1282296590309289984
1282296696446181378
1282296703605829633
1282296905716781059
1282296908803760130
1282296933541744640
1282296941985116160
1282296969600221184
1282297016035315713
1282297031143288832
1282297033710280706
1282297034980986881
1282297038084943873
1282297126018404353
1282297133937225729
1282297213478039552
1282297295677972480
1282297296252624897
1282297342733901826
1282297350153572353
1282297368671485953
1282297411214295041
1282297432001220608
1282297444970016769
1282297451903201285
1282297466600087555
1282297472853794817
1282297503799324679
1282297511013609472
1282297532182171650
1282297602143207427
1282297612146622466
1282297672477499392
1282297754878763009
1282297840396431361
1282297954418610176
1282297994612621312
1282298102813036545
1282298139928522753
1282298179594055685
1282298236535926786
1282298380681502721
1282298413468446720
1282298430740508672
1282298459647643648
1282298524743249920
1282298648907247619
1282298666674352130
1282298674823880711
1282298685154459648
1282298685926199296
1282298754737926144
1282298765827870720
1282298786044239872
1282298826099838976
1282298846513520645
1282298877945581570
1282298885210177539
1282298905280094209
1282298907209240576
1282299052424601600
1282299056849473538
1282299145391190017
1282299239473676289
1282299263020437507
1282299278916898820
1282299287116763136
1282299316225228801
1282299347082686470
1282299437348462594
1282299442813526018
1282299461557841921
1282299497561780225
1282299508974432256
1282299543724240897
1282299547981668355
1282299565727604736
1282299665728274432
1282299677480755202
1282299685600759811
1282299697680584709
1282299844120375296
1282299882171101185
1282299926391578624
1282300025662402560
1282300052564701184
1282300110794186752
1282300146974257154
1282300191677181957
1282300221939056640
1282300322996785154
1282300343351746562
1282300384145375232
1282300422196064258
1282300456371318785
1282300506153480193
1282300568732606464
1282300702740512769
1282300730448023553
1282300804821422080
1282300849704796160
1282300909288951808
1282300931309047809
1282301006726873090
1282301149056360449
1282301203049639937
1282301375699812354
1282301430737465344
1282301574497222656
1282301639865458688
1282301821831180289
1282301917813587968
1282301954954330112
1282302079084552194
1282302115184930816
1282302231627419656
1282302241131524096
1282302416596025346
1282302451370999808
1282302485881737217
1282302574037614593
1282302611064942592
1282302675376156673
1282302700651257856
1282302879538114561
1282302892851027970
1282303052511277056
1282303104583528450
1282303158966988801
1282303355033759744
1282303397526253568
1282303444687007745
1282303462999568386
1282303472164110337
1282303502279008256
1282303647653588992
1282303728087781377
1282303748132331520
1282303775248711680
1282303804226994177
1282303822166032387
1282303830185725957
1282303864239267842
1282303871142883329
1282304037476397056
1282304050701103105
1282304072561958912
1282304224945209345
1282304260470747136
1282304382789275649
1282304408567476224
1282304468822790144
1282304544584511488
1282304575979114498
1282304614147264518
1282304614675742726
1282304637870026753
1282304685638995971
1282304820397797377
1282304831009390595
1282304893555007488
1282304926811471873
1282304969215893505
1282305019694309377
1282305031476088832
1282305057975762946
1282305090712334337
1282305198111617024
1282305235612917761
1282305278692585474
1282305294463193089
1282305311517421569
1282305378357665792
1282305474612719616
1282305495689125889
1282305707946188800
1282305716955385858
1282305970530467841
1282306109043167232
1282306143776169989
1282306166740017152
1282306340266729472
1282306467891011584
1282306521196572673
1282306716365799428
1282306721424146434
1282306738155163649
1282306811685531648
1282306912873140227
1282307015398707200
1282307029713862656
1282307091802337282
1282307130603851777
1282307351425331201
1282307380370235395
1282307391153819648
1282307411890434048
1282307428806037510
1282307481864036353
1282307549836898305
1282307568400924672
1282307687280074753
1282307707572154369
1282307713175703559
1282307737364254720
1282307741843968005
1282307746495258625
1282307749343309824
1282307772651048960
1282307808730378240
1282307838237306881
1282307841039101952
1282307927018106880
1282307986082476032
1282308013852770304
1282308022488961024
1282308075672616960
1282308100448382976
1282308136942985217
1282308161173508099
1282308188348444672
1282308208967573510
1282308226613010433
1282308259613827074
1282308296569794560
1282308319621742593
1282308512169656323
1282308522403753984
1282308620370079744
1282308638611320832
1282308647591149568
1282308669426696192
1282308675042816000
1282308936167600128
1282309076895109120
1282309124139577344
1282309145270423553
1282309207430008832
1282309507524071424
1282309676135092229
1282309736185171969
1282309765092134922
1282309817462222854
1282309834822397958
1282309840061128710
1282309853902331905
1282309866447462401
1282309938249732104
1282309949888933888
1282310099617189890
1282310153270816770
1282310190155444225
1282310260124839937
1282310331696463875
1282310378181980160
1282310410092179457
1282310451439648769
1282310451796353026
1282310494972334082
1282310581647585280
1282310619685765121
1282310820068614144
1282310857070764033
1282310958614888448
1282310981637386240
1282311054559547392
1282311332436471808
1282311477236572162
1282311531233935362
1282311624141860865
1282311711429558272
1282311730794643458
1282311748318457856
1282311752948961282
1282311771546464256
1282312319276441600
1282312458502148096
1282312552702021632
1282312560340078593
1282312607819390977
1282312610931552256
1282312658130092032
1282312658612400128
1282312677906214912
1282312721812221952
1282312728388890626
1282312786169573381
1282312936652853248
1282313255151636480
1282313310684057610
1282313380884123648
1282313435783532545
1282313448571826177
1282313494121992192
1282313570429005824
1282314073757999105
1282314141022085121
1282314158533275654
1282314182424064003
1282314235469606914
1282314497592635392
1282314601493704704
1282314613153910784
1282314629171908608
1282314760004857856
1282315003303874565
1282315111508713473
1282315682042875906
1282315747692175361
1282315758773530625
1282316004530335744
1282316247774846977
1282316318314651649
1282316407489740800
1282316535218896896
1282316627933949952
1282316651438854145
1282316808112836608
1282316818548289536
1282316984999227395
1282317085331173380
1282317122471735300
1282317152360382465
1282317166239313921
1282317208928940036
1282317258195263488
1282317273718349826
1282317304626155520
1282317414961516545
1282317495857082368
1282317519068573698
1282317521433968641
1282317549783285770
1282317755434168320
1282317868386750464
1282317927698460672
1282317959524802561
1282317991305031680
1282318074234826753
1282318093046308864
1282318202123382784
1282318289062907904
1282318298466533377
1282318473092141056
1282318560186953733
1282318578650198016
1282318677677764608
1282318721390792705
1282318929147248641
1282318951662247938
1282318982402371584
1282319222291324928
1282319318437392386
1282319495080574976
1282319593143443458
1282319691126575107
1282319697539547136
1282319698206457856
1282319891744227328
1282320007469297665
1282320079049326593
1282320106953949187
1282320530431934465
1282320545002991616
1282320933005324290
1282321003662598149
1282321038068510720
1282321114459324416
1282321299050688512
1282321533495435264
1282321571734941696
1282321608674181125
1282321682842087424
1282321760633843713
1282321871136911360
1282321888677490688
1282322023293743104
1282322132207202304
1282322319847768065
1282322400034426880
1282322411631697922
1282322450521284608
1282322497505878017
1282322506766888962
1282322523632226304
1282322608264867840
1282322615160287237
1282322630486392832
1282322653030699010
1282322678309740544
1282322682936094720
1282322709712494592
1282322902352879619
1282322951426080769
1282322964990562305
1282323123384119296
1282323466163642369
1282323596786806785
1282323666160631809
1282323683164319744
1282324047792087041
1282324110232567811
1282324272568909825
1282324292471009282
1282324301601861632
1282324371223138304
1282324390496006144
1282324466291408896
1282324475304751106
1282324512286048256
1282324529931403265
1282324755606056961
1282324941090611201
1282325089225080832
1282325138210320385
1282325305009426432
1282325375809466370
1282325475444973568
1282325890983067649
1282326065038258176
1282326147003346944
1282326179244998656
1282326462675120129
1282326489485246464
1282326602689449984
1282326659207540736
1282326896395661316
1282326916901421057
1282327075844583424
1282327206577020928
1282327207738609664
1282327216647372801
1282327253045481475
1282327270749638657
1282327371140358144
1282327379009036290
1282327428828782592
1282327515512569856
1282327517534269443
1282327539344498688
1282327552401391617
1282327576984330243
1282327642876768256
1282327658466959360
1282327709650055168
1282328213780193281
1282328321473130496
1282328331623346176
1282328489056587777
1282328563341905920
1282328609487638528
1282328634653413378
1282328676235767809
1282328741964898304
1282328792732581888
1282328869656301568
1282328889545515009
1282328953466654723
1282328955140243458
1282328982470275072
1282329070651404289
1282329162586497026
1282329177983553540
1282329178562412544
1282329206316167168
1282329339145515008
1282329351954984965
1282329357688741888
1282329360389730305
1282329484775964673
1282329676447281153
1282329683158118401
1282329691269918720
1282329699625115648
1282329747968663552
1282329754255777792
1282329875240517633
1282329908711026688
1282330039418343425
1282330166363119618
1282330304418439168
1282330306402332673
1282330439084937216
1282330452716445698
1282330474694639616
1282330546480308229
1282330576167424000
1282330580068294659
1282330678521024517
1282330860826443776
1282330905101561856
1282330930296745984
1282330993823674368
1282331116523798528
1282331679571324928
1282332001891020800
1282332050540777473
1282332114432569344
1282332269005246464
1282332352039907330
1282332379302879233
1282332434361495552
1282332473372798977
1282332492066746369
1282332509334691840
1282332523884769280
1282332540376723456
1282332565467095040
1282332612694994944
1282332719083450368
1282332824004001793
1282332846170890249
1282332860427366400
1282332956283953152
1282332986818441217
1282333313722535936
1282333327890866177
1282333353710981120
1282333395641487360
1282333400439730176
1282333679629373447
1282333936480387077
1282333998514008067
1282334065652150274
1282334097701044224
1282334194291507203
1282334388798267393
1282334460739047424
1282334501675261953
1282334538417311744
1282334540590178305
1282334651642593281
1282334666159083520
1282334671670583297
1282334677659869190
1282334772077793280
1282334774179311617
1282334787231985664
1282334828092743681
1282334865220751361
1282335012164001792
1282335016861786114
1282335111749398530
1282335142199975936
1282335179864829953
1282335207681597441
1282335291290738689
1282335404968964098
1282335581138063361
1282335789607600128
1282335910047121411
1282336066737864706
1282336131275603968
1282336131816644608
1282336213316153346
1282337029162860544
1282337348718477314
1282337517568745472
1282337537042735104
1282337555543814144
1282337793339875333
1282337959086157824
1282338055362207746
1282338161788465152
1282338307775451144
1282338353765965826
1282338433638129664
1282338503599075329
1282338664031244291
1282338823389581312
1282338854616231937
1282339022413590528
1282339138331525121
1282339163883225088
1282339377159368707
1282339525843271680
1282339534689067009
1282340057542610944
1282340073967456257
1282340108801241088
1282340139629375489
1282340243283169280
1282340302640963584
1282340328716906496
1282340496157708289
1282340514524790784
1282340514625396739
1282340550042021888
1282340614772633600
1282340638868922369
1282340645240213504
1282340717814140928
1282340726303371264
1282340805710016513
1282340807400321025
1282340906914504709
1282341256639721474
1282342083181731846
1282342204883628035
1282342247946584064
1282342351709462529
1282342397347868672
1282342591221035009
1282342901205233666
1282342984889982978
1282343233033404416
1282343249609240581
1282343264352260101
1282343332354551809
1282343472800739328
1282343626421358593
1282343633211940864
1282343759691177984
1282343866251636737
1282343963492364288
1282344019834494978
1282344111563890688
1282344117389758464
1282344141850959872
1282344474840948744
1282344475721793536
1282344497272086528
1282344557628125184
1282344829599404032
1282344899749150722
1282345017567109120
1282345230063329282
1282345320819552257
1282345382760964096
1282345776450957313
1282345787817521153
1282345801318928389
1282345895892144129
1282345916779749376
1282345929253609472
1282346005459988480
1282346096027553792
1282346104391110656
1282346132698365952
1282346237904052224
1282346434012934144
1282346723327700992
1282346796186865665
1282347104141111296
1282347142175055872
1282347252594270208
1282347393707503617
1282347493032775680
1282347626415796224
1282347642740080645
1282347642995871744
1282347754866438145
1282347785874890752
1282347806099771392
1282347893744037889
1282347911079014400
1282347917634723840
1282348410478067713
1282349039271284736
1282349047458586624
1282349071483596804
1282349308088422400
1282349386748456960
1282349435490623489
1282349477144084480
1282349564331098113
1282349642647207944
1282349701912641536
1282349728282243072
1282350079085391873
1282350100178755589
1282350518765883393
1282350637850624000
1282350830012653568
1282350865559347201
1282351161287118848
1282351382066900992
1282351731544858624
1282351737920262146
1282352016170184704
1282352140619599877
1282352238657036289
1282352321452584960
1282352399596679168
1282352586146770944
1282353205528035328
1282353999660773376
1282354078945705984
1282354130481082368
1282354300211978241
1282354353353834496
1282354494022410241
1282354560967696386
1282354561483632640
1282355233729900544
1282355266080538624
1282355298175344640
1282355409395675138
1282355788694994944
1282356308117602306
1282356381815717888
1282356458294669318
1282356492297859072
1282356953444831232
1282357217321082880
1282357724634705920
1282357943338319872
1282358751522164737
1282358842282528768
1282358918799413250
1282358938130886658
1282359303320383488
1282359368248209410
1282359754380079104
1282359760415633408
1282359790438461440
1282360198829617152
1282360238566342657
1282360598387253249
1282361402322116609
1282361572766048256
1282361607389974528
1282361874655240197
1282361887150104578
1282361962517663744
1282361999754588160
1282362140611866624
1282362279787257857
1282362292919648256
1282362727118192641
1282363141624487936
1282363353654915072
1282363400669073410
1282363484336873472
1282363648686518272
1282363700943314944
1282363723529596929
1282363729468772352
1282363767066517505
1282364065575124992
1282364424741949440
1282364503934398465
1282364508824956928
1282364670934945792
1282365253385220096
1282365312558436352
1282365466975993857
1282365510491926528
1282365592687665155
1282365678889119746
1282365900251947009
1282365945495916544
1282366449726615552
1282366468869349376
1282366537324793858
1282366580261679104
1282366654706356224
1282366710419296256
1282366765633122304
1282367225458900993
1282367231930724352
1282367337983651840
1282367408984846336
1282367437304811520
1282367525502640128
1282367546121830401
1282367587481837569
1282367770026360832
1282367813756178432
1282367881460674560
1282367928264847360
1282367949655781381
1282368107550564354
1282368349574361088
1282368927931092992
1282369232349458432
1282369266851827713
1282369545349390337
1282369575955296256
1282369618166734848
1282369891593412608
1282370167385788416
1282370746497429505
1282371005592121346
1282371068183711744
1282371250677968897
1282371332471025664
1282371737145929728
1282371957791457280
1282372275417710592
1282373742887268352
1282373960445816832
1282374447169593344
1282375169344860161
1282376001725452288
1282376268277624832
1282376761175453696
1282377008345788416
1282378129785462784
1282378267178098688
1282378722247536640
1282379075902828544
1282379412915322882
1282379711746846721
1282380051749539841
1282380202316664833
1282380245484449792
1282380287985324032
1282380450552352769
1282381385215270913
1282381865517584384
1282382591652315137
1282384880865652736
1282384972477689856
1282385178950684672
1282385880942964736
1282385921149530112
1282387705486176256
1282388050085961728
1282388058705326080
1282390792233865216
1282393053248892928
1282395886870343681
1282398669157937153
1282399656366899200
1282400166234828800
1282402582225289216
1282402963613417472
1282403140650692608
1282403908426493952
1282404110403162112
1282404277294493696
1282405979615715329
1282406198579548161
1282406258213916672
1282410799168774144
1282414484166971398
1282415043561369601
1282415046774185984
1282415293059534852
1282415688028573696
1282416284404154368
1282416450896924672
1282416711900241923
1282416787368411136
1282417175790120962
1282422110732742656
1282426003462123521
1282428958592696323
1282439938324066304
1282442615007281153
1282443287727464449
1282444633683959810
1282447288271376384
1282455669690400773
1282461130938388482
1282468981639729152
1282469202096533504
1282469481273413632
1282477455672881152
1282477890211164160
1282483949738946560
1282484221907308544
1282484524085948416
1282490648898093056
1282490685543690242
1282492219165835265
1282492464884879360
1282492788739674112
1282494138487672833
1282494806992621568
1282495314981646336
1282496534165073921
1282502043844792320
1282502683698425858
1282503891414708226
1282506169647460353
1282508088835100674
1282510858468220928
1282514786811617281
1282515090726621185
1282515564267810817
1282518777251287042
1282522091632226305
1282522620206833664
1282524487288647680
1282530457238663169
1282538279078789120
1282538283583418369
1282548972469383169
1282551459058315264
1282552781681770496
1282559532288237568
1282559629671702529
1282559632058318849
1282559794818232321
1282559911675727873
1282559913403842560
1282560111395864577
1282560133793558529
1282560175413616640
1282564353347121157
1282566000919973893
1282568984236134400
1282574353993854976
1282577520697606144
1282581662832791552
1282582633516421120
1282582727007453186
1282586657225498630
1282589577304145920
1282590020088426498
1282591982976593922
1282592021962559488
1282602862724255745
1282604606481035267
1282604856058896384
1282607563276644353
1282607724463681536
1282624960947564544
1282657691803017222
1282657723595792384
1282705713987489794
1282705753745305601
1282705781192785922
1282757207893749761
1282827800953536513
1282898557092139008
1282921085244039168
1282956698706223105
1282989427388637184
1283035993151541252
1283047773710028806
1283100348941467648
1283222624525381633
1283258322980753408
1283294392636198913
1283364808167796739
1283805684950200320
1283969545992953856
1284152489856532482
1284492964605988864
1284554698087751680
1285631992411951106
1286372235167449089
1289043898573062144
