id
1256028849432821760
1256029137816313858
1256048102995161089
1256051490592034816
1256061815659757569
1256063893404672004
1256067627975237633
1256069380078592000
1256070641331118081
1256070844088008706
1256071138041409537
1256071218115026945
1256073492820189184
1256073661494128641
1256073821011841024
1256074079389356037
1256074345455030273
1256074446005207045
1256074553878405120
1256074948944080898
1256075175210168321
1256075476528963584
1256076132035649541
1256076515017502724
1256076720094003200
1256077271321899008
1256077603619794946
1256078034970370048
1256079157039112192
1256079187053432832
1256079759722741760
1256081125086281728
1256081319425171458
1256081934020640768
1256082271452495872
1256082356034768897
1256084093491527680
1256085944064774144
1256086400195313664
1256086402384580617
1256087519298387970
1256087654900219906
1256088274025603072
1256089529548566530
1256090059679252480
1256091438238097409
1256092267036545025
1256093213607239680
1256093742588551171
1256093828735397890
1256093996629164032
1256094718204747776
1256095414979264512
1256095852600287233
1256097546121777152
1256098312379183104
1256099049419108353
1256099897138241538
1256101367409565696
1256101495021301760
1256102731434999809
1256103410069364736
1256103584963293185
1256104155195805696
1256104990004801536
1256105759181422592
1256106722978148352
1256108454768332806
1256108561307889665
1256108819597242368
1256108828560625665
1256109453256142848
1256109478002356225
1256110019071758336
1256110985619714048
1256111263492435968
1256111930344968192
1256112502183563264
1256112702050762752
1256115431028297728
1256116141295931394
1256116671372091392
1256116687679754241
1256116856571613189
1256116936380989440
1256117175850582016
1256117651677384705
1256117684925689856
1256117989172105216
1256118074505228288
1256118291111612416
1256118868067696640
1256120025481502724
1256120430684852225
1256121149513064448
1256121759427747840
1256121870300008448
1256121871931781122
1256122856460746757
1256123511099154432
1256123773058715650
1256123793170288640
1256124038184910849
1256124435616206848
1256124569271726080
1256124653636071425
1256124726792994816
1256124730794553344
1256124912336543744
1256125411940921346
1256125707937177601
1256126118949605377
1256126189741027328
1256126217926750208
1256126684031528960
1256126785999249408
1256126857012862976
1256127585714495489
1256128152717291521
1256128731996983296
1256129245245583361
1256129744720072706
1256129838756229121
1256129918263574534
1256129952002519040
1256131055062528000
1256131240513724425
1256131533997473792
1256132465652973576
1256132828036771840
1256132858101538816
1256133495488802816
1256134317375291392
1256135610156212224
1256135639843536897
1256135671430987777
1256135915203788800
1256136054865711106
1256136209711140864
1256136775753490434
1256137588949147648
1256137656196493313
1256138165984747522
1256138419392012288
1256138435041153024
1256138750482157568
1256138790730596352
1256138891372838912
1256138949581582336
1256139851675688960
1256139934064246785
1256140657036423168
1256140791002607620
1256141277713715200
1256141730669355009
1256141887901020160
1256142230076616704
1256142654431203328
1256143215171792896
1256143284625305600
1256143317537976322
1256143412291657728
1256143455396302848
1256144056049995778
1256144310531092480
1256144440319598592
1256144902393454592
1256145018269532161
1256145129846403073
1256145162960429056
1256145416644681729
1256145673386250245
1256146301013520385
1256146334614257665
1256146344961400833
1256146819173756928
1256146959527600131
1256146985461190656
1256147043296276481
1256147122128252928
1256147372167426049
1256148135232991233
1256148231739727873
1256148474023890944
1256148592927989761
1256148793059356673
1256149026275119104
1256149038258368512
1256149075273101313
1256150115141554176
1256150833017675779
1256151498406236161
1256152250453352450
1256153461747376129
1256153804850028544
1256153826509426688
1256153889964822528
1256153949591097345
1256154283185065984
1256155188374585346
1256156106725851136
1256156492425596929
1256157192442597378
1256157431828078592
1256157740134617088
1256157941788553216
1256158592803078144
1256158959171334146
1256159420410728448
1256160318918713344
1256160509021339648
1256161442186878976
1256161595094425600
1256162420369657857
1256163258848776193
1256163826904391682
1256164064251637760
1256164412668313606
1256164492372656129
1256165235729354754
1256165265840189442
1256165517695553542
1256165641905737728
1256165704572772353
1256166219972894721
1256166663185215488
1256167302988353536
1256167704186273792
1256167717582671873
1256167769747398656
1256167791117447169
1256167799065632768
1256168145213181952
1256168584176259072
1256169027929399296
1256169200516608002
1256169204383916034
1256169302190747648
1256169323850334211
1256169643091218435
1256169782040096769
1256170087070887936
1256170130259578880
1256170131102695424
1256170259746189314
1256170749598916608
1256171177422147587
1256171291079585792
1256171392686362625
1256171437095710720
1256171726637076482
1256171737642926083
1256171908363505664
1256172357300846593
1256172494483976193
1256172544614256643
1256173307742744577
1256173403527999488
1256174028802359297
1256174137401278464
1256174189192470532
1256174554805874689
1256174800935903232
1256176005653262336
1256176269659533314
1256176542012456962
1256176937539497984
1256177605134422016
1256177726857199616
1256178380774551553
1256178669392850948
1256179460208033793
1256179930758623234
1256180755094355970
1256181550372118528
1256182375345557505
1256182500965015553
1256183229297483776
1256183480133677056
1256183862314455044
1256184088819576834
1256184373759455232
1256184923548905473
1256184945803853826
1256185253879861248
1256185644948176897
1256186299976802304
1256187703416283137
1256188246297579521
1256188372474687488
1256188484362153985
1256189664425172993
1256190807624822789
1256190841535598592
1256191047601922050
1256191121002291204
1256191146633695232
1256191297221730304
1256191641204867074
1256192488441700352
1256192763013394432
1256192798585470978
1256192946732498947
1256193470978379776
1256193863838040066
1256194104746053632
1256194241291681792
1256194261428600832
1256194902712397825
1256194921427398656
1256195104076967937
1256195250047066113
1256195806823976960
1256195891519795206
1256196157597835265
1256198375260581888
1256198445150470145
1256198915176624130
1256199966772641797
1256200432805871617
1256200792425598976
1256201628882878465
1256202287485194241
1256202496671772672
1256204762564845569
1256204908740538370
1256204962977026048
1256205217369997312
1256205343438155776
1256205843390840833
1256205849888010241
1256205855348924416
1256206000694140929
1256206237139480582
1256206299320246272
1256206474843271170
1256206576693755905
1256206675465449472
1256206738287558656
1256207187279581185
1256207314446684160
1256207423271911425
1256207739954569217
1256208377429897216
1256208472007458816
1256208754355220480
1256208808545673217
1256209349040656384
1256209406208991232
1256209566552989696
1256209803841421314
1256210233614950402
1256210657260613633
1256210889369239552
1256210946260758528
1256211415624384512
1256211633325477894
1256212028630466560
1256212050033946630
1256212077087252481
1256212317194399744
1256212480440893440
1256212563060236289
1256212584870686720
1256212649689460736
1256212733529333762
1256212909702725635
1256213156466229256
1256213240377466884
1256213253988003840
1256213289970827271
1256213296505655297
1256213299236085760
1256213436779966464
1256213466106511360
1256213694763106307
1256213872874262530
1256213878490497024
1256213878851190789
1256214403952844803
1256214430326685696
1256214437909770242
1256214473435746304
1256214561427845120
1256214636598304769
1256214786389561346
1256215211092082692
1256215515720269828
1256215563770175490
1256215598704594952
1256215604576608257
1256215739805114369
1256215814245670914
1256216234045177857
1256216306648592384
1256217117730496512
1256217303919796225
1256217460128321539
1256217487324176387
1256217647651291138
1256217813632630785
1256218034005475337
1256218208807288839
1256219119566958596
1256219209396355077
1256219448727527429
1256220445851947008
1256220456211886087
1256220551342960642
1256220682821808128
1256220943082536960
1256221046891581442
1256221099773308934
1256221228454551554
1256221899723624449
1256222317195202569
1256222694686818304
1256222937365053442
1256223362122240001
1256223513486163974
1256224080577134598
1256224205085069314
1256224451680768000
1256225637972553729
1256225833187934215
1256226874352717826
1256226931449659399
1256227115747467266
1256227172739579914
1256227325735309312
1256227366415851520
1256227725817327617
1256228242660483074
1256229152287535104
1256229424556638211
1256229944394485762
1256230118361640963
1256230677713956866
1256231402443542531
1256231542533349383
1256231816664670211
1256231849397026817
1256232269817274369
1256232552194596865
1256233071176757251
1256233506230894594
1256233800822140933
1256233807876968448
1256234423097450499
1256234522263379974
1256234614118592516
1256235006726373377
1256235025877610496
1256236373608140801
1256236895920668672
1256237288994078728
1256237687327068162
1256238411322667008
1256238919428931584
1256239517939281920
1256239828762595328
1256239911524429824
1256240651710185472
1256240908174946305
1256240977934614528
1256241127029501952
1256241192028667907
1256241245422120963
1256241529217138688
1256241570103336961
1256242217284276226
1256242507379167232
1256242663205957633
1256242667488448514
1256242836351025152
1256243390594850816
1256243720401362945
1256243838928240643
1256243991840002052
1256244030075105281
1256244045258481664
1256244091601465344
1256248464159064070
1256249072891179009
1256249265862725633
1256249801458372609
1256252036502269952
1256252084988633088
1256252935102758921
1256252947433840640
1256253187985756160
1256253606325436416
1256254433760960512
1256254917485850625
1256255034112700422
1256255098163879936
1256255406843637760
1256255667934859265
1256255820985073666
1256258338695852035
1256259252785684481
1256259394448154625
1256259586312376321
1256260750659608576
1256262993207271424
1256263441821495297
1256264690491101186
1256264714302169088
1256264826562711552
1256266106215428096
1256266411346804739
1256266608726568960
1256266990349512705
1256267136156065794
1256267845446459392
1256267937813540864
1256268033686831105
1256268193028616203
1256268305658114048
1256268340018008064
1256270125709225984
1256270793438347265
1256271085378494465
1256272285192712192
1256272664173457408
1256273414446292992
1256273664695169024
1256274166514212864
1256276441630511104
1256276803284463616
1256277486830305283
1256279675825016833
1256280448994545667
1256281747924402177
1256282064241823746
1256282236044877824
1256283218711580672
1256285834359320580
1256286035979276289
1256290514439028737
1256291344743448577
1256291471491084288
1256291774802378753
1256292459140845570
1256295308574801921
1256299365381091329
1256314755117125644
1256316886104457216
1256320138992734208
1256321754902876161
1256322201252270080
1256322716874891265
1256325087822659584
1256328181998444544
1256329897833713665
1256330546247954432
1256342604855181313
1256342800657858560
1256345073496854529
1256346556921413634
1256352018127400961
1256352972532969472
1256353956084629504
1256359137228869632
1256369147392348160
1256371992619606016
1256377009346875393
1256377315434663936
1256380853757841408
1256381163956035590
1256389759158505472
1256406732751794176
1256407375768023040
1256410484267352064
1256411386097221632
1256413071616159744
1256414663513866240
1256419188651909122
1256425678435647488
1256427933029199872
1256430293465968640
1256430349074096129
1256433461562355713
1256434095392829440
1256437864172097536
1256446931598860290
1256446983016833025
1256448511798804480
1256448786454343680
1256451169335103488
1256451212486066176
1256452282260037632
1256456397459505159
1256459287913791489
1256464825653190657
1256472185276968961
1256473624791277568
1256476721416753152
1256476872571080704
1256477026652958721
1256477162280046593
1256477699163459588
1256478378279997441
1256478557842354178
1256484360456462336
1256484524889866240
1256484718310305798
1256493189554270210
1256527577058951169
1256528353722429440
1256528385154547712
1256530128458231809
1256530891251294208
1256532769687187457
1256536240439955457
1256538174039322629
1256540910222888962
1256557601724104704
1256573366661677057
1256578933681647616
1256585355135815680
1256589137160830977
1256601249283280897
1256635910353010688
1256655913190076416
1256656014599954433
1256710725990563842
1256782647860195334
1256787310491959296
1256856489509171200
1256876867413557249
1256879306413797377
1256948709490782210
1257182878934450176
1257322065863958533
1257486112853053440
1257599587185033219
1258251174345662465
1258338375641292805
1258520106063159297
1258792075912343552
1264057236848021505
1266886911966285826
1266925604324225025
1266997973105414145
