id
1262901252024918017
1262920437367005188
1262933336583888896
1262938165658214407
1262940241247318017
1262944290080264195
1262944516614557703
1262948131106369545
1262948637228892160
1262951308451033089
1262952003770224640
1262952990421520385
1262953176187142144
1262953749762490368
1262953877479002113
1262954181159276545
1262954254358151168
1262954427394252800
1262954796333613064
1262955045743726593
1262959899824316417
1262961836007325698
1262965237612974081
1262965266121719809
1262965447026188294
1262967412133158912
1262967562444423169
1262968045573672961
1262968966789640198
1262969571264299008
1262969584119939073
1262969860298100736
1262970325895184384
1262970502290776064
1262970918688690178
1262971312902823936
1262971981621858306
1262972643415916545
1262973335140478978
1262973572630351875
1262973677332828167
1262976172888961027
1262976554788782080
1262977509395742720
1262978062154715136
1262978237761806336
1262978241234497536
1262978863736315904
1262982300209491968
1262982691655258113
1262982707174227968
1262982736882487296
1262982775897853952
1262982790930239489
1262983115531829248
1262983133634256896
1262983891314491392
1262983954992250881
1262985108149006337
1262986927533252609
1262987204017688579
1262987285378760704
1262987407344926720
1262987610122792960
1262987755413528583
1262988133953667072
1262989312565575680
1262989882906959874
1262990140013772809
1262990438723616768
1262990572446498817
1262991090958970881
1262991107706589184
1262991835473022977
1262991979467718661
1262992752326979586
1262993800567427072
1262996287261151239
1262997109319630849
1262997935693819904
1262999187815141377
1262999258711461888
1263000344222711808
1263000384882176000
1263000463336779781
1263000554097147909
1263003322094505984
1263003322958483456
1263004901950423040
1263005820247257089
1263006049336004614
1263007508660203520
1263007711958097921
1263008657869950976
1263010556979666944
1263011948012199936
1263012729381584896
1263013590652669952
1263013615843651584
1263013731958689795
1263015193757409280
1263016608290619393
1263016839522770945
1263017091487195137
1263018322687393793
1263019080484716544
1263019423641862144
1263019819449761797
1263020577129971712
1263022079152095232
1263023085638295553
1263023245113974784
1263026648515035136
1263027059955302400
1263027247608365056
1263027812056944641
1263028159470923777
1263028229130063872
1263029748285845504
1263029850333417472
1263029992159686656
1263030216160493568
1263030243138441219
1263030417302720512
1263030857071316999
1263031115742244864
1263031407498063872
1263032042893131776
1263034749079216128
1263035060048982016
1263035784933847040
1263035915418710016
1263036460879380480
1263036812676739072
1263037137223430144
1263037400592330752
1263037405814292480
1263037855946989568
1263038384068575232
1263040273686368257
1263041306097528832
1263042208397131776
1263042211928846338
1263043047677407232
1263043187062390784
1263043217668202496
1263043592144089088
1263044828088217600
1263045588851011584
1263046113810137088
1263046966453379074
1263047752138850305
1263048295011758081
1263048326829629441
1263048619336269824
1263049347794710528
1263049732911271936
1263049832756768773
1263051555789389824
1263051737918652418
1263053813205938181
1263053848836476928
1263054454968012800
1263054533950754816
1263055794905350145
1263057541073903616
1263059002813898753
1263061702842519552
1263062664785297408
1263068963824472070
1263069586179543040
1263071114827202561
1263071255650947072
1263071396655058944
1263071894380490752
1263074179173060608
1263075674824179714
1263076372546818055
1263076797664526336
1263077135545069568
1263078139300847616
1263078485293248513
1263078875225100288
1263079741789220865
1263080538606206976
1263081114400428033
1263081648347701248
1263082116960653312
1263084184060526593
1263084408589836288
1263084548079775744
1263084965224255489
1263085731913895936
1263086207732457477
1263086237193252865
1263086404881412097
1263087430099513344
1263088236961820678
1263088683843850241
1263092052704636929
1263093575769821187
1263094327338627072
1263094849517031424
1263096067114983424
1263096595500933125
1263096721636118529
1263096777982398468
1263097062675017728
1263097717716180994
1263099934783365121
1263102605774819330
1263102695725916163
1263104655371821061
1263104727430000649
1263104899539034122
1263105122118197252
1263105179253002244
1263105767294427136
1263105971385069569
1263106336419721217
1263107479166242816
1263111871453749248
1263112081605361664
1263112258655268864
1263112527170482176
1263112699304648706
1263112714471211013
1263112832222138369
1263112952380612608
1263113064561377280
1263114727644893184
1263115473224228865
1263115944383049729
1263121143009087494
1263121574984593409
1263122670817705984
1263127266969751553
1263128412568211461
1263128650326642688
1263131998966525953
1263137410537394180
1263138393858478083
1263138868460695554
1263139585770520577
1263139675419447296
1263147404657901568
1263147800151367682
1263147845156298753
1263147867448975360
1263147888701575168
1263148421247950848
1263148546296930306
1263150590156173312
1263150878153981952
1263152598150008837
1263157879428853765
1263158053190291456
1263158166600196097
1263158455755345920
1263160859846742018
1263161168748859392
1263161344305446912
1263162176082022400
1263162739243057152
1263162968755355648
1263163053035716610
1263163194492796930
1263163347723341824
1263163367948275712
1263163736602349569
1263163779900047361
1263165547941777408
1263165959147151361
1263167013578518529
1263168917427630082
1263172252071321610
1263174312585986055
1263177042025054209
1263179061699833856
1263184735435730946
1263186524541054976
1263190236860907520
1263194166701498370
1263197617523064832
1263202837410037765
1263220895625216001
1263227799508156417
1263238700034428934
1263250959972675584
1263258830974193666
1263262534410403847
1263280344700076032
1263280421997096966
1263288483696668673
1263288716610744321
1263290841751314433
1263301060749176839
1263323081583611905
1263324783187501057
1263328246780833794
1263329656096411648
1263331046306840576
1263363797235970049
1263364031206895618
1263365029279170560
1263380386354049026
1263384078168006656
1263404995375960069
1263435694694977540
1263454650839293952
1263465034438639617
1263469211483017217
1263471795786653700
1263478353799065600
1263480285204750339
1263497218746531840
1263564828209115136
1263661250602467329
1263676171931262977
