id
1262539788344844288
1262565267206537218
1262565459322261506
1262570261510905856
1262574116671897601
1262574302815125504
1262574574194946053
1262579003774259201
1262579843125764096
1262579999342759937
1262585614202834946
1262589692966404096
1262591044807307265
1262594731243999234
1262595752573825026
1262595829614796800
1262597876867186688
1262597995217907714
1262598918539563009
1262601496144818177
1262603341558951936
1262603765963722753
1262604275605266433
1262604659744739329
1262606379065335808
1262606537836703744
1262607999274647553
1262609738438717442
1262612252160647171
1262613293144965121
1262613779247816704
1262613923003424770
1262614573393166336
1262614782265475072
1262618655117979649
1262618760763981825
1262618960442413057
1262620025866915841
1262621541256138755
1262623772122603520
1262626048841101317
1262626226063147008
1262627339990528000
1262629056434130944
1262631896225374213
1262632786634014720
1262633098770092033
1262633910921543682
1262634450770292736
1262634452037046272
1262634660552736769
1262635301857447937
1262637208084729856
1262638214151573505
1262639401995128832
1262640048803139594
1262640473417478144
1262640762304573446
1262641347586076672
1262641779729367041
1262641889674530817
1262641908909838336
1262642568640135168
1262642882835443715
1262642896009695233
1262642984954232849
1262643073009377280
1262644134898208769
1262647054079148035
1262648225766322181
1262648479740026881
1262648513185189888
1262648746690531328
1262649997960466432
1262650187245219840
1262651651220963330
1262652219247058944
1262652992794157058
1262655421019496450
1262655973577101313
1262656129844166661
1262657854646992896
1262658036088229889
1262659801881776129
1262660661403934724
1262661682746339328
1262662748346953728
1262663983338749952
1262664367406972928
1262666098660511744
1262666630208708609
1262667221920124928
1262668353035923456
1262669602124939265
1262669679018930176
1262669866437210113
1262670270696808451
1262670996873580548
1262671214679449601
1262671293381558273
1262671513293066242
1262672145513152514
1262672773085687811
1262673058931904513
1262673583223914499
1262675879395594240
1262676377234522117
1262677266733170690
1262677864941576197
1262678874548289536
1262679538380791813
1262679559238868998
1262680250976067586
1262680632125206529
1262681546353336320
1262681635838930944
1262681701777420288
1262683619157512193
1262683849659580417
1262684185103347712
1262684344247742466
1262684392977301504
1262684519187902464
1262686523226497029
1262687342533509120
1262689487173361664
1262689709064667136
1262690671401590785
1262690733451907073
1262691267416395776
1262691360361996288
1262692266809815040
1262692690510127105
1262693322830692353
1262694030275534853
1262694340121460736
1262695859529166848
1262697711079288834
1262697862963609606
1262697981054275586
1262698711165124608
1262698744258146308
1262699799666663424
1262700153343037444
1262700448009551872
1262700533913137164
1262701332751773697
1262702293926830081
1262702514207485953
1262703107584163840
1262703897358954498
1262704234019110913
1262704727273414656
1262704816951906310
1262705264794284034
1262706881132404736
1262706935041863681
1262706991547297792
1262709713373851648
1262710540469559296
1262710635760103424
1262711471433289729
1262712305617440768
1262712528804679681
1262713211096190977
1262718867471646728
1262719048342810626
1262719094261821440
1262719173542764544
1262719438115287040
1262719562912616453
1262720603653468160
1262720675002773504
1262721678150234113
1262721688195629057
1262722518952992769
1262722602004439042
1262722744711430146
1262723188871409670
1262723808324190209
1262723949936275456
1262724252676968450
1262724777883496448
1262726307239976960
1262731161475747842
1262732425085542400
1262732630677581830
1262732848009670657
1262734321640771584
1262734411012820996
1262734610372407297
1262735722051538944
1262736048494272514
1262736078852820992
1262736885522116609
1262736944947027968
1262738040989990919
1262738063513448448
1262738203565416450
1262739990632697857
1262740139161169921
1262740157721047040
1262740528874979336
1262741177041739782
1262741583134257152
1262742005764853761
1262742328596246529
1262743823127437319
1262743857864687616
1262743982615846913
1262745725546328065
1262747600626651140
1262747855682338821
1262749650622099458
1262750333777801222
1262750398894374912
1262753129726005248
1262753506831724547
1262753539958292484
1262754119992832000
1262754147897470977
1262754503142457346
1262754716859002880
1262754963731542017
1262755718601379842
1262757638174986240
1262758428008542224
1262763044850954240
1262763581377921031
1262765009412583424
1262765034356129793
1262765865201577986
1262766449568833538
1262766659342749696
1262767496299524101
1262767773907910656
1262768366499934208
1262768402239680512
1262770500285104128
1262771240940589056
1262771761374015488
1262772260068343811
1262772423759364096
1262773386251513857
1262773822861660161
1262774516947664901
1262775442223910916
1262778572697206784
1262781154979020803
1262781400115101696
1262781649068142594
1262782021346062337
1262782055785603074
1262782176652939266
1262782408287346688
1262783076381458436
1262783470528585729
1262783856018624513
1262783937601957888
1262784049397055488
1262784912794492943
1262785242013798400
1262785255100071936
1262785367922675715
1262786219068407811
1262786850546204672
1262786905055297536
1262787110940991488
1262787722994999297
1262788708463521792
1262788997509574657
1262789198848892928
1262789211331022849
1262789783492784128
1262791045571436547
1262791888127406080
1262792343507345408
1262792392400404481
1262792778863403009
1262793523457167362
1262794038673051651
1262794609878540291
1262794788291538946
1262795080244609025
1262796420412665856
1262797420313919489
1262797981775851521
1262798976677535752
1262799315870810113
1262799535434133504
1262799841106763778
1262800746241593344
1262802900499288064
1262802958183469058
1262803067285786629
1262803642878275584
1262805746904780800
1262806718322483200
1262813330848264193
1262813372879458304
1262813686147584000
1262817740303171584
1262818586336337922
1262818665411383296
1262820295032705024
1262820298216189952
1262821079183093760
1262823433500594176
1262826461968453632
1262827026010066945
1262828647901249541
1262830029567856641
1262832377144860672
1262833690234798080
1262834908705312770
1262851337709998081
1262852550199410688
1262852813492596737
1262853537517764608
1262864124406427649
1262868179249885184
1262869081159462912
1262874774327328769
1262890548773507072
1262922700118528008
1262929707575754759
1262949940415905797
1262954783473840128
1262955919123509248
1262980916382760962
1262984003415662592
1263065058831151104
1263089354035126273
1263120395181322241
1263173657037135874
1263416247150096384
1264864192076513280
1265992060835938304
1266231012599623680
