id
1256392521728524289
1256392523343372288
1256392525209878529
1256407100088913920
1256407449629716481
1256407541833019392
1256409482428473346
1256417376423141376
1256421208058408963
1256421276983259137
1256426959082528768
1256427087570677762
1256427903505428481
1256428109827502080
1256428457224884224
1256428621213822977
1256430216781737986
1256431082481741824
1256431893014122496
1256432092562350080
1256432148271095808
1256433867868614656
1256434673141637121
1256435025207160833
1256435632429096962
1256435649059717120
1256436718913245184
1256437366572617728
1256439659506339840
1256439682495213569
1256439718029516800
1256439858417086465
1256440434487787521
1256440640252137475
1256441208643166208
1256441713771655168
1256442150952349696
1256444337199763456
1256447079012057090
1256447270272274435
1256447650020372482
1256448609442312192
1256448969112199171
1256449689676808192
1256449815031902208
1256450588952256512
1256451107963822082
1256451999811252224
1256452157647118337
1256452274458509314
1256452392398155776
1256452471435587585
1256452491970936832
1256452732426358785
1256452777179578370
1256453405863600129
1256453793035755520
1256454079338950657
1256454417181622272
1256455391153709061
1256455699636371461
1256455784919162881
1256455879978823681
1256456050666070016
1256456394317770752
1256456676024004611
1256456734866112512
1256456989611372544
1256457666752200704
1256458220727668736
1256458960758063104
1256460103496003585
1256460282789892096
1256460335784972288
1256460675448258561
1256461846879461377
1256462273322745858
1256462611866140672
1256463457525866497
1256463751659823104
1256464816396365825
1256465127458496512
1256466490544607232
1256466891788312577
1256467900669366272
1256468140470525953
1256468163891347456
1256468897366069248
1256469330419687424
1256469694443216900
1256470005127905281
1256470241456074752
1256470301564526592
1256470608860213248
1256470659288322048
1256470846174003200
1256470875462918144
1256470964352802816
1256471180753735681
1256471320134475776
1256471618823438342
1256471812789006337
1256472045740634113
1256472202825719809
1256472881917132800
1256473089606447104
1256473191905546240
1256474575841292289
1256474672310431745
1256475029073612800
1256477204059283457
1256477460654407681
1256477765072715777
1256477782936375296
1256477805581303809
1256478352325648384
1256478937078620160
1256479428168822785
1256479527716507648
1256479561207840775
1256479782163759104
1256480416640294912
1256480518830387200
1256481427912261632
1256481604085575680
1256482373589299201
1256482671397605376
1256482700938051584
1256482854923644936
1256482953397501952
1256483034062184448
1256484566551760898
1256484877655916544
1256484943804248064
1256485604050649088
1256485917805752329
1256485993257058305
1256486026484252680
1256486202917691393
1256486268474585088
1256486944399335426
1256487521711767553
1256488011585503238
1256488228003049473
1256489381491343360
1256489469986865156
1256489792751104000
1256490484786135041
1256490546471636993
1256490589547266048
1256490656924499968
1256490715191873536
1256491165261524992
1256491603893551105
1256492136507326466
1256494071377301511
1256494819842625536
1256495524019990529
1256496449925394432
1256496465049985026
1256496670658801665
1256497147937206273
1256497167419744256
1256497781935493120
1256498043731484673
1256498249763966976
1256498306915667968
1256498457482846209
1256499546282242048
1256499801962754048
1256499938835365888
1256500720041250816
1256501738737037312
1256501743577452545
1256502288836972544
1256502452083290116
1256502705935147009
1256503060727095296
1256503157389049856
1256503492195336192
1256503730804912128
1256504149232939009
1256504243927887872
1256504827045126144
1256504943743287301
1256505023938334721
1256505026614181889
1256505553934827521
1256505575925415939
1256505754137182208
1256506017992458241
1256506031472914432
1256506231331545088
1256506260653916161
1256506414006013952
1256506583577575426
1256506718353227776
1256506798825144321
1256507430420258816
1256508135189053442
1256508897243717635
1256509039091036160
1256509182343290883
1256509496618147842
1256509539114864641
1256509603929485312
1256509668639117313
1256509972864626689
1256510388386103296
1256510484112502790
1256510957011886080
1256511122187915264
1256511227293052928
1256511689245069312
1256512031466967041
1256512154695421952
1256512193434091521
1256512520874950656
1256513087919648769
1256513441625329665
1256513853170446337
1256513984296923136
1256514091411140608
1256514481145868288
1256514812491620354
1256514838496305153
1256515245847216134
1256515564798988290
1256515597363372032
1256515814431141889
1256516053942722562
1256516120976089088
1256516691216850945
1256516980653412354
1256517019849166849
1256518091535613954
1256518401180262400
1256518604742365185
1256518968677990400
1256519359637401607
1256519709425414145
1256519899767123968
1256520280819687425
1256520571459862529
1256521723735916546
1256521960126853121
1256522268840206337
1256522607622418434
1256522937143685120
1256523828995387393
1256523853976743936
1256525173525671936
1256525799353536512
1256526098466107392
1256526390750400514
1256526416880865281
1256526617708396544
1256526687153479680
1256526701909049345
1256527229678350337
1256527237316132864
1256528022422745088
1256528115636948995
1256528127838130179
1256528253142970368
1256528407724044288
1256528509452709888
1256528678176976897
1256528914467352576
1256529200472821764
1256529315098800128
1256529355410247680
1256529578077585410
1256530146795966465
1256530443261800448
1256531400360108032
1256531775100256256
1256532024883662849
1256533072717234176
1256533232469901312
1256534041982955520
1256534565381746690
1256534693001998336
1256534978415833091
1256536181589766145
1256536387341430784
1256536400645758978
1256536864602742786
1256537167758635008
1256537401050218496
1256537812377243649
1256538002056114176
1256538040857759745
1256538914191552512
1256538985096048640
1256539197495640065
1256539273186078720
1256539797243301893
1256539848111828993
1256540094120394752
1256540121806942208
1256541564161138689
1256541609702940673
1256543549581070336
1256543891215417347
1256543986191265792
1256544043367927808
1256544335165886464
1256544350609248257
1256545101037203458
1256545462548455424
1256545709261828097
1256545993698406400
1256546317913878529
1256547337473626117
1256547839640956928
1256548588181651457
1256549196179492864
1256549478158352386
1256550752379682816
1256550782452723712
1256550795043983365
1256551062028222464
1256551537129721856
1256551890424299521
1256552567976292352
1256552774390517761
1256553970841071616
1256554028156231680
1256554567900073984
1256554642269278210
1256554711584403457
1256554878941315072
1256554976031072257
1256555134835814405
1256555263689023491
1256555339018678273
1256555594196176897
1256555784898408448
1256556162905853952
1256556445446868993
1256556938487193600
1256557050932256769
1256557092850163714
1256557169035448321
1256557286279073794
1256557337243815937
1256557682938519553
1256558054817980417
1256558121381531648
1256558350851952642
1256558851974819840
1256559515354316800
1256559837082611713
1256559845009833991
1256559897900191751
1256559930255052800
1256560157774905349
1256560422028587011
1256561010497871873
1256561196859133952
1256561217671487491
1256561364157546496
1256561367865122816
1256561679694848000
1256561885610213377
1256561893398835200
1256562782608281601
1256563598194806784
1256565105464139778
1256565269348130818
1256565553881382913
1256566484714864640
1256567526193946625
1256568497553002496
1256569124815343618
1256569128074149889
1256569527921455106
1256569767579672583
1256569842766766083
1256570403138355200
1256571857886523392
1256572378617982976
1256572454950109184
1256572697636528130
1256573043834380289
1256573224814551040
1256573379693461504
1256573648795627520
1256573991072026625
1256574788216201217
1256575038104367104
1256575467324239873
1256575527529230337
1256575929452646401
1256576644757753857
1256576677129277440
1256577087743418368
1256577774656999426
1256577856752123911
1256578266628005889
1256578478205329409
1256578684980350977
1256579207536226304
1256579364411621378
1256579781711323136
1256580179578589189
1256580386085310465
1256580525793443840
1256580558194446337
1256580606122618881
1256580979826753538
1256581451258175489
1256582180806881281
1256582444557484038
1256582567198949377
1256584410779934720
1256584522482810880
1256584710274248704
1256585009177092096
1256585033063645186
1256585374106816512
1256585570869968897
1256585673437519872
1256586090712125440
1256586165211156480
1256586850442940417
1256586875063549953
1256587237820526592
1256587470906392576
1256588672142581760
1256588795123810304
1256588821677903872
1256588896277651458
1256589222770860033
1256589369105883137
1256589523670183938
1256589653731356673
1256589833658482688
1256590305719201796
1256590346798202888
1256591119489601536
1256591152934981634
1256591201433608192
1256591510268784640
1256592150239707136
1256592169042731008
1256593051847323648
1256593639188262914
1256594308830048257
1256594547167109120
1256594809386610690
1256595033282809856
1256595199956062214
1256596132190285825
1256596693149077504
1256597847031472130
1256598056805584897
1256598543189651456
1256599326815424512
1256599960344080385
1256600315329048577
1256602076114804736
1256602960592658432
1256603729173688320
1256603905246584836
1256605384338440192
1256606711441264640
1256606755326357505
1256606846254645253
1256606874704777218
1256608127195262976
1256609613962555393
1256610944752529408
1256611017267666948
1256611472270135296
1256612517238829057
1256613457639530499
1256613525339934720
1256616631264034816
1256617907619950594
1256619098189918209
1256619659190849539
1256619751239016448
1256620459363373058
1256620601416056832
1256621331661180930
1256621970780717056
1256622913979060228
1256623527362547712
1256624482455707648
1256625750926438400
1256626883128553472
1256627799084822528
1256628461344415744
1256629526043463682
1256629871800995840
1256630017678860290
1256632372084174848
1256632683159044096
1256632847898677248
1256633616270086145
1256633657780920320
1256636911608754176
1256637531124371456
1256637887409512448
1256638190884130816
1256638436330450944
1256638600529293313
1256639058714873856
1256639145411256326
1256639292899721218
1256640001711828992
1256640211653496832
1256640220004364295
1256640466763673600
1256640745089298432
1256641008022028288
1256641055170027520
1256641724232994816
1256641753307688960
1256641845225914369
1256641912234143746
1256642425444921344
1256642451315425283
1256642731797069826
1256642781109456899
1256642799560273921
1256642829755060224
1256642877700083714
1256643011540328454
1256643035896692736
1256644436928286720
1256646057091649543
1256646663872974849
1256646794991169537
1256648629571538946
1256648747456573441
1256649212147761155
1256650017357496322
1256650396904259584
1256650916121329664
1256651530209542150
1256651592402644993
1256652182545264640
1256653564983881728
1256653790750617603
1256653816683872262
1256653857624518656
1256654032959045632
1256655372065976320
1256662256990908416
1256662283662446592
1256664116284002311
1256665424206286848
1256666271409635328
1256666516776353793
1256667389942325248
1256667652509954048
1256667664337956865
1256668306230018048
1256670949950328832
1256673804727627776
1256679525737361408
1256679540086018049
1256683078665134080
1256683666350080000
1256691600236789761
1256697035715117057
1256697062890094594
1256701143754784768
1256705179811971075
1256712815840301060
1256720246733496321
1256746913203970049
1256748289774542849
1256748422054449152
1256748567500292096
1256748580364333071
1256766713456189440
1256786553327755270
1256786570306256896
1256786587557474304
1256787278266896386
1256788770768261120
1256790645836001281
1256796847076708352
1256802843274731521
1256814341522948101
1256815392024080385
1256818006178566144
1256818147585413122
1256818160948387840
1256818174319833089
1256840725079232513
1256844569078947840
1256845019870375937
1256846138541404160
1256858324940623873
1256861063938801664
1256871641742823424
1256893451414560769
1256894616764207105
1256912121230692352
1256927074008403969
1256963793847898112
1256982750978019328
1257008194838290433
1257073821556899841
1257307436572008457
1257335127753007105
1257354826230489089
1257384460959563777
1257384470950432768
1257384484414066689
1257466305109790720
1257509615245447168
1257716296512397313
1257769028917039104
1257928203567599617
1257928225457606659
1257928241488289792
1257928259028877313
1258058960533258240
1259067025202298887
1259767140263084032
1260190980172443649
1261735621300817920
1262021607675039750
1266789330262978562
1270583305143025667
1270606241769893888
