id
1261103265518780418
1261114925096644609
1261116711836811266
1261116782716153857
1261122067241500672
1261129014950928390
1261131764577124352
1261132799525838848
1261133864325414913
1261135494055944193
1261137471263236097
1261143802439442432
1261149917776457728
1261152255111163904
1261154545045889028
1261155359856746496
1261155587737497600
1261157929371066376
1261158900864299009
1261159635874189320
1261159650042548225
1261160140499234816
1261161224739459073
1261162104746176512
1261162392312045568
1261163500157665288
1261164631139237890
1261166928892096515
1261167132890542082
1261167843464249346
1261168686523576320
1261169088430256128
1261169945053978633
1261171174148583424
1261172093057748994
1261173626499330048
1261175055905480706
1261175283677159424
1261175303256379393
1261175759407898625
1261176380600901632
1261176642535219200
1261177034191011840
1261177751672721409
1261177815900336128
1261178739125190661
1261179305960374272
1261179399673651200
1261179423727869953
1261179695669719046
1261180559306502144
1261181012329017344
1261183623442636800
1261183684562092035
1261185320546004992
1261185820431548416
1261186860715401216
1261187090236223488
1261188934228475904
1261192039812591616
1261193362637545472
1261193801609220097
1261194041691197440
1261194409766518784
1261196692944293893
1261196782970605569
1261197366931030016
1261199287473582082
1261199421364207616
1261200667424681984
1261200763616759809
1261201412610043904
1261201965062619138
1261203167884111872
1261203702896971776
1261204046603530241
1261204711161528323
1261205341611503617
1261206021256536065
1261206639601782787
1261207107778613249
1261207720943775745
1261208033100693504
1261208508667699200
1261209089578688512
1261209982353108992
1261210481194176512
1261210901614604288
1261211535642255360
1261211851368644608
1261212001688313856
1261212140343418880
1261212570834395136
1261213087459414016
1261213126491398145
1261213229851701248
1261213425163743232
1261213547423428608
1261215033628876800
1261215363166990336
1261215368707739649
1261216091315015680
1261216314976157698
1261216610934763521
1261217361849352192
1261217428119392256
1261217433446158336
1261217494813102080
1261217513658101762
1261217583837175808
1261218650901475328
1261218953248083968
1261218958725840898
1261219620490534912
1261219752334278661
1261219997679902720
1261220549184966656
1261220567539220480
1261221233116483585
1261221445633359872
1261221467431120897
1261221812689498112
1261221990414692353
1261222081921978375
1261223061220659202
1261223067977748480
1261223338548105217
1261223360337502219
1261224562764677122
1261224629655400453
1261224631215755265
1261224652967497728
1261224738224918528
1261224897671581698
1261225457283932160
1261225796280225792
1261225818753302528
1261226581550198786
1261226703382183936
1261227972922671110
1261228512762974208
1261228987977797632
1261229337229045762
1261230882557497344
1261231073222184961
1261231073825980416
1261231375635660806
1261232112935591936
1261232243038715904
1261232290467897344
1261232343156699138
1261233677608062976
1261233810194169856
1261233958592880646
1261235307711729664
1261235810373758978
1261235855915536390
1261236162896723969
1261236874695315456
1261237757780717568
1261237991789326341
1261238929782714369
1261239200084398083
1261239536748769287
1261239734229250049
1261240267874557955
1261240343107973120
1261240461127069696
1261240957628022787
1261242151695863808
1261242167802167296
1261243004637057024
1261243584721764355
1261243709439348737
1261244053334618112
1261244183534239746
1261244343458975744
1261244367123046402
1261244503878299649
1261244625924296705
1261244903109079041
1261245068049911808
1261245134315958272
1261245679135064072
1261246127007039488
1261247643386179584
1261248004066959362
1261248043745112066
1261248435635683328
1261248825504739330
1261249221837099008
1261249231412703233
1261249600561668096
1261249761350320129
1261252119861932032
1261252363815464960
1261252602257383425
1261252830054289409
1261252936690069504
1261253414672928768
1261254365551132672
1261254537161170944
1261255029798789129
1261257870818988034
1261258344137965570
1261258703434629123
1261259089008406529
1261259258152259584
1261259356114505728
1261260316329066496
1261260647456595975
1261261220310593538
1261261352196280320
1261261973221773312
1261262022169133056
1261262322833584129
1261262652275339269
1261263111618793474
1261263313461272576
1261263714545778688
1261263890312163330
1261264141983023109
1261264331267698688
1261264895770755073
1261265697855832066
1261265797718171648
1261266056531894274
1261266383209455618
1261266420039446529
1261266834646601730
1261266926816223232
1261266972454649857
1261269126145859586
1261269421890236416
1261269692922159104
1261270630378270720
1261271190808727552
1261273049355042819
1261274065035096067
1261275220180185089
1261276057161863168
1261276179446759424
1261276545907191810
1261278169602109441
1261278961448955904
1261278979786510336
1261279021071052801
1261279919197155330
1261281358011412480
1261281481571393537
1261282968951312385
1261283055408316416
1261283462809399296
1261283630279618561
1261283733145030656
1261283912061419521
1261283952083394560
1261284179339128834
1261284494188871685
1261284617929330697
1261284771600031746
1261285249092407299
1261285454386573318
1261285477157568514
1261289001220100096
1261289141808951298
1261289540016386048
1261289763216207874
1261289820015308800
1261290090497597440
1261290432819912705
1261290466290663424
1261290641465769984
1261291529982926852
1261291976424599554
1261292109941714953
1261292952627720193
1261293958321147904
1261294509347889153
1261294652910522368
1261294822863720448
1261295186908413953
1261295439879401474
1261295804192522240
1261296173081657344
1261296335841460224
1261296426132406273
1261296581799817216
1261297268969242626
1261299508069175296
1261299518487871488
1261299557452972034
1261299744766218243
1261300339711541248
1261300484616282114
1261300885512228865
1261300986670231552
1261301229717803011
1261301383333961728
1261301435565817856
1261301500547985408
1261301960675860480
1261301988848959488
1261302581323694081
1261302846844276736
1261303114302476295
1261303216496472069
1261303394339155973
1261303870682132480
1261304484719968262
1261304816195821568
1261305038976122881
1261305124502241280
1261305376798060545
1261305460474380296
1261305631291604992
1261305760627056641
1261305959042949122
1261306074075930626
1261306838701633538
1261306916048900096
1261306936341016577
1261307304965783552
1261307564995870720
1261307829991940096
1261307840272060416
1261308178249084928
1261308197882613766
1261308688502906880
1261308825421766656
1261309092770930689
1261309143756890113
1261309353036066817
1261309969804165124
1261310941997621249
1261311153776594945
1261312143720435723
1261312561980440577
1261313965591855106
1261314257305645056
1261316272719044611
1261316839415709697
1261316996206977024
1261316998367080450
1261317149697536002
1261317172866973696
1261319195238600705
1261319574554845186
1261319623313469441
1261320007922839554
1261320620555464709
1261320860096487424
1261322193775951873
1261322485452201986
1261322973971013632
1261323051553050629
1261324126947405830
1261325103465365504
1261325267810877440
1261325517086765057
1261325624540573696
1261326293670465537
1261326799021027333
1261326825017372672
1261329027350122499
1261329231675453440
1261329688271740928
1261330599127769089
1261330650835156992
1261330847090855942
1261331014757969921
1261331317666406401
1261331327808188418
1261331581312077825
1261331755727908864
1261331991577886720
1261332088009056256
1261332278795546624
1261333157158109184
1261333392261603330
1261333617340547073
1261335571059937281
1261335767042883590
1261337122449039360
1261338169074683904
1261338220211646464
1261338242130907136
1261338307457216513
1261338910770081793
1261339083613204481
1261339458160357376
1261339914559352832
1261340029818933252
1261341254392008710
1261341353352458245
1261341578343243776
1261343831837925376
1261345680691392515
1261346076109529088
1261346108808343552
1261346786666373121
1261347588030132225
1261348599549399040
1261348709826097154
1261348767111892992
1261349247087071233
1261349329672925189
1261349514587172865
1261349666064445440
1261350023293546496
1261350327665569793
1261350896950079488
1261351087619137538
1261351488514744322
1261352500151517186
1261352685514571776
1261353475478298624
1261353701568061442
1261354129164656641
1261354945132941312
1261355015006019585
1261355204458381313
1261355483773849600
1261362003895037958
1261362642699993088
1261366176078155777
1261368984198238208
1261370202886770689
1261370625131593728
1261371340113633280
1261372002289496064
1261372009113583616
1261373327358095360
1261374917255196672
1261377224504033282
1261381573624033280
1261389903969112066
1261394275603865600
1261426243976781826
1261437097992269824
1261438934082416640
1261442459671818240
1261469197067935746
1261474789006270464
1261481201027518464
1261485736743841797
1261487771463512075
1261495482536337410
1261502854864556033
1261507095310012417
1261507477142675456
1261508938765234176
1261510904144785409
1261515095894626311
1261529334977830913
1261538683733176321
1261540366517514240
1261561266583281664
1261572260722290690
1261573864972320769
1261574173819834369
1261582626659241988
1261585902515531777
1261604610592124928
1261619412500611075
1261619426597707777
1261633477528612865
1261799735255416833
1262023209504911361
1262641483921776641
1262641497599381505
1262642003004674048
1262642018209034240
1263005393304915970
