id
1273045112524689408
1273051947113656320
1273051949449883648
1273053156876795904
1273053779475062784
1273054087240486912
1273054167473418240
1273054917842751493
1273054986050564098
1273055207656525825
1273057552096362496
1273058750178291712
1273059030521413633
1273059186281033728
1273059481312587776
1273060020419129344
1273060283955720192
1273063807162544128
1273065324301058048
1273065820541730817
1273066117775290368
1273066415830908930
1273066627878146054
1273066864583700480
1273067732699721728
1273067995221368834
1273068372452872193
1273068555236302848
1273069254645088258
1273069297389060098
1273070595329028096
1273070752837758976
1273071111857635328
1273072341317070849
1273072382282891264
1273072764455247872
1273072875923288066
1273073796493144064
1273074192993280001
1273074340725010432
1273074638080245760
1273074640185745408
1273074759303979008
1273075142952804353
1273075205733117952
1273075212989247489
1273075317632937984
1273075534986121222
1273075775860649985
1273076418193190912
1273076626767536128
1273077925227622400
1273078185932939264
1273078384801677312
1273078544743018496
1273078840374394880
1273079508875149312
1273081521650298882
1273081539660705794
1273081550351945728
1273082365133426689
1273082865572438016
1273082988792672263
1273083035907317761
1273083626444304385
1273083797123162113
1273084018024570881
1273084325085372416
1273084399739789314
1273084539582115840
1273084599514681344
1273084906508128256
1273084910379597824
1273085064507650048
1273085623759286272
1273085628809228288
1273085966735912961
1273086108910235649
1273086169283100672
1273086511034974210
1273086608233750529
1273086682909118464
1273086773065850886
1273086889554096128
1273087208166055936
1273087588300013570
1273088274718838785
1273089456497549314
1273089599737229312
1273089931351453696
1273090069138518016
1273091511182213120
1273092101912375296
1273092293478629376
1273092369919938561
1273092793972461568
1273092929037500416
1273093074957111296
1273093148504285184
1273093350296391682
1273093804048826368
1273093878565003265
1273093882469703680
1273093884407623681
1273093904171249671
1273093940070227968
1273093966733414402
1273094023163584514
1273094042310467585
1273094068742918144
1273094171595866119
1273094264268959746
1273094326478749696
1273094378446180352
1273094386222538760
1273094471874260992
1273094591730851840
1273094709846704129
1273094756478877696
1273094779501502464
1273094828507701248
1273094828792913922
1273094840855625728
1273094864314515456
1273094893066432514
1273094960154370048
1273095123673497606
1273095235183284224
1273095311536410624
1273095350614704129
1273095522903941121
1273095523809980418
1273095532760760320
1273095698980929540
1273095798096609285
1273095807621836801
1273095842036137986
1273095909161807874
1273095940388388866
1273096421433098240
1273096478790221827
1273096510616592388
1273096538709995521
1273096547283218433
1273096562126790658
1273096565649965057
1273096582221697027
1273096590174060546
1273096647950598144
1273096713956450304
1273096755903676417
1273096786551418882
1273097186423734273
1273097496030519298
1273097605279633409
1273097658991874048
1273098064090324998
1273098112622637059
1273098186534592513
1273098273507639296
1273098410728488961
1273098446073925633
1273098614416592897
1273098669689102337
1273098844105068552
1273098884701700096
1273098886945681409
1273099047239376899
1273099068823257089
1273099083167805446
1273099111131217921
1273099194279084032
1273099304023068672
1273099326395502593
1273099441365348352
1273099559145742338
1273099600568750083
1273099622597169152
1273099672807264261
1273099755686674433
1273099848804380672
1273099881499033600
1273099973991763968
1273099980862087172
1273100059639533568
1273100143060025344
1273100176090112001
1273100182159273986
1273100201931276289
1273100207488671744
1273100246520905731
1273100315378712577
1273100601526796289
1273100698083905536
1273100730040270848
1273100750814617606
1273101100393148418
1273101132689281024
1273101242030526464
1273101400780791808
1273101401854443520
1273101565000384512
1273102947854024704
1273103030343340035
1273103041563185154
1273103095644463112
1273103109422710786
1273103123792515073
1273103181795471360
1273103190150582273
1273103217824587778
1273103235801374725
1273103418660397060
1273103557370224642
1273103567776362496
1273103580153753600
1273103643705847812
1273103728426528771
1273103735615619078
1273103785620123649
1273103832390733824
1273103913697398786
1273104047927635968
1273104091942735872
1273104116257095681
1273104268623568896
1273104287531491330
1273104289037266945
1273104326890852353
1273104352115331073
1273104366082424835
1273104378191392768
1273104378266890240
1273104387561447427
1273104391315304450
1273104440984252421
1273104450983538688
1273104482952523784
1273104617925160960
1273104765103345664
1273104784191619074
1273104849400406016
1273104904471613443
1273104945277997058
1273104958129410050
1273104985635594249
1273105002697981954
1273105066514415622
1273105125603753984
1273105130183950337
1273105142108348425
1273105178863046656
1273105189625573377
1273105254721228800
1273105278444191748
1273105317635776512
1273105347029467136
1273105381804441600
1273105396388040712
1273105408174022657
1273105430642917378
1273105451601846272
1273105452440662016
1273105463790440450
1273105471004696584
1273105490206220289
1273105547844345856
1273105548653797376
1273105552118296577
1273105594900242432
1273105604106760192
1273105608909127684
1273105624205791232
1273105625086558213
1273105625552125952
1273105631373910016
1273105640861454336
1273105655415668738
1273105656086659072
1273105672821932033
1273105676471058432
1273105677469310976
1273105710876962816
1273105713380851714
1273105753268793345
1273105781433552896
1273105805194268674
1273105839671435268
1273105865755832320
1273105888480563202
1273105892406370304
1273105897691197441
1273105916808880130
1273105962937847814
1273105976820973569
1273106017853849601
1273106039379025927
1273106051622191105
1273106063362011136
1273106100976521216
1273106135852220426
1273106245612974081
1273106282795470850
1273106302118608896
1273106316815486976
1273106318904176640
1273106325447327747
1273106413544443909
1273106530523656195
1273106603743551488
1273106610798366726
1273106616091623425
1273106652074586113
1273106679492759552
1273106707468767234
1273106739257380864
1273106764410621957
1273106785675743233
1273106787449933826
1273106871772155906
1273106898301128704
1273106903862849536
1273106910317813760
1273106954051817474
1273106957361197057
1273106985500770304
1273106989153992704
1273106995797770241
1273107028035207168
1273107080979849222
1273107124957204480
1273107126928519168
1273107203508109316
1273107227386281986
1273107229701521408
1273107230435524608
1273107252493287424
1273107307010850816
1273107367576641539
1273107398388056064
1273107433225883649
1273107459234824193
1273107525626454017
1273107575513415680
1273107618727411713
1273107727447924743
1273107764995375105
1273107825926049794
1273107833211572227
1273107904858595329
1273107920226594816
1273107948978540544
1273107958235357186
1273108020298485769
1273108055027310593
1273108055132114946
1273108142344282113
1273108151945084929
1273108159155113994
1273108196471844864
1273108197390368780
1273108221738319872
1273108246396616704
1273108291971944449
1273108317318057988
1273108417390002178
1273108445332471814
1273108540794843138
1273108544003493889
1273108679794077697
1273108697514938375
1273108710177546247
1273108781635903489
1273108783653322758
1273108831376211970
1273108880088797184
1273108901735608320
1273108973105840131
1273108981884616707
1273108994891091969
1273109003757903872
1273109011135696898
1273109037773656064
1273109038146949123
1273109038893539330
1273109112059056128
1273109323363880962
1273109369748684800
1273109382339932169
1273109422705909763
1273109427932069889
1273109450501521413
1273109468587442176
1273109580470530051
1273109592524890112
1273109621306261505
1273109649131220996
1273109660866940935
1273109698896703489
1273109702034030592
1273109748234190857
1273109893264932864
1273109947157491720
1273110055014014982
1273110062127632385
1273110080188276745
1273110111024799745
1273110185465257986
1273110210899566593
1273110303602102278
1273110306861047815
1273110355133313027
1273110371738562562
1273110427732508678
1273110461748297731
1273110585488617478
1273110618774667267
1273110622721490945
1273110635719659526
1273110678413377538
1273110683886981126
1273110827269337088
1273110869115838477
1273110871699529728
1273110946395930625
1273110973231116293
1273111151929438208
1273111279838932993
1273111334314553344
1273111338143944704
1273111427088355328
1273111477780713473
1273111535162994689
1273111563541643265
1273111592520081408
1273111606222901250
1273111650980237313
1273111717678063618
1273111756873830405
1273111788880527367
1273111801341894656
1273111827250122761
1273111843767189506
1273111880253542401
1273111937887416326
1273112027922391040
1273112047589392385
1273112090530795522
1273112110726332417
1273112187960266752
1273112220487094272
1273112223657885697
1273112235221680133
1273112257589903367
1273112368176865280
1273112593151012864
1273112694695047171
1273112916368207872
1273112937092329472
1273113017622855683
1273113058416746507
1273113282493255680
1273113341943263234
1273113398755065857
1273113399824613386
1273113475070468099
1273113601256144896
1273113655337500672
1273113844374736907
1273113883822247938
1273113902910509062
1273113931557502976
1273113974800875520
1273114013778546691
1273114129885167616
1273114224714231808
1273114242036699136
1273114310970138624
1273114486904422400
1273114818539642882
1273114827930689537
1273114904900382722
1273115080603971584
1273115167845494785
1273115178817781760
1273115232530051078
1273115329250701312
1273115404504829954
1273115578610454529
1273115669710725122
1273115704716296193
1273115777021943809
1273115849843511296
1273116032388026371
1273116037903458306
1273116066236022790
1273116125698588679
1273116198977273857
1273116201506439170
1273116360206319617
1273116410718412804
1273116463482703874
1273117032461074438
1273117100551389185
1273117193480404992
1273117365576830977
1273117487090077699
1273117517704298499
1273117531427962882
1273117543058812928
1273117596129378304
1273117639569813506
1273117886756925440
1273117906361028608
1273117936484581377
1273117936828452864
1273117983876022278
1273118032949383168
1273118096413339649
1273118142332645377
1273118189564674052
1273118207629549571
1273118214071951361
1273118294686478338
1273118336675655681
1273118441755545601
1273118497992818690
1273118552489447424
1273118566351548418
1273118617702469632
1273118700204429315
1273118789371125760
1273118797004705792
1273118850087899138
1273118874205069314
1273118894308417537
1273118907835076614
1273118940869386241
1273118993340137473
1273119016459087872
1273119060625166337
1273119165163986945
1273119368365383688
1273119405338169346
1273119461164318720
1273119563027226625
1273119641666310145
1273119649111179265
1273119729549479936
1273119839016628225
1273120037117853703
1273120063365820416
1273120071125291010
1273120301879099401
1273120387275075587
1273120645711384576
1273120739672166401
1273120744931823616
1273120802389602304
1273120808915828738
1273120955712364545
1273120962804944898
1273120971516452864
1273120988771897344
1273121064252473351
1273121081809920003
1273121394914713603
1273121502964125696
1273121559574650882
1273121668429418497
1273121760955838464
1273121787031715840
1273121837543837697
1273121961477115905
1273122086110793736
1273122106532921344
1273122141052055552
1273122206873157639
1273122292013424642
1273122344505139200
1273122367976472577
1273122466051895296
1273122472028770304
1273122524738584584
1273122549891817472
1273122574520799232
1273122575569375233
1273122657765068801
1273122680573693952
1273122710437146625
1273122750010478595
1273122764950470662
1273122809145942019
1273122809900945408
1273122825625391106
1273122846835965957
1273122885398409216
1273122893078110208
1273122909603667970
1273122937722286088
1273123005921734657
1273123066797789189
1273123141334769665
1273123160024666114
1273123236784504833
1273123281059659776
1273123409493450753
1273123424823660546
1273123609842798595
1273123613051424768
1273123636719890432
1273123683180187650
1273123689643589636
1273123724699500545
1273123742852567040
1273123752142876672
1273123879305859072
1273123903624396803
1273123956883632128
1273123960864100352
1273123974348668928
1273124041147236353
1273124047312879617
1273124146311049218
1273124246596857857
1273124268847628292
1273124377257795584
1273124425454497792
1273124479418470401
1273124508640174080
1273124578831843331
1273124667851669505
1273124726257451015
1273124827906351107
1273124872361738251
1273125011994353667
1273125067866746886
1273125070580391937
1273125074892214272
1273125101379244032
1273125151585046528
1273125180844445699
1273125225740275712
1273125244199370755
1273125269814104070
1273125334741901315
1273125337510154246
1273125394464624640
1273125421329059850
1273125441021321217
1273125519870046208
1273125565084717063
1273125571476799488
1273125582293872642
1273125635557392384
1273125750951026692
1273125752674963457
1273125794919874568
1273125902097027075
1273125974067097600
1273126036188942336
1273126053654007808
1273126070263386113
1273126092958765059
1273126195685732354
1273126252078129153
1273126255622262786
1273126294037901312
1273126488762654720
1273126509616693248
1273126519599177728
1273126564792872961
1273126581125484546
1273126611928395778
1273126613887180802
1273126625023008769
1273126685593014272
1273126723127840768
1273126746045497344
1273126762009034758
1273126764106178566
1273126772654125057
1273126814978899969
1273127052615524353
1273127052707803138
1273127064133124097
1273127073549291522
1273127188959760386
1273127366655688704
1273127366999580680
1273127464978571267
1273127578451300352
1273127661494304774
1273127691575844870
1273128291856191496
1273128362584821760
1273128394587361280
1273128477537992705
1273128537365635074
1273128572664807424
1273128640927223808
1273128719528402944
1273128735416422406
1273128790680645638
1273128854027153409
1273128877892780032
1273128882598707201
1273128888542076928
1273128924827078657
1273129021094744070
1273129055152484352
1273129065508229126
1273129067039113216
1273129069102727168
1273129090695024641
1273129097640718338
1273129122311614464
1273129147854925825
1273129150535077889
1273129153043279877
1273129168012742658
1273129170495836165
1273129264888586247
1273129268537671682
1273129298258464769
1273129338452561920
1273129376482279424
1273129393230151680
1273129397596368900
1273129425954095106
1273129431884857347
1273129432316809220
1273129452701192193
1273129471638372355
1273129503729082368
1273129511345938432
1273129536499171329
1273129561027497986
1273129572742070277
1273129621484118021
1273129696419631105
1273129725599404032
1273129742170980352
1273129754372210691
1273129760936296450
1273129835062267906
1273129841819336705
1273129842066800641
1273129852493869056
1273129966608277505
1273129976343265281
1273130046476169218
1273130064247472128
1273130071415500802
1273130100238811138
1273130112830103555
1273130121981984768
1273130149601476612
1273130166756270080
1273130221038952450
1273130257919422464
1273130299170459649
1273130313774960646
1273130317264674818
1273130338227761157
1273130346486382592
1273130348407390208
1273130385166282755
1273130440476549121
1273130467542413312
1273130478116245504
1273130487133941761
1273130520814247937
1273130607904768000
1273130610920427521
1273130636312752129
1273130713844457475
1273130730198118407
1273130742655209479
1273130772308856833
1273130792349241344
1273130795226497026
1273130801597726724
1273130811903160326
1273130816093278209
1273130817284341761
1273130914088996865
1273130932418023425
1273131038311579648
1273131042501808129
1273131086390988804
1273131175427612673
1273131228347203586
1273131326523269120
1273131359960207361
1273131369019912194
1273131417925533696
1273131428100923393
1273131436170756096
1273131467699257345
1273131480705794054
1273131539984003076
1273131576709328899
1273131587958460416
1273131591477452802
1273131686952407045
1273131694330204160
1273131709702320129
1273131725892325376
1273131820553510913
1273131849003552771
1273131862312050699
1273131875654139905
1273131875813462019
1273131893161168896
1273131916754145285
1273131949331275777
1273131955807272964
1273131976220913668
1273131994415849477
1273132000266903553
1273132063512760321
1273132063726632960
1273132092201852928
1273132245327515650
1273132325749080066
1273132353968386049
1273132358141706240
1273132409295450112
1273132463225700353
1273132498097188864
1273132513850949632
1273132516367642625
1273132556720967680
1273132635221614595
1273132638300188673
1273132669774245889
1273132711192989697
1273132737587789825
1273132789978861568
1273132804646338564
1273132901798903810
1273132991364108289
1273133037316866061
1273133077699735554
1273133083173310464
1273133099463905282
1273133099585503232
1273133128970842114
1273133271237316608
1273133414951129094
1273133430432313344
1273133432147771392
1273133600054140928
1273133646749282311
1273133667943157761
1273133698779676672
1273134001805500418
1273134080079650818
1273134208479879168
1273134216864239618
1273134235352776706
1273134238615982082
1273134263077163013
1273134317666029572
1273134427489611776
1273134565205389312
1273134604145360896
1273134615226732545
1273134690912874498
1273134701860052994
1273134753592619009
1273134769388355588
1273134782881370112
1273134803081203716
1273134828662280194
1273134833980649473
1273134845644980224
1273134850984288256
1273134867639918592
1273134877102288901
1273134961244155904
1273134971524468736
1273135000905486338
1273135026339708928
1273135040185196544
1273135137820213248
1273135145009233920
1273135159366352899
1273135160649809920
1273135163992616960
1273135186218291201
1273135202404044800
1273135249527111686
1273135255399141377
1273135261254406145
1273135278430072845
1273135318825385987
1273135361695367169
1273135386064273410
1273135386395586560
1273135503211102208
1273135534991388674
1273135546760597506
1273135584773627906
1273135620173545472
1273135625940742144
1273135642185269249
1273135659843293184
1273135687710236673
1273135701144612866
1273135702079832067
1273135718664192001
1273135743054106624
1273135802663538688
1273135822351540224
1273135829863534593
1273135842526101504
1273135847571886080
1273135862285586435
1273135908691349504
1273135938026246146
1273135950227439616
1273135991436578816
1273136009266507777
1273136018439446528
1273136051771539457
1273136157489074177
1273136164480958466
1273136220726534144
1273136284563918848
1273136325424812034
1273136346157244416
1273136351026831366
1273136352952016899
1273136352981368834
1273136355929993217
1273136364041785344
1273136388314202116
1273136388662312960
1273136457218232321
1273136537501401088
1273136633106305026
1273136650621779977
1273136677020749825
1273136734373584899
1273136734474252288
1273136931262652418
1273136961428033543
1273137020731301888
1273137030420148224
1273137077861978112
1273137104122458113
1273137110489485315
1273137122669670404
1273137156542861315
1273137186121093120
1273137186758635520
1273137188260151304
1273137192139882497
1273137194467758080
1273137197806432258
1273137215774826497
1273137235630620675
1273137266886672387
1273137302802444289
1273137326647119877
1273137329801170949
1273137361241636865
1273137364517507075
1273137366471974918
1273137422516334600
1273137447266893824
1273137448793636867
1273137476559933445
1273137490740875265
1273137511041249281
1273137515759841280
1273137517651464194
1273137528984436738
1273137546416066560
1273137566871666689
1273137568658448384
1273137596814757888
1273137619124224001
1273137664565358592
1273137695410315264
1273137696668516352
1273137705032069120
1273137713542320128
1273137745725186048
1273137775211098113
1273137843909603330
1273137942492479491
1273137946397487105
1273137985664561152
1273138022171762688
1273138024625438720
1273138034318413826
1273138038730883076
1273138065700159488
1273138102354292737
1273138151033364480
1273138191713947648
1273138218804883458
1273138231937286145
1273138231954100224
1273138274144595968
1273138291500552194
1273138297213202432
1273138313923346433
1273138324396544000
1273138416054611968
1273138424615141377
1273138435696611328
1273138445985161217
1273138468839882753
1273138469527851011
1273138484790910979
1273138486909063171
1273138488758714372
1273138514352320520
1273138537303588864
1273138547927719937
1273138552025595913
1273138552168218624
1273138588423684099
1273138635844521986
1273138666379128839
1273138668262371328
1273138714349383680
1273138738974068737
1273138792229212165
1273138899792080897
1273138907631226881
1273138916376412160
1273138929152262144
1273138935615705090
1273138959464443904
1273138973133717506
1273138994709245952
1273139004607692801
1273139024375558150
1273139067740459009
1273139070500245509
1273139146224214023
1273139231083433984
1273139300998287360
1273139317288980481
1273139338805731330
1273139398931079179
1273139486382264321
1273139494737391618
1273139513745907720
1273139609967431681
1273139659560935424
1273139697225785345
1273139814372716544
1273139939841134596
1273139956647690240
1273140095160397826
1273140133588541441
1273140181219119111
1273140186092916738
1273140250051780610
1273140326203564039
1273140438912970753
1273140473167781889
1273140524141207552
1273140549474816001
1273140563165032448
1273140630198390784
1273140671176720389
1273140683084386304
1273140688360804358
1273140692664168449
1273140695193264131
1273140821001306112
1273140849979916291
1273140873535119362
1273140937695408133
1273140937921830914
1273141155933442048
1273141191790465030
1273141278889447430
1273141282295164930
1273141314167726082
1273141324695449601
1273141344622567425
1273141365115928579
1273141377942110212
1273141421931888641
1273141464181157890
1273141480295727111
1273141536839077890
1273141540500787201
1273141545324158976
1273141581302902785
1273141596343721990
1273141692917592065
1273141761074921476
1273141810806829058
1273141907833708544
1273141929967063042
1273141972430192645
1273141972711149568
1273142009088393216
1273142051924779010
1273142052738469890
1273142077233250304
1273142114541584384
1273142127195807746
1273142212889624576
1273142237157904389
1273142267210063872
1273142307144044544
1273142368519192581
1273142470302466050
1273142512732028929
1273142709931462660
1273142825262120966
1273142855691837440
1273142895504130049
1273142997140541442
1273143036470611970
1273143096382029826
1273143100089778178
1273143133170171904
1273143138257960961
1273143211079458817
1273143262996508677
1273143280016994304
1273143375882072065
1273143377714917376
1273143429875326976
1273143450393870337
1273143467129126914
1273143501094563841
1273143506438180866
1273143566823538689
1273143640131612673
1273143673262428163
1273143781014097920
1273143781655744518
1273143811473059842
1273143873657847809
1273143876770029571
1273144020286529537
1273144088477544450
1273144132261773315
1273144244463681536
1273144245323472896
1273144256543236098
1273144303708188674
1273144333190017024
1273144334775472129
1273144345206677509
1273144411866763265
1273144414244933632
1273144421987606528
1273144433140260866
1273144476924555264
1273144569513816064
1273144578930020353
1273144581614338049
1273144594138570754
1273144635498651649
1273144655069229061
1273144656398778368
1273144666691645440
1273144678813220870
1273144683112300549
1273144701961601024
1273144836313550849
1273144886552932353
1273145017176133643
1273145145689587712
1273145188622512128
1273145239771979777
1273145256721211398
1273145297087102978
1273145433183916039
1273145510367571969
1273145547260604416
1273145593347653635
1273145610993008640
1273145655180120069
1273145699635548163
1273145700306558978
1273145790727405568
1273145899905093632
1273145911867322380
1273145927969144832
1273145957119655942
1273145958801575936
1273146067606003721
1273146165312307202
1273146189794488322
1273146226192547841
1273146250939039748
1273146336511229955
1273146385622282241
1273146443788886022
1273146454740172802
1273146481336352769
1273146538483646466
1273146612446105600
1273146669417316355
1273146750669291523
1273146753987022848
1273146764741271556
1273146792285294599
1273146794382327812
1273146874166489089
1273146900682878976
1273146973856714755
1273147041460477952
1273147042878173186
1273147066643107840
1273147066915663874
1273147167654412288
1273147167801315331
1273147172138205186
1273147179440517123
1273147219416399872
1273147228627054592
1273147258394025987
1273147290937692161
1273147302123917312
1273147359720017934
1273147362123419651
1273147364572901379
1273147371141152769
1273147372487442432
1273147395661074432
1273147459590598656
1273147478079143936
1273147504717107201
1273147522387714050
1273147563504553990
1273147611411894272
1273147621302054913
1273147672329846784
1273147706349891584
1273147721625620481
1273147738084048896
1273147745738600449
1273147750473924612
1273147763304337410
1273147798607757314
1273147817230577664
1273147829914132481
1273147855243563008
1273147875418083329
1273147913779195911
1273147967407611907
1273147996755185664
1273148115579781120
1273148141097934848
1273148254100865025
1273148305938186242
1273148347235393536
1273148354990608386
1273148395566313473
1273148408799334400
1273148411542470656
1273148444270628874
1273148510242775040
1273148607403888640
1273148767735361536
1273148815005093888
1273148934223953921
1273148940662308865
1273148992537407490
1273149055036796928
1273149160947175424
1273149273698336769
1273149391579361280
1273149497519063040
1273149542632960000
1273149573603745800
1273149686736715782
1273149704562520065
1273149705485258752
1273149754642501635
1273149881046220803
1273149970577854464
1273150019198242818
1273150022968840193
1273150026089402370
1273150049799766016
1273150106431369216
1273150260655853569
1273150310299635713
1273150344915189762
1273150365148631042
1273150385201577984
1273150419162804224
1273150615393390593
1273150627057733637
1273150683408207874
1273150793672245248
1273150809950375937
1273151116075773953
1273151171713216512
1273151393520668677
1273151454845513729
1273151456674287617
1273151466988097537
1273151468594495496
1273151574416789511
1273151822635716610
1273151870438162434
1273152089326223361
1273152129360965632
1273152153398509570
1273152289151295493
1273152293215580160
1273152309565034496
1273152441933082625
1273152450267090944
1273152509046067200
1273152537575784448
1273152610254667776
1273152667980873729
1273152682971279360
1273152941218816006
1273152993421070338
1273153053038960640
1273153163793743873
1273153207674568707
1273153288951812098
1273153292890226690
1273153329976262656
1273153359902642177
1273153364533141509
1273153396804026370
1273153420267065346
1273153476239994881
1273153496473317376
1273153664388149248
1273153754913783809
1273153908014227456
1273153936485224448
1273154127187640325
1273154170946760708
1273154280934060036
1273154468956254211
1273154474928939009
1273154558034882560
1273154585213964290
1273154796414029824
1273154812889255937
1273154882250387458
1273155021149003779
1273155108386361345
1273155306076483584
1273155365920702465
1273155432509472769
1273155552571523073
1273155559911546880
1273156018357354497
1273156106194468867
1273156132593377282
1273156260590952449
1273156274759368706
1273156274906181639
1273156289514913793
1273156322901536774
1273156480754122754
1273156488807276544
1273156513897594880
1273156765245415430
1273156933181149186
1273157021735534593
1273157050068021249
1273157090366939137
1273157116459651074
1273157231685570561
1273157368180871174
1273157491870912512
1273157539895611393
1273157565397041156
1273157630140338176
1273157638956687360
1273157657319309312
1273157706380120066
1273157728739958786
1273157883056869376
1273157972781412355
1273158047314120704
1273158114800472066
1273158242865119238
1273158266252603395
1273158411467853824
1273158484746518534
1273158570645782531
1273158579474874369
1273158777492078593
1273158790406430721
1273158910682202112
1273158940927328256
1273158977401106433
1273159087228928001
1273159165431754757
1273160009011138560
1273160144914874370
1273160231351091205
1273160354906980355
1273160422456274946
1273160634826457090
1273160889420611585
1273160958559518722
1273161118010179586
1273161251338813441
1273161355118460931
1273161437041569792
1273161513944207369
1273161542733828097
1273161661965361152
1273161694861307905
1273161717938339841
1273161727954358279
1273161817020403713
1273161863761715201
1273162280046338048
1273162284106481664
1273162436317765634
1273162467523342338
1273162509873266691
1273162594296254464
1273162656711610375
1273162707936698368
1273162755999174657
1273162811045220353
1273163125152514051
1273163229615861760
1273163418862845953
1273163522906755072
1273163603005394944
1273163645485232129
1273163696269930499
1273164439244754951
1273164863691513856
1273165207741882371
1273165229308948488
1273165522960633858
1273165606569771009
1273165916608618499
1273166101300629505
1273166319962271745
1273166327734304768
1273166439101366272
1273166772934508546
1273166957249007617
1273167159548620803
1273167357133893633
1273167729873375232
1273167770725896193
1273167770730074118
1273167849549422595
1273168000376606720
1273168036351094784
1273168176856039431
1273168276126945280
1273168553777250305
1273168562908258306
1273168576472629248
1273168785755844610
1273169198378881025
1273169408127614976
1273169429015207937
1273169950216159235
1273169950631440389
1273170147847659520
1273170566476959745
1273170568045645829
1273171205453905920
1273171221782368258
1273171261250813953
1273171431535321088
1273171450946609154
1273171952140681225
1273172038707040256
1273172048370679812
1273172115252969473
1273172246127927298
1273172248875143169
1273172272338153477
1273172338570407936
1273172349664313350
1273172436813590528
1273172442152869893
1273172484066549760
1273172509395992586
1273172517340020737
1273172620960284672
1273172725989851136
1273172747699585025
1273172756885053442
1273172770881449985
1273172831073959937
1273172867992227840
1273172907112439812
1273172929971396609
1273172957058260997
1273172991950585856
1273173034195656704
1273173107835109376
1273173175350767616
1273173285560291330
1273173311535661056
1273173318603026438
1273173420008751111
1273173425348055046
1273173474467594243
1273173519199854598
1273173536765599745
1273173543384162305
1273173644735328259
1273173684581273600
1273173723177254913
1273173731041574913
1273173733348454400
1273173843071434756
1273173913221115904
1273173940698038272
1273174063792488464
1273174073355440130
1273174097158168576
1273174121099284480
1273174204867903488
1273174251181346823
1273174276229730305
1273174388360298499
1273174404386734081
1273174433323192321
1273174445172146176
1273174453724332034
1273174616643698695
1273174627418808320
1273174749154336771
1273174769282809856
1273174835477336064
1273174873586663426
1273174879777554433
1273174923058561027
1273174953723146240
1273174978486251523
1273174978633105408
1273175249014620161
1273175253037076482
1273175279230496768
1273175301405769736
1273175354501464064
1273175374793490435
1273175423585828867
1273175439654215680
1273175549943390209
1273175575650336768
1273175655107170306
1273175741803487233
1273175852210163712
1273175858845532166
1273175876008632320
1273176063686959105
1273176135266861066
1273176280817709058
1273176328896946176
1273176450238210048
1273176674377641995
1273176769575649281
1273176912056258564
1273177014627962880
1273177115211583488
1273177157808857088
1273177178209992704
1273177179757690882
1273177412877107208
1273177548868988935
1273177647397384194
1273177704209186816
1273177720051154947
1273177738875191304
1273177758798172160
1273177836845744128
1273177852851171328
1273177887668154372
1273177901752619008
1273177983344422913
1273178000595521540
1273178002554322945
1273178156699172865
1273178160868319232
1273178232406388737
1273178252476112898
1273178261426765824
1273178314040107009
1273178334067900418
1273178572107264001
1273178579187228672
1273178637253185537
1273178750113505282
1273178820208734222
1273179444820299786
1273179451614953472
1273179723015880705
1273179733698756608
1273179743190466560
1273179849297989639
1273179966579052545
1273180023319678986
1273180190412341249
1273180212302315522
1273180251519176707
1273180291717304327
1273180305193496576
1273180306070220802
1273180366438883329
1273180412395900930
1273180421182767104
1273180426597785601
1273180459548237824
1273180477482991616
1273180674925658115
1273180703010615296
1273180900638023680
1273180913216688134
1273180975254601729
1273181005168418816
1273181119467466752
1273181229093998592
1273181328586846208
1273181417955082240
1273181484375879680
1273181614667780096
1273181626873176064
1273181644405518338
1273181654790492161
1273181670879801345
1273181672591314951
1273181768234000384
1273181841504251904
1273181931220488199
1273181949511647232
1273182053937209345
1273182099214864384
1273182167976128512
1273182198661885952
1273182225383804931
1273182424768241664
1273182449514754051
1273182460877078528
1273182496583081984
1273182640854781952
1273182792839581696
1273183030476242944
1273183064651370498
1273183188966354946
1273183254070231040
1273183296697008128
1273183407707570177
1273183580705951744
1273183622409961473
1273183731675574272
1273183802655997952
1273184047456378880
1273184058592264192
1273184118482886656
1273184134869835776
1273184167711272960
1273184280152137733
1273184346376073216
1273184522767564802
1273184543529369600
1273184556275957760
1273184630213160970
1273184781300305920
1273184882500308992
1273184961512628225
1273184999945252866
1273185021554118657
1273185042949271552
1273185065715986432
1273185119059283968
1273185176328134656
1273185188806193152
1273185267260645377
1273185367961661441
1273185403541917697
1273185632748273664
1273185774368722945
1273185781490704385
1273185794367164416
1273185977595396096
1273186070432067584
1273186110148014081
1273186120902209536
1273186181102985216
1273186598633365504
1273186657223626752
1273186763008163840
1273186783157616640
1273186860769009664
1273187032144031744
1273187041019219974
1273187335362842624
1273187430623899648
1273187448411918337
1273187459749146625
1273187479668039681
1273187525629100032
1273187610526199808
1273187627298992128
1273187643862310912
1273187675118292992
1273187680038219776
1273187686673612800
1273187722752999424
1273187732160868353
1273187760333942785
1273187778835038209
1273187861429280768
1273187884695080963
1273187912507482112
1273187946678480896
1273187975912812545
1273188006938021889
1273188012570980352
1273188031910932484
1273188108020801537
1273188145874403329
1273188238379769857
1273188260529836032
1273188273117171712
1273188339131256832
1273188355023364096
1273188440742354945
1273188447826542592
1273188459855769600
1273188480756019200
1273188492906881026
1273188504202285057
1273188505795981312
1273188548359811073
1273188554995150849
1273188574637076481
1273188576042221570
1273188840069427206
1273188877730082816
1273188888442310658
1273188892670218241
1273188984450019329
1273189007510233088
1273189036924866560
1273189128184586248
1273189163550957568
1273189166440824832
1273189199886327808
1273189209126301698
1273189293352030208
1273189456716025857
1273189855246217216
1273189863127306240
1273189980098097153
1273189996975939584
1273190017146314752
1273190060481900544
1273190087438684162
1273190107835760641
1273190170632884229
1273190252711051264
1273190290438778880
1273190294645686273
1273190344054587394
1273190388082241543
1273190535780380672
1273190542646505473
1273190555154087937
1273190566801670145
1273190578881257472
1273190630642991104
1273190825732816896
1273190853016580097
1273190949787545600
1273190960881496064
1273190977176403969
1273190994775687168
1273191042074808321
1273191085330718722
1273191139592425472
1273191202116890625
1273191350687670275
1273191523778269184
1273191661464702976
1273191696784863233
1273191904063168512
1273191949206355968
1273192155947732997
1273192271479881728
1273192552473128961
1273192632512999424
1273192728227020800
1273192742156410881
1273192761412345856
1273192769314410496
1273192788851429376
1273192790479036416
1273192815166554112
1273192821042880512
1273192841498562563
1273193027385921537
1273193101612453889
1273193180356198402
1273193434258366464
1273193455955570688
1273193623509594113
1273193634955964416
1273193646930554881
1273193772080181250
1273194101345665024
1273194105565097985
1273194307722207232
1273194394452209664
1273194412495888385
1273194424801976327
1273194427222118402
1273194492829396992
1273194503571046400
1273194523338792960
1273194558243758080
1273194558604468229
1273194559552368641
1273194610815152128
1273194668696600576
1273194719032442888
1273194865929736193
1273195024545484800
1273195063875637249
1273195079348260865
1273195335637065728
1273195393170288640
1273195518470979585
1273195525886685184
1273195691385356288
1273195743512162304
1273195825447878657
1273195898520997888
1273195905550704640
1273195963499216896
1273195992154697731
1273195994880937986
1273196070479245312
1273196150737125376
1273196248904974347
1273196268383350784
1273196334502211584
1273196362134204418
1273196380639485952
1273196391053971456
1273196435970813952
1273196537078624257
1273196550726905857
1273196555768434689
1273196601566048258
1273196634109706241
1273196750832979968
1273196815915991040
1273196878763417601
1273196883129905152
1273196897503592450
1273196915643912192
1273196957188554752
1273196966416125952
1273197032363094016
1273197036620271617
1273197066232070145
1273197158770937856
1273197163984674823
1273197200953073664
1273197256917819393
1273197271979626496
1273197323380600833
1273197397838041089
1273197442683396098
1273197461750706176
1273197498757255168
1273197517467865088
1273197520710103040
1273197536241520641
1273197689170100225
1273197754689282053
1273197783592271873
1273197996126007297
1273197997317226496
1273198012525772801
1273198031635050496
1273198075654189056
1273198121099513856
1273198219665666049
1273198324414246914
1273198330470785025
1273198365971529729
1273198925298585600
1273198955371741185
1273199052302123008
1273199247052029952
1273199288093302785
1273199381936844800
1273199521141600257
1273199544776503296
1273199562941804544
1273199568159510529
1273199629031653378
1273199646811160577
1273199661050806272
1273199769909895171
1273200033777643520
1273200068300955650
1273200104145424384
1273200173590679553
1273200179500453890
1273200283473129477
1273200293308624896
1273200302955597824
1273200311889473540
1273200314477314049
1273200709324898304
1273200728165584896
1273200744733323269
1273200761887879170
1273200764312158209
1273200778237194241
1273200824085131265
1273200842485661696
1273201110178656256
1273201291930423296
1273201402198634496
1273201502450925568
1273201565441163264
1273201571044577280
1273201645862522883
1273201649255768065
1273201805770416129
1273202038457774082
1273202055042093061
1273202611236122624
1273202632329314304
1273202691720671234
1273202697806757890
1273202892959145987
1273202959875051520
1273202971757576193
1273203232769105920
1273203240792809472
1273203269523906560
1273203277585190913
1273203352218681344
1273203589641461761
1273203591214317570
1273203660017680386
1273203833628274689
1273204032782446594
1273204181084467201
1273204297644126208
1273204307861442560
1273204323258732544
1273204362207059968
1273204393521766401
1273204409997156354
1273204417374937093
1273204430884581376
1273204439055134720
1273204439827046400
1273204450421686273
1273204672963031040
1273204709277396995
1273204768425402369
1273204776960847872
1273204829515472901
1273204882623922181
1273204908880084994
1273205027671126016
1273205029516632065
1273205059585638405
1273205066791452672
1273205120658927617
1273205193400709121
1273205269120475142
1273205270454300674
1273205313647243265
1273205318646820865
1273205339580592129
1273205407020806145
1273205452004708352
1273205650743418880
1273205677851324422
1273205785913430018
1273205788027359232
1273205788987625474
1273206112234291200
1273206113433870337
1273206381223518210
1273206383047917569
1273206443471241218
1273206601613111297
1273206632374079493
1273206693665652737
1273206853095194624
1273206933609050113
1273206998515900416
1273207144490266626
1273207788920082433
1273207848135045121
1273208134040006657
1273208308908863488
1273208817703141378
1273208823973478400
1273208825709883392
1273208955737497600
1273209019931361285
1273209315944349697
1273209318024806400
1273209395891953665
1273209643687243777
1273209694509662208
1273209769931739139
1273209804538822659
1273210121888260096
1273210175718068224
1273210250569515009
1273210316512473091
1273210322896039936
1273210346203799554
1273210449224298496
1273210597983879168
1273210649045164032
1273210665478402048
1273210678715744256
1273210683589607426
1273210702988115973
1273210712697958401
1273210736945385473
1273210772731179008
1273210857904680961
1273210951546793990
1273210993888264195
1273211105272193025
1273211119935447045
1273211355110076421
1273211427788976128
1273211517446602753
1273211533930061824
1273211546869481472
1273211553026695168
1273211570382766080
1273211597222273025
1273211821332234240
1273212036663529472
1273212155907543040
1273212222974701569
1273212246772989958
1273212329019101184
1273212426310295554
1273212437890650113
1273212438641434624
1273212460032331776
1273212463530389505
1273212567553531904
1273212587157544961
1273212602592579585
1273212638193991680
1273212785938370560
1273212904599248897
1273212907929690112
1273212930427781122
1273213127232913408
1273213157700284416
1273213175417233408
1273213480917544960
1273213515822534658
1273213783654240256
1273213818240466944
1273214022406430720
1273214073589522432
1273214126593060864
1273214134209769472
1273214373775806465
1273214418201923585
1273214642790313984
1273214709773336576
1273214903784837121
1273214904338538499
1273214928011309057
1273214976870674433
1273215068214145025
1273215076485365763
1273215358036393985
1273215368597626881
1273215381784498177
1273215386926735360
1273215399341916161
1273215544141873153
1273215614140780544
1273215940793155584
1273215989430333442
1273215993062371328
1273216000326950915
1273216319303778306
1273216353990701057
1273216434127007745
1273216546588913664
1273216585784684547
1273216587089076224
1273216587261067265
1273216618315739137
1273216646946136065
1273216756497051648
1273216769688252417
1273216822121320452
1273217115055706115
1273217383646167041
1273217567365070848
1273217695320813568
1273217704493592578
1273217867526406144
1273218066411732992
1273218131293544453
1273218132694364160
1273218149853220864
1273218164864643072
1273218246221557760
1273218287791304704
1273218365864042497
1273218487826083840
1273218602817040385
1273218605677555713
1273218731032936448
1273218769838411776
1273218789035749379
1273218815254425600
1273218844916477952
1273218851442847747
1273218889678073856
1273218989418635265
1273219527078064128
1273219577447505924
1273219664517029893
1273219711648649217
1273219727473602560
1273220106508742656
1273220119347572743
1273220131401814017
1273220375720017920
1273220531249049600
1273220594071453697
1273220620692619267
1273220744630038537
1273220750732701697
1273220785591681024
1273220808324702208
1273220840629219333
1273220842164543491
1273220970514395137
1273221165947875328
1273221246746939392
1273221259044827136
1273221273292701697
1273221295191154689
1273221335515193345
1273221337293586432
1273221338497310725
1273221343098531840
1273221356608294912
1273221401466421248
1273221462518710272
1273221520597282818
1273221547361046531
1273221571679666177
1273221596967133186
1273221687568330753
1273221705167564800
1273221710506938371
1273221753536278528
1273221761815818241
1273221779503210498
1273221782439251968
1273221832158654464
1273221886705463297
1273221905529462787
1273221909996400641
1273221937360015360
1273221937792073728
1273221963519934464
1273221964862087170
1273221970524422144
1273222063084326912
1273222093627252738
1273222144646721537
1273222151672233984
1273222160555761665
1273222274410110977
1273222291384647681
1273222306811138048
1273222382103101440
1273222406161620992
1273222551385198593
1273222663511539714
1273222706863853570
1273222764913016834
1273222774627028995
1273222789286125576
1273222859465175042
1273222918969757698
1273222937219182592
1273222939001843712
1273222973068017665
1273222976578613249
1273222987647336450
1273223027459649537
1273223028944457728
1273223113656815617
1273223119482703872
1273223163900424192
1273223168807723009
1273223169365741569
1273223169411670016
1273223177582178304
1273223181822812160
1273223267684216840
1273223406759088128
1273223413650329601
1273223444075646977
1273223463436562438
1273223468243443713
1273223570693349378
1273223635277234178
1273223656915603461
1273223691317338112
1273223693196386305
1273223711747747841
1273223781511647238
1273223792945328128
1273223809139539968
1273223868786884609
1273223898910216193
1273223932884054016
1273223975636631552
1273224053738766341
1273224111011979265
1273224166779482113
1273224176036229121
1273224179957952512
1273224193006424065
1273224222601404416
1273224284727468032
1273224309037649920
1273224328369356800
1273224410334445570
1273224418022453248
1273224446053167105
1273224510221795328
1273224537262272513
1273224673350819840
1273224812073115651
1273224815340642304
1273224922270183425
1273224929052291073
1273224989852999680
1273225084531073025
1273225169037746182
1273225179913580544
1273225196313378817
1273225198133641216
1273225305986076672
1273225427784552449
1273225459279388673
1273225462123241478
1273225519786373122
1273225527482933248
1273225556817924097
1273225560685043713
1273225637071855617
1273225658252947456
1273225677936844801
1273225700607242241
1273225741136613376
1273225742780751873
1273225748602433537
1273225923391705091
1273225948729446401
1273225963422146560
1273225968535011329
1273226037598412800
1273226070163181570
1273226095634944000
1273226107274145792
1273226114719191043
1273226117214875650
1273226261960126464
1273226273142145024
1273226293182468097
1273226332411801603
1273226375269216257
1273226507129778176
1273226558916812802
1273226566403678209
1273226754715353089
1273226873065967616
1273226881068924935
1273226978347245570
1273226999150989312
1273227090494513153
1273227108433539072
1273227114532265986
1273227145163096065
1273227164775665665
1273227182207188994
1273227198166638593
1273227257784479744
1273227328156364800
1273227499795701765
1273227580364091398
1273227585665691648
1273227701390721034
1273227721129091078
1273227725067542529
1273227786296025088
1273227815832485889
1273227817623453696
1273227902042030080
1273228012222214149
1273228064831528960
1273228074385944576
1273228092643794945
1273228105503485952
1273228107202179073
1273228142484656128
1273228153331126276
1273228190241050624
1273228202970759168
1273228222105182208
1273228227876499456
1273228312223965184
1273228320595836936
1273228333992407041
1273228374366752769
1273228387302047746
1273228405123592194
1273228412195225600
1273228476489904134
1273228585281687563
1273228605288402944
1273228656383422464
1273228880170504192
1273228896083705858
1273229027742846982
1273229055861485573
1273229062710816771
1273229069560057857
1273229085221634050
1273229110832246788
1273229127110152192
1273229154092306432
1273229351694159872
1273229368857247744
1273229382899785728
1273229402046791680
1273229412222119936
1273229453687001090
1273229464722440193
1273229483089244162
1273229637896663041
1273229668515147776
1273229710567202816
1273229711850627074
1273229752262897664
1273229806629351424
1273229820906868736
1273229870231781379
1273229887721992194
1273230014419308545
1273230030911438848
1273230337246523394
1273230416904720385
1273230425532530688
1273230432352362496
1273230504041435136
1273230517102538753
1273230520357277696
1273230627781763072
1273230661235556352
1273230696010493954
1273230735353114624
1273230752843362305
1273230871537922049
1273230885928628224
1273230916526039041
1273231039893082113
1273231061976137729
1273231072755511296
1273231201906511874
1273231202447548417
1273231242104696835
1273231281728270336
1273231317623353344
1273231327391670272
1273231373944291329
1273231386749493249
1273231410111737869
1273231484548190220
1273231555763134465
1273231565036765191
1273231590319992833
1273231602978557952
1273231607495716866
1273231704895832064
1273231717780750336
1273231726840430592
1273231732779569153
1273231748701159430
1273231768825389058
1273231786277892097
1273231801037623298
1273231809623384064
1273231817919696897
1273231831706382336
1273231832679624704
1273231914518769665
1273231921594560517
1273231935825829888
1273231968344276995
1273231989655683074
1273231995108159488
1273231995510960129
1273232045578190851
1273232049734733825
1273232060132413440
1273232073717760002
1273232100305408000
1273232134438825991
1273232155355709440
1273232165925355520
1273232218513526784
1273232230052032516
1273232243742224390
1273232258531422209
1273232272624238593
1273232272653561856
1273232305553731584
1273232331193503744
1273232357261107201
1273232358141865988
1273232377817399296
1273232384654061570
1273232388521250819
1273232394091462656
1273232402530267137
1273232414647529472
1273232438827728897
1273232441113632770
1273232442141274113
1273232448491380738
1273232479361490950
1273232481144078336
1273232488882569216
1273232542150176774
1273232552216551424
1273232555005927424
1273232555060244488
1273232558457667584
1273232584315555840
1273232596315455490
1273232604343365634
1273232613478563840
1273232625063227392
1273232636463337480
1273232680918773762
1273232720001331200
1273232771305988097
1273232773092741121
1273232840390356992
1273232861634707456
1273232868408356865
1273232911764877313
1273232936616091654
1273232942337150977
1273232947764748289
1273232969025503232
1273232978118766592
1273232986322767874
1273232999341940736
1273233029796790272
1273233036771917824
1273233061497286657
1273233071060344832
1273233099346677760
1273233100210712576
1273233112151896064
1273233129600282624
1273233173275500545
1273233176043810817
1273233193479462912
1273233220310462466
1273233245077794819
1273233280192528386
1273233309435232258
1273233329471385600
1273233337994194944
1273233343711047681
1273233344780591104
1273233370273603584
1273233375298564101
1273233376762159104
1273233382302863361
1273233394671865858
1273233401739264003
1273233442789117952
1273233460216258561
1273233461118033920
1273233513404219398
1273233556857188352
1273233567951106049
1273233573592461313
1273233579187662848
1273233610422665217
1273233641452138496
1273233743310778369
1273233755591696384
1273233759689564166
1273233814450405376
1273233818552602630
1273233819026329600
1273233826404347904
1273233838643113985
1273233849435078657
1273233850592829440
1273233853272842243
1273233863951577088
1273233871199485953
1273233871975284736
1273233891210391552
1273233893806637056
1273233968612012035
1273233969396346880
1273233993169727488
1273234020478812161
1273234022852726785
1273234043086274560
1273234072609775622
1273234083506618369
1273234108399771651
1273234109981052928
1273234111285452800
1273234113483419648
1273234136132698112
1273234172577005568
1273234181225508864
1273234223969628160
1273234226301861888
1273234236753899525
1273234255619870720
1273234298196226049
1273234320358993920
1273234332279205888
1273234332400799745
1273234335546503169
1273234341804433408
1273234349345902592
1273234349354127362
1273234372192202752
1273234377451827201
1273234385714573313
1273234424755220480
1273234430455214081
1273234465091760128
1273234468866715654
1273234484779864064
1273234535782780936
1273234554191413249
1273234554547929088
1273234557689409537
1273234569722949632
1273234572860219393
1273234579529203712
1273234587116691457
1273234602513928192
1273234602950225920
1273234609627676672
1273234617546366976
1273234627017109505
1273234632415141889
1273234640359178241
1273234661901078528
1273234682251898880
1273234691500445698
1273234707140894721
1273234710005796864
1273234747926421504
1273234782487343110
1273234783779221507
1273234796383068160
1273234815643344904
1273234824979984393
1273234838863003648
1273234871570186240
1273234882315997195
1273234884195241986
1273234885872771072
1273234890566234112
1273234894391476224
1273234989065269251
1273234998787739648
1273235039216717824
1273235054727098370
1273235074473848834
1273235103611711488
1273235107344596993
1273235110477746176
1273235139653443584
1273235163330183168
1273235219600965633
1273235236566913024
1273235245500821505
1273235266543611904
1273235270825963521
1273235287485931523
1273235317311418368
1273235331890855937
1273235342003503108
1273235350232547331
1273235391508705281
1273235404687151109
1273235502854856706
1273235526196146177
1273235531728478209
1273235533037109248
1273235561197694976
1273235561281515522
1273235575944822785
1273235622199615491
1273235644945326081
1273235647495430156
1273235695470088192
1273235740650909701
1273235753825300480
1273235777619505154
1273235788314992640
1273235791393640448
1273235809143894016
1273235830593564672
1273235867834871813
1273235928836788224
1273235948617125889
1273235966057119745
1273235969110507521
1273235971681554434
1273235996046311424
1273236002237186048
1273236025092059143
1273236027402903552
1273236029126987776
1273236029412007936
1273236047225163782
1273236057648009216
1273236071690665985
1273236073871638528
1273236081719128065
1273236088451207169
1273236098374946816
1273236165596975105
1273236189189980167
1273236200703307777
1273236223847469056
1273236236132442114
1273236238242246657
1273236261038256130
1273236273411452930
1273236295414734848
1273236299995103234
1273236302436028416
1273236313290895360
1273236331712270336
1273236334291771392
1273236340046532610
1273236349944987648
1273236359877218304
1273236419624923136
1273236429041090560
1273236459701456897
1273236475199369217
1273236481591607299
1273236492098269188
1273236521089331200
1273236534699782151
1273236538680160256
1273236555881164802
1273236588441382912
1273236606606929921
1273236612370046976
1273236664563855363
1273236679277506563
1273236704762007552
1273236710172708865
1273236729126739968
1273236741042757632
1273236746189193218
1273236771560722444
1273236775025033216
1273236776132374529
1273236776614653954
1273236838300266497
1273236847276077062
1273236869308747777
1273236869472350215
1273236918545735682
1273236966864109568
1273236971872231425
1273236981623820288
1273236993808498688
1273237039165521925
1273237060480991232
1273237064029368326
1273237064125825024
1273237071566483458
1273237144253972480
1273237145608687616
1273237180475793408
1273237182128349184
1273237184674328576
1273237195407495168
1273237195957039106
1273237215930245122
1273237237619060747
1273237286059044864
1273237290802765824
1273237315121340417
1273237318762147840
1273237319101759488
1273237339469262850
1273237363527835652
1273237387800309761
1273237396545368066
1273237419932909568
1273237455802470400
1273237493828075526
1273237505945419777
1273237560769130501
1273237562073612288
1273237581656813568
1273237596609458177
1273237602045288449
1273237605337858049
1273237618369560577
1273237697830805504
1273237721348075524
1273237734077784066
1273237741136801792
1273237751375118337
1273237789732003840
1273237867393773569
1273237875908210690
1273237885949374465
1273237891897085953
1273237893801062400
1273237901178855424
1273237911375208449
1273237961992101890
1273238037355364356
1273238047593844737
1273238051678900226
1273238074458116096
1273238084868616193
1273238089310199808
1273238154443554817
1273238169215840256
1273238172193808385
1273238193219923968
1273238194478125057
1273238196592074756
1273238198995439616
1273238209804173312
1273238316205236224
1273238349197664263
1273238350900555776
1273238357187760128
1273238372350189568
1273238391618826240
1273238418538061825
1273238422212075520
1273238448162275328
1273238452109299713
1273238460837457921
1273238461953093635
1273238480944984064
1273238590781153285
1273238614927867905
1273238618157375488
1273238678106566656
1273238684167319552
1273238764517654530
1273238785531105283
1273238792065806338
1273238811154079745
1273238861599014912
1273238883157733376
1273238897711968266
1273238898043269120
1273238917643304960
1273238932654882817
1273238951390674945
1273238954108690433
1273238974358851588
1273238980964651008
1273238988044697600
1273239005279088641
1273239019703287809
1273239033179631617
1273239065832243200
1273239068759994374
1273239136166481920
1273239192349208576
1273239233608781827
1273239268110950401
1273239303020113920
1273239330580910080
1273239371202719745
1273239401724665856
1273239434335367175
1273239471585140739
1273239471597576193
1273239519895027712
1273239557199155202
1273239590049140742
1273239605639290880
1273239644272857088
1273239653450084352
1273239654758625282
1273239712153497601
1273239769435140097
1273239786652708866
1273239878881304578
1273239894987403264
1273239929762406401
1273239929766604800
1273239941187698688
1273239944010403841
1273239951266598912
1273239960896733184
1273239962901712896
1273239965644623880
1273239973802782720
1273239991250857985
1273240011987533824
1273240016802594822
1273240017201098754
1273240019096997888
1273240022204858374
1273240035236536320
1273240086235115526
1273240099812069381
1273240106954919936
1273240130975723520
1273240156200288256
1273240160184922112
1273240173258522624
1273240202040037376
1273240239159611393
1273240254493814785
1273240279659634691
1273240309116239872
1273240312085766145
1273240315852279812
1273240324438032386
1273240329345359873
1273240345464061954
1273240360035028992
1273240421943009281
1273240437692620802
1273240465874186240
1273240478742228994
1273240518290358278
1273240527790575617
1273240529182982144
1273240546853769226
1273240582547095552
1273240628655034368
1273240703699689477
1273240726298521600
1273240730958540807
1273240738038288387
1273240750356959232
1273240795810639872
1273240798679543809
1273240807332556807
1273240811744792577
1273240847606091776
1273240864161009666
1273240866367275009
1273240895769456644
1273240919773306880
1273240923036499968
1273240925423058945
1273240966959230976
1273241032113614848
1273241034743443457
1273241082604773378
1273241110467325952
1273241138254581762
1273241200435163147
1273241252155191296
1273241255116337152
1273241269762838528
1273241403238178818
1273241403548672001
1273241426520932352
1273241462923198468
1273241465460649985
1273241523103006726
1273241529553784832
1273241533341261824
1273241577096388608
1273241609652469760
1273241621211934722
1273241649322156032
1273241657605935105
1273241672294363138
1273241678808092672
1273241706125619200
1273241715449577472
1273241717735518211
1273241720428224518
1273241735951298563
1273241844332150786
1273241876699611136
1273241882466762752
1273241904675782657
1273241921570234368
1273241950032818181
1273241984832946176
1273241994660179969
1273242018332864512
1273242019905720320
1273242028839747584
1273242080953810946
1273242124297723904
1273242137769807883
1273242161933250560
1273242192895635458
1273242207160434689
1273242238718316546
1273242264769302529
1273242287766564864
1273242310159986693
1273242319244808192
1273242357408976897
1273242409313333248
1273242428661587973
1273242435238297603
1273242460081160192
1273242502405910529
1273242524241420295
1273242606042898433
1273242613143879681
1273242615983423488
1273242623520780289
1273242628641878017
1273242646467624962
1273242716021731332
1273242717766778880
1273242741506404352
1273242746753396737
1273242843327475712
1273242879503273985
1273242908750082051
1273242933207003137
1273242956082802693
1273242965071331329
1273242967243812864
1273242975707922437
1273243062504849415
1273243066577502211
1273243067701555202
1273243075926614021
1273243093119066113
1273243184999493642
1273243212832845827
1273243213470461953
1273243217891340299
1273243274438782976
1273243275697115137
1273243276837974016
1273243289697697792
1273243292100997121
1273243305053061120
1273243311369641984
1273243321725378562
1273243335373672455
1273243345628696576
1273243351282679813
1273243375525703681
1273243383243214849
1273243394823745536
1273243418097942529
1273243452772401154
1273243479544496128
1273243490864885761
1273243492446138369
1273243504949391361
1273243507201736704
1273243524587065344
1273243542349942785
1273243550335946752
1273243560846876674
1273243564604977154
1273243597962272768
1273243662068207619
1273243674793533441
1273243705671966723
1273243752669122560
1273243779428806656
1273243791474823173
1273243792217460736
1273243821833256960
1273243824198832128
1273243834017812481
1273243844566560774
1273243883745337344
1273243934177648640
1273243937226977282
1273243993254629376
1273244140185108481
1273244195550003201
1273244215103746049
1273244290701877249
1273244323652317185
1273244354404999168
1273244363078819840
1273244385011007495
1273244397094572032
1273244450643259395
1273244457521999877
1273244474257203202
1273244516430929920
1273244520629452801
1273244602313523205
1273244625872891910
1273244629542989826
1273244642230722560
1273244647284895745
1273244664372445185
1273244676091494406
1273244868089806848
1273244872871489537
1273244903007563776
1273244926709555202
1273245010314448896
1273245026848370688
1273245050198126593
1273245055017312257
1273245063791865856
1273245136172879874
1273245192045260806
1273245194243063808
1273245218540666882
1273245290414305280
1273245420068704258
1273245445138022400
1273245446798884867
1273245496052781056
1273245511223349248
1273245522002800640
1273245660687421445
1273245661949857799
1273245676554596352
1273245696515354624
1273245757550628866
1273245772981719042
1273245789167345664
1273245805869010947
1273245807899262977
1273245810344333312
1273245845010300934
1273245872562683904
1273245879420379136
1273245884642254850
1273245909128630275
1273245917924126720
1273245943505104897
1273245948106256386
1273245955618254849
1273245964158013440
1273245965130952705
1273246015013912582
1273246038845841409
1273246051470737410
1273246068067762176
1273246070777057280
1273246077911592961
1273246081418063873
1273246093594079233
1273246095171338242
1273246103702396928
1273246121549127683
1273246128029315075
1273246135465869314
1273246151236411397
1273246187458457602
1273246192948793344
1273246225513320448
1273246227170197509
1273246248200335362
1273246248728846337
1273246254441492482
1273246266311372803
1273246280353894400
1273246296858456075
1273246309185581056
1273246329494319104
1273246343444574208
1273246356207878145
1273246412021436418
1273246427028656130
1273246451859107841
1273246462437023747
1273246485883138048
1273246504015151104
1273246518636687360
1273246530175000576
1273246542770524160
1273246554330038275
1273246554736885760
1273246576807260160
1273246616493928449
1273246621006876673
1273246633724014599
1273246647796076545
1273246662459342848
1273246702342987777
1273246723368943617
1273246801143820294
1273246894987198465
1273246903749074944
1273246946098991105
1273247050587500544
1273247059043332105
1273247075174477824
1273247119399247872
1273247123014692865
1273247126235959297
1273247146205216770
1273247309749317634
1273247314413568002
1273247330943168512
1273247409813020672
1273247477001404417
1273247481472532480
1273247491018743808
1273247502704074752
1273247505635880960
1273247510992056321
1273247524585762816
1273247560228941824
1273247573352960001
1273247629732790274
1273247649659944961
1273247665690558466
1273247681402601473
1273247705884549120
1273247739304800256
1273247750671314948
1273247795034460161
1273247893705469952
1273247980552728576
1273247982012346369
1273247991298584577
1273247995757096961
1273248009589895169
1273248012505096192
1273248015122227202
1273248017210994688
1273248018217615360
1273248048211247105
1273248062610092033
1273248104947617794
1273248140196327424
1273248179274776576
1273248217887420416
1273248219594518531
1273248235813888000
1273248269020381184
1273248281775140864
1273248302788521984
1273248325458935809
1273248326700294144
1273248327174250498
1273248334300364801
1273248341850091521
1273248342701756417
1273248364226846725
1273248375551348737
1273248439740977152
1273248471584129031
1273248499958607873
1273248502517121024
1273248520342958080
1273248520871350272
1273248542123933698
1273248551384961025
1273248559429640192
1273248581554540545
1273248595630833665
1273248600823230464
1273248611451785218
1273248618510606336
1273248634058883075
1273248653012922369
1273248658268418048
1273248667156115456
1273248668909367296
1273248686542217222
1273248690140934144
1273248850300399616
1273248878653960198
1273248889395527680
1273249036078731270
1273249039358648320
1273249052260368384
1273249071738744832
1273249144153522176
1273249159806476289
1273249206992429057
1273249212973506563
1273249221903134730
1273249233361989632
1273249238193811456
1273249240483913728
1273249296234627074
1273249300911280129
1273249342070063110
1273249345375215616
1273249350400069633
1273249367479275520
1273249384084504576
1273249397858381825
1273249416049115144
1273249417068412928
1273249417194205184
1273249421132734465
1273249433552068608
1273249438425743361
1273249477797851137
1273249488736407559
1273249498806972422
1273249513193472004
1273249513298366465
1273249539500044289
1273249541332975616
1273249550241689604
1273249551625924610
1273249582479073280
1273249593153556480
1273249672543387649
1273249693863047168
1273249713886842880
1273249758371631111
1273249784673886209
1273249900654821378
1273249920363851776
1273249932401500166
1273249956342624257
1273249968753532928
1273249972700377089
1273250000286302209
1273250057647620096
1273250071409115136
1273250087183937536
1273250114509758464
1273250132511854595
1273250133509935104
1273250178548396032
1273250199994064896
1273250203043131393
1273250282638475265
1273250461710086144
1273250498049568770
1273250538230931457
1273250551153610752
1273250558590124032
1273250575182737409
1273250590798131200
1273250674201948165
1273250687112155136
1273250692799631361
1273250694875607040
1273250728174186498
1273250868104531969
1273250873142059008
1273250889478762497
1273250897405947904
1273250897884143616
1273250907216416768
1273250926468362240
1273250935242780672
1273250938640191490
1273250943719493640
1273250977508777984
1273250981757714433
1273251000330027013
1273251032836038656
1273251052507197442
1273251101483995137
1273251107867787266
1273251141032148993
1273251167099777024
1273251257315028992
1273251283940474883
1273251319034216453
1273251331038253056
1273251423078068224
1273251539860230145
1273251541537845250
1273251547728629761
1273251567223750658
1273251594222604289
1273251602346897414
1273251602527215617
1273251608625700864
1273251637411213314
1273251667748806658
1273251676422627329
1273251693510012928
1273251728444387328
1273251736010948609
1273251751701942280
1273251754289901568
1273251774976016384
1273251785252065284
1273251813848842240
1273251856639070210
1273251867011645440
1273251878378209281
1273251878604660737
1273251891099635712
1273251904336785408
1273251950415372288
1273251982648545280
1273251990294888448
1273251999161569280
1273252022473515009
1273252036809613312
1273252047425400834
1273252060348080131
1273252073015050240
1273252140723482624
1273252142636097536
1273252194108628999
1273252234931798016
1273252275243282432
1273252292280455169
1273252476892770309
1273252553057284098
1273252609323757568
1273252619998203906
1273252735731683328
1273252766807322625
1273252838743830528
1273252938522091520
1273252973393481728
1273252989650821121
1273253017102381056
1273253018507653120
1273253098924806144
1273253162166542336
1273253270568370176
1273253346569150464
1273253379238555649
1273253413132828672
1273253435308077057
1273253455457468416
1273253462289989632
1273253465779658753
1273253494342860801
1273253496460959744
1273253521949745152
1273253552966610944
1273253588442050560
1273253606586609666
1273253613742116864
1273253680632827904
1273253704175517697
1273253774421884928
1273253787176583168
1273253795468894210
1273253852649684992
1273253873189175297
1273253933322928131
1273253970710941697
1273254006266028033
1273254046623657985
1273254092458962944
1273254096007573506
1273254154677284864
1273254187019583488
1273254187695050752
1273254212755787776
1273254289289261056
1273254364719640576
1273254417865859072
1273254487549898752
1273254493166034946
1273254541278887941
1273254581607124992
1273254592373854213
1273254615681609729
1273254698523353089
1273254702155567105
1273254706433814528
1273254755985317889
1273254820229427200
1273254832942354433
1273254894833512450
1273254983425638400
1273254988018417666
1273255054795931648
1273255079869665282
1273255113667145728
1273255209838317568
1273255266096754689
1273255302020730881
1273255348455878658
1273255396191264768
1273255451988131840
1273255474167595010
1273255688202883072
1273255910740131841
1273255917169995776
1273255919749488640
1273255954033676291
1273256000976453632
1273256005007077376
1273256035696824321
1273256094786179076
1273256185139879939
1273256201266982914
1273256203779313664
1273256207038296064
1273256244179017731
1273256264332488705
1273256281315241984
1273256294476951552
1273256320381018118
1273256371404718081
1273256379340296192
1273256383941496832
1273256400899043332
1273256422667505665
1273256474781847552
1273256529416687617
1273256571502342144
1273256597574365185
1273256652121108481
1273256816600731652
1273256838012612609
1273256848175452163
1273256852910821383
1273256867888656389
1273256912016912386
1273256968493260802
1273256980690305026
1273256989246676992
1273257023644200960
1273257076521725954
1273257145148903424
1273257162446233606
1273257244461641733
1273257273717071875
1273257309016293379
1273257428562280449
1273257461697384449
1273257462477381634
1273257473822998529
1273257482949758977
1273257484774338562
1273257526838980610
1273257546011144195
1273257575748755459
1273257595281666050
1273257665628499968
1273257846919086080
1273257848194154497
1273257900517945344
1273257901381939200
1273257901918846978
1273257930935070720
1273258007242043394
1273258032223285248
1273258033074671624
1273258035465654272
1273258037768306688
1273258039643078657
1273258070689189890
1273258123483131905
1273258133616562177
1273258209998864384
1273258213937311744
1273258229670305798
1273258292802760704
1273258410138451968
1273258430183194627
1273258434771644417
1273258456053620742
1273258489989734405
1273258496260096000
1273258546960850945
1273258573703770112
1273258603986616320
1273258606482219008
1273258632994381827
1273258644012843012
1273258705077690368
1273258710089912321
1273258715680960512
1273258751198236673
1273258764527783937
1273258783553159169
1273258810073731074
1273258916479004679
1273258950473871360
1273259023005962242
1273259083055808512
1273259109312114689
1273259119269404672
1273259156581965824
1273259172453367808
1273259176257482752
1273259197862342658
1273259387306610692
1273259396123037696
1273259398983348224
1273259458789949446
1273259536917295104
1273259538129383425
1273259544622166018
1273259546853556224
1273259593280425986
1273259619888947200
1273259641846116355
1273259721193951233
1273259777007554561
1273259790483877892
1273259800424570880
1273259804765483016
1273259828027297795
1273259829323165699
1273259833194500098
1273259834784112643
1273259841935425538
1273259846012289027
1273259889222008833
1273259973116641280
1273259993400176641
1273260007333609478
1273260048773337088
1273260051872927744
1273260073117073409
1273260087230885891
1273260109729107969
1273260119216713728
1273260132638396421
1273260143912730625
1273260145301057538
1273260161931464704
1273260177148407809
1273260192541466624
1273260225168986117
1273260283927187456
1273260284812165125
1273260295708794881
1273260367481692160
1273260406820274176
1273260407311028230
1273260566014947328
1273260583714910208
1273260654875435008
1273260689788825601
1273260711838224390
1273260746726612992
1273260783804137474
1273260787272806400
1273260788891791361
1273260811125878784
1273260839215091712
1273260911927521281
1273260948912893961
1273260953853759488
1273260959956480001
1273261006441992193
1273261012108619777
1273261083327819777
1273261177179475968
1273261192627154944
1273261195701522434
1273261214810796039
1273261240865837056
1273261245995511808
1273261260486909952
1273261265356419072
1273261272067264512
1273261290761318401
1273261339503284225
1273261345501134849
1273261369345765383
1273261401168060416
1273261412962299905
1273261418704297985
1273261485653782531
1273261499625037838
1273261516288962568
1273261528603480064
1273261531463999488
1273261554792710145
1273261596979064833
1273261691766112256
1273261705364037632
1273261759697022976
1273261861455060993
1273261882640457728
1273261938277904387
1273261956124880896
1273262019219578880
1273262019337048065
1273262021451165696
1273262093932756992
1273262096831127554
1273262156050386944
1273262164753563648
1273262211167744001
1273262219854180352
1273262257795784704
1273262275852414976
1273262300947009537
1273262344244617216
1273262360053112832
1273262360195502080
1273262411307339784
1273262477271199746
1273262481972948998
1273262542345900032
1273262602953478145
1273262663443906560
1273262771996688385
1273262813289435138
1273262828414263306
1273262831593349125
1273262894818496512
1273262897024479232
1273262958110359560
1273262966926766082
1273262988133167109
1273262994797899776
1273263017048846344
1273263061877485569
1273263073558540288
1273263149181857793
1273263164075814920
1273263215552507904
1273263222066298881
1273263230811545602
1273263240068431872
1273263251153809416
1273263259269939200
1273263269159923716
1273263304744464384
1273263309454598144
1273263334180229123
1273263382867501056
1273263390962577408
1273263425750216705
1273263464438325248
1273263512203100162
1273263537867993090
1273263574874349570
1273263581421686784
1273263591039225858
1273263592075407360
1273263630910287872
1273263636245630979
1273263664339079169
1273263685960515584
1273263760405192705
1273263783318872070
1273263785604640770
1273263816759861248
1273263893846978560
1273263960955817984
1273264033995427841
1273264068984332288
1273264069974335491
1273264119571812352
1273264189134393345
1273264229114470400
1273264350279561216
1273264701728751624
1273264727796224005
1273264808075210753
1273264848344715267
1273264850630848518
1273264854195978240
1273264934453985285
1273264967215546368
1273264988405116935
1273265062501707776
1273265140402716677
1273265171406811138
1273265199194050560
1273265199407980544
1273265242009567232
1273265309588258818
1273265357046906886
1273265379805024256
1273265470414581760
1273265473577082880
1273265480329916420
1273265623565389824
1273265878675550208
1273265880927879168
1273265901714894851
1273265942462525441
1273265960183447552
1273265996455743490
1273266002906640385
1273266087510118404
1273266114768715777
1273266234843258880
1273266256393547776
1273266264039800833
1273266365793619970
1273266412891463682
1273266507448029184
1273266525646929921
1273266568307240961
1273266804777865217
1273266868556451840
1273266873216401412
1273266903683723264
1273266938723143680
1273266959459573761
1273267158466752513
1273267198027415553
1273267232760451078
1273267280265252866
1273267287110246400
1273267299345002496
1273267328726085634
1273267334765899776
1273267445902372865
1273267516874383364
1273267715692572672
1273267751394488321
1273267766439497729
1273267792670633990
1273267821460418561
1273267882747625474
1273267907183534081
1273267910379581442
1273268018840088576
1273268046707085312
1273268114612985859
1273268186796838915
1273268250315419648
1273268271211401223
1273268383685865472
1273268433384206342
1273268434919460864
1273268491315904512
1273268507787112449
1273268623558053889
1273268644013682688
1273268766634151939
1273268933265461248
1273268972717109249
1273269129026211840
1273269332286468096
1273269342310789121
1273269361160024064
1273269387370233859
1273269480244736003
1273269581239300098
1273269690647760897
1273269777264328704
1273269917324701697
1273270082785832962
1273270087508807680
1273270101379215361
1273270131443896321
1273270132500869120
1273270152268677121
1273270246137159681
1273270305746608130
1273270324495175680
1273270386780565512
1273270516317483008
1273270684362268672
1273270696769138688
1273270745276264448
1273270842764390400
1273270851740155909
1273270867296845825
1273270931805237248
1273270959739289600
1273270962700468226
1273271070196289537
1273271077687439360
1273271077767004161
1273271085706833920
1273271152639528961
1273271156611538944
1273271250584891394
1273271255773278208
1273271283682127872
1273271320889798656
1273271335029018626
1273271396995444738
1273271413990813696
1273271524657692673
1273271604118728704
1273271618295357441
1273271653707866112
1273271684238360578
1273271705226502144
1273271740882235393
1273271779805392896
1273271806187585536
1273271832066457601
1273271840815775744
1273271909233410050
1273271924877963266
1273272002791436288
1273272050358968321
1273272246895861762
1273272310129020929
1273272331511595009
1273272333432573953
1273272342144151553
1273272446481772546
1273272446955618304
1273272451653267456
1273272461627240448
1273272469898461186
1273272481709621248
1273272485094416384
1273272493487394817
1273272597015232512
1273272630523510784
1273272681442373632
1273272707606437888
1273272746458312705
1273272758055682048
1273272774643998721
1273272809045753858
1273272924347092992
1273272963022770176
1273273074901594114
1273273077548437505
1273273145886007296
1273273200483303431
1273273266342264832
1273273345165848576
1273273387750699009
1273273389969334274
1273273417265893377
1273273443228594180
1273273469086515200
1273273519644778497
1273273552729305088
1273273569682702337
1273273579950370816
1273273590339629057
1273273597163798529
1273273679527309312
1273273707264241664
1273273708098932737
1273273783659323392
1273273805817827330
1273273816664256519
1273273904056827907
1273273904396595200
1273273973246062593
1273274014627033088
1273274057761251329
1273274072525426690
1273274103818944513
1273274131723612160
1273274207606980610
1273274207984447488
1273274251638747137
1273274270618025986
1273274291971256320
1273274326427602944
1273274333041836033
1273274357213585408
1273274499505389569
1273274511434018818
1273274534456512512
1273274626563469312
1273274653524373505
1273274756238766082
1273274783623413761
1273274830389829632
1273274880327159812
1273274998493343745
1273275012313563142
1273275015509585921
1273275174675083264
1273275241423187969
1273275353570689030
1273275403545620481
1273275473074642945
1273275600371773443
1273275657036812288
1273275715488673792
1273275724636360705
1273275736829259776
1273275769288978432
1273275889107656704
1273275896464433157
1273275999631753218
1273276037711847425
1273276080619573248
1273276092791484421
1273276141252444170
1273276185384910850
1273276207123927045
1273276247993462784
1273276351324106759
1273276388594745344
1273276393451712512
1273276441958838272
1273276504512720896
1273276540646617088
1273276548930363392
1273276582946156544
1273276633441427456
1273276683030675461
1273276703519850496
1273276716623040512
1273276736210231301
1273276759576698880
1273276844809220096
1273276874173513730
1273276933296386049
1273277017065062401
1273277177220366336
1273277323224264706
1273277503683981312
1273277504703221761
1273277853853835264
1273277881171374080
1273277897298423808
1273277994925260800
1273278084301467648
1273278109199085569
1273278122842972161
1273278132745732097
1273278157831847936
1273278235984318465
1273278247933898753
1273278284063633408
1273278363847634944
1273278407191654400
1273278650704592897
1273278704395980801
1273278820187959296
1273279155979776006
1273279212250492928
1273279212732833792
1273279238313893889
1273279254461988864
1273279292323934208
1273279335139618819
1273279361001484293
1273279383331979264
1273279388121829376
1273279426004836353
1273279584100683777
1273279619450503171
1273279713247559680
1273279778867630080
1273279879388241920
1273279942197837824
1273279989656326146
1273280005305327618
1273280068870008832
1273280087601774595
1273280088868401153
1273280106388008960
1273280106971176962
1273280129683173376
1273280145260867584
1273280178966298625
1273280207885987843
1273280225258831878
1273280329835352064
1273280370251689984
1273280402304593922
1273280447020101639
1273280459116445696
1273280517232721920
1273280802621554688
1273280957416484867
1273281007437807616
1273281096952590336
1273281107367047169
1273281120025448448
1273281135187906560
1273281211998199809
1273281216481878016
1273281280075894784
1273281431523913728
1273281504886444036
1273281572783878144
1273281632598765568
1273281637678112768
1273281722491133952
1273281757094318080
1273281764232818688
1273281769450557442
1273281907690598400
1273282016897757184
1273282111689146368
1273282165929725952
1273282168114958338
1273282173273927680
1273282188801277952
1273282209009422336
1273282231981596672
1273282268228771840
1273282397711118342
1273282437124984832
1273282453705117696
1273282471543492608
1273282502493265920
1273282513100652545
1273282670231879680
1273282702486106113
1273282725714128896
1273282752293466113
1273282773864689665
1273282826201296897
1273282848657510402
1273282865174724611
1273282925522325504
1273282974335692800
1273283000176762882
1273283219085856768
1273283422660648963
1273283454591885313
1273283988614860802
1273284138477314051
1273284194630660096
1273284204852211712
1273284233860014080
1273284248468811776
1273284301526691840
1273284354655977473
1273284535451414528
1273284560571133953
1273284793321439232
1273284844726829057
1273284857888600065
1273284872644079622
1273284967221522433
1273284978122428416
1273285216438636544
1273285242728493056
1273285266740920322
1273285269114896384
1273285300131749888
1273285364904411136
1273285373964292102
1273285421544255488
1273285455333650435
1273285535822262274
1273285577496907778
1273285610975850502
1273285734120611845
1273285789007310849
1273285806191341568
1273285848113479681
1273285872058679296
1273286252045799426
1273286253929132032
1273286353145430016
1273286412578639872
1273286424041848832
1273286480392105985
1273286526949101570
1273286573631500288
1273286593944510464
1273286613670363136
1273286663762935808
1273286664517898240
1273286711657689091
1273286711846428674
1273286717361942528
1273286735435141120
1273287068295114752
1273287145235439616
1273287309962567683
1273287323380310018
1273287571565506567
1273287696190849024
1273287727027384320
1273287736791711746
1273287778826989568
1273287789249880065
1273287818211495937
1273288072562487298
1273288125993779200
1273288189017382912
1273288246320001025
1273288271066324992
1273288274107301890
1273288297637310464
1273288305577062401
1273288349004886018
1273288357175365633
1273288421063065600
1273288458010628097
1273288474863403008
1273288552118464513
1273288557071757313
1273288572972363776
1273288576017539078
1273288629540937729
1273288655889555457
1273288792456065025
1273288799783579648
1273288848735264768
1273288880024780802
1273288882910400513
1273288930058661890
1273289013479129090
1273289055879532545
1273289131163029505
1273289270971600896
1273289312235163648
1273289400441421826
1273289401842503680
1273289569148915713
1273289577453633537
1273289599180312576
1273289773969375232
1273289940797808640
1273289983009239040
1273289995021725696
1273290072452853760
1273290146721325056
1273290200341286912
1273290272701427713
1273290280058318850
1273290297917595651
1273290546518220800
1273290690244403202
1273290866325512192
1273290889830400001
1273290955051773953
1273291438457942016
1273291545475715073
1273291550169034754
1273291585250144257
1273291620868186114
1273291666854576129
1273291668859400192
1273291791513550848
1273291842331664386
1273291867816202247
1273291922665123841
1273292087660810240
1273292214316261377
1273292217784795136
1273292317441458176
1273292490141921280
1273292627060748289
1273292687383252992
1273292777074200576
1273292822800560129
1273293018569687040
1273293035439153152
1273293057845194752
1273293438436421632
1273293509349437442
1273293554039717888
1273293727302184961
1273293806968827905
1273293932911157248
1273294057758879744
1273294176524754944
1273294265918119937
1273294356988846082
1273294402421583872
1273294608047304707
1273294681925750784
1273294720555335680
1273294743074508803
1273294847047135233
1273294862549348352
1273294910834085888
1273294981248122880
1273294982380548096
1273295050009534464
1273295085518585858
1273295108503289856
1273295180431384577
1273295195954610178
1273295217798463489
1273295317346029568
1273295464125923329
1273295488784056327
1273295588017102850
1273295593922854912
1273295713506488320
1273295818066460672
1273295830372376577
1273295883417710593
1273295999390191616
1273296168982704128
1273296232916463623
1273296271051116545
1273296323916075009
1273296447186718720
1273296465037684736
1273296651705180161
1273296692163391495
1273296707204165634
1273296859646193665
1273296912687349766
1273296953086861313
1273297286999601152
1273297427450064896
1273297549655453698
1273297581372665857
1273297646015266818
1273297651753037825
1273297671659220998
1273297697504505858
1273297713795231744
1273297721558888448
1273298002031964162
1273298079861534720
1273298094864478208
1273298152645259266
1273298167329460224
1273298277811683329
1273298293901135873
1273298471995334656
1273298574726451201
1273298661275926528
1273298752187449344
1273298824551780353
1273299189854699520
1273299277591089154
1273299356616134659
1273299373137387520
1273299483657334786
1273299552460664836
1273299560312401921
1273299577794224128
1273299615257747456
1273299712230125569
1273299761819312129
1273299766487719940
1273299769398444033
1273299923572678656
1273300113419415554
1273300118402289667
1273300217098407937
1273300364666605568
1273300449345466370
1273300486343364609
1273300592085983232
1273300610088083457
1273300898073079808
1273300923125608448
1273300973381758976
1273300988892524545
1273300998107181056
1273301022732099588
1273301027173937162
1273301032068497408
1273301058664595456
1273301100100153345
1273301127656808451
1273301154546569216
1273301159097192448
1273301180245061634
1273301320141877255
1273301323924963328
1273301336101019648
1273301350638641154
1273301362130841600
1273301439557832704
1273301498483654656
1273301653488189440
1273301731305238528
1273301734434066432
1273301741358870529
1273301748606590976
1273301804537634816
1273301836645179392
1273301862213545984
1273302226404925440
1273302233375895553
1273302537282572288
1273302542340853760
1273302618102620161
1273302828648288256
1273302843680632832
1273302980389818369
1273303523266949122
1273303619471699968
1273303770982539264
1273304071152168962
1273304145215148032
1273304223631814656
1273304260088741889
1273304315000692737
1273304442478051328
1273304525491908610
1273304621293993986
1273304622841487360
1273304674746032128
1273304703066128386
1273304731977502727
1273304914203009024
1273305210304126976
1273305267749388288
1273305297877000193
1273305328235339776
1273305504815575040
1273305786475659264
1273305899071758336
1273305995226185729
1273306067414499337
1273306073886126080
1273306106115223552
1273306157038424070
1273306251846287362
1273306478338695173
1273306639404171264
1273306649986363392
1273306707553161216
1273306742307184641
1273307119693885441
1273307313655279616
1273307388779659264
1273307438507159557
1273308005031792640
1273308174133547009
1273308296498180096
1273308481420881920
1273308733683036161
1273308824082898951
1273308840948199424
1273308878550077441
1273308896996646912
1273309026147680256
1273309042597720071
1273309551173877760
1273309612679151616
1273309658875228160
1273309919320535040
1273310019853811712
1273310068801507328
1273310158085672967
1273310178717372418
1273310210803683328
1273310333449334785
1273310447194656769
1273310471668424704
1273310557769052160
1273310575758458880
1273310630569627649
1273310816209530880
1273310937437532160
1273310989207904261
1273310991661465601
1273311055188557825
1273311344733773824
1273311482193694721
1273311498455011328
1273311607066681345
1273311625638891520
1273311663798640641
1273311689631428608
1273311778768736261
1273311822158770176
1273311868426137600
1273311952148688896
1273312046348529664
1273312182667636736
1273312183451975681
1273312381796376576
1273312487169863680
1273312897578360833
1273313004054962178
1273313131490471941
1273313172934373376
1273313174263984128
1273313200763592705
1273313252106096640
1273313305994510336
1273313426576560129
1273313790327533570
1273314054526758913
1273314145333473280
1273314158331727872
1273314404579241984
1273314611773628417
1273314687132643330
1273314910794067975
1273314934563041280
1273315049185046531
1273315088154279936
1273315247336460288
1273315355268534272
1273315543437606912
1273315698463240192
1273315749965094912
1273315847595909120
1273316029398020097
1273316074381967366
1273316134515666944
1273316303407919104
1273316334424604673
1273316424014938114
1273316614054662144
1273316625760915456
1273316703095517184
1273316953751347200
1273317400184647680
1273317424704614400
1273317589108707328
1273317654133006336
1273318078093250562
1273318164466561026
1273318228178071552
1273318532663488512
1273318542020993024
1273318727916765184
1273319028245721088
1273319179547009024
1273319286455431168
1273319699565199360
1273319781014347779
1273320240919658496
1273320428765732864
1273320601835323392
1273320678830166016
1273321273876070401
1273321498229395457
1273321940652974081
1273322012258168833
1273322985710026754
1273323107386826758
1273323304007331841
1273324176531578880
1273324367468888064
1273324906747478019
1273325918988021762
1273326673878937601
1273326731374428160
1273326744380928000
1273328186307129344
1273328612897198080
1273328971774476288
1273329077164765184
1273329117807534080
1273329534541066240
1273329551234306050
1273329700924870657
1273329713436520448
1273330030584778753
1273330285145292800
1273330869667692544
1273331089960923136
1273331362330599424
1273332287455653890
1273333042979856384
1273333756246364160
1273333799875559425
1273334035994095622
1273334724564520960
1273334859289616385
1273335535524892672
1273335591090995201
1273335816635453440
1273336192713535490
1273336345717379082
1273336350545022976
1273336741022142465
1273337098939088896
1273337114109702144
1273337130417176576
1273337517866188805
1273338179966267397
1273338592568451073
1273338921766629376
1273338985884966913
1273339032051658752
1273339724162269184
1273339859726295040
1273340898831552512
1273340934151782400
1273340944863997952
1273340966737285120
1273341020378247173
1273341037390389248
1273341709817016320
1273342269165195265
1273342424538996736
1273342559138398208
1273342666512764931
1273342714008842240
1273343059317555201
1273343248832933888
1273344021935489024
1273345779009282048
1273345899129974785
1273346854982475778
1273346879900835841
1273346900020932610
1273346904940777473
1273347228330070022
1273348971306442753
1273349003053133825
1273349177628676097
1273351852575174656
1273353866889789445
1273355929208025088
1273357054615285761
1273361616373858306
1273365131993341952
1273365707263279107
1273369604048384001
1273369640249458689
1273371282583650305
1273377453797335040
1273379468900306944
1273383359243141120
1273386330341310464
1273387035668037633
1273387414786985984
1273388075411005440
1273388077340295168
1273388092548878337
1273388103282155522
1273388113079996416
1273388118138408965
1273388120126509057
1273388192956207104
1273388210857672704
1273388513707393029
1273389642339897344
1273391586328498176
1273391746098102273
1273392025824448512
1273393772521373696
1273395892372926470
1273399475436949504
1273399506105561089
1273399963150454784
1273401081071009798
1273401339771379712
1273404589853691905
1273404854505926657
1273405514215383040
1273406042362097665
1273407351316295681
1273407629230891008
1273408110015639552
1273408275514404864
1273408538367459328
1273409927675953152
1273410005539012608
1273410761402941440
1273411410513457152
1273411481778806784
1273412147377209345
1273412368366698496
1273412885612388352
1273412986544128001
1273413224151408641
1273413431584948224
1273413476338167809
1273413928526045184
1273414031819210752
1273414530236727298
1273417227874840576
1273418106317107200
1273419914007601152
1273420026515566592
1273420086964076544
1273420355739107328
1273420598627020800
1273420848926322688
1273421373969362944
1273422740314140672
1273423028890726400
1273423850072453120
1273424096416526336
1273424827202715648
1273424892780670976
1273426986103234560
1273427756286525440
1273427982883799041
1273428221078335490
1273429161340579840
1273429178554052608
1273429703206944768
1273429731799494656
1273429742125846529
1273429856332599297
1273430644287135746
1273430739900497921
1273430879382106113
1273432086062362624
1273432244711874565
1273432335153631232
1273432619095519234
1273433562457440256
1273433689599418369
1273434254568013825
1273434331650891776
1273434811000971264
1273435698738065408
1273436709070311424
1273438099737989120
1273438320823955456
1273439268745043968
1273439574883090432
1273439742898483200
1273440895338078208
1273440990246785024
1273441190512230400
1273441652217049088
1273441916470702080
1273441943905681408
1273442106913128448
1273442197455552514
1273442571331571712
1273442588138156032
1273443296442892288
1273443751025799168
1273444099421384706
1273444880799248385
1273445481192939520
1273446178328211456
1273446390157500416
1273446491814649856
1273446683070722048
1273446858619158528
1273447030090694657
1273447577963294721
1273448894844645376
1273450336967995392
1273450338805329925
1273450423022583809
1273450460175912964
1273450517373390848
1273450651972857856
1273450666485145600
1273450723687030785
1273451348999061504
1273451557783126016
1273451812209586176
1273451969231765505
1273452600629669890
1273454984307204097
1273455011658252288
1273455164112818176
1273456497163300864
1273460226092445696
1273460690636816384
1273460811369836545
1273460869553246208
1273462040737153030
1273462479528448003
1273463333606187010
1273463447145996295
1273463689157308416
1273463805859618816
1273465177539620865
1273465708303708166
1273465951938244609
1273466145777934338
1273466148546174976
1273466315605331968
1273466751938777089
1273467264231079936
1273467669019160577
1273467747586813957
1273467981234794496
1273469539993280513
1273470039346184192
1273470051333496832
1273471223716929538
1273471708494655488
1273471909276123136
1273471980985958400
1273472837945188353
1273475011446075392
1273476157451558912
1273477981600538624
1273478557788864512
1273478863327129601
1273478909359648768
1273479652963573760
1273480005599674368
1273480799149371392
1273481360414404608
1273481458527526912
1273481484137975808
1273481494179090432
1273482219437228033
1273482915100295169
1273483122743508992
1273483602450239488
1273484057611927552
1273484141254676480
1273484227909005312
1273484236645777410
1273484877980028930
1273485093995073536
1273485903344746496
1273486134782222338
1273486283227254785
1273486287736131585
1273486303426904069
1273486321282101248
1273486447950139392
1273486507203006464
1273486545715150849
1273486794772942848
1273487096481636352
1273488219930103808
1273488998191656962
1273489067309535233
1273489212474441728
1273489876831199233
1273492618349965314
1273493528916582403
1273493668918366213
1273495151667810305
1273495232869326848
1273496270800171008
1273496917255872512
1273499297971974145
1273499315948806144
1273500910656737280
1273501907454029824
1273502948920709121
1273505194572054529
1273507656481730560
1273509119995994112
1273513740994875392
1273514332505047040
1273514366399201280
1273520041649041409
1273526558586802177
1273527056601460736
1273528314037059585
1273529047054778368
1273529409278849024
1273530828270694400
1273531337815855109
1273531734831673344
1273532316464242688
1273533184638980096
1273533747300757504
1273534634719014913
1273536951954608129
1273537677778776064
1273539850235285505
1273540837922627584
1273543298838343680
1273552925554438145
1273569986112401408
1273581155388813317
1273589050725871616
1273595777391054848
1273596688607834112
1273602854738178048
1273603702432190465
1273603740877062147
1273619516447023105
1273620576712617984
1273627034984443904
1273628647446872065
1273631195805257728
1273638294803210245
1273638683644620800
1273651996864557056
1273653363016679424
1273653823391911936
1273653845583900677
1273653860029128708
1273653865066500098
1273658890626850816
1273660212025556998
1273660298440761344
1273660998994386944
1273664783527497728
1273666211411136512
1273689224529625088
1273691223975276544
1273758527090118657
1273794709643616256
1273796148768067589
1273800904651702274
1273800940315971584
1273805611579236352
1273809841086066694
1273820800085299201
1273844036932005888
1273844539879391233
1273845321362059264
1273847205481177088
1273852846572818432
1273852850502864897
1273852863672913920
1273852878256562177
1273852909575450625
1273886338282995712
1273974890094161922
1273993112399024128
1273993139766857734
1273993154690154497
1273993167675809792
1273993171937222656
1273999019480477696
1274016938490908673
1274040697461420032
1274134344878211077
1274134373554622470
1274146520804126720
1274168469672480768
1274178972235059202
1274178976387301378
1274178989066723328
1274205226443042816
1274205817290412032
1274205840782680065
1274258299127427072
1274258358975918080
1274258373676920834
1274258732692561921
1274258750015062018
1274258768017018880
1274260102602612736
1274269807479623680
1274269864694149121
1274269877155446785
1274270135683973120
1274270149139238918
1274270162183532544
1274275048187031552
1274275101924442112
1274275126645714944
1274275317759111169
1274275332313321473
1274275344602722306
1274323254002487299
1274323265549479942
1274323271043997696
1274345077595389953
1274349201518817280
1274369392369754117
1274409755256033280
1274464944596176903
1274464949323083779
1274464960949649408
1274507561417334785
1274666699975987200
1274666703276912644
1274811159972130816
1274811164342595589
1274937627926355968
1274955245123260416
1275034389718552576
1275066101840240642
1275201045099143170
1275386660172132359
1275412463928766465
1275412471591780355
1275495174852841472
1275816897695453184
1277145592666308609
1277650946005151744
1283660595430961153
1284891254631718913
1285049242654916608
