id
1272689498200006656
1272706399965872128
1272708165440696320
1272708225117253632
1272712261967032320
1272713395133808641
1272713453220720640
1272716832323932160
1272716937433235458
1272717405228199936
1272721133758906369
1272721340055707648
1272724165670273025
1272725848391471104
1272726653714628610
1272726849135587334
1272728291732938753
1272728393553858565
1272728836531032064
1272728966026018816
1272729112272986112
1272729487193456642
1272729642567262209
1272729912210862080
1272730079471099904
1272730887709319169
1272731908976197632
1272734269924732928
1272734432059744257
1272734563278544897
1272734567502278657
1272735262959824897
1272735384020021249
1272736211115765760
1272736642592206848
1272737220416335872
1272737294038863873
1272737556593958912
1272737816502390785
1272737936426090496
1272738209923915776
1272738560299487232
1272738831423270912
1272741119143473154
1272741560602333184
1272741795252727813
1272741827087437825
1272742324968345601
1272742404752199681
1272743052122009600
1272743656286388225
1272744078711521280
1272744215374475270
1272744590441721862
1272745246514745345
1272746696938680321
1272747572889710592
1272747609564696576
1272747727550464000
1272747782793687040
1272748141045923846
1272748344939511811
1272748438896050176
1272748441634889728
1272748941117808640
1272749402793193473
1272749523379449857
1272749682914021377
1272750046862209024
1272750238713839616
1272750591538630656
1272751076987375616
1272751461126922246
1272752003421138944
1272752578535669760
1272752582906089472
1272752616141815808
1272752827958349824
1272752880814977033
1272753279106027520
1272753846545117184
1272753928422043648
1272754038728126464
1272754235050844162
1272754280584196102
1272754291237740547
1272754549921509377
1272754853115129856
1272755165007712257
1272755919030378498
1272755962240217089
1272756069597540353
1272756123246813185
1272756363496587264
1272756463904022528
1272756549425827840
1272756707538526210
1272756717663563777
1272756739822088192
1272756789927280640
1272757073080512512
1272757430976274432
1272757503223185408
1272757558625792001
1272757582122242048
1272758382445780992
1272758452108931077
1272758472342491136
1272758479829135360
1272759155523121152
1272759166319251456
1272759400415911936
1272759581182005248
1272759761683968002
1272759778486317057
1272760246222467074
1272760755431956480
1272760901683167232
1272761558075011072
1272762522945253376
1272762945919836160
1272762946297319424
1272763002027012097
1272763570887913473
1272764313451687936
1272764401783681024
1272764661390118912
1272764797147156480
1272765132481769473
1272765591640670208
1272765614944215040
1272765841042370560
1272765846843092993
1272766043497218050
1272766056164061184
1272766125160333314
1272766319759224832
1272766657878822912
1272766736132014082
1272767196645650434
1272767208305745920
1272767233668726784
1272767806040272901
1272768264892973056
1272768452344725507
1272769203934658561
1272769205822078976
1272769810850476032
1272770143689441280
1272770337122381824
1272771235848392705
1272771293473955840
1272771402945294338
1272772992590729216
1272773702430552064
1272773788103409664
1272773824182751233
1272774583679139840
1272774685848035328
1272774711001231361
1272774740675973121
1272775483524972545
1272776173735391233
1272776193712979968
1272777014135517184
1272777340175564800
1272777368793473029
1272777429946269703
1272777455640514560
1272777935812845568
1272778229862948864
1272778438370189313
1272779169454161920
1272779188584345600
1272780044528578561
1272780190746198017
1272780331528130560
1272781449431617536
1272781539722452992
1272783237169901574
1272783636421476357
1272784032460406784
1272784198210686976
1272786267302842368
1272786345413337089
1272786480469925890
1272786725237075968
1272786828597354496
1272786933564014592
1272787051205873664
1272787158831493120
1272788176306761728
1272788967952277504
1272789263071862784
1272789757773389824
1272789971389124608
1272791048343846912
1272793276685316099
1272793407585312769
1272793533489885185
1272793634652385281
1272794179349778432
1272794210127626240
1272794958873808896
1272795232413683712
1272795566406160384
1272796267345842176
1272796331753517056
1272796674931347456
1272797230039052288
1272800492750422017
1272801025791946752
1272801655046561793
1272801715637514240
1272801741587636224
1272801803323625473
1272801813775872001
1272801849129578496
1272801941282676736
1272802028226375680
1272802321274040320
1272802367071649795
1272802542502596612
1272802873550630913
1272802883373633537
1272802945059270656
1272803206826000384
1272804054272339968
1272804172287537153
1272804199131013120
1272804199521116160
1272804339304722432
1272804517361315840
1272804537405825025
1272804574307291137
1272804608193081344
1272804689101197314
1272804815974748160
1272804828209541120
1272805024800714752
1272805067981119488
1272805069914689536
1272805615169990656
1272805876609331200
1272806002077782016
1272806044817747968
1272806377279287296
1272806796252438530
1272806861079629825
1272807042550398976
1272807533946658821
1272807950680305664
1272808319552385026
1272808846143090688
1272809083930722305
1272809689181372419
1272809984116441088
1272810237750243328
1272810709391249409
1272811299710226433
1272811795015589888
1272812015547846657
1272812614490324993
1272813363731394560
1272813595705786369
1272813750953754625
1272814303909867520
1272814619237720065
1272814673847443456
1272815022616596481
1272815156729241602
1272815349344251910
1272815430713749505
1272815492873375745
1272815600088145920
1272815675757613056
1272816097713025024
1272816656750796800
1272816720835534851
1272816750338256896
1272817763698962432
1272817966556409856
1272818141916061696
1272818370857979904
1272819616511819778
1272819700154712064
1272819956925624320
1272820545692659713
1272820902976090113
1272821038829584384
1272821464442351617
1272821940286181376
1272822001506193408
1272822202023305222
1272822211007483905
1272822223514947586
1272822270616977408
1272822330285121538
1272822375797547011
1272822400741072896
1272822400980144128
1272822476817367040
1272822493636554752
1272822524498210816
1272822529174859778
1272822590642372610
1272822643389915136
1272822750306897922
1272822781458001920
1272823104863997952
1272823141799096320
1272823173483020288
1272823195104468992
1272823273839947777
1272823276276862978
1272823280026583040
1272823370053083136
1272823374750728193
1272823392308097026
1272823430094573568
1272823441192742912
1272823479113363457
1272823508096053248
1272823587062165504
1272823596218343424
1272823611959599105
1272823640766115843
1272823698311901184
1272823780503502848
1272823781820514304
1272823829136457729
1272823845561307137
1272823857301225475
1272823862598619136
1272823880898408449
1272823908668866560
1272823946556043272
1272823963886825472
1272823985319718914
1272824010204606467
1272824137501696002
1272824144611012608
1272824233752592384
1272824266359095296
1272824298609115137
1272824301717094400
1272824324378865665
1272824330959777793
1272824383703101440
1272824457829089282
1272824560706961408
1272824738335744000
1272824740101513218
1272824743771516928
1272824746258731010
1272824774968795137
1272824859618230273
1272824866605948928
1272824875648815106
1272824903658438657
1272825124194902016
1272825142347919361
1272825149855657984
1272825182067949568
1272825297381945344
1272825355028459521
1272825356752281600
1272825433348689922
1272825478450049025
1272825508833574912
1272825554996129794
1272825559668518912
1272825719203250177
1272825721975537666
1272825762324742145
1272825804376821762
1272825822194229248
1272825995683221505
1272826032588910593
1272826083377737729
1272826102604427265
1272826307965890565
1272826487796830208
1272826576258789377
1272826580574715904
1272827026530017280
1272827093840084993
1272827121342181377
1272827127096766465
1272827152040222720
1272827378293587968
1272827396589096961
1272827458450948098
1272827553028300800
1272827566873690112
1272827640668237825
1272827689003634688
1272827808213942273
1272827921787322368
1272827975969329153
1272828009339252736
1272828338684321792
1272828419542138880
1272828549121011712
1272828803836870656
1272828823906611201
1272828888725385216
1272829059672629248
1272829185858301952
1272829203650449408
1272829413244059649
1272829416129740800
1272829459226177537
1272829473126146056
1272829765100044288
1272829793885581312
1272829850185633793
1272829874458071041
1272829877410906113
1272830137747173376
1272830178591297536
1272830385135644673
1272830586692886534
1272830659107553280
1272830676857794561
1272831079355842560
1272831419857829888
1272831852143710209
1272831951620075521
1272832211033616384
1272832407004012545
1272832470585507841
1272832514910912512
1272832718531727360
1272832776190844929
1272832838790832128
1272832934567768064
1272833178135400449
1272833238566727680
1272833420368830469
1272833576371761153
1272833927263031299
1272834104871051268
1272834238581075968
1272834434236989440
1272834619797377024
1272834945694740481
1272835141312757760
1272835173764067329
1272835689587990529
1272835774568787968
1272835778343628801
1272835803584970754
1272836018115235840
1272836621155528706
1272836648661774336
1272836864152498176
1272836900496105473
1272836959702888450
1272836985418178560
1272837015269146626
1272837071481249792
1272837153945337859
1272837340877082625
1272837741248561152
1272837985747136513
1272838238453956616
1272838685008867328
1272838996050055169
1272839012386996225
1272839182390448130
1272839235305758720
1272839239462313986
1272839333112770561
1272839534967840769
1272839581256294400
1272840152344178688
1272840188947881989
1272840801874137093
1272840859126398977
1272841088122810370
1272841319937740800
1272842243791966208
1272842473786585090
1272842627293933568
1272843025958400001
1272843114328158209
1272843282310213632
1272843823467675648
1272844530698588160
1272844583466983427
1272844622738292736
1272844943480909829
1272845219399036928
1272845439436337153
1272845498144010240
1272845586748698626
1272846545830809600
1272846560649334784
1272846728283078656
1272846903214870529
1272846964825047040
1272846979664494600
1272846986232774656
1272847091056799745
1272847321135329282
1272847330677600257
1272847583203868673
1272847615088975873
1272847923139624961
1272848011488407552
1272848160843460608
1272848404800868352
1272848490620747776
1272849034302984193
1272849055253577729
1272849111448981504
1272849534016565248
1272849593185660929
1272849617198043136
1272849803618082816
1272850040231358465
1272850434860806148
1272850605132914688
1272850833374232579
1272851562906349573
1272851943405191170
1272852163148931074
1272852752054419456
1272852763886546944
1272852783910158336
1272853385687863297
1272853477023047680
1272853586959986688
1272853931060846594
1272854345227227138
1272854577583280129
1272854825483395075
1272854928000573442
1272855990765903874
1272856027319332865
1272856282525863937
1272856295364673537
1272856554698489856
1272856866809397248
1272857105737883648
1272857171219214337
1272857254014808064
1272857366770450432
1272858072520613889
1272858642786615296
1272858712835715072
1272859415704563712
1272859566363967489
1272859921172725760
1272859949442330624
1272859960062300160
1272860065486082049
1272860435805425666
1272860775762124800
1272861003957415937
1272861097922568196
1272861144160415746
1272861192986345472
1272861387484618752
1272861759968350208
1272862886990434304
1272863028405403649
1272863284899844102
1272863354239901696
1272863515611521024
1272863696843227137
1272863860895055873
1272863917014790144
1272863936946159617
1272864135378698240
1272865005944180737
1272865255417233408
1272865446161575936
1272865608812527618
1272865709891043330
1272865728840863745
1272865798390902786
1272866263077777408
1272866513792483330
1272866540061257730
1272866706650615810
1272867189821829122
1272867355626835968
1272868083749646336
1272868153341558796
1272868426286055424
1272868543797661698
1272869654998876166
1272870056267931648
1272871028918644736
1272871203259088898
1272871307948900354
1272871374122479616
1272871951665467392
1272872441652506628
1272872557780361221
1272872805403590657
1272872985028894720
1272872991337021445
1272873212607467520
1272873335450288131
1272873393076002817
1272873795351711752
1272874045642436609
1272874935677890560
1272875311009390592
1272875321721749504
1272875457180954624
1272876445728075778
1272877554236444672
1272878735050457090
1272878849043259395
1272879688075972610
1272879695940509696
1272879898369986562
1272879981526302722
1272880008134942722
1272880587615817733
1272880695581474816
1272880969804988417
1272881164269879297
1272882558796288002
1272883916022648841
1272883982766653445
1272884233988648967
1272884364741939203
1272884871711666179
1272885402437910539
1272885585145888770
1272885938851643393
1272886378561486858
1272886521272688640
1272886688629604354
1272886707466260482
1272886902484619264
1272886944138252289
1272887068721643522
1272887146093981697
1272887463996993539
1272887482728792066
1272887996568739841
1272888324550787077
1272888603308367875
1272889524071411713
1272889607714201601
1272890591911776267
1272890663437287426
1272890669590290432
1272890786045202436
1272892516824727552
1272892911739375616
1272894157439328260
1272896743596851200
1272897551998554112
1272897571397292036
1272899889035427841
1272900080572432384
1272900228107177985
1272902176780816384
1272902636849770497
1272903376846704641
1272904357109993478
1272904832190480384
1272904919620685824
1272906036173852679
1272906161323495424
1272906267649081344
1272906490496630784
1272906632536735751
1272907779389493254
1272907900772589575
1272908147053793281
1272908508996997127
1272909185781465094
1272909414283042821
1272909889380253696
1272910091474341888
1272910654056398849
1272911073667092481
1272911881225863168
1272912160096575489
1272913691546009600
1272914185328840711
1272915473823223808
1272915932533252097
1272916372918394880
1272918135557898241
1272918189068873731
1272918457839874048
1272918487409635328
1272918510985854976
1272918690405597184
1272919038285377536
1272919211463987200
1272919572140548096
1272919677224620034
1272919933186269185
1272921331730796547
1272921633146068992
1272921780923936769
1272922006422355969
1272923450575695874
1272923492539760640
1272923639663300609
1272923677042995202
1272924815884726278
1272925216423870464
1272925576580395009
1272926384441012226
1272926532348985344
1272926617145184256
1272926747646758915
1272927380680527872
1272927728442851334
1272928171520921600
1272928773600505861
1272929009425248256
1272929102228525058
1272929748063105024
1272929995409641474
1272931105713188864
1272931229487120384
1272932339698397184
1272932618871296002
1272932875839475712
1272933864608948224
1272933966207541248
1272934471679881221
1272934548716679168
1272934586381561856
1272934722616737792
1272934844561948672
1272934905232547840
1272935395206918151
1272935422331457537
1272935518834061312
1272935539851878403
1272936160512204801
1272936466008535041
1272936497654591488
1272936655171710976
1272936681210089474
1272936876920299521
1272937775361220609
1272937812573122560
1272937838569418754
1272937850129059843
1272937897981665282
1272937900301324289
1272938023974391808
1272938044551655424
1272938102533865472
1272938354779189248
1272938948248178688
1272939287261048832
1272939504727359501
1272940773344899072
1272941528650924032
1272942369675964418
1272943388661174274
1272943777687179268
1272946840812617729
1272947240504397827
1272948366205317120
1272948885070073856
1272949354119061504
1272949669660786688
1272950354922147842
1272950576511250432
1272951017127149568
1272951214007889922
1272951646402699264
1272951780599463937
1272952120468099072
1272952295274147840
1272954883268722690
1272955839763095558
1272955983157837824
1272956220349968384
1272958033216196609
1272958886958338049
1272962985212985345
1272963295159279616
1272963437274914816
1272963967317499904
1272964429282410499
1272966093548564480
1272967049623465984
1272967303949242369
1272967786562752512
1272974977365471237
1272978922922106880
1272981709496020992
1272982019044028416
1272983085026439168
1272984264842391552
1272986093370007552
1272989479955886080
1272992256543186944
1272993082519191559
1273038519418499072
1273054233831464960
1273057236571418624
1273058689230893056
1273065034042576898
1273068104646455296
1273071256238034945
1273074600121896960
1273080959701618689
1273081808884690944
1273085080299114498
1273086310425571329
1273087353804845057
1273087396288978946
1273089141857677313
1273092005128630272
1273107056791359488
1273108414772711427
1273108631454695426
1273117969200156674
1273122328373866499
1273125241229803520
1273137097227014144
1273143649065459712
1273145426376560657
1273145830556545029
1273149326433402880
1273157782204751872
1273172345935532032
1273190648464752641
1273244115514384386
1273546068496695297
1273572501038063621
1273660724716335104
1273898004936667137
1274205154334568449
1274386922131996673
1275344614334046208
