id
1274864938834513922
1274872075312750597
1274872899053076481
1274872962831638529
1274874512488595458
1274875281526779905
1274876551885139969
1274876755908497410
1274876968521961474
1274877424509915136
1274888198309572609
1274888502346256386
1274889187838160896
1274891180065435649
1274891204522643458
1274891396864868352
1274891558207152128
1274891574166446081
1274891900890132480
1274894677003526145
1274894845484527617
1274895666431447040
1274895885101527040
1274895907280936960
1274896664508022785
1274897452022157314
1274897608679600131
1274898827988791296
1274899381167124482
1274900704092717056
1274901092418162689
1274901097598115840
1274901400594472961
1274901932050505728
1274902161629999104
1274902217514864645
1274902302977998849
1274902370544017408
1274902603411816449
1274902675545440256
1274903115326607360
1274903794703142912
1274904059078537216
1274904261655031808
1274904623522799616
1274904735636545537
1274905776964812800
1274905924264538114
1274905952592916481
1274908099246055425
1274909563230105602
1274909586575618048
1274910832145637378
1274911234521919488
1274911455545102336
1274912219206213632
1274912700061978624
1274913906549391360
1274914690645151746
1274914704708694016
1274915014705418242
1274916485526216704
1274917608928628736
1274917654193553408
1274918689607790592
1274918819346014209
1274918883405643781
1274919669799858177
1274921178189033472
1274921180181364737
1274921322334699520
1274922436429926400
1274922965650436096
1274923429104357377
1274923718909628416
1274923818029420544
1274923893929590784
1274923956210823168
1274924031200747523
1274924900579454979
1274925442621779969
1274926346641145858
1274926555861364736
1274927173539786763
1274927211871535104
1274927362828886016
1274927406101356551
1274927655037489153
1274928370573164544
1274928905577693185
1274930291388416000
1274930957364035584
1274931207663280128
1274931441785204736
1274931719104151559
1274932307749564417
1274932839394377729
1274933147273064448
1274933372091920385
1274933852989878272
1274933855833784321
1274934036767506433
1274934526590873600
1274936261648646145
1274936571960061952
1274936703870853120
1274937228020588545
1274937940884389888
1274938122636128258
1274938464841039872
1274939516130750464
1274939590701268992
1274939730094743552
1274939732766584832
1274940272401514496
1274943437448474624
1274944374510518272
1274944525182447616
1274944865797722112
1274944880926547968
1274946644652351488
1274947465456660480
1274947470745722886
1274947683258531841
1274948029200633856
1274948157177311232
1274949781119479808
1274949818285162508
1274950073755918336
1274950169352495104
1274950288894341120
1274950304971100162
1274950341876801536
1274950423539970049
1274950461909393409
1274950534252789761
1274950610668761088
1274950642641932288
1274950761781194754
1274950864260616192
1274951003066916865
1274951006497804288
1274951157605994503
1274951162635010048
1274951255400411136
1274951383511228417
1274951405766238208
1274951826224279552
1274952354794635265
1274952452962320386
1274952469429153792
1274952927656976389
1274953140799000577
1274953193944829952
1274953318058659840
1274953387499380739
1274953494328377345
1274953730941571072
1274953921170010113
1274954017299283968
1274954018243174400
1274954085330976773
1274954719866220544
1274954782067826689
1274954843900178432
1274955241721442304
1274956869073661952
1274956926615302144
1274957286369157125
1274957544679550976
1274957560383074304
1274957612950396935
1274958689196052480
1274959003362066433
1274959275652079616
1274959464009838592
1274959578510352385
1274960152718766082
1274960305571786758
1274960470504427520
1274960671982026754
1274961310929715200
1274962379118276609
1274962843956244480
1274963100882612226
1274963447822737408
1274963714349948931
1274964651025895426
1274965534149193728
1274968294135455751
1274969274503909383
1274969379244040192
1274969429080670208
1274969429395206144
1274969957529337856
1274970316633067521
1274971414882213888
1274971539125886977
1274972079520129025
1274972279860944898
1274972686838411264
1274972703074574337
1274972906028597248
1274973618431315974
1274973723175477248
1274973794000605184
1274974089623465985
1274974956170829824
1274975913348915200
1274977658216960000
1274979390586118151
1274979770514542592
1274979787497324544
1274979918481223683
1274980025612173313
1274980186291728384
1274980758084452353
1274981167809191936
1274981988152164353
1274982803868807168
1274983495333376000
1274984633281765377
1274985401728380930
1274985402172989443
1274986977469673472
1274987034646462465
1274989619742773248
1274989810835288064
1274989896172818433
1274989924907794432
1274989963658932225
1274989998408740864
1274990534499524610
1274990611779563520
1274990696215179264
1274990759767183360
1274991075195711489
1274991100260790272
1274991132217356288
1274991647583907841
1274992407302377473
1274992969519529984
1274993469543469057
1274994023669719040
1274994495642198016
1274994667533135874
1274994851356893184
1274995514577006593
1274996974773665793
1274997026598486016
1274997605315952641
1274997722408300545
1274998048125415424
1274998204241592320
1274998762599931905
1274998918758072325
1274999024576126976
1274999042557149186
1274999181342539776
1274999503318208513
1274999625150164993
1274999754326327296
1274999995117101059
1275000006320128001
1275000394809147393
1275000930476294144
1275002875660263426
1275002901782396929
1275003253629964290
1275003261263777792
1275003535604633602
1275003677435031558
1275004194672439302
1275004268638945281
1275005236445249537
1275006112241156097
1275006734529105923
1275006985360904192
1275009002896793600
1275009005006413825
1275009579038851072
1275011166029242369
1275011656972513286
1275011675414913024
1275011868554190848
1275011987634675712
1275014042332000261
1275014047247687682
1275014524219781121
1275015739380912144
1275016142172508162
1275016223088996355
1275016329972658177
1275016344048529408
1275016644172017666
1275016761071423488
1275016998884237312
1275017570735632385
1275017573717827585
1275017576507076608
1275017656425299970
1275017663773683712
1275017664633716741
1275017673378676736
1275017737769811976
1275017740311392256
1275017770233507841
1275017781210017793
1275017789510529025
1275017814282129409
1275017870582272000
1275017957265960961
1275017957391777793
1275017997027958786
1275018015000559618
1275018041177198595
1275018071627857923
1275018116611833860
1275018121082855425
1275018126598352896
1275018137369378816
1275018168159711244
1275018236778573824
1275018289668747265
1275018303740579840
1275018309310705664
1275018311583948800
1275018313412706304
1275018317921570817
1275018329699172353
1275018333264330755
1275018347818520581
1275018359302574081
1275018386167132161
1275018435773075456
1275018451539517440
1275018475686129666
1275018488919126016
1275018673904734210
1275018723988889600
1275018942356938752
1275019014926991361
1275019051052396550
1275019081561899008
1275019093943427078
1275019150717411329
1275019193105084422
1275019219772403712
1275019228903440387
1275019250562928646
1275019288307314688
1275019471053221890
1275019497867362306
1275019552200376320
1275019563864711168
1275019568788856836
1275019611730132994
1275019615366639618
1275019635318915072
1275019650212880386
1275019658152701953
1275019668114206720
1275019737785724934
1275019757289238529
1275019773215010817
1275019821021712385
1275019837811511296
1275019889808273408
1275019945508614149
1275020021144547329
1275020040614502402
1275020041038237700
1275020070549245952
1275020128862629888
1275020167148220416
1275020264519041031
1275020284718768129
1275020287059222528
1275020635404554242
1275020650357248001
1275020671404236800
1275020682212962304
1275020824961904641
1275020929093885954
1275020939588104193
1275020972370718720
1275020981359112196
1275020995451969536
1275021059863900160
1275021071758983168
1275021077366951938
1275021085725974528
1275021694994755585
1275021783008022528
1275022097522122753
1275022159945981952
1275022178682093568
1275022183819907072
1275022191470366721
1275022192309223425
1275022230620012545
1275022846574489600
1275023033070051335
1275023168004972545
1275023413552144384
1275023432749469699
1275023502878203908
1275023832089104388
1275024030223921152
1275024153494650880
1275024216945946625
1275024677019152385
1275024680332623872
1275024754789900289
1275025228029030400
1275025471818788865
1275025780695724033
1275026015245361152
1275026154752098305
1275026250680037377
1275026925006675971
1275026959936831488
1275027184898289664
1275027275012902912
1275027358139822080
1275027550981419009
1275027847636070401
1275028778821906433
1275028811021602816
1275028869267853312
1275028896463728641
1275028992194564102
1275029211879702530
1275029475781013509
1275029534111199238
1275029588087726081
1275029698997743616
1275029733701382146
1275029889670758400
1275029938601484288
1275029954397265920
1275030060622209024
1275030320060829696
1275030387681423360
1275030478265782273
1275030511392444417
1275030818662973441
1275031806597685248
1275031821202231296
1275031906636034049
1275032027574579201
1275032046591565824
1275032883657240581
1275033573167263746
1275033588921057280
1275033856379240453
1275035203455422465
1275035224884183041
1275035232538734598
1275035318182268931
1275035691966054401
1275035850057764864
1275035972258770944
1275036371229401089
1275036626624761859
1275036794132680710
1275036856816525313
1275036868338282497
1275037501170888706
1275037855673286658
1275038005439299587
1275038035306885127
1275038253008076800
1275038300353396741
1275040077043777536
1275040186930356225
1275040641051811843
1275040899643265025
1275041647508639749
1275041824722178049
1275041833362456576
1275041860948332544
1275041871371239424
1275042005391900672
1275042308233150465
1275043532571475969
1275043638372790272
1275044291383943170
1275044714098483200
1275044751272669184
1275044850656612355
1275044928582586368
1275045020635033600
1275045516439457793
1275045570042671107
1275045611406888962
1275045648899792896
1275045673478414338
1275046939986259974
1275046963797299201
1275047284514844675
1275047516300472322
1275047735679303681
1275047958585602049
1275048234889576449
1275048703536050178
1275048853075607552
1275049239370817538
1275049712731557888
1275049769375690754
1275050111509250048
1275050348709679105
1275050775282999297
1275050863174619138
1275050911782580224
1275051251416223744
1275051411110129664
1275051530467434497
1275052414337507330
1275053274605944832
1275053597663719427
1275054045711851522
1275054063780917249
1275054384909410305
1275056465263255552
1275057229331197952
1275057281034420229
1275057620068347911
1275058243593596928
1275059138460913669
1275059193364398081
1275059446876495872
1275059716582862854
1275060271149494276
1275061034672250883
1275061167526834178
1275062847194583040
1275064408578785283
1275064474710323202
1275065037346897925
1275065285578354697
1275065364892618754
1275065375667830785
1275065391358697474
1275065591724822529
1275065873959538703
1275066239056936961
1275066463439613956
1275066751726743562
1275066828771880963
1275067104698396672
1275067107328184323
1275067999267901441
1275068590295662592
1275068902863593478
1275069019494600705
1275069548060794882
1275070127113768963
1275070239693107202
1275071175454932997
1275071200952061953
1275071498701533186
1275072568601358336
1275074243357638658
1275076907701170184
1275077281325518858
1275079135522459649
1275081106199506948
1275083939304992768
1275084249494937600
1275085987241013248
1275087266373726208
1275088046304575488
1275088221722914818
1275088439038275584
1275088454754287617
1275088691535343617
1275089037934518272
1275089435940450314
1275089502076207105
1275089546397356034
1275089576055336961
1275089782373138434
1275090083754856448
1275090147411816449
1275090151954251778
1275090384218017797
1275090513679413248
1275090627001122816
1275090690167328774
1275090833939689472
1275091004693962754
1275091091499319296
1275091135451615234
1275091197925552128
1275091404671213568
1275091449529286656
1275091624343658498
1275091628856717312
1275091734502887427
1275091792376016899
1275091839792513024
1275091859015036928
1275092056050819072
1275092290420142080
1275092318324797442
1275092324029169665
1275092464114610181
1275092478928883714
1275092708973932544
1275092978168549377
1275093008665309186
1275093197836828672
1275093476560867339
1275093500619440128
1275093625769046016
1275093672200151046
1275093972961030145
1275094176233779200
1275094225441472512
1275094240557772800
1275094266755215360
1275094774979031040
1275094858164613122
1275094871917789184
1275095188772319237
1275096050014044162
1275096241597059072
1275096333108408320
1275096618165919745
1275097498831384586
1275098082993029120
1275098121291227136
1275098435851481088
1275098971292282881
1275099006289371146
1275099194655563788
1275099295583092741
1275099372196294659
1275099507802300419
1275099520448098311
1275099885537132544
1275100066932383745
1275100134297047040
1275100415944581120
1275100529903853576
1275100779439931410
1275100791980744705
1275100842484355072
1275100940844982277
1275101140871516164
1275101253727670273
1275101532174774272
1275101675737374724
1275102812418928641
1275102850884857857
1275102989905092611
1275103250954379267
1275103342687993858
1275103527891689483
1275103783886839809
1275104128302116865
1275104392363024385
1275104534545629185
1275104584457875467
1275104968274440198
1275105194716524545
1275105578038317061
1275105841754943492
1275105904665325568
1275106106033885185
1275106159926456327
1275106170869616640
1275106384061710337
1275106430085812226
1275106505818124288
1275107317558571008
1275107648262684673
1275108012357754881
1275108663028445184
1275108685686009856
1275109159860461569
1275110904997134337
1275110921946333185
1275111008382488576
1275111515935260672
1275111516635664384
1275111665931935744
1275112145072435200
1275112204262498305
1275112211699003393
1275112631557185536
1275112788168372224
1275112796707942401
1275112983287357441
1275113176674103297
1275113200342589445
1275113266008621056
1275114127120150536
1275114227955458050
1275114360914849794
1275114943470112769
1275115159942426624
1275115374661386242
1275115476499066882
1275115597274079232
1275115676273790976
1275115747463684096
1275116187450396673
1275116773445173251
1275117156645011457
1275118201873952771
1275118294043774976
1275118927064870912
1275119591182614528
1275119908364275713
1275120023099641856
1275121063274446848
1275122215139377155
1275122319283720192
1275122364037033984
1275122381871214593
1275122587165528071
1275123722207334413
1275124227356622851
1275125773158891521
1275125781388161024
1275126740944211968
1275127671001722881
1275127888694571008
1275128790079860736
1275129234210476032
1275129768380268548
1275131350379458560
1275133509108031488
1275134389182246917
1275134830062170112
1275136357179023367
1275136968993767425
1275138326169743360
1275139562088480770
1275142817552240642
1275143914492551168
1275144727323688968
1275148099573305345
1275148659454140416
1275148855013752833
1275153081966235648
1275153881048272902
1275165394463047682
1275166699029962753
1275170027981938690
1275186798868611072
1275209554431598592
1275217822033915905
1275219539089780737
1275219842606551040
1275221570634387456
1275223247076773888
1275224001392947201
1275228203477426177
1275233182678282240
1275234239827439616
1275235470847479809
1275236534652932097
1275241429766246401
1275241836337074178
1275248089696096257
1275250371066097666
1275252704814620672
1275258716976115712
1275259941499146240
1275265257552769024
1275265931879407616
1275266193859973121
1275268397123514368
1275268634965798912
1275269048729812994
1275270610893934593
1275270897268473856
1275274464352104448
1275275094806237185
1275276319597592576
1275277145829326848
1275277202930593794
1275277765147688965
1275278372868812800
1275279364599365642
1275282948678279168
1275284883577831424
1275285036300857344
1275288899900698625
1275288920570253322
1275293027708203009
1275293839909990400
1275294670680018944
1275296047846187009
1275305536909541377
1275305702681001984
1275312165524697089
1275312935334629377
1275315076367388675
1275318628276043777
1275322620246884353
1275331390729412608
1275337119313981441
1275338321237913600
1275339538148270086
1275339649754509312
1275339661456609280
1275339706922926081
1275340113917009920
1275340270087921664
1275340970905571328
1275344180244385792
1275344855871320065
1275353105492664320
1275361954828177408
1275364739602776064
1275365074782191616
1275375491084505088
1275381956025483264
1275410405360312325
1275423818308300801
1275443205711028229
1275455360078209031
1275465474172579842
1275493103122538496
1275603816319049728
1275617042385604608
1275750663339696128
1275974759826644993
1276092722919555072
1276092729634635778
1276092734407798786
1276507143881945093
1276507174919737345
1276507192682659841
