id
1275224613010591744
1275226181868990467
1275228522588454913
1275235245206515712
1275239555134746624
1275241772050866177
1275242068797911040
1275243054127968257
1275244715210768384
1275245444277264384
1275245970209439744
1275246383960780800
1275247863405047808
1275248371431686144
1275248755323748352
1275250275423408131
1275251091022573573
1275253456966582272
1275253458833047552
1275254529689354240
1275254610932850688
1275254778767933441
1275256024660733953
1275256165857808387
1275258238380859393
1275259062234476544
1275260615854919681
1275261355189104643
1275263068235157504
1275263490014343168
1275263695128457217
1275264091108470786
1275264264937238528
1275265132025675776
1275265984866050054
1275266283848646657
1275266589261049856
1275267601237716992
1275267603062239233
1275268007418163202
1275268196879134726
1275268296657342464
1275268595887423488
1275269291542065153
1275270254361362433
1275270637540397056
1275270848056721408
1275270867744776192
1275271018764832768
1275271036926189568
1275271330720436224
1275272266524344320
1275272276032749568
1275272327006044161
1275272760105697281
1275274204087111681
1275274318318981120
1275274520920682496
1275274553191575554
1275274669617119232
1275274685425561600
1275274702265569280
1275274723581190145
1275274866753601536
1275275351116017666
1275275747624538114
1275277138204094465
1275277631240278017
1275277665218359299
1275277938426966016
1275279216410492928
1275280153342390273
1275280966039134209
1275281319031746560
1275281433200746497
1275282540408877056
1275282570645696512
1275282735100121089
1275283250181619713
1275283602926780417
1275283654952902659
1275283843675815936
1275284835330936832
1275284936757374976
1275285261669109760
1275285703077711873
1275285902689030144
1275286081567551488
1275286533864472577
1275286622020370433
1275287409949728770
1275287478203609088
1275287509174345734
1275288292120920064
1275288601434046464
1275288666043060224
1275288720778784769
1275288746741493765
1275288864932888581
1275289274083090432
1275289623325888513
1275290386009710592
1275292831163146240
1275293229789835264
1275294667139985410
1275295631787974656
1275295862306992134
1275296073511137280
1275296288431411200
1275297702947897344
1275297955566649344
1275299731879518208
1275300560938266624
1275300951776165889
1275302047932284928
1275302839137349632
1275303814686314497
1275304118999937024
1275305224488411136
1275305646708015104
1275306502702563328
1275307371858784257
1275307564746412033
1275309078437171200
1275309168027553793
1275309574686273536
1275309611227082753
1275309659465760770
1275309901393190912
1275310608452161536
1275310642799378432
1275310837767569408
1275311133692329984
1275311526363017216
1275311600623325185
1275311824208982017
1275312707986571265
1275312743357308930
1275313181871628288
1275313245176213504
1275313391540862978
1275313832701816835
1275313915874828296
1275313939426029569
1275314052600864769
1275314098633228288
1275314104782090241
1275314122935070720
1275314306763063296
1275314354527690752
1275314447435698181
1275314465236373505
1275314744774164480
1275314894695305216
1275314914706497537
1275315136836689921
1275315526630137857
1275316125442572289
1275316395635388416
1275316537298051073
1275316982150131713
1275317022633521152
1275317073866981376
1275318355541426178
1275318417549963265
1275318860707590146
1275319577275035650
1275319701485187072
1275319874307256320
1275320000815992832
1275320864582451201
1275321085068795905
1275321150415835138
1275321273128607745
1275321354942681088
1275321515630714881
1275321778588381184
1275321798087684097
1275321892673433601
1275322053239861250
1275322265555488770
1275324045903314945
1275324192238342145
1275324503728328704
1275324855043256320
1275325250536747009
1275326513450110978
1275326523298340868
1275327240696299520
1275327264884842496
1275327324758523909
1275327768209719296
1275327988943302662
1275328270985093120
1275329797380440064
1275329800287088640
1275329820834979846
1275329879110754304
1275329918755196928
1275329929798770690
1275329932348907520
1275329959171551232
1275329996723310598
1275330001768869894
1275330003702394880
1275330012074274819
1275330017359065088
1275330025365991424
1275330028104847360
1275330053430112256
1275330097537409024
1275330143754416130
1275330154663944192
1275330158975528960
1275330167582281728
1275330172967727105
1275330182518194177
1275330195692503041
1275330232543657985
1275330233596436480
1275330235920076803
1275330246758154241
1275330250843422720
1275330297144328194
1275330320712138752
1275330372788576256
1275330379239485440
1275330390203514880
1275330546332131328
1275330552485179392
1275330553189789696
1275330679765561344
1275330680507871234
1275330786497970183
1275330846103179264
1275330849710333954
1275330866063929344
1275330894358695936
1275331036767907840
1275331039359983616
1275331164341891072
1275331367086116865
1275331505758203904
1275331512544759808
1275331837326327808
1275331845924634629
1275331879080611841
1275331888958201856
1275331909287948288
1275331910521155589
1275332274926448642
1275332285668093954
1275332317259563010
1275332318576562176
1275332377489727488
1275332388168404992
1275332608944009216
1275332616011476998
1275332640594247687
1275332742528425984
1275332806462169088
1275332860061167616
1275332860111544321
1275332982455205890
1275333018417152161
1275333090450251777
1275333200697413632
1275333362782109697
1275333421875650561
1275333436031422464
1275333436077559808
1275333807218937856
1275333978002558976
1275334129840566272
1275334175067799552
1275334210497044480
1275334247142703106
1275334388016807936
1275334677469913088
1275334688454832129
1275334973780869122
1275335027581018119
1275335045826273280
1275335052411285504
1275335079661723655
1275335262067974144
1275335282716360704
1275335289968287744
1275335451365109760
1275335502359490560
1275335642046541824
1275335827657125888
1275335920854523904
1275335947123474433
1275336111267541004
1275336251827056640
1275336278372839424
1275336312027897856
1275336414431830018
1275336718816772098
1275336749250560002
1275336767055396866
1275336780108009473
1275336848923955200
1275336977160667136
1275337103266607104
1275337117355266049
1275337127786496002
1275337258917220352
1275337386596003840
1275337410423877633
1275337563268476928
1275337793204445186
1275337898473091072
1275337922355458048
1275338220515950593
1275338357053157376
1275338590780682240
1275338611538288642
1275338720930000897
1275338740974497792
1275338747437936640
1275338773937614850
1275338867462340609
1275338895828217856
1275339064338599936
1275339231267713030
1275339304609345536
1275339307964760064
1275339353817055239
1275339394837291008
1275339500059688961
1275339539830075393
1275339601490526209
1275339708470398976
1275339921394262016
1275339977107271680
1275340035944886272
1275340095499800576
1275340216996265985
1275340551370481671
1275340688947728385
1275340907458424832
1275341067148079104
1275341121804103680
1275341267958853633
1275341287818883073
1275341403501936640
1275341597626953728
1275341650080874496
1275341843392106501
1275342079124738048
1275342090059149313
1275342092148133888
1275342246833876993
1275342444155080704
1275342465017364481
1275342472118321154
1275342575524655104
1275342625369972737
1275342676351610881
1275342685373517824
1275342826004332545
1275342883877318656
1275342979176132613
1275343126022860801
1275343189046521856
1275343624645996544
1275343666458976256
1275343717008723968
1275343725472825345
1275344025541722113
1275344246027870208
1275344279913656322
1275344388206538754
1275344405218521088
1275344431286308865
1275344459169857536
1275344507584704515
1275344735582863360
1275344952088604672
1275345049878851584
1275345095131201537
1275345565241368576
1275346210375647234
1275346281997590528
1275346762333450240
1275346801080414209
1275346898124062720
1275346910690152448
1275346936799748097
1275347512883200002
1275347643607027712
1275348226166538240
1275348376691683328
1275348640127528960
1275348768154501121
1275348855450734592
1275349351049527296
1275349509921357825
1275349629693906944
1275349672404516867
1275349791753383936
1275349850238840832
1275350028064714752
1275350047916343296
1275350188916264961
1275350451022491649
1275350473222967296
1275350502893449217
1275350572141473792
1275350669860327424
1275350760365195265
1275350969178394625
1275351707447209984
1275351790259539968
1275351831250534400
1275351883616382976
1275352152232259584
1275352175779037184
1275352310567309313
1275352423670837250
1275352892250054657
1275353039864397825
1275353189177389056
1275353272644059136
1275353472443969536
1275353505419505664
1275353694788173824
1275353911839223810
1275354061756264448
1275354418460782592
1275354464266776576
1275354556881268736
1275354691879137281
1275354978081595396
1275355002022686720
1275355549345779713
1275355623438213120
1275356149257101313
1275356205091708929
1275356409698217984
1275356457517506560
1275356633556611074
1275356672077074436
1275357183081771009
1275357227629465601
1275357269715111937
1275357658732789760
1275358101118390274
1275358207125278720
1275358457533657091
1275358460322803713
1275358951400288259
1275359082140938241
1275359114558754816
1275359347845914624
1275359668982800390
1275360062458888192
1275360290108928001
1275360311323721728
1275360366965350401
1275360429343006720
1275360448712339458
1275360554857541633
1275360858093150209
1275360925004914693
1275361131062636544
1275361248381562882
1275361314655748096
1275361476916609030
1275362972722794497
1275362980050296833
1275362998681362432
1275363308602658816
1275363979095769088
1275364401768304640
1275364475734908928
1275364672523300864
1275364751086780417
1275365271738486787
1275365348112363520
1275365837071740930
1275365838934048770
1275366756597432320
1275366873262174208
1275366938647158785
1275367058402754560
1275367188556210176
1275367424661917696
1275367493129826304
1275367623123890176
1275367653532561410
1275367894243672069
1275368064830148608
1275368736757706753
1275368879410167810
1275369556135960579
1275370180382613505
1275370978516729857
1275372993284169730
1275374170260434944
1275374870277132288
1275374887780208640
1275375058605621248
1275375971361677315
1275377263689625602
1275377835809497088
1275377968219451393
1275379436553003015
1275379544736714753
1275379611447078913
1275379661480947712
1275379731970416640
1275380209269616640
1275380231658823682
1275380434772189186
1275380453835288581
1275380606323449857
1275381163130060800
1275381400313581568
1275381651363688449
1275381703612104704
1275381897577652226
1275383302401093634
1275384117094305798
1275384608754786304
1275385329646579713
1275385361036972036
1275385886700535810
1275386153781170178
1275386437177769985
1275387476098547714
1275387669921464325
1275387684744093696
1275388234453757956
1275388332441251840
1275388910881828864
1275390563252985856
1275390743192862724
1275390763547807745
1275391546553073664
1275391753260916736
1275392060833464320
1275393187180359682
1275393451996004355
1275395065108553729
1275395985137516544
1275396108307460096
1275396487959023616
1275397019213824000
1275397374584725504
1275398021908508677
1275399237761560581
1275400939688488960
1275402639920910337
1275403602677334021
1275403703336370177
1275403909167636481
1275404667430658049
1275405696062767105
1275407650616827907
1275407878849888263
1275408822694100992
1275409693209288711
1275410319179825152
1275410591268532229
1275411044953980934
1275412178690961410
1275412541468860416
1275412817059799040
1275412856066813954
1275413547099451393
1275414630999789570
1275414631981383681
1275414724801261570
1275415200829632512
1275415239748513793
1275415274024431617
1275415813248303105
1275416342313578496
1275416705137664001
1275417097816821760
1275417110949199872
1275417721488830464
1275417977869885441
1275418334415081472
1275419262610333698
1275420048870395906
1275422704397701120
1275422760974512128
1275423499364872192
1275423724791951361
1275423764252028928
1275423906887634944
1275424175654461448
1275424925570879488
1275425357512859648
1275426184365371393
1275426672284700672
1275427818898255873
1275428132078546944
1275429149646020608
1275430225216589824
1275431030112034819
1275431254700158976
1275432333240233987
1275432342790615040
1275432971051266050
1275433430696603649
1275433649354100736
1275433754308141056
1275434354907332608
1275434908563861505
1275435088881217543
1275435098838429696
1275435434206617606
1275435891033468929
1275436128573648902
1275437020932747270
1275437735063371776
1275438749787156484
1275440326837067776
1275440558228426754
1275440827544645638
1275442017758179328
1275443341887299584
1275443956461928456
1275444232765845506
1275444249702481920
1275446963924660225
1275447269089841152
1275447447578238984
1275448338695872512
1275448352297979916
1275448445415772161
1275448483055427585
1275448516236636167
1275448788283297792
1275448875289989120
1275449240748089350
1275449906602274818
1275450357829656580
1275450889923227650
1275451275824357376
1275451432913612800
1275451585737273360
1275451685620510722
1275451777588924417
1275452404184432641
1275452457435332618
1275452695650775043
1275453085012254720
1275453169506508812
1275453246186745857
1275453474356883462
1275453490433683456
1275453639063035906
1275453899718057987
1275453971096719365
1275453989924958210
1275454204149030913
1275454297937899520
1275454529421471753
1275454730597052419
1275455023527284736
1275455241119428611
1275455291446812675
1275455329946333185
1275455518174109707
1275456610333122566
1275456773139435526
1275457073833115648
1275457489396359169
1275457507465428998
1275457597915623429
1275457693201780737
1275458022429601797
1275458784865824775
1275459101242212352
1275459898516488198
1275459906582089728
1275459995300007939
1275460225311498240
1275460572629233665
1275460829698121728
1275460871712649216
1275460969615904769
1275463446885052416
1275463454200147970
1275463455953375233
1275463461313507329
1275463625801531392
1275463861148119040
1275464195346063360
1275464404645998594
1275464544672903170
1275464710893105153
1275464839553409031
1275465114825773056
1275465149294362624
1275465241577439232
1275465393318924288
1275465557538516992
1275465645912494081
1275466434089381888
1275466617829244929
1275466684359258113
1275466826047123457
1275467031463124992
1275467071812276224
1275467384145379330
1275467451975770115
1275467622901878786
1275467663720865794
1275467850333843456
1275467925151838209
1275468347811872770
1275468432306106369
1275468987124473859
1275469090744745984
1275470032496025602
1275470119460716544
1275471476552986624
1275471528746860546
1275472086312468481
1275472231460528128
1275472267242135552
1275472609811902465
1275473244137668609
1275473370402836480
1275474376708648961
1275474559307636736
1275474565058031623
1275474636709363712
1275474797300867077
1275474906205937665
1275474958282444803
1275475170447077376
1275475431001518080
1275475454305005569
1275475475280695297
1275475602183647234
1275475656571142144
1275475745452601344
1275475751257600000
1275476250505576449
1275476345494007809
1275476837246726145
1275477073755123712
1275477424285745152
1275477491721752578
1275477746676719618
1275477890511958016
1275477898510516224
1275478179893805056
1275478498929307648
1275478533008048130
1275478773610229762
1275478887229558786
1275479215580884994
1275479440894517249
1275479587330248704
1275479676161421314
1275480275649130496
1275480342456041472
1275480836347801600
1275481550381969411
1275481560402161664
1275482403939721216
1275482624421699590
1275482914260574208
1275483196243668992
1275483653468897280
1275484202566250496
1275484337660518400
1275484363560333323
1275484700824481800
1275484758802173954
1275484760777752576
1275484806780841986
1275484903245668355
1275485231831711751
1275486339656331266
1275486917149089792
1275488213348433922
1275489765589057536
1275490341366362112
1275491127982878720
1275492709378043904
1275493796701016064
1275493983158853632
1275494147915313152
1275494383299686401
1275496137080766464
1275496353074778112
1275496571275100160
1275496611490209792
1275498548088303618
1275499458936008704
1275499610060910592
1275501569060962304
1275502413101690880
1275503612563566592
1275504216220536833
1275508765752586240
1275509374958489601
1275512252754362369
1275512352461348865
1275512974782971905
1275514985410514944
1275516027342778368
1275516217789304832
1275522656859615232
1275522951312523265
1275523030970744834
1275523828098101248
1275524326138077184
1275534552518160384
1275547760180125696
1275550493805359109
1275578587651825664
1275579299987197952
1275579541113597953
1275581972480274437
1275585681360736256
1275585947992645633
1275594413411098624
1275597460417572864
1275598513334652928
1275599505656819715
1275600841504776192
1275601912801292289
1275601928349679617
1275602263428325376
1275604963842854912
1275605628577169408
1275605726791000064
1275606894208409602
1275607602676850694
1275608629349978112
1275608763488038912
1275611108250968064
1275612380282540034
1275612945444032512
1275613939162730496
1275615278932475905
1275616583621046272
1275616603053232128
1275618652654432256
1275619002216181761
1275619792997593088
1275620829007511553
1275621334412693504
1275621779017363456
1275621835464310784
1275624477913575424
1275627501499244544
1275631388666949632
1275633186941222912
1275633768464658432
1275636033800060928
1275636604170878977
1275636943712288768
1275637016563191815
1275639261849501696
1275640997909868544
1275644697084678147
1275644787203485697
1275645119702712325
1275648334527594497
1275649253700927490
1275652029009059840
1275652733391994881
1275655946413510656
1275657452432830466
1275661858771480579
1275662695912681475
1275663886692253696
1275664690031529984
1275665214206246913
1275666764773326850
1275667533383847938
1275671995175383041
1275673827993956352
1275674586156335104
1275677290219941888
1275679680834818049
1275679996913299456
1275681101726523392
1275684903401803777
1275691894610317313
1275695337609613312
1275697239483187200
1275701848184324097
1275712058261221382
1275718180816793600
1275734853128880129
1275736319717564418
1275739463734493184
1275761595818205184
1275765192677224449
1275768350329630720
1275768892980228099
1275807770021748738
1275822400878178305
1276085796265586688
1276085834563764225
1276092689176358912
1276092702619103232
1276216992593260545
1276392515206184960
1276554039988301824
1277608800665636864
