id
1275583682829574145
1275594490024165378
1275603165346328577
1275606097546448897
1275608902340448256
1275609909187317760
1275610097222209536
1275614906394349568
1275617138619760640
1275617349190574080
1275617756797263872
1275618136700551169
1275619730687053824
1275622687411486720
1275623599949271041
1275625278056755200
1275625931009216512
1275626085296648192
1275628817546010625
1275629632843210752
1275630686406348800
1275631065781043201
1275633601929818112
1275635795920109571
1275642298555076609
1275644749635039232
1275645903987257344
1275646703392129030
1275647251390627840
1275647430088896513
1275647579469029376
1275648292957945858
1275648362159714306
1275648587641356289
1275648885126504449
1275648901522079744
1275648903577247747
1275649620744470528
1275652494698467329
1275652656183357440
1275653397778247687
1275654455946608641
1275654695319670784
1275655150347202564
1275655559937753088
1275655805044502531
1275656378590380032
1275656383682265088
1275657248732307466
1275657569546141696
1275657807921065984
1275657869870972928
1275657916931080192
1275658072799748096
1275658080622186496
1275658315280850947
1275658577923973121
1275659198844547073
1275663086201036800
1275663505258143752
1275663642776809473
1275663826512461824
1275663872167419904
1275664867907821569
1275665309307994117
1275667233512075264
1275667238448762886
1275667290500009985
1275667472331558914
1275668200294883331
1275668736142454791
1275668869831630848
1275669623187398657
1275670247689859079
1275670665593569280
1275671236169867268
1275671534959550470
1275671790556196864
1275672109222629381
1275672553223307264
1275672638367637506
1275672678561730561
1275672798095081472
1275673128174333953
1275673447025311745
1275674194542551040
1275675037035610112
1275675987884355586
1275676053848182784
1275676074224074752
1275676086442037249
1275676210450833413
1275676982886440964
1275677696346009600
1275677741971537921
1275677836234436608
1275677914084900865
1275678284341293062
1275678494975016960
1275678902397124610
1275678912387956736
1275678972161019904
1275678974828597253
1275679039685103616
1275679050254729217
1275679078922715141
1275679099948851200
1275679101261619201
1275679116306665472
1275679188977147905
1275679194656182273
1275679200452755458
1275679202721832963
1275679228873314305
1275679289439129600
1275679303070605313
1275679309504688132
1275679332158050304
1275679343616851970
1275679371005693952
1275679390328926209
1275679422713139201
1275679443885993987
1275679456951222274
1275679488358170625
1275679502807568384
1275679518364250118
1275679536995348482
1275679586286735360
1275679631295885312
1275679720500232198
1275679739332755456
1275679809117585410
1275679844643287040
1275679881754546177
1275680100663656451
1275680147082018816
1275680281945661440
1275680693377470464
1275680841503563777
1275680864370917377
1275680945782300672
1275681010374660100
1275681071250669569
1275681084370542593
1275681529470103552
1275681596805468160
1275681915857784832
1275681934077767682
1275682079330783234
1275682082518335488
1275682141561643009
1275682148360638466
1275682163950747648
1275682176332443652
1275682854593331208
1275683011292540930
1275683250535567364
1275683517373001728
1275683701406515203
1275683927529832453
1275684143775526917
1275684214537629696
1275684589101604864
1275684663823081477
1275684722245603334
1275684805489934336
1275684953574031364
1275685264975945730
1275685287306371072
1275685784880844802
1275686102326747136
1275686190176505856
1275686200154755073
1275686402508886018
1275686526635192326
1275686554057543680
1275686870698135554
1275686936838053888
1275687503362744320
1275687779897430016
1275687831088893952
1275688054582378496
1275688337324597248
1275688489821057024
1275688827538079746
1275689029451894784
1275689191259672577
1275689563256770565
1275690705952870401
1275690811859054592
1275690940859133952
1275691042117951490
1275691477230850049
1275692010977009664
1275692312644005891
1275692637178269696
1275693078121271298
1275693827509157888
1275693996317249537
1275694060305559554
1275694475659149314
1275694502414606336
1275694580869091331
1275694608605986819
1275694633104932865
1275694739929608192
1275694766777401346
1275694802382749703
1275694861916741640
1275694898860240896
1275694983316676615
1275695019819663362
1275695086865612800
1275695358018977792
1275695365124231169
1275695687523610624
1275695770679771138
1275695788560199680
1275695836828221445
1275695966771908611
1275696308267954181
1275696383652253698
1275696584311930881
1275696794861817857
1275697487479820288
1275697524205129729
1275698020588425219
1275698605605732353
1275698609015660546
1275698653819265024
1275698655111020546
1275698660819558402
1275698700904521730
1275698726640762880
1275698736954585096
1275698737352974338
1275698737822740485
1275698739353726976
1275698763663912960
1275698801433509888
1275698816528928775
1275698831242510336
1275698832706351105
1275698836275691522
1275698838288859138
1275698845905817607
1275698845977018373
1275698850456625153
1275698871503642625
1275698886582157328
1275698895734128646
1275698897457987584
1275698898808508418
1275698904319832064
1275698911269789696
1275698941464625153
1275698947714158593
1275698955402326017
1275698978387120129
1275698983361486850
1275699051816771585
1275699054081605632
1275699073358716928
1275699080304492544
1275699081847988224
1275699087644467205
1275699108343418881
1275699145463009280
1275699164513480704
1275699218037051402
1275699221543489539
1275699241479024642
1275699248152096769
1275699251113332737
1275699264325390336
1275699271388540928
1275699272722395137
1275699273015996419
1275699275343761411
1275699291118538755
1275699374320992267
1275699379576463360
1275699384945172480
1275699393765785601
1275699404444520450
1275699418021482496
1275699424304431104
1275699483549057024
1275699637832372230
1275699650826244096
1275699708833431552
1275699756543750144
1275699798746763266
1275699828354400262
1275699854266810374
1275699912185909250
1275699927142842377
1275699985590423554
1275700128049922048
1275700257293303808
1275700272631816193
1275700283910303746
1275700292986732544
1275700319905816581
1275700324423081984
1275700459035033601
1275700549908824064
1275700610478886919
1275700619949506560
1275700662668529665
1275700688698384385
1275700701667213312
1275700732646379520
1275700775105302532
1275700807086870535
1275700823713099777
1275700828645531649
1275700864431333378
1275700923097059328
1275701068622639106
1275701119524667392
1275701140965986305
1275701216849408000
1275701260142985221
1275701401801408517
1275701523167825923
1275701618357538816
1275701676037505029
1275701684778516481
1275701689161564164
1275701719540944896
1275701829507186695
1275701986231541763
1275702186425692169
1275702308777721857
1275702449324638208
1275702466500231169
1275702475044110337
1275702493637488641
1275702513518419975
1275702537476325376
1275702542043877376
1275702565712408576
1275702569566908416
1275702619906936832
1275702670158897153
1275702692963377155
1275702761053708288
1275702780590776322
1275702793538605059
1275702878305484800
1275702898584936451
1275702982626115586
1275703071977414660
1275703116504195073
1275703260297428997
1275703426534518794
1275703818194423808
1275703853216862208
1275703901656842240
1275704142980317189
1275704354197123073
1275704464951980032
1275704505699622912
1275704527417729026
1275704595973582850
1275704626344583168
1275704676399398913
1275704713141501952
1275704736004612099
1275705173273387008
1275705371949256706
1275705408028643330
1275705437380321285
1275705589344149504
1275705743401005062
1275705804650352640
1275705863492308992
1275705902159532033
1275705907339563009
1275706061694087168
1275706105553997825
1275706134607921153
1275706415437545472
1275706438254542854
1275706606999818240
1275706825686556672
1275706965956743168
1275707456329519105
1275707465796108288
1275707598843543553
1275707626890952704
1275707707706814464
1275707722407821312
1275707723397685248
1275707846496313345
1275707869036457984
1275708194581602306
1275708333039681536
1275708394150780928
1275708429873676288
1275708458524868611
1275708515810754561
1275708772011462657
1275709085892128773
1275709103957061637
1275709182080176128
1275709187968905216
1275709216767033346
1275709313739358208
1275709417934241792
1275709791235641345
1275709797300604928
1275709816569311232
1275709866678640640
1275709910173593601
1275710353511456775
1275710356476887047
1275710441608622081
1275710893322633216
1275710929624272901
1275711081596571650
1275711177704853508
1275711261544767491
1275711378477789191
1275711438074642444
1275711480772603906
1275711627560615944
1275711633919279104
1275711639879389184
1275711815469670400
1275711839352086528
1275712193712054272
1275712227589394432
1275712290319409152
1275712398310195200
1275712507760476162
1275712527285063681
1275712555323965440
1275712603164151808
1275712870504947713
1275712884501360640
1275713019205517312
1275713174403153921
1275713301595525125
1275713483846365184
1275713588334923777
1275713637370429441
1275713702159884292
1275713793709027330
1275714174174314496
1275714635887521804
1275714774500872193
1275714986011222016
1275715200973496320
1275715288227631110
1275715302379192334
1275715340262137858
1275715493454807042
1275715702125666307
1275715965133697031
1275716185808678914
1275716200970977281
1275716249192980480
1275716367069691904
1275716543905701892
1275716601728417795
1275716601841582082
1275716664655560706
1275716820163604481
1275717142386806784
1275717142768504835
1275717244320964608
1275717326231437314
1275717464295440384
1275717612677337090
1275717848778801153
1275717927090769923
1275717977183268866
1275717996217016320
1275718201490489349
1275718268070899712
1275718277621321730
1275718405488881665
1275718486166208512
1275718528327389184
1275718756669493250
1275719059867197440
1275719107384684545
1275719168856383488
1275719201286742016
1275719349966376962
1275719871637135362
1275720315004432388
1275720492570292234
1275720780794519553
1275720920208990210
1275720931768438785
1275720945303465985
1275721115911049220
1275721920814743556
1275722073927831557
1275722179867553792
1275722289271668743
1275722317314785283
1275722337531375619
1275722668021612544
1275722819993833472
1275722828348887043
1275722830009774081
1275723190908735489
1275723294113660931
1275724294421610506
1275724409991507968
1275724620755238912
1275724712908337166
1275724764435427328
1275724790226132994
1275724872296157186
1275724894584614916
1275724922447376385
1275725659155898371
1275725695784796161
1275725767322882049
1275726477087121410
1275726534763057152
1275726627754979333
1275726816171474944
1275727007360462850
1275727144195416069
1275727243646509056
1275727280124432384
1275727294636621830
1275727402539286528
1275727449884626945
1275727461095964674
1275727468041834499
1275727530365005824
1275727641203572737
1275727990161358848
1275728381175377920
1275728627133546496
1275728641763225600
1275729104084631554
1275729196548075522
1275729224985444353
1275729321328611330
1275729434260262914
1275729447027642368
1275729702091718660
1275730089989341187
1275730189666877442
1275730323700154369
1275730559118061569
1275730626000322561
1275730719982133251
1275730737988280324
1275730766991896576
1275730832389484545
1275730957086199811
1275731156995104770
1275732079456718850
1275732090315825154
1275732260185145349
1275732538607230978
1275732682463490050
1275732682975084544
1275732973736902658
1275732994972663810
1275733477992906757
1275733703981969408
1275733958232166400
1275734019989106689
1275734269155880960
1275734366539247616
1275734437876006913
1275734803262758913
1275735164178403328
1275735982185148417
1275735997087649792
1275736181758586880
1275736193427279879
1275736221885620225
1275736277904527360
1275737524338450435
1275737855738798080
1275737895278526465
1275738186124152832
1275738931808501760
1275738950188048384
1275739132686467073
1275739302110982144
1275739423796342785
1275739438878830592
1275739535347859457
1275739557015609344
1275739566217949185
1275739817494470657
1275739898666840064
1275740265571995648
1275740441900511232
1275740673933631488
1275740981225123840
1275741155620204546
1275741202868867073
1275741332145754113
1275741617505267712
1275741806450184193
1275741819502907392
1275741839518167040
1275741884896309248
1275742066430013440
1275742462967857152
1275742804983992320
1275742999486640129
1275743216009019393
1275743293930864640
1275743442170073088
1275744100239605767
1275744358629662720
1275744714390597633
1275744920305758208
1275745208047505410
1275745768070995968
1275745789596168192
1275746219885834245
1275746349854552070
1275746619439280129
1275746768878137344
1275746860783693826
1275747427924930560
1275747445037658113
1275747641045835776
1275747689397800960
1275748025302843393
1275748585879990273
1275748595858173954
1275748597707862016
1275748803698515970
1275748882115248133
1275748887156809728
1275748895599947778
1275749045059719168
1275749058301190145
1275749114689449984
1275749275557720065
1275749433360039938
1275750276830425088
1275750412767735808
1275750626916356100
1275750628204011522
1275750670075744256
1275750994500923394
1275751664696221696
1275751878723174403
1275751971861852160
1275751977406742528
1275752322551832577
1275752657844449281
1275752719899168768
1275753574278938624
1275753825744203782
1275753885810843649
1275753916701962241
1275754529212882944
1275754946734907393
1275755214671187968
1275755229913460738
1275755462869180417
1275755625629184000
1275756170578288641
1275756410765062145
1275756521947709440
1275756928669331458
1275757162757685249
1275757641235681283
1275757680653553671
1275757905329995778
1275757940826308608
1275759325810577411
1275759579398238208
1275759731248791559
1275759778715693056
1275761290544218114
1275761605649686528
1275761855173062657
1275762110971039744
1275762128654176256
1275762194718715906
1275762434897133572
1275762716087468037
1275763059013726208
1275763260273209345
1275763461633404936
1275763544571514882
1275763562233819139
1275763859853381638
1275764016694980608
1275764269628325894
1275764650978623490
1275765214835695616
1275765230178451456
1275765736154128389
1275766175683633153
1275766387915419650
1275766394789994496
1275766439786381312
1275766739930738690
1275766776685453318
1275766922026651650
1275767036140896261
1275767160413937670
1275767279691501568
1275767313740910594
1275767324021145600
1275767578372173824
1275768252681949184
1275768330104774656
1275768482282389515
1275768536556638208
1275768713984086023
1275768793034223616
1275769699142299648
1275769731111239682
1275770674737340418
1275770885194960896
1275770931328110592
1275771639355994112
1275771645035073536
1275772204894973952
1275772598555602944
1275773141025845250
1275773572401766400
1275774357675970562
1275775714831134720
1275775976476045312
1275776121515073539
1275776304416059392
1275776399916232704
1275776529927036929
1275777303830687744
1275777307764908033
1275777405060177923
1275777946788102144
1275777963749859328
1275778110714023937
1275778649614979072
1275778929496735745
1275779210276073473
1275779294363480064
1275779611175956483
1275779719644844034
1275779739693641729
1275779906392092675
1275780080464048129
1275780870285045760
1275780931090026496
1275781557983145989
1275781907997810689
1275782327768158209
1275782373074849793
1275782467874521090
1275782482269360128
1275782557938839552
1275782566096678914
1275782662968406017
1275782775044313089
1275782867969208320
1275782965272866816
1275783651054112768
1275784138440626176
1275784414870433792
1275784648178536449
1275784814130388993
1275785399407796225
1275785625992478720
1275786234153938945
1275786404803444736
1275786480384761856
1275786529823240194
1275786618893303809
1275786953573588993
1275788050535071744
1275788466807123968
1275788538617843713
1275788705886687235
1275788745925521409
1275789015174672384
1275789190530097153
1275789629417906176
1275789718983020544
1275790108344504320
1275792715666436100
1275792754573008897
1275792755399127041
1275792915843801092
1275794088797691907
1275794554180911106
1275794694883041280
1275794879554060289
1275795086882701312
1275795124446883840
1275795206927867904
1275796185505095686
1275796219017621506
1275796588607057926
1275796718353649669
1275796797319868416
1275797769685352448
1275798144907833345
1275798171092783104
1275798197227552769
1275798215560851456
1275798292119433227
1275798580922478594
1275799885254549504
1275800470674497543
1275800471211397120
1275800472150999041
1275800851219529728
1275801106916896768
1275801748699877376
1275802552953499650
1275802851835408384
1275803096875241472
1275803118647697408
1275804251906691074
1275804641406541826
1275805296653299712
1275805505449938945
1275805822044405760
1275805854738944000
1275805987358687237
1275806301830823937
1275806370978123777
1275807086652219392
1275807510289670145
1275807552903639041
1275807924242137089
1275808034854297601
1275808105612394496
1275808308138401794
1275808431811657729
1275808878068854785
1275809594241978368
1275809693068222466
1275809842473525253
1275810122896248832
1275810222779404289
1275810446545547266
1275810844924760066
1275811031386734592
1275811499798220802
1275811617100324869
1275813174961254400
1275813340678217729
1275813692358029312
1275814045266788355
1275814228591427584
1275816200715431936
1275816219673673728
1275816358077501446
1275817020609699840
1275817200322965506
1275817304245383169
1275817473305014273
1275817665357996033
1275817687239688193
1275817705413636096
1275817823751688192
1275818105747333121
1275818206498701314
1275818224068616192
1275818423348387840
1275819758999400448
1275821543159853056
1275821769006465026
1275821786073088002
1275821986325729282
1275822401150783490
1275822488291651585
1275822855733735431
1275823612839096321
1275823650424229889
1275823895086395392
1275823919400812544
1275824612207546368
1275825604567486465
1275825709739659265
1275826066951671808
1275826419235340289
1275827515974541313
1275827542126026752
1275827849321017344
1275828243312988160
1275828309205516293
1275828608091615232
1275828982525489152
1275828988321992704
1275829029455589377
1275829543287132160
1275829947039244290
1275830080619417601
1275830314057650177
1275830796146765824
1275830804799614976
1275831467596066816
1275831468460105731
1275832301402894336
1275832358781026306
1275833334027911168
1275833627138338817
1275834957772935169
1275835040031596544
1275835041394888709
1275835079294545922
1275835167286816769
1275835226606825472
1275835490969649153
1275835821090729985
1275836008609673218
1275836397065142272
1275836400500273152
1275836905909743616
1275836998297677826
1275837282159742976
1275838281440092161
1275838539746250753
1275839185773969408
1275839701040029697
1275839710699479041
1275840920957714434
1275841034652577793
1275842611090096128
1275843732886052865
1275844344684175361
1275844679939100676
1275846186264641538
1275846327289741318
1275846466288996353
1275846521062375424
1275846657675014150
1275847302570278917
1275849400091316225
1275850295302643715
1275850344199794689
1275850372423262213
1275852113164328962
1275852569550651393
1275852975035080706
1275853122192257029
1275853756358426624
1275854166456492034
1275854206243680256
1275854782281003008
1275854882294173696
1275855470054518785
1275856224022650886
1275856387831214085
1275859058428280832
1275859105098248192
1275859274791399424
1275860016705097728
1275860121503981568
1275861044917702656
1275861233053298689
1275861423483047936
1275861731072282624
1275863686930825216
1275864981272006656
1275868504378523653
1275872552590573570
1275877499776364544
1275879726049923074
1275883970358476800
1275885488486985731
1275888257948160002
1275891234544861184
1275892910345650178
1275893745813278731
1275895088246374403
1275898921999634433
1275899673350254592
1275902724077285376
1275925224551092226
1275925850928496640
1275932651803693056
1275935836438179848
1275938211856969730
1275943389964447749
1275943483375644672
1275944009274277888
1275948908749811712
1275951193630453762
1275952107086966784
1275952123910356992
1275958728156536832
1275958903943991298
1275960089673732097
1275965191113474050
1275966637791784965
1275966782528909312
1275971521048047617
1275972906825072642
1275973667441094656
1275973729361604609
1275976721238421504
1275978089651036160
1275982076475510786
1275982816853913600
1275984681561812993
1275984836876881920
1275985642686537730
1275986048263180289
1275988775865217024
1275992959704461312
1275995679211450368
1275999043764711426
1276000315142213632
1276012247123324928
1276013667515940865
1276015308658970625
1276015463101796353
1276018137104777217
1276023282660028416
1276024097760133120
1276025157455196161
1276028709753909249
1276029880891699202
1276030774299353089
1276033473141067776
1276045460877148160
1276048929704951809
1276050924679487488
1276051887419056129
1276052171977449473
1276052988755230720
1276054269657923585
1276063108742565888
1276068511299723264
1276068958055968768
1276069704403042306
1276074154286911488
1276078580506583040
1276091725631467521
1276092627113426944
1276092632242941952
1276092644368793601
1276093613940699136
1276113505314209792
1276153526742368263
1276165776748273664
1276216449367896064
1276223928843862020
1276224349490442240
1276324642077077505
1276340844069392384
1276544179930165248
1276549466418368512
1276580762641301504
1276679930516930562
1276694211945996288
1277146243723137025
1277901286499901440
1277901330368073728
1277901346067406851
1277901430410678272
1287608215513862144
