id
1267269348793569280
1267270550793175043
1267273981993709568
1267274302933499904
1267279787929645056
1267279950622519297
1267279978179072000
1267281397762252801
1267283992618971137
1267284556626812928
1267287520456224769
1267288387980898305
1267289235679150080
1267290557635637248
1267290659347628033
1267292290839506945
1267294324061908992
1267294646687813632
1267294724508925953
1267294844545687552
1267295092034777088
1267295650808336385
1267296107241103361
1267296209758089217
1267296248937078791
1267298093906579456
1267300428728774663
1267303468072439808
1267304865488711680
1267305466889039872
1267305714478804996
1267307031129550848
1267307153104093185
1267307187426275329
1267307804957659136
1267308514080251904
1267309022211788805
1267309051915808768
1267309470914187264
1267309674920939521
1267309842361769985
1267310322546667520
1267310729905897472
1267311627885477888
1267311733120602114
1267312001891610625
1267312290967113728
1267312295291445249
1267312689396609024
1267312785454534656
1267313555155476481
1267314436118888448
1267315976489459712
1267316011037978627
1267317107810684930
1267317256339492866
1267318395734642688
1267319179125784576
1267320020587048960
1267320098118754305
1267320873482149889
1267321730332270598
1267322804556316672
1267325510343745536
1267326197806936064
1267326467777724424
1267326474987565058
1267326739656527872
1267326890085191681
1267327330956922881
1267327472984457217
1267328065325031424
1267328722035752961
1267329432781418496
1267330710630576129
1267330823331725315
1267331013895532544
1267332376448962560
1267332998388563968
1267333234410455040
1267333922918023168
1267334112777363456
1267334598670733313
1267334622796345344
1267334771396370440
1267334813612040192
1267337014401171458
1267337061473775616
1267337547560046592
1267337827424980992
1267338730555101187
1267339728623292416
1267339890129166337
1267339976515051520
1267340094806978562
1267340689190207490
1267342091400536064
1267343828849012736
1267344113407418369
1267344609232908294
1267344734554517504
1267345557124608001
1267347442652999682
1267348408659898369
1267348712474304513
1267349082852388869
1267349168189607937
1267349608335736832
1267349774916706305
1267349854646231043
1267352146233573376
1267352418435641344
1267352797491523584
1267353181920489473
1267353204599205889
1267353564441010177
1267353737619804161
1267353757299294208
1267353928288604160
1267353968373612548
1267354966945136642
1267355009340997632
1267355175141822466
1267355962136018946
1267356312871956482
1267357206267047936
1267357213745528832
1267359487683330058
1267359588925374464
1267360029365071872
1267360791310725122
1267360815918784514
1267361236674416640
1267361279028744195
1267361471832494081
1267361587276333057
1267361808211300353
1267362015594471424
1267362104379682817
1267362333623562240
1267364932707708928
1267365280763633664
1267365314552950784
1267365329744785410
1267365485261148161
1267369039430549506
1267369548535214080
1267370481788674048
1267370767840231424
1267375742091882496
1267375842029473796
1267376427554312193
1267377833875173377
1267379012453625857
1267379108696125441
1267379173841965057
1267379267224121345
1267379281560088576
1267379301986340864
1267379351424626688
1267379404453277697
1267379460090650625
1267379516881526784
1267379605276635143
1267379753855533057
1267379817416024064
1267379889860050944
1267379953441452032
1267380053991718912
1267380496910213120
1267380500282224640
1267380788372189184
1267380867514560512
1267380869100158982
1267381205810524160
1267381651857948672
1267381711152672768
1267382082541547524
1267382114548244480
1267382597824376842
1267382774027022337
1267383077006794752
1267383112453013508
1267383214135365632
1267383339591192577
1267384925696729088
1267385172422467585
1267385344892133377
1267385377020469248
1267385380149567488
1267385989795848192
1267386342847242240
1267386757747630081
1267386958956789761
1267388181948723200
1267388487520698368
1267388798150651904
1267388803179622400
1267388810293243904
1267388939498737666
1267389004627931142
1267389225567019009
1267391655562194944
1267391942549098496
1267392001571532800
1267392341100367872
1267392651680075779
1267393049673383936
1267393318050320384
1267393528356671489
1267393710611816448
1267394057929732096
1267394131573092352
1267395313553125376
1267396274409451521
1267396762471247873
1267396969632161793
1267397142152466432
1267397568654266373
1267397756571672576
1267397846472388609
1267399230185824256
1267399449271128064
1267399744768229377
1267399926691950592
1267400325368999938
1267401367720583168
1267404002355904512
1267404927623729152
1267406619383480321
1267406788384587777
1267407255370006532
1267407303076126720
1267407309283549184
1267407761429663744
1267407761622437888
1267407811727613954
1267409029350842369
1267409657305239552
1267410356869177345
1267410577124548609
1267411066767708160
1267412692467421185
1267413561422180353
1267414362223980550
1267414807235289089
1267416022719631360
1267417326204395524
1267417743277490176
1267418994790641665
1267419275817480193
1267419627803402240
1267419927511740417
1267420536746897409
1267421257324097537
1267421664746168320
1267421887598071808
1267422055420456962
1267422087792164865
1267422350691037185
1267422960828190720
1267423089522024450
1267423697033474048
1267425471341326336
1267426402216730624
1267426487558275072
1267426703917244418
1267426788587831299
1267426798968598528
1267427432941772800
1267428216437829633
1267430418480984066
1267433013744242688
1267433939259387910
1267434273230827521
1267434274095009794
1267434397415981056
1267436153575071745
1267436987515932672
1267437540161851392
1267438120099696641
1267438735269875717
1267439726128033796
1267440367361613825
1267440759344697346
1267440763157299200
1267441077255958528
1267442199521685505
1267443082003267584
1267443820184010757
1267444271864406016
1267445480373448704
1267446316457586689
1267446588399443968
1267447007452573696
1267449012933718016
1267449526601814018
1267449881964109828
1267449966844207105
1267450589677379584
1267450648066494465
1267450844242313216
1267450907911876608
1267451038518226950
1267451734538039296
1267453260966715392
1267456297558929409
1267456556297322497
1267456915782529027
1267457408793587717
1267457467631325185
1267457916572819456
1267458364776181762
1267458431411093504
1267458660743036928
1267459572089774081
1267459811387424768
1267459854395781120
1267459881495400454
1267460103914917888
1267460370139975688
1267460675342868481
1267461316890865674
1267461788922048512
1267462424539488260
1267462859744612352
1267463064380563456
1267463071628505093
1267463535132434433
1267463820492124163
1267464957202853888
1267465518790987776
1267467186194362368
1267469678269456384
1267469745810337792
1267471213082927105
1267472233645006848
1267472484640555011
1267473949174247425
1267474255673020419
1267475096970514434
1267476038331883520
1267476453353906177
1267476498858086403
1267477051386130433
1267477845414014977
1267478286621274118
1267478455886573568
1267478759461883905
1267479049577697280
1267479325030391808
1267479899435962368
1267480063181807621
1267480407592669185
1267480655459258369
1267481380985778177
1267481399025516545
1267482334988648448
1267482483181805568
1267482894169227264
1267483190597283841
1267483385481629696
1267484119983771649
1267484505717084160
1267486524309827584
1267486965319909376
1267490406234759168
1267490750671007745
1267492562492768256
1267494430639968256
1267494523531223041
1267495538561171461
1267495609411362816
1267495928161804291
1267496048404070400
1267497748615446529
1267498583911170048
1267498809585778691
1267500399088463872
1267500545083752448
1267501155413712896
1267502597864333312
1267503588747571200
1267504190026203139
1267504493165305857
1267504734832738314
1267506892743606274
1267508470896451584
1267509189389107201
1267509908099874818
1267511825710698499
1267513009250791424
1267513602371735552
1267516269965701122
1267517871871209477
1267520332329553921
1267520778951692295
1267521133106135040
1267521882129137664
1267521893462167554
1267521923153629185
1267521945236635650
1267521973099409408
1267524568048173062
1267531224068714497
1267533168225259520
1267533229185105920
1267534655080693762
1267534676081557504
1267605835787583488
1267610003378241538
1267611129674489856
1267612865269121025
1267622541390237697
1267622559966736386
1267637735684141056
1267642732891250688
1267652465056350208
1267652926811435009
1267656098774790144
1267663962025287680
1267671365428973577
1267672619207319553
1267673067834060800
1267673329655111680
1267676923414474752
1267682609481412608
1267686167949881344
1267688296265760768
1267689425800052740
1267691927534661633
1267700787485962241
1267706315029299200
1267714013862825984
1267722766750371840
1267726957967523840
1267729007207841792
1267746229955379200
1267753651260608512
1267764222022189058
1267767936292278272
1267770900897660930
1267795497156136960
1267805783405649928
1267820972746240002
1267850916968796160
1267869680242286592
1267985302183788544
1267991425100083200
1267996759625797640
1268003986721763328
1268017151698505733
1268020352749170689
1268149200958615554
1268550939549540353
1269183884312211456
