id
1260036214163337216
1260039067430981633
1260039514980048896
1260044867872468995
1260045355254714375
1260047492055433221
1260052942205235200
1260062560767717376
1260079978282016770
1260080025908375553
1260083942482272257
1260090653226213377
1260091975711076352
1260095261214294017
1260096208967577601
1260096263929774081
1260097379383930881
1260098695397179393
1260099404490436609
1260100201114513409
1260100617671970818
1260101848951746562
1260102687179149313
1260102872034770945
1260103410927337482
1260103749416226816
1260104885892079617
1260107101914886146
1260107319464976385
1260109454072262656
1260109714676801536
1260109722151239680
1260110864620892160
1260111045982425090
1260111253290258433
1260111311175733248
1260111503006588930
1260112026770255874
1260112423698288641
1260112598361661440
1260113077326024710
1260113410412425219
1260114128561209349
1260115828411781121
1260119701021093891
1260120492356370441
1260121071816146944
1260121323415756800
1260124399077855246
1260124495072894976
1260124577151270913
1260126657110855680
1260129045468995584
1260131961491709953
1260132140685185024
1260134764515717122
1260136474659319809
1260136880978292738
1260136922803912706
1260138089248243712
1260138266239447041
1260139761110413313
1260140464994430976
1260141660240928768
1260146404464324610
1260151607561314305
1260158680877555712
1260158793070940160
1260160168857268225
1260160596516855808
1260163705053970433
1260168538515484672
1260170308893491200
1260170866886766595
1260172272364650496
1260175579581681664
1260175634556432385
1260175751292182528
1260176531655020550
1260183037800742913
1260183357062705152
1260183618971766790
1260185109610676224
1260187586578046976
1260188254495625216
1260188542015344640
1260190932177043457
1260191130211069952
1260191880995672064
1260193148694749185
1260195869481205764
1260199758871687169
1260201456776310785
1260202201089105921
1260206908876574720
1260208549486944257
1260220838344704000
1260221172123185152
1260221787440246784
1260222604847263745
1260222846678085632
1260223001846521856
1260223137431642113
1260223183963078656
1260225501848895489
1260225608837148672
1260226245289099266
1260226318903500800
1260226536185176064
1260226620914307073
1260227292065705987
1260227708132438018
1260228181690204160
1260230269979656192
1260231326277361664
1260231783011868672
1260234704499834880
1260235179638968321
1260236299308371970
1260238640380284929
1260240507915177985
1260241870602395651
1260243005543342083
1260245401933881345
1260251706375524352
1260254253710376960
1260257882936836100
1260258340665544704
1260280904502534144
1260331598139932672
1260394080946847747
1260410179469918208
1260584124168929282
1260587013700550658
1260595771243499520
1260613740711555073
