id
1262550901937582080
1262564733665697792
1262585275164721152
1262585668342931464
1262598857382191104
1262608214845280259
1262614053593083904
1262617030940741634
1262623595475333122
1262624756496359424
1262626367071375361
1262627256947445760
1262632964413931520
1262635379359977473
1262635576798466048
1262646140941463554
1262646974672539648
1262650084669313024
1262658456747737093
1262658945128239105
1262659701831020544
1262662296158912513
1262664407688966146
1262664415914180609
1262666351694381057
1262667108556566529
1262670123111821312
1262670829973716992
1262673579331600385
1262676338718040065
1262680477690769409
1262680749829795841
1262681852143263744
1262682574066987011
1262683250587099136
1262683255649730560
1262684016928415745
1262684827314053120
1262685797771210758
1262686342774788097
1262686789413646336
1262689223041138690
1262692346157690880
1262693125736157184
1262698216757145600
1262699202586513409
1262702883541155840
1262705377872732162
1262711341355110401
1262712974466101253
1262718857296347137
1262719648556089346
1262726223513477122
1262727936437706752
1262735748236640256
1262737405741654016
1262739443418411010
1262739545860132864
1262741144514859017
1262748392628740098
1262751071266430976
1262752198376611841
1262752631937613824
1262754032860270604
1262757513931354112
1262758699564584960
1262763797493583873
1262769377226752002
1262776722115657728
1262803497487130624
1264156193116901385
1264156222158245888
1264156245126152193
