id
1258186210738147333
1258189450187812869
1258200440283500544
1258210437029482496
1258213255371042816
1258213473802018816
1258214251359019009
1258216964738043904
1258218557948735489
1258220286006231040
1258220426955681792
1258220806599061506
1258221680146690048
1258221779312676864
1258221795196493827
1258222247900327937
1258222254707572737
1258223779144179712
1258230070344159238
1258233042276999169
1258233052217479168
1258236101501878273
1258237366269075456
1258242214389379072
1258242658360651778
1258244431234207745
1258244617922805760
1258244986061180928
1258249201428893696
1258253978153873409
1258256534926172160
1258256779072290817
1258260861694758912
1258269077480648704
1258269287053172736
1258270828120223744
1258272803167535104
1258274284062957569
1258274580591898624
1258274694215548930
1258274841502851072
1258274988504702976
1258275536918376449
1258275881556029440
1258276148464648192
1258276257214554112
1258278616485507078
1258281660237447168
1258283236553134081
1258283505664036865
1258285847205429249
1258286693469360128
1258287095724064768
1258287205853913091
1258287560901758976
1258288330279706626
1258288454087122944
1258288514631950338
1258289842913509376
1258290328257335301
1258291380377358337
1258292522465456128
1258295194769858560
1258295452916518912
1258295788599422976
1258296205563453440
1258296701942738945
1258297634621665286
1258299059497955334
1258299556887814145
1258300803850203138
1258303324740218880
1258304309579649024
1258305839691108354
1258306156704849921
1258306322111459329
1258308219983794176
1258308295917555712
1258308384169660417
1258309854969475072
1258310150726787072
1258310629003161600
1258310717905698817
1258313431406567424
1258314376026578947
1258317838709858304
1258320493892890626
1258321739957837824
1258322516176777216
1258322605364277248
1258322954146000903
1258323089974329344
1258325048085143552
1258325968990568448
1258326847827243008
1258326958875668482
1258328755728076800
1258329475449786369
1258329746523525123
1258331356423090176
1258335355977285632
1258335386641723392
1258335614161702912
1258339742527025154
1258341021244678144
1258342357973508096
1258342425317142528
1258344550482890752
1258345092449923072
1258347485644255239
1258347595459514369
1258348565778186240
1258349420380217346
1258350873274535936
1258352825089822721
1258353597139390467
1258357110271643648
1258357575420186626
1258357667384393729
1258357829431291904
1258357999355269120
1258358337004924928
1258358357821456385
1258358590189891584
1258358856863739910
1258359115421638656
1258359244367118336
1258359564786778112
1258362623105486848
1258363096864710657
1258364374143479810
1258364568893452289
1258365246290325505
1258365314133159944
1258365364439625728
1258368308639789056
1258371248867819522
1258371434801434625
1258376083008704514
1258376969294495745
1258378046425509890
1258383181830483968
1258385914432274432
1258387513606987782
1258390043338477570
1258390459107467266
1258390930547040257
1258390945281667075
1258399347164635136
1258400122087436290
1258400219600830466
1258401459302957056
1258401600286199811
1258402846518546435
1258408279081988096
1258408975847968768
1258409370985037831
1258409568947724288
1258409760489009153
1258409867552800768
1258410177759453187
1258410318277066755
1258410493296828416
1258410667490631681
1258410721924329475
1258410753998151686
1258410911934459904
1258410917127061507
1258410979215527937
1258411082424688646
1258411086002319365
1258411253002895365
1258411580070322176
1258411669430112256
1258413095451602945
1258413515703848960
1258414899228803072
1258415298283102208
1258415338389037062
1258415522300997633
1258415550335606785
1258415839285440517
1258415953315983362
1258416393373888512
1258417328863293440
1258417520496635909
1258417743604432905
1258417895585054722
1258419267252486147
1258419865385394176
1258421105129381889
1258421303041757185
1258423582658408450
1258423800351334400
1258423837844279297
1258423973026525190
1258424060918276104
1258425674164916226
1258426310826827777
1258427972907925507
1258433038750347264
1258433108187189255
1258435019342667777
1258435429700784128
1258435545262223362
1258436530516852739
1258436562922209281
1258436941898379272
1258438033742934016
1258439136404365313
1258439344206954496
1258442283793502211
1258442471731859456
1258446302821703684
1258447818936778752
1258450004915732481
1258450007046447106
1258453520094842882
1258454063416520705
1258460367556096002
1258460563597864961
1258461583895867392
1258461679354085378
1258461819972333570
1258466625432563717
1258485093057941504
1258488660820803584
1258489338322698240
1258490626783444993
1258490698510200832
1258491874098270212
1258492465998450691
1258500220947701764
1258507824297992192
1258531414611394560
1258541513971167234
1258552019113046016
1258554178600910848
1258556369025798144
1258561111890296834
1258575279691366409
1258577706305781760
1258582131426488321
1258592715169599488
1258593621051273218
1258595092081721347
1258610605218394118
1258617682489999360
1258622818289422337
1258626349666693121
1258632026590076930
1258632570608037889
1258634151277797380
1258636722893545473
1258638032518987777
1258643596179197952
1258647256120492032
1258647474027196418
1258649862314225664
1258650183316824064
1258651171280969728
1258656047754952704
1258656183327453184
1258659236843675653
1258668670655619072
1258669942251143170
1258672715487014912
1258673463914618880
1258674382567690240
1258675451674808320
1258677071825432576
1258688676302934016
1258689752116547586
1258694543395950593
1258696800568872961
1258702332528713729
1258704488874962944
1258722732793044993
1258724581864587264
1258725812867665927
1258727628896419840
1258737747138949120
1258740054215798786
1258765432435150851
1258766666864955393
1258768552674410497
1258768665773699072
1258770447480623108
1258778333887762438
1258795365878259713
1258796362528731138
1258804770397138944
1258816408202301441
1258944647499591681
1259026887613038594
1259223184974295040
1259314061684224000
1259317828320030721
1259422722750156800
1259475891308179456
1259764302916907008
1259853124598185986
1260135884407689216
1260409554757660673
1261192570132144133
1262274226964230151
1262542527246168065
1280584436216508416
