id
1266920454725472257
1266932773433913347
1266937869152772097
1266938103417262081
1266950731304710145
1266951232448585730
1266959093383790593
1266960816626184193
1266966540982853633
1266968871807811584
1266971343305703424
1266971631026671617
1266978806725857280
1266980449890390017
1266984902802591747
1266986971378876416
1266987777058455552
1266987946227445762
1266990293867474944
1266992810252627968
1266993375367970818
1266993979914104832
1266995327162171392
1266998432100728832
1266998907302789122
1266999636327194624
1267002861356871681
1267007273685192705
1267007645975748608
1267008041150447617
1267017543505506305
1267017625764352001
1267019394678263808
1267020492742856705
1267020583637663745
1267021154780233728
1267023603796770816
1267024598723211264
1267024746820128768
1267030559106072580
1267035592266674178
1267037370291032074
1267038108769542149
1267038203636142085
1267040254944407554
1267043155616190464
1267045600781938689
1267045932870193153
1267046217751683072
1267048824347914241
1267048908972347392
1267051864274595840
1267053114613362693
1267078791622389761
1267080258466926592
1267080463446761472
1267081990093692929
1267093282254917632
1267095196048560131
1267095999316553728
1267096347498299394
1267102621992513537
1267103909782392832
1267107495912157184
1267110596417216512
1267111046210301954
1267114491000639489
1267114593987579905
1267137615666479107
1267139389492166657
1267146580492201984
1267146658065735680
1267149860265881601
1267161321247657984
1267206249206218760
1267495823581085696
1267617877894537220
