id
1262906434464800769
1262912058800177152
1262919435179954177
1262922339458703360
1262922414532395008
1262923222103793671
1262924398497062917
1262924493128970243
1262925038140960769
1262925763000467456
1262926192761434112
1262926710544138241
1262927645802745860
1262928019494182912
1262928613499781120
1262928741061349381
1262929910022180864
1262930304194338816
1262930369013264385
1262930369072058377
1262930518418612225
1262930709292843008
1262930828935303168
1262931618622107648
1262931884809560070
1262931960948600834
1262932575430955009
1262933223543148545
1262933554247331840
1262933597083729921
1262933957391384578
1262934904796360704
1262935083305930753
1262935889132417024
1262936636150566913
1262936772662579205
1262937164301643776
1262937446750146562
1262937506577879041
1262937630154645509
1262937646763921408
1262938174348656640
1262938211590049795
1262938543816617984
1262938648762298370
1262939054166945796
1262939348850233345
1262939578710835202
1262939772609335296
1262939862518214657
1262940322826457088
1262940477935976448
1262940727274647554
1262940756471357442
1262941110911057921
1262941133258108928
1262941321121001472
1262941549517815811
1262941972333027330
1262942040201015302
1262942117309100044
1262942325287813120
1262942582750887936
1262942592423153670
1262942712594038784
1262942836233830407
1262943041171550208
1262943234319437832
1262943339609014274
1262943354612056064
1262943437843808256
1262943446328905729
1262943492545941504
1262943636855152642
1262943653749821443
1262944074455298048
1262944297348890626
1262944549204307978
1262945027291885568
1262945143914672129
1262945204027428865
1262945269907423236
1262945303554076675
1262945396051136513
1262945614008025094
1262945691686617089
1262945698355589120
1262945780710674433
1262946444249575433
1262946738685476865
1262946791798050821
1262947254211678208
1262947595061772293
1262948167663980550
1262948205043625989
1262948662021427206
1262948911037255684
1262949089592987648
1262949772874432518
1262949879380312073
1262950217047040005
1262950373024727046
1262950374937432072
1262950817398763522
1262951822542671873
1262951945448427522
1262952470600351747
1262952692336517121
1262952769369116679
1262952866966364162
1262953015289483267
1262953245443579909
1262953411558981632
1262953516269809664
1262953574348263425
1262953583286333440
1262953638831554566
1262953762337013762
1262954056122880002
1262954164612730883
1262954514279272448
1262954606352629761
1262954612216205316
1262954983017852928
1262955603317710850
1262955651468349443
1262955814194733057
1262955840182640653
1262955866623479814
1262956020609007618
1262956043082104832
1262956108450271235
1262956114297135106
1262956396867452932
1262956421609652226
1262956510205874180
1262956648085229568
1262957020442963974
1262957293181812737
1262957330888605696
1262957351054635008
1262957513005293570
1262957704529797121
1262957778328588288
1262958007429877760
1262958066632478721
1262958206424199168
1262958218755608585
1262958449836654593
1262958785548738561
1262959030466686977
1262959079980511237
1262959085529554945
1262959135886381063
1262959343986790400
1262959479534092288
1262959567786385412
1262959570592378892
1262959829645234182
1262959959563739137
1262959968434688001
1262960077146816514
1262960079579512835
1262960123808559104
1262960236408774657
1262960387529625603
1262960472074129408
1262960503233675264
1262960511303528450
1262960662516547586
1262960676735238144
1262961430111846401
1262961595895947265
1262961858883072000
1262962062587842560
1262962389538033666
1262962439714463752
1262962719604555778
1262962845173587969
1262962862768549888
1262963261043101698
1262963596008488960
1262964161610301442
1262964344981278720
1262964373364056064
1262964994892861442
1262965125369266176
1262965167224229889
1262965207510528000
1262965426159583234
1262965594523140097
1262965743630548993
1262965977777569794
1262966014263930881
1262966082278653953
1262966110451912705
1262966131050119168
1262966509531521024
1262966824544743425
1262967055017361410
1262967172965576710
1262967244658745346
1262967681877188608
1262967812747911170
1262968079325302784
1262968470058254336
1262968764477304832
1262969101607190529
1262969339034157058
1262969538406203393
1262969783785598978
1262970308484628485
1262970544602800129
1262970595324633089
1262970793484484610
1262970998460157952
1262971047969775617
1262971051065126912
1262971311619313664
1262971378275438592
1262971529630908416
1262972221213020160
1262972253408505856
1262972281170649090
1262972421511852032
1262972500859932672
1262972885292941312
1262973051949346816
1262973228278046720
1262973349606686720
1262973719187611648
1262974135657025537
1262974299540840448
1262974423125995520
1262974497532997632
1262974551144701952
1262975118097211392
1262975144676515842
1262975308334084097
1262975390710206464
1262975435991855104
1262975656977145858
1262975708021784576
1262975832039006210
1262976204308692992
1262976372684791808
1262976414329888769
1262976516507475968
1262976583255670784
1262976600297082880
1262976785664192512
1262976910302351360
1262976963649638401
1262977210702598144
1262977218612871169
1262977329250267136
1262977399140093953
1262977439443156995
1262977443402379265
1262977576915685376
1262977598797168641
1262977694016258049
1262977773439643648
1262977928528199680
1262978016877187072
1262978071755440128
1262978089182773249
1262978222485942272
1262978448357720064
1262978787001675776
1262978854316056576
1262978892417110016
1262979272915980289
1262979484271226880
1262979620409716736
1262979768871419910
1262980111474851840
1262980210296786945
1262980369957244929
1262980401678684160
1262980481462796288
1262980491277451269
1262980697335218178
1262980777702277121
1262980788988948480
1262980855468875777
1262980967746220032
1262981124772564993
1262981186294624256
1262981285934436353
1262981305064656896
1262981335288819712
1262981601975308288
1262981757428813826
1262981810352316416
1262981856917667841
1262982000819961857
1262982058625822720
1262982067802877952
1262983146489802752
1262983453395398658
1262983537373802497
1262983547511468032
1262983580952793089
1262983618940432386
1262983699446091777
1262983935148961792
1262984014673125377
1262984172852768768
1262984224438652928
1262984660876963840
1262984687967891457
1262984812266020864
1262984832583262208
1262984879647584256
1262984912556232705
1262984991346167808
1262985172661809152
1262985310733910016
1262985342350774273
1262985458650415104
1262985473212866560
1262985499473358848
1262985549725327360
1262985632701267968
1262985636295766018
1262985742990446593
1262985822724210689
1262985857390178306
1262985956887613440
1262986143106138112
1262986202585669633
1262986502335856641
1262986987251945476
1262987135440674816
1262987300688089089
1262988016311611398
1262988226077306887
1262988416611790850
1262988450032214022
1262988572556029954
1262988728240238592
1262988895303524353
1262988978363523072
1262989305003290629
1262989779458830336
1262990044479930370
1262990057784434688
1262990260281184256
1262990451713376256
1262990560043950081
1262990576045129728
1262990810129117184
1262990824062713859
1262990904329003008
1262990931701256192
1262990939292749825
1262990956497825792
1262991091088756737
1262991140573204485
1262991146919366656
1262991293053009920
1262991403107393536
1262991433830727680
1262991455573999617
1262991479812784128
1262991593574817792
1262992239392731136
1262992285387509762
1262992315062218752
1262992388416589824
1262992447547699200
1262992506377158657
1262992564820553731
1262992589990563846
1262992602472710144
1262992633066065926
1262992717971435520
1262992915376279558
1262993086566801408
1262993150957756416
1262993187213205505
1262993259795709952
1262993299125661697
1262993327059881984
1262993384958017537
1262993479451332608
1262993504302596097
1262993532974858241
1262994391742009344
1262994422721118209
1262994438131011586
1262994553314906112
1262994811692384256
1262994909503483904
1262994926016647169
1262994961643028480
1262994964692140032
1262995113439121411
1262995238072782848
1262995356176056323
1262995440800325634
1262995722502148096
1262995820158345220
1262996002098819072
1262996166339260416
1262996371944148992
1262996407188951041
1262996832126459904
1262996918361305093
1262997071147274240
1262997506092236800
1262997734241394689
1262997769062543360
1262997830332907522
1262997910209171457
1262998040090042368
1262998131416936448
1262998180062429184
1262998233086861312
1262998282437001216
1262998383213506560
1262998577938235394
1262998697060773889
1262998975101231104
1262999028641312770
1262999327435341824
1262999390517522432
1262999452543057922
1262999503864463360
1262999968194928640
1263000060150849536
1263000371632324608
1263000511642402816
1263000534035791872
1263000655620341761
1263000709722562561
1263000787317391363
1263000859346157568
1263001476344934402
1263001560780550145
1263001680267935744
1263001709841797121
1263001927215919106
1263002120279805952
1263002429684977665
1263002465969958913
1263003289479602177
1263003336716038144
1263003414331449344
1263003445310742529
1263003511991623681
1263003631093194753
1263003779907149824
1263003842851024897
1263004261551464454
1263004282745262080
1263004420608008192
1263004545900138499
1263004790222581760
1263004886104326144
1263004987497558016
1263005023266578435
1263005033928355844
1263005086684450817
1263005101897084934
1263005308349288451
1263005578609254400
1263005752710639619
1263005962190721024
1263005964648673280
1263005976971456518
1263005980859592705
1263006184891731968
1263006633539407872
1263006637582946306
1263006906416869376
1263007118044672007
1263007207324438528
1263007331194789890
1263007351100993536
1263007470173257729
1263007649009856512
1263007657603919872
1263007728412192768
1263007836889645057
1263007897966882816
1263008029919887361
1263008189076758528
1263008346602221570
1263008701390000129
1263009042454249473
1263009076461608960
1263009123118878720
1263009124901625867
1263009165649166336
1263009256388923392
1263009276324347904
1263009312441462784
1263009344221741057
1263009551344787457
1263009646924660736
1263009898381619201
1263009921274003456
1263010046134202368
1263010146361344000
1263010212459565056
1263010233225482241
1263010280256176129
1263010303043928065
1263010321939066880
1263010328524316673
1263010419771240448
1263010419922341888
1263010430089191424
1263010474381021184
1263010491015655427
1263010522980589568
1263010663678586882
1263010692640235522
1263010787448311808
1263010860106047488
1263010991991746560
1263011191112314880
1263011278794248192
1263011381260976128
1263011396977135616
1263011446750769153
1263011482868031488
1263011559900512262
1263011597993164801
1263011763609575425
1263011768059621378
1263011781452206083
1263011796979519488
1263011911890808833
1263011978349555713
1263012099183144962
1263012131156430850
1263012380587577346
1263012419024150528
1263012651552116736
1263012710402461696
1263012710440218625
1263012822348378113
1263012854250319873
1263012886147989504
1263013075776450560
1263013107250520065
1263013217858658306
1263013339258478592
1263013377174982656
1263013464559083521
1263013535963062273
1263013539628769280
1263013594662236162
1263013688484626437
1263013730566062080
1263013762384216064
1263013811046486016
1263014050834690049
1263014199669805056
1263014281458577408
1263014399058550784
1263014426266882049
1263014443430088711
1263014535868280833
1263014551613833218
1263014636611305472
1263014664910356480
1263014954543783938
1263015144285749248
1263015213953097728
1263015320723304448
1263015397416144898
1263015434250530816
1263015562688552960
1263015631743401984
1263015648462024706
1263016095495012353
1263016181738266625
1263016214248534016
1263016386726486016
1263016416678219776
1263016586249531394
1263016682630643715
1263016745440366592
1263016746476351488
1263016813291384832
1263016902831546368
1263017049892290560
1263017077700362240
1263017113750364161
1263017124450238465
1263017209892179970
1263017241525628928
1263017330126118912
1263017337331912709
1263017350850244609
1263017470090194944
1263017479518838784
1263017563057016834
1263017634192257024
1263017642128035840
1263017812987125760
1263017988493475840
1263017993644081156
1263018021263519744
1263018050615296001
1263018078176194560
1263018157603684353
1263018494980837377
1263018498726539264
1263018773273026562
1263019000499494913
1263019108850782209
1263019193861054464
1263019565086396416
1263019581456543744
1263019802181894144
1263019826102108160
1263019937519394817
1263019982134235137
1263020029240475649
1263020040221310976
1263020126405668869
1263020241203888130
1263020244798525442
1263020391078825984
1263020595576373248
1263020949458345986
1263021010770513920
1263021021231083520
1263021132476792833
1263021399498731521
1263021414900273152
1263021445422231554
1263021448362254336
1263021491861491713
1263021495527378945
1263021706043686912
1263021750943485952
1263021752617185282
1263021777745256449
1263021816051834886
1263021864856752128
1263022034252115969
1263022043970318336
1263022148240601088
1263022248732098566
1263022315870224385
1263022490214858752
1263022927382863872
1263023058295459840
1263023107926749184
1263023131586772993
1263023255977431042
1263023440585523201
1263023453247950848
1263023670554955777
1263023710002393089
1263023725873684483
1263023780328361985
1263023905914204166
1263023970149949440
1263024035417505792
1263024055525007364
1263024068166483968
1263024070205022208
1263024231765479424
1263024373033832450
1263024500364521474
1263024518416732160
1263024592358080512
1263024594132353024
1263024698247520258
1263024835401101312
1263024929999470592
1263024943777841155
1263024962371125248
1263025212678737921
1263025374327271424
1263025445462609920
1263025534541291520
1263025648735584256
1263025658994872320
1263025772106641408
1263025892806275072
1263026254489550849
1263026327495430150
1263026430444740610
1263026520119017472
1263026829650100225
1263026854774087681
1263027011905191936
1263027085573947394
1263027185377579008
1263027239521837057
1263027303564492800
1263027316277383169
1263027360892215296
1263027391456260096
1263027468773908480
1263027529385943041
1263027610713575425
1263027690157867008
1263027696491130880
1263027707283230721
1263027783334350848
1263027796072443906
1263027810333065216
1263027813768212480
1263027819099160578
1263027857602875392
1263027891249479680
1263027976352010240
1263028002033676288
1263028136545050625
1263028406666448896
1263028623176597505
1263028677937295360
1263028685348564998
1263028721675644929
1263028746707181569
1263028772523122694
1263028933550727168
1263029012600930306
1263029019676536833
1263029064396308480
1263029078510182400
1263029454026276866
1263029737376473098
1263029747547697154
1263029982462218240
1263029983242485760
1263030141908856832
1263030162251116544
1263030236805058560
1263030244350410753
1263030250134474752
1263030314076700672
1263030444125294593
1263030712892080129
1263030866441375746
1263030882593411075
1263030943507415043
1263031083383156736
1263031128988028929
1263031187066454016
1263031290879672320
1263031297754136578
1263031353848799232
1263031375743025152
1263031389131325440
1263031495813283840
1263031556236382208
1263031789473476608
1263031831215190016
1263032010257215490
1263032022248730627
1263032196681601025
1263032278701260800
1263032464798146560
1263032473992089602
1263032486579167233
1263032496377065472
1263032507752017920
1263032738560512000
1263032743665061888
1263032774631489536
1263032880017608704
1263032961902931970
1263032991233855489
1263033016873615361
1263033070237757440
1263033294930788352
1263033428649312256
1263033635478949890
1263033654923665408
1263033744509800449
1263033842295767040
1263034137230708736
1263034279761711105
1263034335311081473
1263034390462058497
1263034506170122240
1263034629667381248
1263034997193224192
1263035026196725761
1263035516611710977
1263035606503952389
1263035761949057026
1263036054858280962
1263036220625444865
1263036268608438272
1263036284676853760
1263036289487482880
1263036545273073665
1263036559160414215
1263036808062959616
1263037626698743808
1263037846010634240
1263037921629634564
1263037957763502080
1263038153230860288
1263038329840218113
1263038469347184641
1263038609248010240
1263039282416979973
1263039329519181829
1263039648189894658
1263039803299225600
1263039987353882626
1263040363985543168
1263040445384478720
1263040463575097344
1263040844178874368
1263040979080265729
1263041082537005062
1263041111347560448
1263041446745178117
1263041494975463426
1263041749171048448
1263041897519476737
1263041951223418884
1263042147156201472
1263042213770080256
1263042328010383360
1263042335048433666
1263042344103878656
1263042372973158400
1263042396998303744
1263042571225489408
1263042662623580160
1263042732500545536
1263042858048606209
1263043053054570497
1263043166795706368
1263043185737117696
1263043279794429954
1263043484791037952
1263043627829334016
1263043731235565568
1263043800089452545
1263043818263363585
1263043846432145409
1263043912442281985
1263044143460335616
1263044457064267776
1263044487728644097
1263044530472980481
1263044562915921920
1263044634869223424
1263044667844767744
1263044781426356224
1263044798660915205
1263044806206353408
1263044818046873601
1263044860354985990
1263044946094772224
1263044951060832256
1263044952692535296
1263045031675518977
1263045142858076160
1263045215733952523
1263045227847139330
1263045358965358592
1263045364078260225
1263045499009019905
1263045546845052930
1263045578990055424
1263045607276662786
1263045636443844608
1263045728512819202
1263045982423408647
1263046017722789888
1263046025188724737
1263046036341260289
1263046276251336704
1263046280340598784
1263046341179125761
1263046372502188032
1263046391779209218
1263046649498214401
1263046879362736129
1263046906843987968
1263047217985630219
1263047339658416128
1263047432188780544
1263047746694471683
1263047750620286977
1263048185490092034
1263048309322608640
1263048712449712128
1263048785715961856
1263048802300198912
1263049155833933827
1263049202965180416
1263049719628148737
1263049846941839360
1263050185359294464
1263050687971119104
1263050722075201536
1263050778282885120
1263050956549177349
1263051144747782145
1263051283306549248
1263051452769075201
1263051517042528256
1263051718633426944
1263051792356708352
1263052099916427265
1263052407619096577
1263052424845156352
1263052463067869185
1263052488665632768
1263052684719878145
1263053030297145349
1263053286573146112
1263053413866065920
1263053510511378435
1263053529008103424
1263054133558476801
1263054140114038786
1263054359463464965
1263054359908122624
1263054419639373826
1263054450660265984
1263054495950311424
1263054499129839616
1263054510043336704
1263054535905419266
1263054554536521728
1263054555115212801
1263054594206244865
1263054599633678342
1263054647662530561
1263054647985688584
1263054670446112768
1263054746270777344
1263055002706141185
1263055115180793856
1263055121941794816
1263055141520850944
1263055205240799232
1263055252678270978
1263055346408587264
1263055398594138112
1263055487689543680
1263055528277602305
1263055627397427201
1263055632669700096
1263055675996897280
1263055677938786304
1263055720351752193
1263055805995192320
1263055861003370496
1263055914942132224
1263055975604383744
1263055984324460545
1263055997704298496
1263056028771454976
1263056052116795392
1263056076624150528
1263056083997929472
1263056263899787265
1263056539239231489
1263056643157372928
1263056679215566848
1263056719099228167
1263056751580020736
1263056823952629760
1263056865317007361
1263056988663136256
1263056994958807040
1263057079570436098
1263057102106275841
1263057118380220417
1263057151381196800
1263057221341986818
1263057291617714177
1263057346735099909
1263057359988854784
1263057502326775809
1263057507209134080
1263057556135718914
1263057682866384896
1263057684397305856
1263057686653923333
1263057777364291586
1263057911779143680
1263057954456039424
1263057982381678595
1263058078343278593
1263058184383545344
1263058304797782017
1263058392198905860
1263058403804446720
1263058466765262851
1263058538865102849
1263058584113422336
1263058602287398913
1263058617978232834
1263058629525151745
1263058712828182528
1263058828775448576
1263058847545143297
1263058877915906048
1263058906340888579
1263058919317843968
1263058974968029184
1263058989920772097
1263058998342934529
1263059003115855872
1263059035810598912
1263059135479730177
1263059160913989633
1263059331987017729
1263059372953022464
1263059455438139393
1263059476879257600
1263059489890029569
1263059496173137922
1263059598535036929
1263059652561924098
1263059680412094465
1263059689488728066
1263059739304497152
1263059807491067905
1263059814428573696
1263060057253654528
1263060070469980160
1263060090040602624
1263060137067065347
1263060600327999488
1263060677125525505
1263060715566481408
1263060782436270080
1263060867861676033
1263060905182613504
1263060951995039744
1263061008550998016
1263061090163777536
1263061100033118208
1263061446990139393
1263061526669377538
1263061671012007936
1263061960729350144
1263061989867339779
1263062040677158912
1263062363307012096
1263062378184245248
1263062398128099329
1263062428360699905
1263062433473667073
1263062548506726401
1263062607138676739
1263062668748955649
1263062679469658112
1263062681692573698
1263062752962187271
1263062765494730752
1263062847803871233
1263062920411389954
1263062992305840128
1263062995459948544
1263063031153479680
1263063052619968512
1263063083070771200
1263063107498172416
1263063234602504194
1263063236737404930
1263063321818869761
1263063378043342849
1263063394678161408
1263063497803329536
1263063521450881024
1263063687344070658
1263063741945516032
1263063797150908416
1263063969230721024
1263064199078576135
1263064232221966339
1263064306788286465
1263064312588972034
1263064363159523329
1263064385989181440
1263064446122946560
1263064485884911617
1263064496018358273
1263064639266422784
1263064768543256576
1263064852488167424
1263065029248778240
1263065032813756416
1263065365342535680
1263065454656045057
1263065486465609729
1263065716116328448
1263065727285653504
1263065794151354371
1263065869414027269
1263065967292227584
1263066059986198528
1263066093536440320
1263066222226268161
1263066549784465408
1263066593568808967
1263066626687148035
1263066726922502144
1263067016178675712
1263067149012103168
1263067190774968325
1263067203647295488
1263067479758143488
1263067500872376321
1263067530350014465
1263067538897936385
1263067546774728704
1263067638395273217
1263067735401074688
1263067775549034498
1263067904859406336
1263067925163978753
1263067942578581504
1263068048816103424
1263068107674877954
1263068271634518017
1263068325036339203
1263068351624105985
1263068643165757441
1263068656595955713
1263068726456352768
1263068744227663872
1263068819301466114
1263068857188487173
1263069029180178432
1263069163129626626
1263069198487556096
1263069269253898240
1263069612402450432
1263069657860194305
1263069672024477696
1263069684171067393
1263069789402128385
1263069820603555840
1263069844519309313
1263070237227986944
1263070263849005057
1263070346371952641
1263070633727946752
1263070705735946242
1263070753928273921
1263070798300004354
1263070830419824642
1263070835377569798
1263070870752374786
1263070906454286337
1263071012616273921
1263071015535620096
1263071038406922240
1263071038679601154
1263071178803027969
1263071193822871552
1263071289738178560
1263071331832209409
1263071346151456775
1263071362131931136
1263071396319694854
1263071425365258240
1263071442100314112
1263071476015489024
1263071520961622016
1263071652927209472
1263071854652198913
1263071917449363457
1263071949091028992
1263072046193532928
1263072057887260672
1263072120407355393
1263072129920139264
1263072191064629248
1263072270668500992
1263072371944165377
1263072399924187138
1263072408866455552
1263072567973183489
1263072677952016385
1263072902259212288
1263072934890881025
1263072978662809602
1263073015300067328
1263073068886286337
1263073094471540736
1263073138759184384
1263073175904157697
1263073241972617217
1263073256824848385
1263073280593969153
1263073307298951170
1263073314185998337
1263073512601849858
1263073553735389185
1263073584941064193
1263073650955022338
1263073862943600641
1263073896451825666
1263073929666519041
1263073934905192448
1263074059035660289
1263074126383603712
1263074251394990081
1263074271410237440
1263074361147359232
1263074449097723905
1263074498628157441
1263074504160546817
1263074512461008896
1263074529506742272
1263074531888922628
1263074674638012416
1263074676609351680
1263074701896802304
1263074721127632896
1263074833656668162
1263074856901521409
1263074936991690752
1263074996047556611
1263075068856369152
1263075100238082048
1263075281863991296
1263075322012057600
1263075373425856512
1263075394615296001
1263075417193435136
1263075971965452293
1263076063829262336
1263076321233534976
1263076333724164097
1263076420059893764
1263076420118601729
1263076421255168005
1263076476561350656
1263076828941479937
1263076840324976640
1263076913364467713
1263077002115981315
1263077017924190208
1263077028892487680
1263077035007754240
1263077052023926785
1263077055253622786
1263077096957640704
1263077101164392450
1263077103555280897
1263077113114046466
1263077132693053440
1263077206781235202
1263077265266470912
1263077284703059968
1263077412641869830
1263077430446755843
1263077438537388032
1263077456472350721
1263077478068822018
1263077480036007937
1263077524613017600
1263077525519052801
1263077541859868674
1263077554723811330
1263077562047180811
1263077674735538176
1263077680859226112
1263077704519352321
1263077716028424192
1263077718779822081
1263077750203711488
1263077769430405121
1263077773574356993
1263077777907101697
1263077813835321347
1263077834031017989
1263077889005633537
1263077931204526080
1263077967170686976
1263078069436366848
1263078074913980417
1263078077346824192
1263078088604188673
1263078089866776577
1263078090932015105
1263078150222704640
1263078215158906881
1263078227528089600
1263078230921109504
1263078266086268931
1263078303805693952
1263078368141926400
1263078404611424257
1263078428347191296
1263078444167917568
1263078485691494400
1263078568147353600
1263078628276834305
1263078631468761088
1263078664889151488
1263078675962003456
1263078684283375616
1263078723408089088
1263078735458246657
1263078742215163905
1263078746409496577
1263078750297575426
1263078898138398721
1263078945253216259
1263079038358257665
1263079191060365312
1263079198605762560
1263079254406897669
1263079365002366976
1263079388465246208
1263079396061184003
1263079411873505280
1263079428248264704
1263079437454606338
1263079477145251844
1263079558724673539
1263079582451687424
1263079659471663105
1263079671564062720
1263079722491293696
1263079761129213955
1263079767605207040
1263079787863535617
1263079807585144833
1263079878225625088
1263079889919340544
1263079900828667904
1263079927437504512
1263079951668043778
1263080004931510272
1263080217070850048
1263080218903928834
1263080240919830528
1263080378727710720
1263080409409236993
1263080416723992576
1263080420893220864
1263080506066980865
1263080521149669376
1263080551881179136
1263080577655160837
1263080669871255553
1263080674375774210
1263080766365466624
1263080796455223298
1263080805838045189
1263080855905333248
1263080887320805381
1263081039150362624
1263081055336136704
1263081206331170817
1263081384744062976
1263081486422552578
1263081532828168207
1263081592236507142
1263081599295459334
1263081671059894272
1263081759517876225
1263081761950629889
1263081811527249920
1263082000728182785
1263082068000624643
1263082187974496256
1263082243330912262
1263082253112000514
1263082255846567936
1263082399556161536
1263082451812806656
1263082531714469889
1263082532146343936
1263082593039204352
1263082600429531136
1263082619371167745
1263082641303060482
1263082664719904769
1263082710047903749
1263082723456901120
1263082753119010818
1263082765311815680
1263082838611693573
1263083163833774080
1263083198445060096
1263083202899566594
1263083292708024321
1263083513571655680
1263083549395058688
1263083566335852545
1263083760540581888
1263083782002937856
1263083883375009792
1263083922751139842
1263084045627535360
1263084056679415811
1263084086442090504
1263084127164784640
1263084203522043905
1263084213177327617
1263084215568130048
1263084275622187008
1263084416743739393
1263084448783822855
1263084511224569857
1263084577733652480
1263084646423814149
1263084698672041985
1263084705315983360
1263084760697655296
1263084770071842817
1263084820202246144
1263084945259577347
1263085040642207745
1263085091456090112
1263085212155641856
1263085337519087617
1263085383681667074
1263085393190232065
1263085495896031237
1263085558877884418
1263085705892372481
1263085718810832898
1263085786976698369
1263085794710949890
1263085839925620737
1263085959379210241
1263086014416908290
1263086015377551362
1263086097770393601
1263086341673246720
1263086342407196673
1263086380508471297
1263086406655782912
1263086495293779969
1263086624512057345
1263086703767666689
1263086775955841024
1263087330522542080
1263087456863358982
1263087539780554752
1263087627831410689
1263087801576222722
1263087897286250496
1263088022343626753
1263088074369761280
1263088216770375681
1263088234935971840
1263088452842557440
1263088578889834496
1263088579237933056
1263088608661123075
1263088717591384064
1263088722171572224
1263088728576126982
1263088980632858624
1263089011742179328
1263089054972735493
1263089081740922880
1263089125076369408
1263089140595216386
1263089162841927680
1263089215362830341
1263089222237343744
1263089240428036096
1263089360678932480
1263089436927168518
1263089506539970568
1263089609615052800
1263089653974007810
1263089707883401216
1263089747116699648
1263089757241958400
1263090221727416320
1263090230870958080
1263090325104410624
1263090445179146241
1263090481426137089
1263090916086210562
1263090948843556864
1263090966883426305
1263091057983660033
1263091065655001093
1263091077650808833
1263091127407783937
1263091188254609409
1263091361546297345
1263091374603284481
1263091421872939008
1263091566375088139
1263091729365897216
1263091737607704576
1263091777592008705
1263091821464281089
1263091955883315202
1263091991136677888
1263091993053290497
1263092082140315649
1263092087236386817
1263092143515668480
1263092207239802880
1263092385862627328
1263092470369390592
1263092529932595201
1263092545770438657
1263092592645898242
1263092627408392192
1263092627735490560
1263092747054936067
1263093048763805697
1263093147397226496
1263093203923845120
1263093234273677313
1263093342763704322
1263093349201989632
1263093372371087360
1263093375277948929
1263093426054000640
1263093520820318209
1263093609529774081
1263093819358281728
1263093995531616258
1263094097830506496
1263094167191707650
1263094241745670145
1263094310385434632
1263094422448869376
1263094446343639040
1263094539176165376
1263094716452626434
1263094779476275203
1263094906278383618
1263095106661302274
1263095179499601920
1263095469317619712
1263095542764060675
1263095739518980096
1263095743499231238
1263095759483920384
1263095773186719744
1263095793642287104
1263095833668530183
1263095843059630081
1263095851934797824
1263095900760682496
1263095936638750721
1263096020394631168
1263096036010024961
1263096043815596034
1263096113252499457
1263096117165789184
1263096190406733827
1263096195657785345
1263096195662012417
1263096200032448513
1263096286238162946
1263096295813775366
1263096364906381313
1263096456266702852
1263096512801837058
1263096565129809920
1263096615176335365
1263096721321504774
1263096789185507328
1263096889685114882
1263097074427596802
1263097092622385152
1263097093239029761
1263097165779369986
1263097298478915590
1263097314807185408
1263097322436562946
1263097360869187584
1263097386601050112
1263097721960857601
1263097808241872905
1263097907231600641
1263098016254197760
1263098051423592450
1263098099750166530
1263098172118839296
1263098204951908353
1263098256197742592
1263098266205351941
1263098444513546240
1263098455796285447
1263098490374066176
1263098561194950656
1263098652190371841
1263098696511582210
1263098784470331392
1263098896340795392
1263098927521251334
1263098963487600640
1263099061634293760
1263099084480450560
1263099138435985410
1263099180634894341
1263099227137171457
1263099332661620736
1263099569245544448
1263099587075571712
1263099696186224648
1263099721654120449
1263099759230742530
1263099878663569409
1263099915577647104
1263100021886431233
1263100230238527488
1263100758242717696
1263100862794096644
1263101011650101248
1263101039063883776
1263101122371190785
1263101215937683459
1263101324347887623
1263101325056802816
1263101400306728962
1263101416240898048
1263101441071173644
1263101708722290693
1263101809989574658
1263101921113636864
1263102244418777093
1263102248743124992
1263102250026545153
1263102356553531393
1263102507091324931
1263102510719315968
1263102551651577858
1263102736423284737
1263102767964381184
1263102881814593537
1263102889049722880
1263103105660379138
1263103129765044225
1263103185230508033
1263103190775615493
1263103294794153984
1263103314037583878
1263103344542838785
1263103345205456903
1263103346207911938
1263103351400488961
1263103504479948805
1263103591604088832
1263103706712530944
1263103727738605570
1263103790623813634
1263103880570626048
1263103945695612932
1263104362907222018
1263104377285308418
1263104385334173698
1263104398986633218
1263104404586020864
1263104449838383105
1263104483040522240
1263104683536560130
1263104758346158086
1263104781825961984
1263104786104070152
1263104903364272134
1263104907256594439
1263104928311996423
1263105074567364610
1263105103411638274
1263105210332794889
1263105312531165186
1263105357783511042
1263105383679160320
1263105403665002498
1263105405607010305
1263105578496192513
1263105613522825216
1263105674872942598
1263105722495012866
1263105804443414543
1263105940368154624
1263106025005019141
1263106045561303040
1263106348796919809
1263106401502498824
1263106457328693248
1263106530418872326
1263106726716420096
1263106737109733378
1263106776905506816
1263106833847209984
1263107082783535105
1263107259971833860
1263107260026257416
1263107339680247809
1263107365718700033
1263107458479747072
1263107469670322176
1263107626130386944
1263107648959864839
1263107661144510470
1263107779851673601
1263107881110515713
1263107899460476930
1263108079157207048
1263108471576072193
1263108613851275265
1263108918433198085
1263109022472945664
1263109043041849344
1263109129238990848
1263109245219803136
1263109368893095939
1263109415499993090
1263109483720368128
1263109548589625348
1263109649630257154
1263109676004073472
1263110011665944581
1263110183170895873
1263110303262310402
1263110326079221760
1263110702945972224
1263110729206566912
1263110781702291459
1263110840678416384
1263111042554425345
1263111086649167874
1263111130488213506
1263111166781542402
1263111305986215936
1263111321786212354
1263111384784687104
1263111473200537601
1263111475742167044
1263111508533403649
1263111816181407745
1263112010125897729
1263112083601682433
1263112109988163584
1263112360769859587
1263112516353343488
1263112666689744897
1263112717268893700
1263112732464885760
1263112931174014976
1263113038305071110
1263113119536013315
1263113236913819648
1263113251514126336
1263113323291258882
1263113419273564160
1263113426320142337
1263113473912799232
1263113509635624960
1263113551004065793
1263113650795143168
1263113690619850753
1263113695002935298
1263113752762707971
1263113764313772037
1263113770634805249
1263113896480522240
1263113897780948992
1263113947948830721
1263114003808686085
1263114013149401088
1263114025979858944
1263114030836862977
1263114071693541377
1263114077091450880
1263114148587732992
1263114228921257985
1263114245006168064
1263114259979894784
1263114282734104576
1263114332897935360
1263114338308587521
1263114393782382593
1263114524816633856
1263114566856302592
1263114574401662976
1263114614255960065
1263114658250022912
1263114798968926209
1263114858788093952
1263114918795960320
1263114950773542913
1263114968842604544
1263115010257178625
1263115032558272515
1263115078808686594
1263115350763352065
1263115642649141248
1263115782189395968
1263115826921713667
1263115929468252160
1263115958471790592
1263115979116011520
1263116075220250624
1263116108904763393
1263116120396972033
1263116264202960901
1263116522073083904
1263116590117249024
1263116634987925505
1263116647436607489
1263116698141503491
1263116756630908929
1263116867335360518
1263116926206631940
1263116937523052545
1263116942040162305
1263116951926091776
1263116953016840193
1263117056364302337
1263117067798171648
1263117078313275393
1263117118234660865
1263117163595993090
1263117196768632833
1263117296521768961
1263117318227472397
1263117359902011394
1263117426138460161
1263117442911477761
1263117453162315776
1263117492219785218
1263117753105473537
1263117814786899968
1263117842934718465
1263117908441477120
1263117968663212033
1263118062598922242
1263118063974547456
1263118169432088577
1263118312273096704
1263118394452332544
1263118479667990533
1263118519954071552
1263118559397310466
1263118562450976768
1263118570919092224
1263118661277097985
1263118670617862145
1263118788653957120
1263118824234258432
1263118885382807559
1263118887735955456
1263118894966861825
1263118920703021056
1263118923106586625
1263118930660388864
1263118939745325056
1263118952298881025
1263118994992541696
1263119042317037569
1263119073233326080
1263119107723051013
1263119124579987457
1263119136156196865
1263119175268040705
1263119189407121408
1263119202988240897
1263119212421304320
1263119214803652610
1263119239562563585
1263119240778977281
1263119326858448899
1263119333468880897
1263119402511335424
1263119463152410625
1263119465010606085
1263119669592051713
1263119695890329602
1263119807718862853
1263119826551099392
1263119877792911361
1263119887188271105
1263119945119993856
1263119969371357184
1263120012333768706
1263120053060292608
1263120161982332939
1263120312679333894
1263120315313504258
1263120366333054977
1263120380883075073
1263120486759874563
1263120500320096258
1263120675482435590
1263120708676145153
1263120739294724097
1263120745623810049
1263120752921853952
1263120766402392064
1263120848623251459
1263120861554307072
1263120866482819073
1263120879837478912
1263120930689015809
1263120940776460288
1263120952696733697
1263120955179761664
1263120962716864520
1263120975127891970
1263120979439452164
1263121007885213697
1263121094208188416
1263121152966135814
1263121167839191040
1263121262613860352
1263121264769728512
1263121279193952256
1263121285820882947
1263121291466301445
1263121370696708097
1263121412841074689
1263121474451365890
1263121533062590467
1263121700134301702
1263121772322291714
1263121793281257472
1263121889318309889
1263121925519409160
1263121931114549249
1263121968296951808
1263122020855930881
1263122044578926592
1263122051600134146
1263122063801319426
1263122098576404480
1263122132990480384
1263122236178706433
1263122362293051394
1263122369431904258
1263122374951665664
1263122380643131392
1263122399136006145
1263122417368563715
1263122453385089025
1263122520963723266
1263122636038684675
1263122642162184192
1263122691722219520
1263122712148545536
1263122740996968448
1263122784022134785
1263122860085739525
1263122882617622529
1263122952431820800
1263123066365906950
1263123098615705603
1263123136444235776
1263123137752899586
1263123315914244097
1263123378858328064
1263123387750080514
1263123650858885121
1263123754894290946
1263123771667255297
1263123807117676545
1263123846976155655
1263124004191137793
1263124014542680065
1263124018778959873
1263124030770405376
1263124062009688064
1263124116376182786
1263124151922917376
1263124198064402433
1263124214141169665
1263124533529239554
1263124593646211072
1263124635593445378
1263124691641757699
1263124722553745410
1263124752840798208
1263124814660874241
1263125014913716224
1263125035151220738
1263125040347873283
1263125051034853378
1263125055644610562
1263125090058883072
1263125226545573888
1263125272611762176
1263125293373501442
1263125307071979521
1263125335383715840
1263125335702372357
1263125384125530112
1263125426785996800
1263125433282777089
1263125513406681088
1263125662203813888
1263125685737938949
1263125724715761667
1263125766297903104
1263125803585290240
1263125808551510016
1263126105948426240
1263126197770219521
1263126273552822276
1263126279659720704
1263126317840478209
1263126352749670400
1263126395162517504
1263126519657795584
1263126543947227137
1263126685290909696
1263126703485841408
1263126737958952960
1263126776223420419
1263126820838412288
1263126845991550977
1263126929340870656
1263127077332504582
1263127197218455558
1263127286234087425
1263127342785818624
1263127489859084290
1263127571333394433
1263127577369219078
1263127651956465664
1263127695228940289
1263127698001604608
1263127716464754688
1263127742280802309
1263127759632642048
1263127769187303425
1263127939002007553
1263128108997042182
1263128246343864320
1263128343903338497
1263128370541453312
1263128455819952128
1263128482185383936
1263128499331772417
1263128652285239296
1263129057220333573
1263129240859406342
1263129426096582657
1263129510423212032
1263129523911979010
1263129525958905856
1263129564575916032
1263129574394810369
1263129817223884801
1263129893463707648
1263129931250360320
1263129955623243777
1263130017854357504
1263130101916393473
1263130115472388098
1263130245248368640
1263130246204686336
1263130286587621376
1263130317931589633
1263130329314803712
1263130393059962885
1263130416845918209
1263130498185875458
1263130511867891716
1263130619732570113
1263130621171216384
1263130634425372675
1263130693246300161
1263130720630788096
1263130808312836097
1263130868295430144
1263130949639798784
1263131162769264641
1263131181890994176
1263131242557509632
1263131408656105473
1263131463907594241
1263131606346276864
1263131693990453249
1263131721228267529
1263131918188662795
1263132040687427587
1263132074405269510
1263132082496290818
1263132087999135749
1263132162187919362
1263132206353940480
1263132292215566336
1263132698614263809
1263132747138322432
1263132809574535168
1263132937731674113
1263133077825413120
1263133178727936001
1263133191885463552
1263133287045689346
1263133366213177344
1263133499432644612
1263133584329715712
1263133614134497281
1263133651425878016
1263133656400515074
1263133662121537538
1263133683025920001
1263134089483182080
1263134109989310466
1263134212418232321
1263134275618009090
1263134300050001921
1263134321092640768
1263134389636120576
1263134478769192960
1263134487451275266
1263134538076770305
1263134544716169217
1263134708700856321
1263134718721171457
1263134720856133632
1263134862237523975
1263134887713726464
1263134972757422081
1263135205969342465
1263135245659971585
1263135319848660992
1263135346621140992
1263135357052174337
1263135554197127168
1263135571574165504
1263135625206792197
1263135821726613511
1263136108843397120
1263136143345778688
1263136167001817088
1263136412196499458
1263136481394061312
1263136517536563200
1263136540026339331
1263136560582713344
1263136609433645057
1263136715503316994
1263136750790012929
1263136797564887040
1263136808331706368
1263136877491740672
1263136961453268993
1263136961470124032
1263136973562281984
1263137016662769664
1263137047239254017
1263137091942141952
1263137110581809156
1263137133436350464
1263137162490331136
1263137219742593024
1263137249765453825
1263137266601463811
1263137302684946434
1263137319000829958
1263137498609283077
1263137517697527808
1263137700401430528
1263137722018881536
1263137795201101824
1263137843309920256
1263138005864374272
1263138058263805954
1263138219899551744
1263138663904563206
1263138685261762560
1263138692916338688
1263138721571966976
1263138767721738242
1263139051982340096
1263139060119293953
1263139140024930307
1263139183360524288
1263139314894024706
1263139326180941825
1263139334506586115
1263139339891953664
1263139361790533632
1263139373337522179
1263139416102461440
1263139600484020226
1263139742071181313
1263139752020267008
1263139753391583232
1263139779656314880
1263139873189507072
1263139900901208073
1263139930512879617
1263140026298232833
1263140126143758336
1263140236927827970
1263140260864823296
1263140409053548549
1263140529107169280
1263140575202570240
1263140613010018304
1263140626356269061
1263140706471702528
1263140813720170496
1263140849057226752
1263140890534653952
1263140947149365253
1263140998521085953
1263141030620061701
1263141287445708801
1263141313077301255
1263141337890775041
1263141347910811648
1263141349089374209
1263141591427866624
1263141627633307650
1263141720629211136
1263141771791470608
1263141843375493121
1263141925940535297
1263142010506141697
1263142039190814721
1263142046623313922
1263142324646879235
1263142515827519490
1263142527223255040
1263142697507815432
1263142712728940544
1263142714813501446
1263142728117993472
1263142884804444166
1263142913195696134
1263142920745439233
1263143158159822848
1263143187792584704
1263143409260335104
1263143447218622464
1263143560477630468
1263143673631592454
1263143694242402306
1263143750324322304
1263143803034021888
1263143821631795207
1263143872647122946
1263143883271217154
1263143890703446017
1263143901059256323
1263143903038971904
1263143913008881665
1263143915596795905
1263144008500629504
1263144046404476928
1263144061914972160
1263144119360086018
1263144123524976640
1263144224716972033
1263144328689602567
1263144344594386955
1263144461447704576
1263144474454171654
1263144578925957122
1263144610164965376
1263144624207659010
1263144649088106496
1263144795519758336
1263144808937213952
1263144853124386816
1263144931352350725
1263145053922492416
1263145059219681282
1263145254133399552
1263145344310919169
1263145444986761217
1263145473717809154
1263145641812701189
1263145895446499329
1263145963230814212
1263146204340289539
1263146205548347393
1263146228629549057
1263146354441728000
1263146452462628865
1263146575519338496
1263146801869328385
1263146917674041345
1263147164072505344
1263147266870611968
1263147395933712389
1263147521863532544
1263147580596187137
1263147619225710593
1263147631544619014
1263147634274873344
1263147644643414016
1263147738041970689
1263147776608698368
1263147795965452289
1263147919265468418
1263147926186070022
1263147973854113792
1263148023414128640
1263148189634437122
1263148252628692993
1263148331133435904
1263148345914273800
1263148753583779840
1263148762915983360
1263148881891614720
1263148884781563905
1263149005506314242
1263149162251591680
1263149189699076097
1263149302454476800
1263149304618733571
1263149359736279040
1263149408864083970
1263149543497089024
1263149588820619264
1263149604440137729
1263149657074683906
1263149726234488839
1263149740180385793
1263149758211899392
1263149798410027009
1263149890726699009
1263149901585674240
1263150002307829764
1263150017109516289
1263150023434555395
1263150066971357184
1263150072046465024
1263150090602020866
1263150107224166401
1263150111300829184
1263150292226408448
1263150301391044608
1263150309775376391
1263150334924533760
1263150358026760193
1263150415815700480
1263150425450131456
1263150484505968641
1263150490243776512
1263150521285656577
1263150557356871683
1263150712005025801
1263150800374824960
1263150804585771013
1263150812852781061
1263150851830484992
1263150863880581120
1263150888597716992
1263150951805919233
1263151049600200704
1263151110166102019
1263151137269612552
1263151288453218304
1263151357525209088
1263151362583474183
1263151611511218176
1263151647422726144
1263151820425162752
1263151855279812609
1263151939602141184
1263152023098159105
1263152065892802560
1263152092077678593
1263152115595333633
1263152207488262144
1263152294432047107
1263152301142937600
1263152343752732791
1263152443401043970
1263152452653613056
1263152534228742145
1263152543133249537
1263152666273865728
1263152724360609793
1263152729586831361
1263152733084946433
1263152779230687233
1263152805742882818
1263152884860018691
1263152955739398144
1263153019845259265
1263153025239126018
1263153075696664576
1263153114053521408
1263153164699738112
1263153187852374017
1263153195125108737
1263153216272793601
1263153296023277568
1263153348384980993
1263153352105484289
1263153362494578688
1263153377132851202
1263153511711326212
1263153639960596483
1263153688857595904
1263153725859696641
1263153737792700422
1263153845665923077
1263153876724666370
1263153908463153154
1263153939253362688
1263153957460832256
1263153979384463361
1263154035206631424
1263154073261522945
1263154188726398977
1263154193201799175
1263154196859281408
1263154201649184769
1263154216702324736
1263154322528821252
1263154368674705409
1263154369052266497
1263154405328764928
1263154411519594498
1263154516641234945
1263154568180850689
1263154589840408576
1263154628402823168
1263154741363838983
1263154784166608899
1263154819235287043
1263154853955731456
1263154971773669385
1263155029092990979
1263155084575141893
1263155223196909568
1263155270512934912
1263155311759765504
1263155315220119556
1263155345515520001
1263155519981789187
1263155585358409730
1263155620120854536
1263155641637576705
1263155685728149504
1263155707727286272
1263155765407354882
1263155766195703808
1263155824416915459
1263156006059741190
1263156639714197504
1263156641052024833
1263156691438206976
1263156758354280449
1263156857855782913
1263157054153330688
1263157104929419265
1263157146847494146
1263157215336120320
1263157221590007808
1263157253340725249
1263157413865275394
1263157416331534338
1263157423667363842
1263157603103764480
1263157642643607554
1263157690429300743
1263157738915299329
1263157877935607809
1263157885111951361
1263157893127274497
1263157984378499072
1263158057262936069
1263158073402613761
1263158124220952577
1263158161730494464
1263158172019113984
1263158304248717316
1263158319293911040
1263158324146536454
1263158356128051200
1263158389539868672
1263158448260124672
1263158458221641729
1263158550232088576
1263158622273470469
1263158650333356034
1263158704645562370
1263158725990211584
1263158746584363008
1263158847532826629
1263159443081986050
1263159534815600640
1263159611206414336
1263159619733553153
1263159635621679105
1263159663710765057
1263159836151177216
1263159922637717504
1263160002937786369
1263160009866838016
1263160205422067714
1263160291606630410
1263160358706925568
1263160394287165440
1263160412079632386
1263160417477636099
1263160515687092225
1263160528068739072
1263160540030853120
1263160561606393856
1263160667520987137
1263160691323629568
1263160765948874753
1263160805182373895
1263161001396051968
1263161022673817601
1263161034002575367
1263161077958955011
1263161088574537728
1263161101354766337
1263161274290094080
1263161361850183683
1263161396470022144
1263161396608598017
1263161574006509568
1263161614582386691
1263161756832026624
1263161762125246464
1263161801409212423
1263161826969153536
1263161840990777344
1263161864017506304
1263161906245668864
1263161907965382657
1263161928081268736
1263161928332894209
1263161954945822720
1263161955675779072
1263161983752212480
1263161999342493698
1263162020700061696
1263162064387952642
1263162114358882305
1263162122843770880
1263162148567597057
1263162231560101888
1263162300921286656
1263162312124321795
1263162373541675009
1263162409101012992
1263162418940665857
1263162565330436096
1263162572209041409
1263162703876521985
1263162846852059138
1263162859325927424
1263163076934688768
1263163108471697410
1263163120941334528
1263163136384937986
1263163176146702336
1263163209021665280
1263163319092903937
1263163370477244416
1263163375162449921
1263163383425175552
1263163442279510016
1263163448352894976
1263163453432164352
1263163457177710592
1263163467483078658
1263163497174781952
1263163705728040960
1263163716012515331
1263163736681897984
1263163823948775424
1263163842697342976
1263163877937856512
1263163946707582976
1263164083991277568
1263164142392946693
1263164295371796480
1263164311750443008
1263164357816377344
1263164702638522368
1263164994797080582
1263165184572633089
1263165469848072192
1263165478681423873
1263165577914433536
1263165754943234050
1263165827185995781
1263165984698925057
1263166116614021121
1263166130887299072
1263166334311038976
1263166352761618434
1263166425968988161
1263166588628414464
1263166614565990401
1263166639945723906
1263166860113129473
1263166872503177221
1263166945307824128
1263167002484502530
1263167148588924928
1263167154008055809
1263167341619064837
1263167356890755076
1263167430894870528
1263167455368798209
1263167482711465984
1263167497420881920
1263167592379953153
1263167734248017924
1263167761406029829
1263167872148389888
1263167978700337152
1263167995779715072
1263168021843128327
1263168036305088516
1263168069163200513
1263168162545221632
1263168199211663360
1263168293919051776
1263168394339086336
1263168429546065920
1263168447770357760
1263168509426581504
1263168883361345536
1263168949371338752
1263169039209291776
1263169068283998208
1263169116896202754
1263169230054338562
1263169448460144644
1263169617842671616
1263169707848458241
1263169718367612928
1263169758872113152
1263169788697665536
1263169852941860865
1263169942964154368
1263169993765576704
1263170026019926016
1263170053677002752
1263170151723171842
1263170228478832641
1263170359446118401
1263170438668021761
1263170550429597702
1263170556985212929
1263170562404151296
1263170584986427392
1263170617794166785
1263170664451772417
1263170708886245376
1263170828545388544
1263170936749953025
1263171156435238913
1263171171463254016
1263171176202821632
1263171254728757253
1263171349922615296
1263171496249192448
1263171620086128643
1263171675702669313
1263171937301192705
1263172570452557827
1263172601356091393
1263172664644063232
1263172694297567232
1263172976993726464
1263173206346739713
1263173332624723968
1263173335330041856
1263173554050420736
1263173891213733891
1263174018099634182
1263174060592119813
1263174148567621632
1263174306072113152
1263174357532073985
1263174375630569478
1263174390004346880
1263174521927827458
1263174536402333696
1263174548435791872
1263174552504467464
1263174569382211584
1263174572603404288
1263174603460861952
1263174613346979840
1263174663246675973
1263174775867932677
1263174841894678528
1263174977588781056
1263175150175834112
1263175170845368320
1263175234934304768
1263175514375598080
1263175766080204801
1263175994069917697
1263176332487188480
1263176425965645824
1263176507653943301
1263176539429982208
1263176589350596608
1263176593784135680
1263176755428327424
1263176805990555650
1263176868158734336
1263176895090159616
1263176917470965760
1263176922504278018
1263177059528048645
1263177082114195456
1263177224053592064
1263177254244200448
1263177438118514692
1263177443915059200
1263177459949699072
1263177615915057153
1263177673750147072
1263177679794106368
1263177757594288128
1263178029599162378
1263178036482060290
1263178103293005824
1263178108967858183
1263178359942467585
1263178777443610624
1263178794434781185
1263179112866332678
1263179229262491649
1263179280084762626
1263179291136835587
1263179326591135744
1263179378629853185
1263179437069103104
1263179621148876801
1263179637821243392
1263179842163441666
1263179862627373056
1263179897914023938
1263179920550871044
1263180063240945664
1263180125639708678
1263180237430337536
1263180332205051914
1263180398323920897
1263180450606047234
1263180753363320833
1263180817519558656
1263180897223946241
1263180903515189248
1263181102996488193
1263181121044373504
1263181148718370816
1263181167139778560
1263181171984338950
1263181269904404480
1263181362997141504
1263181366520426497
1263181382685208577
1263181646036996096
1263181798902824961
1263181822915153920
1263181948010106880
1263182119523758087
1263182170484387840
1263182181024714753
1263182352940843008
1263182456095739905
1263182571971608576
1263182572676354049
1263182676330074112
1263182876268531713
1263183145605771266
1263183241923747840
1263183349088088065
1263183394680299521
1263183428570230786
1263183446094077953
1263183464976642048
1263183503388114950
1263183579338510337
1263183665451974657
1263183670514499585
1263183896180453376
1263184020784861184
1263184137294233600
1263184359982432256
1263184596398755840
1263185000545030146
1263185008811884544
1263185029749972994
1263185250848366592
1263185298185285632
1263185351109234688
1263185396768411658
1263185481128267778
1263185671818301441
1263185880002564097
1263186144507781120
1263186215983030276
1263186412632825856
1263186570699513861
1263186676291166210
1263186902728839168
1263186922865717249
1263187351158829058
1263187454363762688
1263187470390185985
1263187597750349832
1263187738540441600
1263187765749059586
1263187868467355648
1263187972754571264
1263188749602697217
1263188813687468032
1263188893417058307
1263189304282624000
1263189624677117957
1263189925857497088
1263190177817788418
1263190334516924416
1263190441316347905
1263190630039121920
1263191165618335751
1263191307188604930
1263191391066140672
1263191465343287296
1263191540551290881
1263191766947241990
1263191863261044737
1263192033700843521
1263192302127681536
1263192512614858755
1263192537541443584
1263192707410743296
1263193286220578816
1263193393439490048
1263193751381512192
1263193778271240195
1263193852216819712
1263194247227990016
1263194604209426432
1263194689408294912
1263195338476642304
1263195462825242625
1263195740513406983
1263195742958522368
1263195762378358790
1263195869215698950
1263195892393242624
1263196476752134144
1263196679651635200
1263196789747994624
1263196847612428288
1263196856382824448
1263196972611067904
1263197450249965568
1263198161473921024
1263198176644935687
1263198768008052736
1263198782591655938
1263199391201980419
1263199521275645952
1263200138794799104
1263200208936108032
1263200277739573249
1263201331742937088
1263201376361988096
1263201504334397440
1263201517248475136
1263201941179510785
1263202359649480705
1263202494693457927
1263202692161171457
1263202726999019521
1263202772268093441
1263202891679981569
1263203195620331520
1263203716041064449
1263203910484926464
1263204004135178240
1263204549998886914
1263204615476047872
1263205242985840641
1263206275485073408
1263206320322367489
1263206665924472832
1263206681510580229
1263206834053058560
1263207651925622784
1263207675564716038
1263208041547259906
1263208193188036608
1263208572130754560
1263208673016455168
1263209422714736642
1263209889939156992
1263210925168963584
1263211313821605890
1263211501512507393
1263212938007117824
1263214513932943362
1263215714594414592
1263215801609281536
1263216654483243010
1263217495332143104
1263217545743462400
1263217941434322950
1263218555388116993
1263219908936118272
1263221743101018112
1263222964998168576
1263224214753951744
1263226113028788225
1263227255226085377
1263227265594294272
1263227271390932999
1263227592246792192
1263229339988037638
1263232410830778368
1263235709235683328
1263239175844724736
1263239310645645313
1263239311400583168
1263240703032750080
1263240716643254273
1263242115951329280
1263242123630874630
1263243203345387520
1263243697321369601
1263244201665454081
1263245264963268608
1263245540118204418
1263245740802859009
1263246679957880832
1263246802393927680
1263247472438071296
1263249147249012736
1263255509743931394
1263256118345846787
1263257846982029313
1263257851620884485
1263262259368693760
1263263501327319040
1263263949962776581
1263264933602635777
1263265079140560896
1263266082317463552
1263266553258299395
1263267103823577096
1263267550835564544
1263267903840890880
1263268639551225858
1263270370368352257
1263272033389076481
1263272096374779906
1263272734441816066
1263273468776329217
1263273855281434634
1263273864903221250
1263274347713761289
1263274850812137472
1263275381601308672
1263275750846803968
1263275844878897155
1263276109073985537
1263276489979629570
1263277131397808133
1263277861743390720
1263278682153648130
1263278816933277699
1263278992641142784
1263278998177579008
1263279777529491456
1263280066257129474
1263280792433721345
1263281091554816000
1263281199331586056
1263281711619747841
1263281729386754048
1263282082278711299
1263282509569306625
1263282542360301569
1263282572110553101
1263282885269782528
1263283078312742913
1263284196639797249
1263284536537841665
1263285046275907587
1263285088902541312
1263285388669378562
1263285538947244032
1263285648623931393
1263285715577774080
1263286457931718656
1263286965006290944
1263286994559533057
1263286999273922561
1263287055263698944
1263287146158284805
1263288068251017216
1263288257107955718
1263288312665706496
1263288372262559751
1263288499396100103
1263288545692745730
1263288611815993349
1263288772847902734
1263288866573778947
1263288936790704128
1263289057137827842
1263289226793234434
1263289403608379393
1263289634521481219
1263289843506954242
1263290092824780802
1263290093265129473
1263290914761400320
1263291488106090497
1263291526995730435
1263292044740636672
1263292048117030912
1263292117226422273
1263292912084889600
1263293297151401986
1263293490873720832
1263293652400513024
1263293705391427587
1263293742963802112
1263293991866511360
1263294108505759746
1263294139858329600
1263294166357823489
1263294265603485696
1263294319689162752
1263294576715939840
1263294660182544386
1263294686510215169
1263294968929456128
1263295015150931968
1263295365199036417
1263295611467706369
1263296465247637505
1263296722786226176
1263296756042743810
1263296757213081606
1263296870178226178
1263297001585815554
1263297009160724480
1263297281505333248
1263298036870062080
1263298439871414272
1263298807682478084
1263298811579039747
1263298854855806977
1263299484148211723
1263299559817539584
1263299596106649600
1263299876579766272
1263300250753617921
1263300529222045696
1263301237996470273
1263301323199397888
1263301601864736769
1263302412972032001
1263302465035763712
1263302695131262978
1263303203296358401
1263303621027999745
1263303629735251968
1263303646541824000
1263303671003021312
1263303683845943296
1263303691739815938
1263303726095142914
1263303739038789633
1263303754150891520
1263303768457633792
1263303944874401794
1263304090693615616
1263304277369524231
1263304960608833538
1263305084890501125
1263305118050586626
1263305238183739395
1263305592959111168
1263306107939958784
1263306811039535104
1263307042749665280
1263307047740649473
1263307444865789952
1263307733417160705
1263307763708334080
1263307771585261569
1263307786965839873
1263307801671028737
1263307955040063488
1263308093120643073
1263308168479662080
1263308214730252289
1263308229460844544
1263309088454303744
1263309144779640832
1263309764576116736
1263309793034452992
1263309825317965835
1263309897611055104
1263310581957898241
1263310759083175936
1263310977627545600
1263311458059902976
1263311595330994179
1263311607129669632
1263311771173031937
1263311796305367040
1263311858016157696
1263311880195649539
1263312226884222977
1263312460393508864
1263312930122104833
1263313091967713280
1263313199908237313
1263313252575899649
1263313325624037379
1263313354795425795
1263313511989608448
1263313761542307842
1263313978379255808
1263314650072047618
1263314919606255616
1263314969191464963
1263315041505378304
1263315110111481856
1263315200788312066
1263315205519335424
1263315205892771847
1263315438978490369
1263315651114029056
1263315899898974209
1263315928772575232
1263316082808455169
1263316193366159361
1263316318079651846
1263316570476085248
1263316745164664832
1263317003961581569
1263317800912711681
1263318176726683648
1263318216853643264
1263318319018446848
1263318341030010881
1263318424282976258
1263318799941500928
1263318990694178816
1263319039075639296
1263319080913833985
1263319435911270401
1263320081825751040
1263320142227714049
1263320317541441538
1263320498039140352
1263320668247998464
1263321388569341955
1263321773916839937
1263321818758180864
1263321966821474304
1263321994927505409
1263322695464357893
1263323216401088513
1263323726390665216
1263323945236746240
1263324172085874689
1263324901563420672
1263325348651053057
1263325538900250624
1263325643883905024
1263325697851846656
1263325748896522240
1263325861182418950
1263325865141841920
1263326783165759490
1263326855538622470
1263326915055714310
1263327232879198208
1263328035585089536
1263328264589803526
1263328275851608071
1263328457905197056
1263328781252489216
1263329263475929089
1263329575775412224
1263329855699128322
1263329894794178561
1263330020455583744
1263330158418804737
1263330206950936576
1263330384311463937
1263332607707639809
1263332843595292673
1263334126620270592
1263334802557669376
1263334964759674881
1263335090601549824
1263335094175047680
1263335573168754688
1263335615170588673
1263336200364056576
1263336453708357632
1263336720596164614
1263336752355385344
1263337109642858496
1263337683121651713
1263338024231821312
1263338115080630272
1263338796915085312
1263338822009417728
1263339401993572352
1263339541362081796
1263339752805326850
1263339817275764736
1263340002634870789
1263340238207885314
1263340271925936129
1263340866372067329
1263340909162201089
1263340918343495680
1263340932738375680
1263340944700715008
1263341183947943937
1263341997504561153
1263342557578158088
1263342587995475970
1263342675446677505
1263342691796090880
1263343180746981376
1263343206403420160
1263343228465512448
1263343240406687744
1263343333365018625
1263343360200204293
1263343405066670081
1263343505625079808
1263343522427494402
1263343585165901824
1263343621102686208
1263343827495968768
1263344209655934979
1263344280094961665
1263344612657242113
1263345395842899971
1263345484497854469
1263345742497923072
1263346049625796608
1263346181259710465
1263346190046728192
1263346489646026754
1263346621359808512
1263348226331037696
1263348255292719104
1263348318731554817
1263348388294062082
1263348531357605889
1263348561619480577
1263348599921893376
1263349580873138176
1263351667338207233
1263351980975628288
1263352461890326530
1263352777444519938
1263352866166603777
1263352917571989504
1263353030398935042
1263353175886778373
1263353792189194240
1263353879481036800
1263353905905143808
1263354037602115584
1263354179877130245
1263354236521209856
1263354237834063872
1263354254644789254
1263354283040182272
1263354297036623872
1263355064124682241
1263355409621909510
1263355875554557952
1263356275406094337
1263356332641378304
1263356342388973569
1263357404814757889
1263357984236662789
1263357986061250561
1263358596261335042
1263358918505361408
1263359975969026049
1263360457433157633
1263360839219769344
1263361146578493440
1263361846456827905
1263361853587062784
1263362284614758400
1263362756796973056
1263362998267195393
1263363341247971329
1263363401239146501
1263364455448051713
1263365109692329986
1263365204215132161
1263365462836031488
1263365782471430147
1263365827040096256
1263365958158163968
1263366452448501760
1263366793222971393
1263367165694095361
1263367836736516099
1263368140861382659
1263368805771735040
1263369177877770242
1263369197045809153
1263369952037179394
1263369999801970689
1263370082366844929
1263370208791543808
1263370434814152705
1263371405573292032
1263371647375085568
1263371670313558016
1263371694162563074
1263373420613390337
1263373598749646849
1263374798664740864
1263375227649654784
1263375355299065861
1263375658379599872
1263376039285309442
1263376049947185153
1263376307209068546
1263376654916710402
1263376849859563521
1263376877181419520
1263377079581589504
1263377451092111360
1263379332623331329
1263379905535807488
1263380210260606976
1263381019652169729
1263383118808940544
1263383259146096640
1263383475517718528
1263384219130097664
1263385214522257410
1263385311058354176
1263386124518596608
1263386553478307840
1263387113749438465
1263387230988464129
1263387481489076224
1263387926492299265
1263388380655693824
1263388818960334849
1263389197924089857
1263390215386746881
1263390785682018307
1263391230978699265
1263391315309424641
1263391959890132993
1263391990617477121
1263393858030899200
1263394012788068352
1263394126302765061
1263394373565202432
1263394422340943872
1263394504280768512
1263394991457464321
1263395096696938498
1263395666023178240
1263395700231962625
1263395709983748098
1263395734361042944
1263395771551907840
1263395782389989376
1263395819660521472
1263395841265430530
1263396572550836224
1263397497839456257
1263398199156490240
1263399441911840768
1263401184401993736
1263401676175626242
1263402111548690433
1263402642207846400
1263403183663009792
1263403400865120257
1263403831989133314
1263403928047235073
1263404028433580034
1263404312862097409
1263404713254387712
1263405501561180161
1263405597950705664
1263406926597165056
1263408133491187712
1263410294245789697
1263410373933359105
1263414127873208320
1263415290613899264
1263415790474330112
1263415873592872960
1263416060457426944
1263416567804637190
1263417765261725696
1263417991384858624
1263418885996503040
1263419080947752960
1263419564471341056
1263420202479423493
1263420676523909120
1263422352408412161
1263422793070280704
1263422807721103361
1263422915271417857
1263423195245236225
1263423884340019201
1263424230001123329
1263425788805885952
1263427642642006017
1263429853526843400
1263430134155153408
1263432838751420417
1263434151929102336
1263434480271921152
1263435751137644545
1263437372693180416
1263437856241905664
1263439648484782080
1263440313537851392
1263442456546246666
1263442471968800768
1263442637287276545
1263442650843283456
1263443189085732871
1263446107150925825
1263447709563998213
1263449170251264000
1263451187728338951
1263452147464769536
1263453091371704321
1263454901721534467
1263457705416687616
1263460701466767360
1263462292970180609
1263462560063467520
1263463128211296256
1263463910813970433
1263465972553388033
1263467463871692801
1263467529143451656
1263469191778250753
1263470815510659072
1263471810479296513
1263476261474783232
1263480772633247744
1263481220039655425
1263484693858541568
1263487497352306688
1263490955199438848
1263491258799906817
1263491339603279875
1263492468441600001
1263498732227760130
1263499212186157056
1263500187030286336
1263503187320823808
1263503976747671554
1263506781197594625
1263506974890618881
1263508106954395648
1263512951111274502
1263517548982796298
1263518288467943424
1263521355087020033
1263530303185997824
1263534856937435136
1263536163282919430
1263536183402999810
1263536255138238470
1263538963068772357
1263542010889322497
1263550830562684928
1263559324707635200
1263562639529009152
1263563826093453312
1263577687899222016
1263608071768535041
1263611634691391488
1263624175505334272
1263624747881021445
1263630210416558080
1263643661910196225
1263643858065227776
1263644259141349378
1263644306281238530
1263661114337812480
1263666353652658177
1263668621924012034
1263670337612337152
1263670344839245824
1263676436730335232
1263676509698605056
1263678316139163650
1263685820432691200
1263698954912501760
1263700727261802496
1263719448625766402
1263719560454320129
1263723622734184448
1263724107599839233
1263730100412940288
1263734885845479424
1263735468631482371
1263736296410939394
1263739062151786496
1263741384223158274
1263765944662233089
1263769116868964352
1263775724420423682
1263780584507269122
1263794186651758592
1263831297073598465
1263834205991006210
1263847749914513408
1263857488094527495
1263862862436397059
1263866380987686914
1263876474941009920
1263896381288116225
1263928892873555968
1264010437244444672
1264026957068591113
1264046801000247304
1264048444294991872
1264154402094538752
1264160140309049345
1264165288783892480
1264170589075517440
1264207646460166151
1264209830698463232
1264210852812451841
1264217449458814976
1264224719030505472
1264224766967209985
1264234993242365953
1264242574056845312
1264247693078958080
1264392825430409216
1264408277540052992
1264481291921211396
1264487273669824512
1264513674904891395
1264530281643610113
1264539606915178497
1264562931016044545
1264614972103024640
1264652254797344768
1264798592075694081
1265498078859190272
1266053231593086977
1266182988821192704
1266721405841756160
1268081375485272066
1269913377737973760
1270354685921234946
1275393434245726209
1281537843660115968
