id
1264346035570253824
1264366225678675968
1264368015375654912
1264374600340652032
1264377646697209857
1264378540838932480
1264378829327552514
1264380557993091072
1264382217679040513
1264383883111358465
1264384565113753602
1264385885728014337
1264385971358842882
1264386991732424704
1264387697864392704
1264387716386521095
1264388060029939712
1264389395844661248
1264391133528051714
1264391698043547653
1264391872006389765
1264392000339664898
1264392113103310848
1264392255273603073
1264392430519848960
1264392436173815808
1264392684145307654
1264392811425796097
1264393040732528642
1264393061687230479
1264393157925638144
1264393325316112387
1264393561564426241
1264394115829108736
1264394313225531392
1264394390191005697
1264394418355724288
1264394485640937472
1264394581493219328
1264394593862385664
1264394598660673537
1264394828005113856
1264395049464299521
1264395283414188032
1264395470341763072
1264395770574372864
1264396040381313025
1264396565239795712
1264396673037463557
1264396775110000640
1264397116421607429
1264397118350876673
1264397815796527104
1264398050128093184
1264398213760446468
1264398214737784833
1264398498197393408
1264398633731887104
1264398651176046593
1264398668314169349
1264398681869959168
1264399022355214338
1264399035470958592
1264399047604891648
1264399179809542149
1264399193499549696
1264399322038362114
1264399391072284672
1264399561918947341
1264399857608949761
1264399903750598657
1264400029176877056
1264400415359188992
1264400508472754176
1264400532136792064
1264400942021005312
1264401111840165890
1264401145444749312
1264401225862336518
1264401230098509824
1264401233554690048
1264401580456964096
1264402044238082049
1264402510766174208
1264402603288469509
1264403601360744448
1264403605735391232
1264403655081390080
1264404087673479168
1264404381195292672
1264404381874733057
1264404541644005376
1264404555896221696
1264404787258220544
1264404840152576003
1264404870527963136
1264404927327145984
1264404944570003456
1264405030104207366
1264405078984753155
1264405130943713280
1264405139634507776
1264405292743364609
1264405349102243842
1264405382308429826
1264405397265420290
1264405414680068099
1264405556141285377
1264405633580912640
1264405843778420736
1264405939215450114
1264405976918130689
1264406244225318912
1264406514158186496
1264406940010110976
1264407225621250048
1264407241051926528
1264407317212258305
1264407337885933569
1264407402201460736
1264407572565688321
1264407671719026688
1264407757316292609
1264407926497632256
1264408289380622338
1264408346351763456
1264408585091465216
1264409038063833088
1264409239507701760
1264409279383121920
1264409400229236736
1264410043048493056
1264410340894408704
1264411036951605248
1264411209996079105
1264411533150433285
1264411564506902529
1264411857525395456
1264412325894750210
1264412452361392128
1264412522179936264
1264412568535412743
1264412644489871362
1264412761485799424
1264412819287617536
1264412848446246912
1264412959679209473
1264413044496576513
1264413059117957121
1264413064511668225
1264413156735987712
1264413333664362496
1264413592775872512
1264413786817036288
1264413816369995776
1264414085690474496
1264414133992251392
1264414328465301506
1264414336811859970
1264414353719062528
1264414395620155392
1264414821824544769
1264414839524462593
1264415013151875074
1264415159721668611
1264415164281036800
1264415168471207936
1264415305192751104
1264415311039803392
1264415369135079425
1264415785255972865
1264415798673633280
1264415828734140416
1264415867086888961
1264416061899726848
1264416356214194177
1264416442516004864
1264416550964133888
1264416787245957120
1264416921556004865
1264416964149198850
1264417237076717568
1264417615071625216
1264417730977021953
1264417762140545024
1264417817266290689
1264417962196262912
1264418538669903874
1264419043806773248
1264419324913160192
1264419332546867200
1264419653280915457
1264419829785571329
1264420072979824641
1264420116839706629
1264420221898481664
1264420764570157057
1264421013565120518
1264421126224183296
1264421474640658432
1264421482156961794
1264421787762257921
1264421877130252290
1264422017622618112
1264422074543718400
1264422102536347649
1264422289166274566
1264422322980532225
1264422324662607879
1264422381860163585
1264422558020993025
1264422586600964096
1264422801148174336
1264422835138768896
1264423183375052801
1264423298718285825
1264423358789234688
1264423386404585473
1264423600796381185
1264423712692080647
1264424042934808576
1264424233863700480
1264424359617323009
1264424401484673025
1264424459437371393
1264425199405019136
1264425265347702786
1264425717611233280
1264425835379011584
1264426420278829058
1264426543524114436
1264426876250046465
1264426877755817985
1264427180122992640
1264427230131781633
1264427321307672577
1264427599553429504
1264427814175911936
1264427915111882753
1264427950600081413
1264428412933939201
1264428544140226560
1264429460922806272
1264429736308047872
1264429807250612225
1264430222935568386
1264430268204544001
1264430533276098560
1264430537067974656
1264430561247911937
1264430564695629825
1264430762327146497
1264430853943255040
1264430868975632387
1264430904514052098
1264430906535624704
1264430965226496001
1264430977486487553
1264431034822725633
1264431049947447298
1264431162090491904
1264431427313176577
1264431606061654016
1264431652975136768
1264431711208816646
1264431881606492161
1264432034975539200
1264432173962141699
1264432248851316737
1264432435414142976
1264432444997955584
1264432634404487168
1264432677655941120
1264432766520889344
1264432828424622080
1264432863971246080
1264432919512301572
1264432942106808320
1264432995068530689
1264433034998120448
1264433052408844288
1264433062756016129
1264433304591372290
1264433426180046848
1264433533088653312
1264433668342321152
1264433785661243393
1264433877692497920
1264433899024920577
1264433961100611584
1264433961511485445
1264434047834632192
1264434064167075840
1264434064334913536
1264434147042291712
1264434151287111680
1264434281541103616
1264434501750525952
1264434577923280896
1264434597552508930
1264434611079254018
1264434864339554304
1264434951157514242
1264435008829132800
1264435039531499520
1264435076445515776
1264435394990333952
1264435593825533953
1264435672179302401
1264435791490625536
1264436073532284928
1264436075847712768
1264436262485798914
1264436283293618179
1264436291996807168
1264436620142370817
1264436633627058176
1264437188252450816
1264437949841752065
1264438303417344001
1264438395016708096
1264438641381670912
1264438679159754754
1264438917169807361
1264439147256668166
1264439416841519105
1264439615496302593
1264439630679756800
1264439812695654401
1264440116870815744
1264440123556593664
1264440160739082241
1264440270541582344
1264441275115343872
1264441548181327873
1264441606108639237
1264441624504877056
1264441697011994626
1264441854227091456
1264442000255918080
1264442129461530625
1264442298122862593
1264442360189997056
1264442456264847361
1264442847991717888
1264442888710225923
1264442993215299585
1264443010122682371
1264443150376058880
1264443228956381184
1264443411983147010
1264443456648294400
1264443479918247938
1264443637267644416
1264443842008408069
1264444105033166850
1264444106849366016
1264444111261544448
1264444143973138433
1264444202789638146
1264444231390621696
1264444313531867136
1264444367831330816
1264445046339694593
1264445240355717120
1264445311189020672
1264445378767671296
1264445511911854080
1264445653045764097
1264445808868380677
1264445826199425024
1264445902376189952
1264445921120718848
1264446336277020672
1264446738355585025
1264446844882518018
1264447037392609283
1264447047698132993
1264447261452505089
1264447269648035843
1264447291332587520
1264447369162063872
1264447446899290115
1264447460782379008
1264447579649179653
1264447597554667521
1264447736591659008
1264447865868484610
1264447925721206784
1264448076560977927
1264448098069123072
1264448425262747650
1264448441922605056
1264448474998886404
1264448516732203009
1264448654607187968
1264448681647804416
1264448740267417600
1264449046330126341
1264449178387660801
1264449247669301249
1264449475009019905
1264449495208734720
1264449544302899200
1264449632970522624
1264449713887039489
1264449844510208000
1264450094612561923
1264450147460800513
1264450306290577408
1264450387706351616
1264450407272603648
1264450516676947968
1264450569655087107
1264450571534307329
1264450609459019776
1264450654153535488
1264450742254878720
1264450773343023104
1264450783342452736
1264450784156147712
1264451015182598145
1264451047080091648
1264451105834110979
1264451254949867520
1264451379638272003
1264451435812368384
1264451438245228546
1264451939510693893
1264452240145879042
1264452455884115968
1264452514901970946
1264452524309909504
1264452962287566848
1264452963507900416
1264453010446413824
1264453055073800192
1264453205934534656
1264453272451993601
1264453321697484801
1264453395609382912
1264453688430649345
1264453702707970050
1264453798958899205
1264453879061573632
1264453891938152448
1264453912838369285
1264453974775693313
1264454164589039616
1264454171400396800
1264454244280590336
1264454256276516865
1264454302506127361
1264454512103821313
1264454685882081281
1264454777708175360
1264454827054112769
1264454905776926721
1264454907962195968
1264454984034390016
1264454985661796353
1264455240834625539
1264455366085160960
1264455476047216640
1264455518132862979
1264455537393119247
1264455701650341888
1264455794780712960
1264456176827166721
1264456196863508482
1264456278740553730
1264456314215948288
1264456525386518529
1264456660766142467
1264456692173070336
1264456961149620226
1264457004401262592
1264457025926451200
1264457427283402752
1264457792938745861
1264457961386147840
1264457961751052293
1264458156198879234
1264458247332904961
1264458288877486082
1264458579542708224
1264458588539494402
1264458688611278848
1264458714846765056
1264458741518413824
1264459033437540354
1264459033555226624
1264459064970547200
1264459098118029312
1264459153512300545
1264459157542965249
1264459356113981441
1264459558875009026
1264459629867696133
1264459987964887041
1264460037386371072
1264460117585494016
1264460221990264832
1264460365225775111
1264460606377164800
1264460752779456512
1264460812661342208
1264460925131730944
1264460931708452864
1264460977044697088
1264460994274713600
1264461021084889098
1264461103515357184
1264461111996428292
1264461196092006400
1264461248193875970
1264461268699811841
1264461288161361923
1264461314807693312
1264461382101217282
1264461435758718976
1264461481275506688
1264461525479313409
1264461542398939137
1264461627111485440
1264461685458456582
1264461703548452865
1264461877628690432
1264461947057012736
1264461983786680321
1264461986823315456
1264462010747674625
1264462203572432897
1264462233280503808
1264462244559179776
1264462270270242816
1264462396216823808
1264462451111854080
1264462469419810818
1264462700110807049
1264462772705714177
1264462785397678080
1264463132673454080
1264463402967207937
1264463486467346437
1264463629728055296
1264463674724491264
1264464083262361600
1264464089788682240
1264464105944932352
1264464173603397635
1264464204263817222
1264464293417947136
1264464383758995462
1264464646741819398
1264465006730625024
1264465120698052608
1264465477687894016
1264465488882610176
1264465759318745088
1264465908455661570
1264465978974449664
1264465995265191936
1264466269375365120
1264466463542427650
1264466473994481664
1264466846205587458
1264466938241130496
1264466971652845570
1264467108932603905
1264467187634450433
1264467225777442821
1264467371445456902
1264467555235893249
1264467557295120385
1264467590673338369
1264467774354710529
1264467876519518210
1264467993427243011
1264468018119299073
1264468078814826496
1264468112679874560
1264468228987695105
1264468299103920128
1264468357689995264
1264468390359506944
1264468442662547457
1264468450551885827
1264468528465211394
1264468684803837952
1264468851414069251
1264468886738448384
1264469009145098247
1264469127181111296
1264469172735684610
1264469259700236288
1264469262376120321
1264469330818891776
1264469398858928129
1264469447840010245
1264469462771576832
1264469541926690816
1264469674072379392
1264469780158955520
1264469796323651586
1264469932496113664
1264470040344064000
1264470054780968960
1264470139505799168
1264470213434781696
1264470249656602624
1264470277238542337
1264470298595819520
1264470346326892545
1264470359417352193
1264470395039645698
1264470411741409280
1264470462710587392
1264470485531754498
1264470556591587330
1264470592083816448
1264470605958508545
1264470612615069696
1264470651643052032
1264470682823299072
1264470706013663232
1264470873672527878
1264470889640472576
1264470962365440000
1264470979885109249
1264470994690830336
1264471058117099520
1264471090836852736
1264471104459960321
1264471190690598913
1264471214166179840
1264471324275154944
1264471342864142336
1264471460334067712
1264471584003125248
1264471777108824064
1264471812915597312
1264471856863604738
1264471890640244736
1264472049537429509
1264472094311510016
1264472213563961344
1264472255423111168
1264472449887997952
1264472454828720128
1264472505181335554
1264472530871599105
1264472553118031874
1264472567072477185
1264472584139141120
1264472710475743233
1264472721343148032
1264472721896988678
1264472768852168704
1264472870077382656
1264472880450097152
1264472930962100224
1264472976705163269
1264472979779416064
1264473028768956416
1264473042824159233
1264473043549794304
1264473071903223808
1264473162974138368
1264473216468344833
1264473272084762624
1264473276744708096
1264473289008615424
1264473312521940992
1264473328741429249
1264473335276220416
1264473416054128642
1264473420936273920
1264473422970736640
1264473471997956096
1264473506336686080
1264473531468984320
1264473542864670720
1264473573172936706
1264473669700431872
1264473683738996737
1264473701334093824
1264473711282798593
1264473788856467459
1264473908222275584
1264474022953095169
1264474105190903809
1264474149876936704
1264474152443867137
1264474195645382657
1264474287525650433
1264474295310462976
1264474339782488069
1264474404777390081
1264474432883564544
1264474446464798721
1264474502471155712
1264474515611910144
1264474565973028865
1264474587733069824
1264474619127271424
1264474620519989248
1264474635594166272
1264474643207016453
1264474814212964352
1264474825713577985
1264474956038942720
1264474968487653376
1264475023743598592
1264475030253006848
1264475030395764736
1264475045847609345
1264475046334083072
1264475050071244800
1264475053703430144
1264475066655477760
1264475097529753602
1264475101208051712
1264475144900145155
1264475150071857153
1264475188676173830
1264475199455584256
1264475205818171392
1264475257894604800
1264475313758564353
1264475328044466176
1264475349426900998
1264475355919912960
1264475428665749504
1264475442125377536
1264475559838580736
1264475563923615747
1264475565815476226
1264475570676674560
1264475612468490240
1264475637609185286
1264475650552971264
1264475699974373376
1264475704021958656
1264475735818813440
1264475757184716800
1264475859722747905
1264475864189689858
1264475909408591872
1264475927674785794
1264475945890504704
1264476104401838081
1264476130591072257
1264476138878861313
1264476157690499072
1264476219312975872
1264476238141259777
1264476323474313216
1264476324720230400
1264476331556982784
1264476350989176833
1264476365727903745
1264476368210927619
1264476398221230088
1264476408245555201
1264476440088711168
1264476465866907648
1264476477824864262
1264476507210047489
1264476511001874433
1264476524310339585
1264476558900842503
1264476576311361547
1264476654623064067
1264476659517882368
1264476660385984514
1264476709908369410
1264476720398139394
1264476732008140802
1264476790011170817
1264476800609972224
1264476811276226561
1264476827902451715
1264476851730186241
1264476865953173504
1264476949075955712
1264476987843923968
1264477084568649729
1264477159004962818
1264477217611898881
1264477238570790917
1264477242073235456
1264477268115505152
1264477269424103424
1264477280580984835
1264477291276468224
1264477293969375233
1264477298612264960
1264477320217329673
1264477332192006145
1264477410445017089
1264477444888723456
1264477450509180928
1264477451641634817
1264477460369944576
1264477478149664775
1264477518209273856
1264477541378580481
1264477580989575168
1264477640645369856
1264477653429563393
1264477691367100419
1264477725143830533
1264477748216631296
1264477824540262400
1264477849487945730
1264477888436469760
1264477918803230721
1264477922259238913
1264478018367631361
1264478063003197440
1264478068745306112
1264478130523250690
1264478139561934849
1264478146600013824
1264478226480607233
1264478256696197120
1264478271007272961
1264478287000027136
1264478301680136193
1264478316230086658
1264478328477503488
1264478341106524161
1264478355048378368
1264478363189739521
1264478371758485504
1264478385524273153
1264478398392365056
1264478411453370368
1264478425974071296
1264478430197882881
1264478443657256960
1264478455107776512
1264478458450595841
1264478468814721025
1264478486967664641
1264478498145501184
1264478510862577664
1264478520685854720
1264478522862530560
1264478534942089216
1264478540503736320
1264478548753920000
1264478561437548552
1264478580349657088
1264478589338243072
1264478591351353347
1264478605465116673
1264478619784503296
1264478647907311622
1264478661186514944
1264478674847326209
1264478687971299328
1264478702886285313
1264478749925478401
1264478832456691712
1264478898143793154
1264478976334053376
1264479013398908929
1264479082747658242
1264479209566736385
1264479321558790144
1264479375229140993
1264479548428693505
1264479585984544773
1264479612001804288
1264479671279857667
1264479672835833856
1264479730918621184
1264479787336306693
1264479789500506113
1264479808278257664
1264479826657894405
1264479880877617157
1264479925899272194
1264479931062345728
1264479933721698304
1264480039921311747
1264480209694191616
1264480211820785664
1264480389466333184
1264480524690735107
1264480561277677568
1264480569074712577
1264480599752036354
1264480621755326464
1264480625018486792
1264480646757584896
1264480697944641541
1264480719348412417
1264480739166507008
1264480745529110529
1264480854883041280
1264480882758504449
1264480891096535040
1264480896217907201
1264480914853281792
1264481012618276864
1264481047644962816
1264481117823881216
1264481146882142208
1264481153916063749
1264481170118643718
1264481204344107008
1264481268735062017
1264481461371056136
1264481501175054337
1264481546733584385
1264481568388788225
1264481626375028737
1264481637397643264
1264481732742569986
1264481774110900224
1264481953589403648
1264482009788944386
1264482029623808000
1264482038612025344
1264482041866989571
1264482070060990464
1264482082639806464
1264482093100384256
1264482093490483200
1264482107625222144
1264482118652112896
1264482179486285824
1264482209966231553
1264482216072982528
1264482224902156290
1264482237447393280
1264482248381743106
1264482248637718530
1264482270519361537
1264482289603526657
1264482317210435584
1264482329508134912
1264482360222982149
1264482496034615296
1264482506524352513
1264482515190009857
1264482581954867201
1264482645829771265
1264482695343726592
1264482919927726081
1264483007790034944
1264483053700648961
1264483072256495616
1264483274249863174
1264483319527374853
1264483531457277957
1264483557717704706
1264483705202053120
1264483836135723008
1264483875226554368
1264484064423219216
1264484066117722113
1264484078364966914
1264484393667538944
1264484403201392646
1264484505244635136
1264484552694730752
1264484598408339456
1264484813538562048
1264484891703402497
1264484891992997888
1264485351185416195
1264485523931885568
1264485578269249537
1264485627258474496
1264485825179516928
1264485847694336000
1264485930783703040
1264485935569346560
1264485983510237190
1264485990418259970
1264486025063215104
1264486034244374529
1264486215459487744
1264486225336991745
1264486242424696832
1264486250431430667
1264486354441744384
1264486587565408256
1264486682872741888
1264486732143067136
1264486816654254080
1264486847058591746
1264486874929868801
1264486950238449665
1264486998477242368
1264487094870618112
1264487146133602304
1264487247778246657
1264487285850099712
1264487331337248768
1264487503169536000
1264487544449830912
1264487856254394368
1264487980036755457
1264488069132161026
1264488305007063040
1264488357616214016
1264488709258436608
1264488724701736961
1264489086309433344
1264489109369892865
1264489193222225926
1264489995865165824
1264490047627198471
1264490061740924928
1264490126828167169
1264490137909518336
1264490152526659586
1264490166409809921
1264490243161391104
1264490305384046593
1264490463123271681
1264490503543951361
1264490545943986176
1264490792510386176
1264490980566167552
1264491169418866688
1264491183809548288
1264491230777364483
1264491243351928833
1264491310569881601
1264491414500413442
1264491593207123969
1264491633799766019
1264491863467311105
1264491900679139328
1264492189364768768
1264492195849125889
1264492455359066112
1264492578528874496
1264492951125635072
1264493018075279360
1264493180235313154
1264493221092171776
1264493244722884609
1264493424595439616
1264493667844345856
1264493682301992960
1264493692120739841
1264493990491164672
1264494039862259713
1264494053506375680
1264494104622313472
1264494149769682944
1264494163426492416
1264494192178466818
1264494226085208064
1264494235866169345
1264494290463571976
1264494300789739520
1264494416657436672
1264494475109376001
1264494508655468545
1264494570949181441
1264494587093094401
1264494602519797767
1264494639135981569
1264494737601552387
1264494795461996545
1264494808783032322
1264494857122394117
1264494942002524160
1264494965096239109
1264495012613697537
1264495072139239425
1264495129580183553
1264495277643304960
1264495340498980864
1264495343078703104
1264495350796050433
1264495409101242368
1264495462918299650
1264495506048327680
1264495530606047233
1264495608355794944
1264495647887155201
1264495715323121664
1264495770373365760
1264495867878412288
1264495880532627458
1264495938451779584
1264495990175916033
1264495997134057472
1264495998191222784
1264496110384676864
1264496168362315777
1264496182052581376
1264496192760635393
1264496226487005185
1264496236373082112
1264496368241917955
1264496376974467073
1264496377645510657
1264496563415638017
1264496576103198720
1264496607443091456
1264496878013440000
1264496923580362752
1264497046536544260
1264497175511265280
1264497186886135809
1264497202275078145
1264497258650677248
1264497424413921280
1264497460220739585
1264497559269064705
1264497578424451072
1264497616798318592
1264497628869357568
1264497734381420546
1264497783685255170
1264497890883276800
1264497915592089600
1264497917542334464
1264497937641615360
1264498028993556481
1264498109884833792
1264498138422767619
1264498183381499904
1264498391762911235
1264498392916324352
1264498411459366913
1264498520771485700
1264498667450503168
1264498803010232325
1264499037492916224
1264499159739977733
1264499433971933186
1264499445259014146
1264499544915509249
1264499634988183552
1264499668337045504
1264499730127687686
1264499880397017089
1264500117756956672
1264500266017058817
1264500424901423105
1264500794461741057
1264501037303504898
1264501532499808263
1264501568763596802
1264501727274950657
1264502017516544000
1264502086579847172
1264502104829374471
1264502123300937728
1264502170797445121
1264502261268525056
1264502322417319936
1264502972844617730
1264503051576053761
1264503206782078976
1264503910263291905
1264504030438535169
1264504053435895808
1264504138475302912
1264504157265973257
1264504357556543489
1264504655981113344
1264504814530166784
1264504829759696896
1264505159737991168
1264505479725711361
1264505941732384769
1264506118296023040
1264506153850920961
1264506223480705026
1264506343601442820
1264506535448805379
1264506869990785025
1264507028027764737
1264507577506754560
1264507618791284736
1264507818222120960
1264507975378644992
1264507987420483585
1264508053182976000
1264508074313814017
1264508361703215104
1264508471514402816
1264508538916761600
1264508782937165831
1264509016878743553
1264509023677673472
1264509039309963264
1264509222122860544
1264509406953312256
1264509407804694528
1264509628366368769
1264509629100224512
1264509657810448386
1264509677636694017
1264509689678770176
1264509753662808066
1264509802241196032
1264509880653750273
1264509899712667648
1264509945187360768
1264510042394562565
1264510051315863552
1264510233856147457
1264510235265380354
1264510290101755905
1264510360104480769
1264510361715331072
1264510392803266561
1264510399661178881
1264510448025530368
1264510457613713410
1264510576266543104
1264510593072943106
1264510663768051712
1264510733963849728
1264510952809959426
1264511228312838144
1264511256175816704
1264511287922311168
1264511566344417280
1264511697827426304
1264511799287664640
1264511823132286976
1264512195989250048
1264512293464715264
1264512361441841152
1264512402285985792
1264512409697308674
1264512413631680512
1264512580917227523
1264512610310881281
1264512705664290817
1264512732981874688
1264512818486759426
1264512870999605254
1264512964259913728
1264513062163197952
1264513077103308801
1264513171970293760
1264513355793920001
1264513488917012480
1264513593493516295
1264513675798261766
1264514060931874816
1264514108306550785
1264514125645910016
1264514163470024705
1264514188740870145
1264514730133053440
1264514742313500673
1264514777256263681
1264514858164211714
1264514900967243777
1264514968667348993
1264514999621488640
1264515051026821120
1264515068605206530
1264515231449038853
1264515244816285698
1264515309807063041
1264515371618512901
1264515549071052800
1264515826461237255
1264515844148727808
1264515866173018112
1264515931843244032
1264516159979663360
1264516226455351296
1264516335691681793
1264516411331837959
1264516612394291206
1264516870104809474
1264516992003969024
1264517079379607552
1264517381264564224
1264517580083154945
1264517654426955777
1264517682864545792
1264517874795917312
1264518084120817669
1264518133475237889
1264518190412910592
1264518347078742017
1264518603099049986
1264518609579077635
1264518738730090497
1264518773542772736
1264518854673199104
1264518875925876741
1264518933928914945
1264518938269974528
1264518977910386691
1264519009677922304
1264519266491002880
1264519502286344193
1264519581210730499
1264519832256552960
1264519876418428928
1264519911826755586
1264520212809871361
1264520215917985794
1264520338781556738
1264520375741714437
1264520640549117952
1264520764180619265
1264520778747244545
1264520788109078528
1264520864705331202
1264520950483058693
1264521132415356928
1264521254649749505
1264521270936375297
1264521507931389953
1264521594363412481
1264521597404266496
1264521615070711808
1264521686109601792
1264521739247276033
1264521881488506880
1264522078385930240
1264522425305231361
1264522746509262851
1264522797285605376
1264522870933336064
1264523078349893633
1264523177776025601
1264523259363708933
1264523424875020288
1264523494013800448
1264523691024461824
1264523963637456898
1264523967622074371
1264523967739633664
1264524326558068738
1264524452626231296
1264524481462177793
1264524553495011329
1264524786979540992
1264524931955646464
1264524965124231168
1264524987056168965
1264525094929395715
1264525110502965248
1264525226005725184
1264525245299535873
1264525314673250305
1264525445564977154
1264525579539406848
1264525609914576902
1264525624581947393
1264526009719808000
1264526141970415617
1264526172588855296
1264526281678499840
1264526601699508225
1264526741084573696
1264526823905349632
1264526872550846464
1264526950548176904
1264527031997353984
1264527132245594112
1264527160653475840
1264527239376486402
1264527258930368513
1264527259509161985
1264527473418612737
1264527546026127360
1264527599117664257
1264527613718077440
1264527722027630592
1264527810212888576
1264527810401468416
1264527925715468288
1264528019898552320
1264528144100401153
1264528346911846400
1264528365253427200
1264528385977573377
1264528810067791872
1264528837381160960
1264529026741178370
1264529128486612995
1264529133851172864
1264529148858339334
1264529185537576961
1264529231335223296
1264529261492236288
1264529290869108737
1264529304110563329
1264529321051344896
1264529323408551938
1264529332908638208
1264529456250580993
1264529476848771073
1264529555966042113
1264529628913446913
1264529686912282624
1264529695510392832
1264529723507355650
1264529727189991424
1264529784136056838
1264529794261086211
1264529822899793922
1264529835595980800
1264529948066238466
1264529980836339713
1264530702877560834
1264530756589817857
1264530903067287552
1264530974043287552
1264531109510918145
1264531389363310593
1264531567176609792
1264531751491305473
1264531782507966464
1264532397707550720
1264532465160318976
1264532502208630785
1264532533481558016
1264532555178455040
1264532587189604352
1264532722258595840
1264532835974746112
1264533162824290304
1264533288057741317
1264533568056815616
1264533580430151683
1264533612428320770
1264533665540739074
1264533728837070848
1264533781857341440
1264533899889315840
1264534438056128513
1264534510164520960
1264534511569731590
1264534961610280966
1264535130829287430
1264535136780955650
1264535255547068416
1264535255547076608
1264535261716738050
1264535275952173056
1264535333775069186
1264535349780287488
1264535437974085632
1264535539836841986
1264535635286798336
1264535710096224256
1264535748234997760
1264535774969696256
1264535797342101505
1264535824600895488
1264536017006030848
1264536034735460352
1264536152935022592
1264536164469481473
1264536192772640768
1264536332103286787
1264536351090675713
1264536402160648192
1264536408863145984
1264536409928462336
1264536411342069761
1264536436948295687
1264536488189915142
1264536523883646976
1264536549204439040
1264536556322172930
1264536565084303360
1264536617542471680
1264536624983089152
1264536649301725185
1264536760828248064
1264536781753651203
1264536784463179782
1264536824183091200
1264536932190650368
1264536985718448128
1264536987824001025
1264537005431697408
1264537127112581120
1264537138890227714
1264537341265395712
1264537370306785280
1264537381664886784
1264537463088963584
1264537549781041153
1264537600725049344
1264537649496436736
1264537693310136325
1264537719843115009
1264537961124642816
1264538051663073280
1264538080356294656
1264538092683345922
1264538154784165889
1264538219137380354
1264538285608767488
1264538305233895425
1264538350993596416
1264538376507518978
1264538435206987776
1264538463032020995
1264538551602958336
1264538651087831041
1264538660021719040
1264538670633308160
1264538709233459203
1264538718515408896
1264538738501144576
1264538849096740864
1264538951060123649
1264539074636976129
1264539309358510080
1264539357211512832
1264539434080284672
1264539537042223104
1264539572630966273
1264539710644461573
1264539910167355392
1264540230243270658
1264540289848406031
1264540301617577987
1264540443703992320
1264540447189405696
1264540725447974913
1264540763616161792
1264540808067395584
1264540992171999233
1264540992599986182
1264541165019414530
1264541349295976448
1264541429302468608
1264541525830250496
1264541949035413504
1264542104136691719
1264542196344057859
1264542229579825152
1264542602747133958
1264542680425492491
1264542711589240832
1264542936944918529
1264543110526369792
1264543121477697536
1264543193145552898
1264543417536860162
1264543494137233408
1264543563808796675
1264543622973849601
1264544179587354624
1264544328959045632
1264544334239674369
1264544347552350210
1264544389986242560
1264544455446556672
1264544548572868608
1264544612544380928
1264544698410110977
1264544792362520578
1264544946901577728
1264545062006001665
1264545100689928192
1264545107384111106
1264545246546927627
1264545402503589888
1264545536398389250
1264545590228090882
1264545668833570817
1264545758746992640
1264545849188798464
1264545915320205312
1264545983330803714
1264546050464821249
1264546068722786314
1264546111613620224
1264546456100155392
1264546504322228224
1264546533334106114
1264546539067674624
1264546735709401088
1264546886091853824
1264546943113531392
1264547202136895489
1264547258944503808
1264547263654719489
1264547310190473217
1264547381351243777
1264547454747361280
1264547499836047363
1264547632191541261
1264547886353616896
1264548005920702464
1264548287543226368
1264548428693909506
1264548477046067202
1264549020707389440
1264549055893471233
1264549154203865089
1264549209375555584
1264549290896220161
1264549582740115457
1264549622585806848
1264549659835617286
1264549685198336002
1264550078305443841
1264550188019933185
1264550364298305539
1264550405544919042
1264550644737871872
1264550710772785153
1264550718209433607
1264550771980414984
1264551116999516163
1264551186746793985
1264551204941492224
1264551230136815616
1264551404724609024
1264551406016565249
1264551534991306752
1264551615886839808
1264551950319644677
1264552046499450880
1264552123166941185
1264552143870181376
1264552157967155201
1264552283616010241
1264552414046072834
1264552488163782657
1264552554731626498
1264552571450114048
1264552580060860416
1264552634884796416
1264552703213985794
1264552751314300929
1264552779525181441
1264552806242869249
1264552834927857667
1264552935654031361
1264553074783326208
1264553135097470976
1264553169268416512
1264553240168783873
1264553266404306950
1264553270720241664
1264553283290423296
1264553291226116096
1264553345353682944
1264553359714906112
1264553377347760129
1264553415562211341
1264553426194583554
1264553440816087048
1264553471572762626
1264553474454286336
1264553478497730560
1264553497451794432
1264553509338439693
1264553559036760066
1264553563541450752
1264553581849411590
1264553586505117696
1264553602942750720
1264553606151208960
1264553606843269121
1264553623876521984
1264553721314324482
1264553753799262208
1264553772052668416
1264553791526858754
1264553901774143488
1264553916718559232
1264553917028982784
1264553928043237376
1264553944916692993
1264553946246533120
1264553955771760641
1264553975736528896
1264554010054361089
1264554012986142725
1264554023471976449
1264554024654774273
1264554040668696578
1264554045764665344
1264554071417147394
1264554126760787970
1264554135765962753
1264554149976260608
1264554188605816832
1264554191915061249
1264554194628820996
1264554206716977158
1264554211896942593
1264554229353467904
1264554312862183427
1264554328850935810
1264554475009773568
1264554475613609985
1264554491648622592
1264554526515871746
1264554544584777728
1264554558786805760
1264554563694219266
1264554598133530625
1264554626508042240
1264554636868009986
1264554642597445634
1264554657336250368
1264554708879974400
1264554731046723585
1264554896273092609
1264554908612771840
1264555019786805249
1264555084421009411
1264555195402522641
1264555268483907584
1264555487128948736
1264555502089891841
1264555573233811459
1264555665466494976
1264555670860251136
1264555687151046656
1264555695304835072
1264555703672303617
1264555716255375361
1264555742050136065
1264555783880159232
1264555829904191490
1264555873671806977
1264555939610472455
1264556040374403072
1264556134595203072
1264556155151548419
1264556212227657728
1264556253499609088
1264556366162800640
1264556420940181504
1264556453529935872
1264556498191073282
1264556557213237248
1264556636800245762
1264556652184952832
1264556659151601667
1264556864932585472
1264556905323737089
1264556911720087553
1264556934075527168
1264557135108517888
1264557231267332096
1264557273294274560
1264557394237034501
1264557406870138880
1264557454718795776
1264557491657912321
1264557522511421442
1264557544216788992
1264557567646167040
1264557589737717761
1264557593961336833
1264557625246507008
1264557633089998848
1264557644657950724
1264557738329325568
1264557867681624066
1264557914045534214
1264557934190739457
1264557953891422208
1264557981062103044
1264557997323423746
1264558070644060161
1264558091162365957
1264558131092299777
1264558132170067969
1264558177301004288
1264558199060996096
1264558209538437120
1264558262223077376
1264558304950452228
1264558344045506561
1264558346750832640
1264558437297541122
1264558444578656256
1264558501910777858
1264558561473986560
1264558601777090560
1264558602372743168
1264558603702341635
1264558615991586816
1264558667187314688
1264558674258931725
1264558896980488192
1264558920854536192
1264558976466853888
1264558997790572544
1264559049573650434
1264559063443976193
1264559117953368065
1264559126828519425
1264559230725447681
1264559246273925120
1264559257904709634
1264559286920728581
1264559309557575681
1264559331489521664
1264559361008926720
1264559366084030465
1264559394806812672
1264559428558221313
1264559546682486790
1264559562188656646
1264559562595667968
1264559643793244162
1264559645278064640
1264559702702206977
1264559729109426178
1264559822055149569
1264559848542203907
1264559918826184705
1264559922798309376
1264560009016487938
1264560011767738368
1264560046144253954
1264560125400043520
1264560305058861058
1264560454787117056
1264560549943226369
1264560568347877377
1264560606629163008
1264560611943383040
1264560640053649408
1264560707200151552
1264560785637941258
1264560794500395008
1264560816260411393
1264560911391485952
1264560918131867650
1264561000512094210
1264561046481711107
1264561203680088064
1264561205504380928
1264561215784677378
1264561227272908801
1264561238702342145
1264561246793158656
1264561258843582464
1264561261985005571
1264561299393884161
1264561302590099457
1264561344507858944
1264561410492690435
1264561414318022656
1264561445624254464
1264561454662983682
1264561548216930304
1264561801049419776
1264561843995017218
1264561865218232320
1264562208786182145
1264562268643172353
1264562310984675329
1264562337513529345
1264562455964983297
1264562525791641605
1264562555437174785
1264562642246664198
1264562705542688768
1264562783649181696
1264562820403740679
1264562898535407617
1264562937043320832
1264562964859768832
1264563215066939395
1264563215482191872
1264563219206508544
1264563384630095872
1264563397846278144
1264563415344918531
1264563422756081667
1264563449339817985
1264563481598140418
1264563519455784960
1264563526368198658
1264563539290869762
1264563543950667786
1264563585021284356
1264563604315090945
1264563608467443712
1264563644488208389
1264563655900725248
1264563656186085377
1264563670081732608
1264563706240872450
1264563723252969472
1264563728734998536
1264563764982054913
1264563774305992704
1264563808669925378
1264563869676118021
1264563874692567041
1264563930225147905
1264563963464790018
1264564005336764417
1264564041764278274
1264564082918805504
1264564166356066304
1264564177055764480
1264564251114401794
1264564252397826048
1264564269221208065
1264564273642078208
1264564330168676357
1264564414683983873
1264564416479141897
1264564542085816322
1264564550181011463
1264564584293285890
1264564610754940928
1264564629457551366
1264564692103475201
1264564773750005761
1264564812656201729
1264564821900447744
1264564851822653440
1264564896940863488
1264564992734453761
1264565043372232708
1264565090973433856
1264565213648556033
1264565287703248898
1264565313909264385
1264565333878116353
1264565346448609280
1264565396025282561
1264565454242115588
1264565587629551617
1264565601365827585
1264565617719488513
1264565639450177536
1264565765044269056
1264565787857244161
1264565799999569921
1264565815614963712
1264565904311910401
1264565923073097728
1264565938113753088
1264566060990291969
1264566158646218754
1264566246290284545
1264566359687495682
1264566477803229191
1264566563614584832
1264566746716893184
1264566894809530368
1264566902564761600
1264567031891988482
1264567138016088066
1264567143384985601
1264567167468486658
1264567171830562816
1264567272003125252
1264567417906384896
1264567534864470018
1264567553118085120
1264567721125122048
1264567781179219972
1264567790708551680
1264567791874605057
1264567951031746560
1264567970086469638
1264567981230751749
1264568058368196608
1264568076420382727
1264568087539580933
1264568089653530625
1264568119466459137
1264568123828690950
1264568210596085766
1264568303302791172
1264568393585381377
1264568456659169282
1264568479815880705
1264568539471462406
1264568605431169024
1264568737644019714
1264569045619105792
1264569095187361794
1264569292013658112
1264569305108058113
1264569364034052098
1264569372489576448
1264569430777819137
1264569538202435584
1264569642594570240
1264569686601142283
1264569691063844872
1264569728665661440
1264569759414140930
1264569776409640960
1264569812694556675
1264569872140234752
1264570029393293313
1264570102067929093
1264570181755392000
1264570193180688384
1264570208724881414
1264570312433295363
1264570449217966082
1264570482726072321
1264570497074958337
1264570525751353344
1264570596492541953
1264570618969821184
1264570711152234496
1264570748942929921
1264570753736945665
1264570771046690816
1264570773945176064
1264570969672298497
1264571034008780800
1264571077918769154
1264571083493183500
1264571092141838339
1264571157887492104
1264571224979582976
1264571252854972418
1264571267203641344
1264571296236650497
1264571549308219392
1264571564336377857
1264571679646326793
1264571761938427904
1264571971871932416
1264571996391833602
1264571998728065024
1264572081292939265
1264572241611800577
1264572274155245569
1264572386931687425
1264572394405982209
1264572440140603392
1264572527248015360
1264572533531009029
1264572547485642752
1264572636593442816
1264572638011305984
1264572646160818178
1264572647603666945
1264572720232247297
1264572738494099457
1264572863853457408
1264572880064520193
1264572896585764864
1264572919025467396
1264573050445606916
1264573097912307727
1264573312690053121
1264573361516052480
1264573381367590913
1264573506064269313
1264573534795378689
1264573605624647681
1264573612041752576
1264573683068264449
1264573883262423040
1264573928216752133
1264574037545508869
1264574122106990592
1264574192814612482
1264574198971805698
1264574329682968576
1264574354928685059
1264574440375009280
1264574453196812289
1264574453717008384
1264574454186811394
1264574458251051019
1264574507655860224
1264574528501559296
1264574537590550530
1264574561665810433
1264574592603115520
1264574621325635586
1264574639738626048
1264574687402758146
1264574708902748160
1264574735691571200
1264574747389689863
1264574755325317122
1264574762937757697
1264574764494053376
1264574772207378437
1264574867514576897
1264574899865227264
1264574911827316739
1264574929992921088
1264574955871776768
1264575013283389441
1264575170204913666
1264575266938064896
1264575291139084288
1264575400451010562
1264575406415347714
1264575605061844992
1264575716915634179
1264575723060244482
1264575884729647104
1264576010827096065
1264576027478687749
1264576086077313024
1264576089088638979
1264576308341866497
1264576506556084225
1264576586478751744
1264576647014957056
1264576694087815168
1264576708574720001
1264576809754136578
1264576816171360256
1264576871016001537
1264576945167175680
1264577033243439107
1264577041329840128
1264577235048161280
1264577283379081217
1264577335031971842
1264577342954975243
1264577355663552513
1264577450836721664
1264577458822688772
1264577476300279821
1264577595926077443
1264577664385458179
1264577669108248577
1264577902441451520
1264577919336226817
1264577963661709312
1264578149775523846
1264578192507121668
1264578199763255296
1264578275839524864
1264578428411547649
1264578501606342658
1264578686000431110
1264578866665963521
1264578904695681024
1264579208476528640
1264579230140153857
1264579281893625858
1264579294388518913
1264579317104705536
1264579385824337920
1264579491336200192
1264579644621230081
1264579676241948672
1264579723218296832
1264579743787122689
1264579781204598784
1264579807150518273
1264579899077144577
1264579933000605704
1264580152614440960
1264580211846381574
1264580309644972034
1264580335951589382
1264580398417403905
1264580438510710786
1264580452364541952
1264580496903864320
1264580621491306496
1264580736717389826
1264580791394283520
1264580842925547525
1264580944436084736
1264580971548094466
1264581029458841600
1264581102494027777
1264581106776584197
1264581150393147394
1264581219762622464
1264581275626565633
1264581495676518401
1264581601649967107
1264581788044791808
1264581864494436353
1264581962729164801
1264582043146444800
1264582129570193408
1264582166580727811
1264582256166940672
1264582271664680966
1264582381773574144
1264582406591467520
1264582452229681153
1264582691023921154
1264582735747641344
1264582748301340673
1264582891272417281
1264582900038668288
1264583077231243266
1264583199738310656
1264583230768001024
1264583361995161601
1264583634146779139
1264583737272123400
1264583917769830406
1264583924404989952
1264583966444548096
1264584015811686403
1264584022447067136
1264584068131434496
1264584148313870337
1264584186549108737
1264584306145583106
1264584738335068163
1264584815564611585
1264584997446447104
1264585031516815362
1264585040886890497
1264585078954491908
1264585122201944064
1264585142573518853
1264585245568962560
1264585343988166657
1264585361755303936
1264585364834062336
1264585579448209409
1264585653200748545
1264585664194129921
1264585749426511873
1264585841931808769
1264585854477127688
1264585931018760193
1264586080403283968
1264586131649200128
1264586263774089222
1264586370997256195
1264586419927945219
1264586429822308352
1264586462571327488
1264586508612362242
1264586532826079233
1264586599590793222
1264586632377794562
1264586672752082945
1264586800183443462
1264586847432216576
1264586869167267845
1264586949970538504
1264586955318157312
1264587094187339776
1264587121567977473
1264587173564571648
1264587269547139074
1264587365575790593
1264587407237754880
1264587993232400384
1264588033401090048
1264588109985075201
1264588138749591554
1264588254885576705
1264588256563261440
1264588421890142208
1264588485220077577
1264588540698132480
1264588576857165831
1264588596952002561
1264588856944443394
1264588915610210309
1264589237690785799
1264589599898296321
1264589721134673922
1264590076803256320
1264590098596868098
1264590201227145217
1264590207422095361
1264590247071043584
1264590358958288896
1264590391635881985
1264590398913048576
1264590419469402112
1264590599602176001
1264590644372287493
1264590653331312640
1264590661703143424
1264590695320424449
1264590854985076756
1264590922580451328
1264590924732084226
1264590931573059590
1264590931971444736
1264591046715080705
1264591129489670145
1264591206555832322
1264591222951292932
1264591351049584646
1264591388676628481
1264591419781627913
1264591433727725573
1264591436994887681
1264591450060148736
1264591464543256584
1264591488098410496
1264591524165115904
1264591540858630145
1264591568578711553
1264591577256771585
1264591633267507201
1264591707045273615
1264591747906068480
1264591881515814912
1264591978379055104
1264592049929547776
1264592197669629953
1264592314082746368
1264592486346956801
1264592548011573248
1264592560334438400
1264592594966724608
1264592652831305729
1264592734972776450
1264592786348748801
1264593053085466624
1264593063617290240
1264593165278834688
1264593183025106946
1264593186485350401
1264593217456087040
1264593256941105153
1264593386868289537
1264593622990815232
1264593638190972928
1264593660458524678
1264593685926346752
1264593744474628097
1264593911445585920
1264594000230543360
1264594044677742593
1264594183664226304
1264594283438510080
1264594321606537219
1264594336181714944
1264594378477240328
1264594407111757824
1264594426707374080
1264594477580238849
1264594524627599360
1264594759986941953
1264594763069734913
1264594767620583424
1264594872876531712
1264594894875774976
1264594907479539714
1264594940501405696
1264594958226350080
1264595028682379266
1264595037465317388
1264595078233948160
1264595160916127748
1264595169879392256
1264595191324979207
1264595256873533443
1264595261583618048
1264595396720033792
1264595397542064128
1264595431473979393
1264595462310551554
1264595478949302277
1264595545919643648
1264595691453759489
1264595704770695169
1264595790833438720
1264595943933919233
1264596069192806405
1264596172141780992
1264596304031879175
1264596345198907392
1264596433547571207
1264596498521579525
1264596514602536960
1264596527567101952
1264596609892888577
1264596635100884993
1264596682072866818
1264596851166031874
1264597018304901121
1264597018317553665
1264597080288325632
1264597195317272576
1264597287621341188
1264597322777923584
1264597446354583552
1264597500452900866
1264597755839893504
1264597804405518336
1264597909443497984
1264598187467255808
1264598241649328128
1264598366106853378
1264598477742510080
1264598647917948928
1264598656323330049
1264598685176025095
1264598717903941634
1264598764909625346
1264598826087833600
1264598862200737794
1264598878524854275
1264598925023084545
1264598936762888192
1264599058846531584
1264599163607683072
1264599171094511619
1264599385553408003
1264599474657267719
1264599728563486720
1264599916657156096
1264600223625760769
1264600352667643906
1264600355251400705
1264600375753146368
1264600409106071552
1264600412730073088
1264600414583996418
1264600478865858561
1264600611896594434
1264600676232904705
1264600854029651970
1264600900082884609
1264601087799164929
1264601578381676547
1264601597881049090
1264601634337890305
1264601634388180997
1264601674221568001
1264601693746061314
1264601726927155200
1264601821831589889
1264601845198213122
1264601853053923328
1264601965054423042
1264601985862393858
1264602010222858240
1264602012378738688
1264602114514464768
1264602121657294849
1264602129513078784
1264602138312716289
1264602167240880129
1264602309356642310
1264602322019196928
1264602376545026050
1264602417183830016
1264602419629096961
1264602507679956992
1264602546280120320
1264602585425571840
1264602866980982784
1264603131041595393
1264603388056133633
1264603403063382023
1264603460319752193
1264603552762269696
1264603646324547586
1264603712900775936
1264603734342057985
1264603854630522882
1264604228250595328
1264604244205805568
1264604328419119106
1264604573035094017
1264604651158003712
1264604663179026432
1264604671748046848
1264604672754544640
1264604684800540673
1264604733207121922
1264604776286781440
1264604819714686977
1264604891475054595
1264604944168030212
1264604968985780230
1264604969736511490
1264605233268903937
1264605317691838464
1264605374079832064
1264605596411498496
1264605609694916610
1264605628892426241
1264605713860616192
1264605742604025857
1264605763017662465
1264605795871625217
1264605798862409729
1264605821075406854
1264605997433188352
1264606263494815745
1264606293500854274
1264606373867925505
1264606551546814465
1264606627749126144
1264606642517262342
1264606675849355264
1264606746229616641
1264606829738201089
1264607018658131968
1264607042519654400
1264607069283291136
1264607135893278720
1264607138829045761
1264607225496002561
1264607315182923776
1264607347487281152
1264607349181804544
1264607476500004871
1264607545340989440
1264607579289849857
1264607606951211013
1264607639687892992
1264607643475283969
1264607686714327048
1264607710336528385
1264607743463223297
1264607764472401920
1264607828528041986
1264607875877359616
1264608137564180480
1264608139615383555
1264608218262601728
1264608490804449280
1264608493060923408
1264608528859201537
1264608541584875527
1264608541995827202
1264608585427808256
1264608609943592962
1264608680760221697
1264608821642747905
1264608919491473411
1264609042518990849
1264609212132241410
1264609262862364672
1264609308093841408
1264609316176199680
1264609323738595328
1264609443922075648
1264609455498543105
1264609521961492481
1264609645039058944
1264609730724593664
1264609752765673473
1264609781735718913
1264609842477404161
1264609876094967808
1264609976993136641
1264610195444862977
1264610223337033731
1264610237564116993
1264610265880047617
1264610351481450497
1264610583405637636
1264610683213078528
1264610754172502017
1264610764603527168
1264610783788363777
1264610790104940544
1264610837261512705
1264611105080369152
1264611183253839877
1264611262190833666
1264611286735892481
1264611372496637954
1264611527916650505
1264611595054972931
1264611601925181440
1264611823174762498
1264611868976398336
1264611893160919040
1264611938060759040
1264612149206429697
1264612520486207493
1264612545232400384
1264612640548159488
1264612732894171139
1264612751478910982
1264612851718647808
1264612910397042689
1264612919280652292
1264612931435626497
1264613034753798144
1264613460509417481
1264613790873718791
1264613804312166405
1264613858594844672
1264613967504314370
1264614097359761412
1264614188296671238
1264614240696107011
1264614242667429888
1264614366470684677
1264614377585545226
1264614587896401922
1264614746839371777
1264614772948914176
1264614871930470400
1264615052247617536
1264615161014476803
1264615185689477128
1264615232523157504
1264615298168168449
1264615331617665027
1264615434667675648
1264615439084195841
1264615509036851202
1264615561352355848
1264615667891757056
1264615696392224769
1264615747122233344
1264615771914801154
1264615787458965504
1264615874712924160
1264616005130649603
1264616043747704837
1264616159816454144
1264616265454440449
1264616357175291904
1264616571286089728
1264616819983171584
1264616844381392897
1264616967534718980
1264617235081048078
1264617236016377856
1264617339947016193
1264617519190552576
1264617580003643392
1264617754323271680
1264617759595302912
1264617929158438913
1264618006669221888
1264618049883140097
1264618223594377216
1264618263549562882
1264618491811753990
1264618562108436494
1264618608551960582
1264618704819683328
1264618727728754689
1264618757797941249
1264618829533110273
1264619008138989569
1264619065987006464
1264619197587492864
1264619273000894464
1264619293284560897
1264619312251318274
1264619320153268224
1264619527267966977
1264619625091944448
1264619682557984769
1264619797884678145
1264619858026737667
1264620070472425472
1264620365986304000
1264620420789153792
1264620478553034754
1264620690264768512
1264620800390262784
1264620833365872640
1264620835475795975
1264620873966710787
1264620882611314689
1264620931043000321
1264620961367838725
1264621129416622080
1264621158311161857
1264621160555261953
1264621172450226177
1264621245368135681
1264621278561832961
1264621329694760961
1264621371344089088
1264621440008990720
1264621458157973505
1264621499920441344
1264621805530120193
1264621892511531009
1264621979023400960
1264622064029204481
1264622102256267270
1264622112888799239
1264622237191208962
1264622406569771009
1264622547150069760
1264622575784734727
1264622929901469696
1264623021257605120
1264623146558271488
1264623154217062407
1264623154766376960
1264623166153842693
1264623169580736517
1264623189100908544
1264623202723983360
1264623268847386626
1264623603175305222
1264623882729734144
1264624208035766272
1264624258900090880
1264624341834240001
1264624419164557312
1264624458247155712
1264624464806830082
1264624507861504001
1264624537712410625
1264624548042944514
1264624567617761282
1264624769346924544
1264625009538093061
1264625028005535745
1264625146196905984
1264625395522916352
1264625498992316416
1264625762914582528
1264625942896562176
1264626089969713152
1264626368379224064
1264626511274930176
1264626655848353792
1264626835377336322
1264626906210713600
1264627370729799681
1264627438866149376
1264627509104173058
1264627592184893450
1264627674607046656
1264627792173576196
1264627864672129025
1264628291828215812
1264628314385395720
1264628432723415040
1264628498523709443
1264628633009881089
1264628743806627845
1264628760663535617
1264628764341874688
1264629241246777345
1264629329033490432
1264629381655298048
1264629471065374724
1264629538664873985
1264629594436575232
1264629644684398592
1264629928064102409
1264629940961579008
1264629953141800960
1264630080812220416
1264630185728659457
1264630366117257216
1264630455510470663
1264630520190812160
1264630712851927048
1264630754979373057
1264631150523359232
1264631620935364608
1264631807494033410
1264631947629924353
1264632324769099776
1264632337880485895
1264632351956533255
1264632878446424064
1264632940127903744
1264633083707273216
1264634208393342976
1264634218417655808
1264634382683377667
1264634448634458112
1264634479215345669
1264634537746800641
1264634575449280512
1264634724317753344
1264635287352668160
1264635361206185987
1264635423759818752
1264635591104159745
1264635701846556677
1264635787540340737
1264635878900711425
1264635921670037505
1264636024430432258
1264636375694888960
1264636406309302272
1264636698673250306
1264636765618319360
1264636856722845696
1264637061161762816
1264637271099297801
1264637481695227906
1264637634271469568
1264637795005460480
1264637909417762829
1264637971627532288
1264637985548464128
1264638086148833280
1264638197671309313
1264638228470038528
1264638342454554624
1264638433055498242
1264638478907772929
1264638521060532225
1264638602585223168
1264639140152381446
1264639152814989314
1264639585696591872
1264639724150419456
1264640177668067332
1264640279618957315
1264640554786152448
1264640599770226689
1264641032261562369
1264641210146308097
1264641385266925569
1264641557464047619
1264641596999585792
1264641606113779712
1264641650816671745
1264642165852028929
1264642230741958656
1264642504210645004
1264642736654819328
1264642786319450112
1264643256081698821
1264643359299289098
1264643519542636544
1264643610932203522
1264643757057601536
1264643892982493189
1264643949525958662
1264644131894095872
1264644195723038720
1264644485075447808
1264644772477546496
1264644903793053699
1264644904354852864
1264645161465737216
1264645612286414849
1264646500803465216
1264647345293029376
1264647527560773633
1264647730275725314
1264648314248736768
1264648328098299906
1264648399414071297
1264648809121890304
1264648960062472196
1264649039561347072
1264649460841361410
1264649663711449089
1264649928061489152
1264650602350440448
1264653075312250890
1264653142614040576
1264653435095433218
1264654512960221188
1264654696385372160
1264654800978771968
1264655200792477704
1264656186390876160
1264657414223265804
1264657643232059395
1264661737233580039
1264663537353469952
1264663837401214976
1264664299902885890
1264664400591380481
1264664580350861313
1264664625015959558
1264665777988268032
1264667426014167040
1264667523682906112
1264667895646183424
1264667913320976384
1264668723975270400
1264669348666527745
1264669923806023680
1264672263393206274
1264672324336394244
1264673187356442633
1264680993887268864
1264681557547266049
1264683307155021824
1264684750737997830
1264690216398278657
1264699591225569282
1264700987140423685
1264701100592107532
1264701315680256000
1264701667598987264
1264701686834216963
1264706089767010312
1264706874764640257
1264709444794937344
1264710651970064386
1264711306717696001
1264712447174246406
1264714918361591808
1264718383053967368
1264719037222682630
1264719514673037314
1264719632792879104
1264719679659991041
1264720508244774913
1264720899451715589
1264722209190404102
1264722655887814656
1264723844679393280
1264724058442063872
1264724318132396035
1264724723524669440
1264725411923062789
1264725557129949184
1264725702357561344
1264729604113252353
1264730005306834944
1264730553074384898
1264730901239349248
1264730917257441280
1264731193137926144
1264731473959100418
1264732238975062026
1264732254145638400
1264732445984858113
1264733284715515904
1264734670882656256
1264735416038588419
1264735473676595200
1264737177495146497
1264737315898814464
1264737595591995393
1264738225190387714
1264738233122000905
1264738748853608448
1264739116765319169
1264739120728825857
1264739489521549314
1264739847027081216
1264740444266774528
1264740719098544131
1264740992894283781
1264741802398986241
1264742554500767745
1264742674835202048
1264742715058683914
1264742906159644674
1264743207990112256
1264743510973886464
1264743665978638336
1264745135595827200
1264745395122388992
1264746343433560064
1264746453655846918
1264746614201167872
1264747261197778949
1264747312254824448
1264747438612508672
1264747823674937345
1264748465994809345
1264748505421103106
1264748920112062466
1264749092816781313
1264749341052469249
1264750611821744135
1264750752011939840
1264751348865568768
1264751624830029824
1264752363794870272
1264752384057552896
1264752473572618240
1264752770029981698
1264752932458618882
1264753081285259264
1264753383535259654
1264753714046406659
1264753717351350275
1264753905205993472
1264753917319053316
1264754555629105152
1264754666212143104
1264756110952509440
1264756316263854091
1264756992507248642
1264758706484310016
1264760343420698629
1264760541639254018
1264761242301816837
1264761244227112961
1264761252250714112
1264762196556345344
1264762519253594118
1264762793594626049
1264762943033442304
1264762966735495168
1264762984536182785
1264763637324972032
1264763695634223104
1264763981496905728
1264764309881659393
1264764640480735237
1264764717341511686
1264765181797818377
1264765749073248262
1264766241253679105
1264766968898281472
1264767244623544323
1264767308569944066
1264767310797189120
1264767326894927874
1264768509550059520
1264769109062905858
1264769500416802816
1264770724125970434
1264771126141399041
1264772041280012289
1264772125627486209
1264772187585568769
1264772210629074944
1264772295307870208
1264772398651527174
1264772469266644993
1264773478118539265
1264773789365092352
1264774415805489154
1264776059863494662
1264777173891760130
1264777965297995776
1264780329467985921
1264780455099936770
1264780700818927617
1264780922450214913
1264781748488900610
1264781823004925953
1264781916063948800
1264782120657936385
1264782426385141766
1264783524323717120
1264784135891095563
1264784301129940992
1264784877796429824
1264784976756609024
1264785239727095808
1264786251468517376
1264786463989862401
1264786927414243328
1264788150653575168
1264788944631336961
1264789345015222272
1264789759098007553
1264789825795874823
1264790120613412864
1264790222736363520
1264791270464958465
1264791412794589188
1264791981399707653
1264793811697442816
1264794235695362048
1264794449273597952
1264794901151186944
1264795629924093952
1264796519414198272
1264797116360282112
1264798020949774336
1264798163270987776
1264798250365681664
1264798458826772480
1264799361977823233
1264799631768203266
1264801911817076741
1264802046244503553
1264803299037007872
1264803722686840837
1264804413799006208
1264804748575662081
1264804943006965762
1264806126111068160
1264807756642553858
1264808102911717377
1264808137212788736
1264808625626910720
1264809712740184065
1264811125364994051
1264811530815668226
1264812473128873986
1264813396408631302
1264817412165287941
1264818416197742592
1264818653201158146
1264819261853380608
1264819282699079681
1264820081877495815
1264821139307560961
1264822119952576513
1264822307228454912
1264823219120476160
1264823970605326336
1264825439119278080
1264826875249143809
1264828280877617153
1264831172116385795
1264831845994127367
1264832086323523584
1264832349159649280
1264832418973974534
1264832641351680001
1264833497123954688
1264836959144423424
1264839752672522240
1264840559476301824
1264840877421158400
1264840970358722561
1264841922843217920
1264842622474104834
1264842645173612545
1264842772529311745
1264844782817468418
1264845629362016258
1264847236300750848
1264854802187640832
1264855697025634305
1264860376107286529
1264861567109267462
1264866789164449793
1264866929757556736
1264867608181915649
1264869029019336704
1264872092656439301
1264872255038861312
1264873313970425856
1264875959217303554
1264876022236737536
1264876032105934848
1264876101957894144
1264878118847893504
1264878521484107776
1264879472454623232
1264882294910627846
1264883618888871943
1264885727952662528
1264885815521484800
1264900027580739584
1264900587105275905
1264903581548851206
1264906270852644864
1264906287189549056
1264906609202954240
1264910151850569735
1264910159958233088
1264910423209410562
1264910655884333058
1264911057799139328
1264918802166235137
1264921876389867520
1264940376378486785
1264947959034032128
1264947974934855686
1264948002973790208
1264948638171697153
1264949197670944768
1264949282219667468
1264949350276509697
1264949488843583498
1264951136877817856
1264955185031532545
1264957268635922432
1264959110325440514
1264959149160509445
1264964626661421056
1264978096546963456
1264978107837997056
1264978559799418886
1264980182768603136
1264989988434952192
1265007187748884480
1265019272931225600
1265103978783703041
1265105426493964289
1265112532643123200
1265118867568934920
1265174213721092098
1265174319648223232
1265174320361336833
1265174355404713984
1265174561361768448
1265239111234969605
1265268933944397824
1265272135603425286
1265281464440143873
1265316468956246021
1265316952098078721
1265361335325298689
1265384054334971904
1265520972830052353
1265559370374549506
1265629728469368833
1265629785599901696
1265630692680949761
1265631129417089024
1265632375225999360
1265632592918990849
1265633189881667585
1265646056471171076
1265647175549231105
1265668121051840512
1265864660709851138
1265931138071097345
1265974524887076864
1265996333661540353
1266331366595018753
1267409958099918848
1270332619725647872
1271550068156362752
1271734284081119233
1273928424025919490
1281537714001555456
