id
1257827972507152384
1257840044846600198
1257842334852513792
1257844250672197633
1257844785554964481
1257845760734838785
1257845830947504128
1257846099320152064
1257846297064869888
1257847070813118466
1257847791293878272
1257847908822478848
1257847934768553984
1257848013764145158
1257848625205407744
1257849071198523393
1257850480287506442
1257850632217624578
1257853574165393408
1257854003330850816
1257854229185781768
1257854243580624897
1257855207750287360
1257856428078886912
1257856562648891393
1257856610409394176
1257856753825390601
1257858079967903756
1257858367101513733
1257859110667681793
1257860133671092228
1257860601646206978
1257860978705756160
1257861138655526915
1257861580420599808
1257861642454331393
1257862164276224000
1257862181321953281
1257862683740831748
1257862807573237761
1257862814506475521
1257862815945240585
1257862851454210049
1257862890067046400
1257863322386513920
1257863992153800704
1257864237885636616
1257864817072672768
1257864828405706753
1257864955405139969
1257865015475855360
1257865232149512205
1257865549306085381
1257865701206835201
1257865714280480769
1257865819016564736
1257866017293795329
1257866048549744643
1257866130431057920
1257866178405548032
1257866515124109313
1257866810638184449
1257867153195372544
1257867531358011393
1257868599118540800
1257868626880860160
1257868871874211840
1257868964450967552
1257869139592597505
1257869218667655170
1257869285155799040
1257869405280563201
1257869535266422784
1257869770357006336
1257869986434957312
1257869996551618561
1257870301964140544
1257870811559538694
1257871199276802049
1257871279606173696
1257871455347335170
1257871752006230016
1257871876602224641
1257871916590723072
1257872005787013120
1257872287732314112
1257872402450612224
1257872531320537089
1257872549028884480
1257872580700041218
1257873024688091137
1257873327374417921
1257873470978838529
1257873639166185472
1257873979542392832
1257874027248365568
1257874045749440519
1257874084228206598
1257874228478488576
1257874390361837568
1257874399614521345
1257874500198313986
1257874594360365057
1257874613192863745
1257875003158286336
1257875096422752257
1257875123324874757
1257875123853570049
1257875152043274240
1257875232582320128
1257875307333386240
1257875371279736832
1257875401524862976
1257875408113987584
1257875524980006914
1257875546349776896
1257875579895820288
1257875676587102209
1257875716663902208
1257875722548334592
1257875816928677890
1257875879385944065
1257875994968539139
1257876047615463425
1257876048991129605
1257876054078783489
1257876093962465281
1257876122299174913
1257876137197387783
1257876155757211648
1257876155941568512
1257876204603965442
1257876300297113605
1257876529331277830
1257876721216425987
1257876732310241281
1257876757857755136
1257876819161886721
1257876861058572288
1257876911331647495
1257876954742763527
1257877014545137664
1257877080752238596
1257877112066842625
1257877116391002113
1257877128806371328
1257877415298138118
1257877435300712448
1257877512610291713
1257877518624763904
1257877550241628162
1257877681699295233
1257877784967471104
1257877856585052160
1257878038307573760
1257878073971666944
1257878216469106688
1257878241152339974
1257878307275595778
1257878377551278081
1257878525958402059
1257878534644576256
1257878712764100609
1257878714504949763
1257878904909426688
1257879264965394437
1257879280282767360
1257879848153780225
1257879900305965056
1257879997080981504
1257880086474301440
1257880292741705728
1257880367165366272
1257880375570898945
1257880386530508800
1257880732644438021
1257880828429733888
1257881025625104385
1257881107405647876
1257881456979988481
1257881619068665856
1257881625976803333
1257881845351374848
1257882139460136961
1257882175623565312
1257882426543669248
1257882578880737280
1257882803439431680
1257883301823434752
1257883310681776128
1257883398594531328
1257883413274480640
1257883418991435776
1257883638076768256
1257883917257932800
1257884099076919297
1257884107436175360
1257884107817668609
1257884147193790464
1257884236738109441
1257884259005718535
1257884320569503745
1257884664842289152
1257884711986368512
1257884823294824454
1257885066782441472
1257885085161799680
1257885398493249536
1257885493464711172
1257885494471356416
1257885511831531521
1257885525345816581
1257885544010452993
1257885585936576513
1257885638961115139
1257885639925694464
1257885741012697088
1257885845853478912
1257885846495084545
1257885991827718144
1257886080675672065
1257886171310575617
1257886244828143622
1257886355461337089
1257886390139969536
1257886418744950784
1257886503663001600
1257886519492132865
1257886529336172547
1257886760983425026
1257886764129087489
1257886795087282177
1257887127540510720
1257887238441988096
1257887828631080964
1257888042079137797
1257888157426520064
1257888312188039168
1257888644334903297
1257889097990967296
1257889393412620288
1257889398814724096
1257889421531074560
1257889518176346112
1257889578884759553
1257889721025429504
1257889807537016832
1257889914630397958
1257889916844900354
1257889947807342593
1257890034201448449
1257890092766519296
1257890154217275392
1257890225872871424
1257890228217368577
1257890232474746881
1257890606858203136
1257890721643855881
1257890731856969729
1257890870835249152
1257891073818533896
1257891288369827840
1257891343872991238
1257891524278456325
1257891593261969408
1257891617639264256
1257891670588178432
1257891677840310272
1257891695892377601
1257892027687211011
1257892029096493056
1257892093294346240
1257892419821019136
1257892636406550528
1257892651761836032
1257893109993742341
1257893130009018370
1257893168776835072
1257893194865340417
1257893277841358853
1257893307293634560
1257893892105486336
1257893994500993025
1257894020883177473
1257894050591629318
1257894295039770624
1257894296327524352
1257894326899748864
1257894360965713920
1257894378321801216
1257894452938620928
1257894508890451969
1257894613685174272
1257894687748222976
1257894703988498432
1257894716999266304
1257894836864196608
1257894922071367682
1257895111712595968
1257895118268518401
1257895120977956864
1257895131321171968
1257895166507180032
1257895257322094594
1257895334895853570
1257895511228592130
1257895657215385606
1257895828624195584
1257895840867368960
1257895990054596611
1257896118610014208
1257896289053835265
1257896552900833281
1257896628427653120
1257896631623712768
1257897063007653888
1257897130108301313
1257897165382451200
1257897216515112961
1257897366943916036
1257897398069800963
1257897552642367489
1257897604660297729
1257897724919201792
1257898291964063744
1257898388638449664
1257898429080113152
1257898549242667008
1257898736929275904
1257898760081899520
1257898836543954944
1257898907247480833
1257898969335844864
1257899002432851969
1257899181848645633
1257899191914958848
1257899261812969473
1257899487768518656
1257899634543996928
1257899642374819840
1257899767536979969
1257899864559628288
1257900011800588291
1257900173029711872
1257900283365130242
1257900331276685318
1257900335386906630
1257900557261574150
1257900598411681792
1257900632624836608
1257900679080755200
1257900853807153152
1257900899743215616
1257900964570415105
1257900967002951681
1257900992848252928
1257901495183462402
1257901739195478016
1257901783751569409
1257901939431440386
1257902033798983681
1257902289097908225
1257902331011596288
1257902509122883585
1257902558867271680
1257902614286499841
1257902716107534339
1257902867555528710
1257902935276580865
1257902941970870272
1257903029988192256
1257903181759119360
1257903504615706624
1257903838591238146
1257903894786605056
1257903953813155841
1257904574863556608
1257904870105001985
1257905005333544960
1257905009607372800
1257905092721811458
1257905161051107328
1257905192865091586
1257905229619539968
1257905309734932480
1257905498873040896
1257905663038144513
1257905753668583427
1257906034770919424
1257906155566673927
1257906222226796544
1257906322781003777
1257906554327584769
1257906580210814977
1257907506124189698
1257907712811126784
1257907725641662465
1257907732151021568
1257907875973935109
1257908114222772225
1257908374299123717
1257908393143988224
1257908426119589889
1257908579643863040
1257908701521821696
1257908807713255424
1257908885416890368
1257908929960587270
1257908933160628224
1257909058268520448
1257909199444406273
1257909255903932421
1257909326573981696
1257909413488340993
1257909584527794177
1257909609886445570
1257909974568747013
1257910262935351298
1257910418854432768
1257910466132627456
1257910536324501505
1257910558512132096
1257910642629107713
1257910670827425795
1257911220444606464
1257911499512782850
1257911581129666561
1257911756728545283
1257911812152057858
1257911850768855041
1257912027596587010
1257912209331503106
1257912330698006538
1257912403301285889
1257912649104289793
1257912673834012673
1257912825713844225
1257912826443767808
1257912860027621377
1257912905250607104
1257912920744181760
1257912950532108290
1257913032631447552
1257913342963875840
1257913357396520960
1257913361221554176
1257913458651049985
1257913481526824961
1257913512333991936
1257913576561405952
1257913644882579456
1257913757704925184
1257913767150698496
1257913770757758976
1257913796300955654
1257913954635886592
1257914210949885953
1257914222446546945
1257914424418988033
1257914432405024769
1257914433466183680
1257914442974498816
1257914457583489029
1257914494011015168
1257914575007002626
1257914636759957506
1257914645882343426
1257914708247658496
1257914762777825280
1257914793605791744
1257914830889066496
1257915110791806976
1257915160770928641
1257915175451025408
1257915184519106560
1257915298159529984
1257915352949772289
1257915464916885504
1257915465998860288
1257915507669209088
1257915581321187330
1257915599482576896
1257915677962190848
1257915710589644800
1257915718227521537
1257915734384013318
1257915774926282752
1257915828541853696
1257915875467952128
1257915896598675460
1257915931629457408
1257915950776512513
1257915983093612544
1257916005377912833
1257916040006103043
1257916252678262785
1257916258105753601
1257916259544567808
1257916333540413441
1257916490797506561
1257916514059145216
1257916595034259457
1257916609605234690
1257916675262799873
1257916686193299457
1257916735744692225
1257916840249966593
1257916907963002880
1257917040221802496
1257917095876182017
1257917194454700033
1257917302827290635
1257917412294393856
1257917440484352001
1257917514421395461
1257917567479529472
1257917594499153921
1257917642482110465
1257917672567844865
1257917681665110020
1257917779270868994
1257917870882750464
1257917967662276611
1257918606064652288
1257918682824609792
1257918802446123008
1257918951549317121
1257918979823349760
1257919113692737536
1257919772647231490
1257919923143114752
1257920042307448832
1257920431069073409
1257920575068143618
1257920913028395008
1257920964207104002
1257921006083203072
1257921008314572800
1257921043743694848
1257921189630152704
1257921189923741696
1257921248861929474
1257921283641270272
1257921285855772677
1257921330416160770
1257921334648152065
1257921522884214786
1257921934425157632
1257922098519068673
1257922128290160640
1257922292639690753
1257922346360455174
1257922352341569536
1257922475767164929
1257922644042608640
1257922761571344384
1257922901476507648
1257922915128840193
1257923101993717760
1257923218171744258
1257923326909001728
1257923344986288130
1257923430197923840
1257923489677414403
1257923540822618114
1257923610745937920
1257923629288849411
1257923714005401600
1257923823971651587
1257923959590457349
1257924081745305600
1257924146455068673
1257924320648724481
1257924581429575680
1257924593660178432
1257924635246632960
1257924652103581696
1257924675365191680
1257924691630551042
1257924732281815042
1257924764074565634
1257925212579835905
1257925244855123968
1257925282910154753
1257925315541651457
1257925557158846467
1257925619226218497
1257925625769328640
1257925662427410432
1257925967458205696
1257926016284217344
1257926016976121859
1257926076975722497
1257926188443541507
1257926433906634752
1257926469298327553
1257926574126452736
1257926604392747008
1257926622532923392
1257926769727934464
1257926771267100672
1257926783388848128
1257926823901462528
1257926912405626880
1257926964771532800
1257926983071133696
1257926985109565440
1257927002709004294
1257927016906539009
1257927020908032000
1257927049164894209
1257927052520554496
1257927109369933824
1257927135144140800
1257927147311808513
1257927173656268800
1257927186192859136
1257927221122985984
1257927391516622848
1257927407467716609
1257927623809761281
1257927671696093185
1257927680869060608
1257927718928334859
1257927843201183744
1257927989360115713
1257927996025036800
1257928026584690695
1257928032611794944
1257928134248271878
1257928135103873024
1257928142599192577
1257928215135498242
1257928332282400768
1257928615079149568
1257928616849149952
1257928626000912390
1257928638298820609
1257928649556127744
1257928663145775108
1257928699481149445
1257928972345769985
1257929057771061250
1257929191527297024
1257929245021679616
1257929275337932800
1257929322590908417
1257929432221782022
1257929520654450688
1257929613977812992
1257929656612749312
1257930354729594880
1257930747786207233
1257930841558339584
1257930875196436481
1257930963851644928
1257931059129278464
1257931242307235840
1257931286674649089
1257931393616744448
1257931426097291266
1257931650194866177
1257931676086341633
1257931765819326465
1257931878004338688
1257932069558202369
1257932073907568640
1257932156191428608
1257932195919851522
1257932412928978944
1257932420080381959
1257932529853595649
1257932622778363905
1257932662100107264
1257932711911542784
1257932721373896704
1257932803762618368
1257932817062785024
1257933038236753920
1257933118327132160
1257933172790095873
1257933193258217473
1257933348850110465
1257933353958797314
1257933382618497024
1257933428693110786
1257933477552553991
1257933660457594882
1257933679692779520
1257933697380085760
1257933705332568065
1257933762018660354
1257933809544290304
1257934122221092864
1257934133856096256
1257934158715813888
1257934171705470976
1257934173261705218
1257934310398660608
1257934418016010241
1257934572970336257
1257934751316406272
1257934793402011649
1257934824406278145
1257934826792837122
1257934849551155201
1257934865510608897
1257934876273045504
1257934907646423041
1257934933894418432
1257934961149173760
1257934988206411776
1257935149565480961
1257935209523224580
1257935615372464130
1257935692241526784
1257935698918871040
1257935705164197888
1257935770544861190
1257935817281900544
1257935906784153601
1257936076385202176
1257936183897792515
1257936522654953472
1257936539826429952
1257936544221913089
1257936802083745793
1257936981767553026
1257937020824940544
1257937107856867328
1257937200597086208
1257937257803079680
1257937325859893251
1257937413449474049
1257937532874096641
1257937645549703168
1257937799266828288
1257937846062559233
1257937860755222528
1257938027629948929
1257938057329889280
1257938221943709696
1257938238439747584
1257938304328019969
1257938391976620032
1257938393767350272
1257938419801624576
1257938444640288769
1257938580900642816
1257938692708204545
1257938804595396610
1257938895305670657
1257939089753546753
1257939115624009729
1257939131193266178
1257939254061260800
1257939297363062784
1257939424018608128
1257939444696571905
1257939470910816257
1257939506088427522
1257939519610818562
1257939522157006848
1257939806744719363
1257939826004963328
1257939826537627649
1257939848838561798
1257939911858061316
1257940112198885377
1257940358639616000
1257940448720515077
1257940457226567681
1257940613053517824
1257940817248911360
1257941051412754432
1257941087244759040
1257941457937154049
1257941531224350721
1257941671939104769
1257941685977391105
1257941769066442759
1257941895583420421
1257941940072525824
1257942014869585921
1257942046897082373
1257942079319113728
1257942129156009984
1257942242460762113
1257942268821901315
1257942272101847046
1257942315907219456
1257942384652025856
1257942396827889665
1257942415102537733
1257942448900202497
1257942452641468417
1257942524515082240
1257942561961857024
1257942650436513792
1257942660448428032
1257942758372765698
1257942807550914560
1257942846906281986
1257942885720178688
1257942894515613696
1257943017576714241
1257943132739645443
1257943207364702213
1257943232853340160
1257943240763899905
1257943247156121601
1257943279620030465
1257943346259116032
1257943368589611010
1257943569999867904
1257943581446164481
1257943618402295808
1257943899806539777
1257943926389997572
1257944102601060354
1257944151892488193
1257944669700280322
1257944808175198209
1257944814089392128
1257944830564499456
1257944846314201088
1257944857169014785
1257945275127205888
1257945280521043968
1257945291346477057
1257945307339505665
1257945341925548033
1257945397865189377
1257945402508144647
1257945543826796545
1257945597169917952
1257945636495929345
1257945639691776000
1257945788669296640
1257945815395504136
1257945980932108293
1257946133525135361
1257946319047454720
1257946328438435841
1257946354984161283
1257946525302390789
1257946527605104640
1257946529593266177
1257946891997728768
1257946972465528832
1257946984436109312
1257947009820041217
1257947163902070784
1257947171443408901
1257947217912115201
1257947267597840384
1257947450360229890
1257947452776144896
1257947469842771968
1257947486007685121
1257947579695788032
1257947757815439360
1257947808339906560
1257947808394551297
1257947966188421120
1257947977286443009
1257947997519970304
1257948012078383104
1257948053421436928
1257948263438675968
1257948412579897345
1257948473040629761
1257948537536610314
1257948552392773634
1257948660123553792
1257948781401772032
1257948786170761218
1257948854609219589
1257948989074182145
1257949019814363136
1257949151880331264
1257949229223481345
1257949459763343360
1257949481573601280
1257949603405746176
1257949701862649859
1257949957497249792
1257949988237258757
1257950139278168064
1257950314864562176
1257950322296791040
1257950326126252032
1257950432330055681
1257950673993261058
1257950693316415488
1257950695623323653
1257950719711174661
1257950738191278080
1257950815119118336
1257950883041759232
1257951080534740997
1257951132359376896
1257951136851640320
1257951230237827072
1257951294091902976
1257951294192566272
1257951326169956353
1257951364652490754
1257951387612327936
1257951436320591872
1257951441286770688
1257951451638231040
1257951490142097408
1257951528889077760
1257951599667937280
1257951636456079362
1257951650897149952
1257951696237604864
1257951733927440384
1257951814156238849
1257951847425486848
1257951888634339328
1257951916052619264
1257952131539062784
1257952246656098304
1257952253849358336
1257952290553475074
1257952304910807040
1257952575497793536
1257952604950233089
1257952652614385664
1257952787503161350
1257952903400226818
1257952905178595328
1257953121885700096
1257953592717332485
1257953666381864962
1257953821612892160
1257953874675142657
1257953879204999169
1257953890093457408
1257953922087563264
1257954088026849281
1257954140069617664
1257954201218547712
1257954286371143683
1257954460929753089
1257954467644878851
1257954481800708096
1257954495788650496
1257954567066718209
1257954585882361856
1257954616274227200
1257954853357146115
1257954973972705285
1257955044772712449
1257955112506601472
1257955191506325504
1257955309378732032
1257955321433161728
1257955339070251009
1257955416685703168
1257955461522878464
1257955916281835521
1257956014558638086
1257956059576012800
1257956107433078786
1257956129633472513
1257956141470015489
1257956229554540544
1257956260281905153
1257956270734110721
1257956314883354625
1257956315495882752
1257956332679897088
1257956571675455488
1257956932327034882
1257957090934562816
1257957175579881472
1257957316076253184
1257957353464500224
1257957377543938048
1257957389908787200
1257957475262910464
1257957504241283073
1257957585287774208
1257957620473708544
1257957923298385920
1257958038742294528
1257958113484759041
1257958161174024192
1257958212046856193
1257958363784261634
1257958386651615232
1257958674733002752
1257958690906243072
1257958864206524416
1257958911996395520
1257958941583011841
1257958961430491141
1257958965121634304
1257959309704642563
1257959337000984576
1257959352339701761
1257959585358376961
1257959591209549825
1257959662957195264
1257959791655129088
1257959824593235969
1257959839784894464
1257959864933986304
1257960037625892865
1257960080995004417
1257960088960208896
1257960125559521280
1257960299635765248
1257960316463431683
1257960341754900481
1257960397119746048
1257960623150788613
1257960915150004224
1257960925375717376
1257960971777302530
1257961073514184705
1257961115742466049
1257961415924690944
1257961781747519489
1257961797207781376
1257961829378088960
1257961882729746432
1257961922160279552
1257961935590625280
1257962042134351872
1257962083594969093
1257962095674634242
1257962217179414529
1257962651881267201
1257963320985792512
1257963367471280128
1257963441706450945
1257963750457520132
1257963827813134336
1257964099054571522
1257964293657702401
1257964526537969665
1257964533814984704
1257964647593828353
1257965030861127681
1257965103883968513
1257965281663520771
1257965716487180289
1257965758723895298
1257965836226232321
1257965885651849217
1257965962965315585
1257966078090772481
1257966134864814082
1257966193446617088
1257966259393552384
1257966480169201664
1257966493595103232
1257966764660424705
1257967165401153537
1257967428962844672
1257967464446431232
1257967661033484288
1257967791732191233
1257968127825940481
1257968164824121351
1257968218464911360
1257968261746040836
1257968358668095489
1257968400070033409
1257968583620956161
1257968695579566080
1257969160618946562
1257969173877018626
1257969229195890688
1257969267556876289
1257969329095806981
1257969628648800258
1257969647451684864
1257969648558944257
1257969811742699520
1257969839395700736
1257970084204539904
1257970305445900288
1257970332993941504
1257970361154465792
1257970406754934784
1257970481359028225
1257970557385158657
1257970659767943169
1257970698431148037
1257970729309532160
1257971037284831232
1257971137650163714
1257971311198048256
1257971333524148224
1257971370262245376
1257971449391771650
1257971582749732865
1257971680300937218
1257971692422529024
1257971735955148801
1257971763616628737
1257971818255790080
1257971820633952257
1257971854733688834
1257971925768437760
1257971932751728640
1257972278761009152
1257972285991817216
1257972404799680512
1257972459313266688
1257972626888196100
1257972735365398528
1257972880089976832
1257972927481307137
1257972965892714496
1257973344386891778
1257973447092604934
1257973450737618944
1257973491158200320
1257973516487528448
1257973627267538944
1257973674658971648
1257973805160562688
1257973823879680002
1257973829193928704
1257973871480881153
1257973905534464000
1257974043187298309
1257974089949630464
1257974138729349120
1257974143594582017
1257974178201944067
1257974232077594624
1257974320904785920
1257974377242439682
1257974406602727424
1257974414131499009
1257974419659657218
1257974436600389632
1257974444976476160
1257974489561751553
1257974495547142145
1257974543437541382
1257974596726390789
1257974617446236162
1257974732944703489
1257974838276296704
1257975061903839234
1257975131655282688
1257975220616540161
1257975232847122432
1257975349620555776
1257975408085078017
1257975432948801537
1257975498749227008
1257975506206629888
1257975530097262597
1257975554503929857
1257975797572239360
1257975816023158785
1257975880925827072
1257976092390035456
1257976133548535814
1257976138233602048
1257976138439196679
1257976153224220672
1257976388906373121
1257976455759138816
1257976509291085824
1257976546171785217
1257976592506093568
1257976611615281154
1257976695342186496
1257976829148831745
1257976897499049984
1257976916696395777
1257976959977451520
1257977180455403521
1257977237346844673
1257977264370855941
1257977279025741824
1257977310977769473
1257977779586396160
1257977893885542403
1257978003440766981
1257978016321335296
1257978097057570816
1257978279245549569
1257978335956815872
1257978363991306241
1257978366428405760
1257978384962990082
1257978818465280003
1257979073021661187
1257979385656811520
1257979907977564160
1257979972540485635
1257980112407900160
1257980228602740736
1257980233698832384
1257980315043106818
1257980486296756224
1257980492235763712
1257980595730370560
1257980673320800257
1257980728735916037
1257980789142065153
1257980833253687298
1257980836151848962
1257980871791050752
1257980976845787138
1257981043791052800
1257981115828105216
1257981228860538885
1257981279288598528
1257981311911747588
1257981320745156608
1257981755266564101
1257981772505116672
1257981831045173250
1257981860316983296
1257981883377487872
1257981896362950656
1257982192363474944
1257982504159662080
1257982690378125312
1257982725761363968
1257983119715688448
1257983170047356928
1257983330034778117
1257983360594587649
1257983399353913345
1257983423135707137
1257983619043295232
1257983632385486849
1257983682243108867
1257983792813391873
1257983832906764288
1257983845493813249
1257983938028466177
1257984132279402496
1257984176218873856
1257984199203618816
1257984261489033218
1257984377327423498
1257984382247342080
1257984388073164801
1257984664071012352
1257984729116221441
1257984750792265730
1257984753476616192
1257985046222262273
1257985245569331200
1257985398074155008
1257985418743754757
1257985452688248833
1257985991790473218
1257986064108617729
1257986088255266816
1257986252080664577
1257986258707468290
1257986336142786561
1257986452115337216
1257986669137080320
1257986761743007754
1257986842131038208
1257986917628551168
1257986931180224513
1257987233715535875
1257987489765060608
1257987665858752513
1257987763355496448
1257987874819117057
1257987887213146112
1257987968582578183
1257988037104988160
1257988281574150144
1257988387878961153
1257988572335861765
1257988598487343105
1257988617261035520
1257988650358288385
1257988671476838401
1257988793187041280
1257989286084968448
1257989362261692416
1257989397909127169
1257989403349151745
1257989480964919296
1257989569405874177
1257989656987172865
1257989683570552832
1257989717808656384
1257989758648586240
1257989765875396609
1257989831923138560
1257990009895948290
1257990030791979010
1257990043580485633
1257990158873432065
1257990353451470848
1257990399941062658
1257990913793679360
1257991123391275010
1257991305747222528
1257991558126727171
1257991573285081088
1257991616956153857
1257991663646937088
1257991727459246080
1257991748627783681
1257991943784726529
1257991963225264128
1257992168419069953
1257992194344071168
1257992512800784384
1257992909485465600
1257992922030628864
1257992926006702080
1257992937582944256
1257993301682081795
1257993328991383553
1257993367327301632
1257993405054939136
1257993461434908673
1257993652221161472
1257993715408343040
1257993801248972800
1257994003959566341
1257994154950504448
1257994414355431424
1257994528054706179
1257994593305534464
1257994614176460800
1257994633856126976
1257994655074889729
1257994670875054080
1257994740290772992
1257994917525233664
1257994918036860928
1257994926513586178
1257994959199797249
1257995026388246528
1257995045136936960
1257995153328898051
1257995198916726792
1257995237110149132
1257995287169204225
1257995331641528320
1257995363509624833
1257995401031901185
1257995460687495171
1257995675519811584
1257995767987437570
1257995898140815360
1257995991770431488
1257996072133234695
1257996213720236033
1257996287804428291
1257996401419616257
1257996447229767685
1257996508864974850
1257996539143782400
1257996648531271682
1257996671872405511
1257996739438448640
1257996745566535680
1257996853196607488
1257996891876442114
1257996926491885572
1257997106238746625
1257997285629329408
1257997428197699586
1257997518987825152
1257997766288117760
1257997911092273159
1257998010597990400
1257998122699161606
1257998135911211010
1257998207411523584
1257998212947939329
1257998243767767041
1257998292505505794
1257998302995460096
1257998463343759361
1257998510491828225
1257998620126842881
1257998739421175809
1257998859285991424
1257998951116087296
1257999139759153158
1257999376536014848
1257999510254518275
1257999549756575744
1257999576717578245
1257999832020668416
1257999870721511424
1257999919266312192
1258000285680558080
1258000328500195329
1258000388197888000
1258000585477021697
1258000911613546496
1258000997705711617
1258001012083748865
1258001427655356417
1258001592676044803
1258001792153124865
1258001881646784518
1258001919139647490
1258002077818785793
1258002085276266497
1258002364478488576
1258002487484788738
1258002530228817927
1258002822433353728
1258002862052798464
1258002916838748160
1258003098196475905
1258003126155726849
1258003287552466946
1258003336466518017
1258003452937990146
1258003601722671107
1258003718898716673
1258003720257843200
1258003722048811008
1258003890722635778
1258003897441869824
1258003901732851712
1258003918849748999
1258003933185757185
1258003937132638208
1258003967784747008
1258004078333792256
1258004595789488128
1258004645772840960
1258004646603272192
1258004682217189381
1258004694787596288
1258004759681789952
1258005067552002049
1258005252134985728
1258005305222246400
1258005347920252928
1258005382019964928
1258005388588249088
1258005478568628226
1258005535548416000
1258005620206170113
1258005621061779456
1258005671485640706
1258005719363682304
1258005726603034626
1258005773436678144
1258005776968318979
1258005918136107009
1258005986960384000
1258005997576237056
1258006140505542659
1258006210202271746
1258006448707174401
1258006866249961480
1258006912211095552
1258006955609604098
1258006980876275713
1258006987360440320
1258007182651674631
1258007220588957697
1258007255804346368
1258007366135689216
1258007380001820679
1258007388252225537
1258007645283217408
1258007738107539458
1258007987160924162
1258008067406323713
1258008206845939713
1258008244859146240
1258008262709964805
1258008292237819904
1258008302408962048
1258008323842019334
1258008403403661314
1258008502636773376
1258008773160910849
1258008796997156868
1258008804857466881
1258008862860259330
1258008956082909186
1258009137381699586
1258009190016126976
1258009264280477697
1258009328725880832
1258009350720741378
1258009462629171202
1258009549753077766
1258009561211928577
1258009564672335873
1258009632598982656
1258009927265800192
1258009970450272257
1258010248893173761
1258010313623887872
1258010317650567168
1258010506243321856
1258010703656620032
1258010740419592192
1258010761072271363
1258010841015898112
1258011009450557445
1258011038223499265
1258011112009801728
1258011168939167744
1258011286819856386
1258011311931297792
1258011345305427968
1258011377437999105
1258011404298342402
1258011652022087680
1258011806758567937
1258012118550564864
1258012219146678273
1258012473916968960
1258012489104719877
1258012772668829696
1258012840478326784
1258012846195044353
1258013064042917889
1258013142874902531
1258013209371594754
1258013358831386624
1258013569280548864
1258013581104295944
1258013591929679872
1258013628055183361
1258013634082385923
1258013727883845632
1258013739695169536
1258013763841560576
1258013879541563393
1258014009166639105
1258014051336159233
1258014054011949056
1258014082051031040
1258014103710380034
1258014169045106688
1258014229581295621
1258014408996872194
1258014433256763393
1258014520590639104
1258014644129669121
1258014664757178368
1258014669668745217
1258014691915374593
1258014702615040000
1258014716611497985
1258014781866414081
1258014924594348046
1258014946052517888
1258014948615127041
1258014953774084097
1258014994072887296
1258015070656835585
1258015216798961669
1258015261308751872
1258015292807974913
1258015376153153537
1258015462274863104
1258015478213042176
1258016185204920320
1258016355154001920
1258016365191081985
1258016413228265472
1258016515514748928
1258016585312321537
1258016603339321346
1258016674277732352
1258016719274213378
1258016757316386816
1258016757840670722
1258016772357148673
1258016800169553921
1258016811263488000
1258016823213080579
1258016904180117504
1258016974912630785
1258017057943154691
1258017094395990016
1258017123626094597
1258017306657112064
1258017365435904000
1258017746954182656
1258017864335986688
1258017873995456512
1258018009903435776
1258018304817586176
1258018339609284611
1258018347356090373
1258018368231178241
1258018482840535040
1258018494815207424
1258018521046487040
1258018542177394689
1258018559030165504
1258018780845707265
1258018832167456771
1258019156324159489
1258019186166632448
1258019200523788289
1258019208866062336
1258019311836229632
1258019323546947587
1258019437539725313
1258019442094563329
1258019526203056128
1258019766188597249
1258019949697593346
1258020224869167106
1258020273636417536
1258020287511097344
1258020313855639552
1258020332478357504
1258020405849309184
1258020436748558336
1258020565304004608
1258020615270907904
1258020681775636482
1258020693473734658
1258020750436466688
1258020753313652741
1258020775656857600
1258020858435600387
1258020908041674757
1258020984453554179
1258021046461947905
1258021076883263488
1258021108214902787
1258021410544349184
1258021788379942913
1258021864233787397
1258021867417452544
1258022031674814467
1258022076415426561
1258022279516217344
1258022332104413184
1258022348415922176
1258022362429239296
1258022397795536897
1258022497565302784
1258022597964390401
1258022688842321920
1258022838646104064
1258022867012407296
1258022875157708800
1258022919273189383
1258022933274013703
1258023053663113218
1258023075406217217
1258023163314634753
1258023270064021504
1258023270294540288
1258023331552538624
1258023475815612416
1258023545910640640
1258023596544286720
1258023596838002693
1258023607097327617
1258023610184200194
1258023775620042753
1258023835108073472
1258023878993096706
1258023881144586245
1258023887708643329
1258024102343909376
1258024318895902720
1258024418606972929
1258024512542527488
1258024653244837888
1258024761478742016
1258024783343747075
1258024807527927808
1258024916491747328
1258024991909728256
1258025074428227584
1258025158331293696
1258025168691236864
1258025175355928576
1258025243932844032
1258025248592662528
1258025281756987398
1258025365240332289
1258025403576393733
1258025413328154625
1258025439290851329
1258025522187116545
1258025561299070976
1258025601610506240
1258025643700338689
1258025653917679616
1258025710859493376
1258025791226593280
1258025930964025346
1258026062866497536
1258026064644763649
1258026064846163968
1258026071712301056
1258026184799027200
1258026280165036034
1258026288247422977
1258026377774850048
1258026391444033536
1258026397085425665
1258026422687264768
1258026423773691904
1258026424218251266
1258026645228630016
1258026770101465088
1258026838015848454
1258026844361613312
1258026943816953861
1258026991019634693
1258027063614693377
1258027157286031367
1258027201938653185
1258027554079834117
1258027610040238080
1258027718400249856
1258027736590761984
1258027845156245506
1258027970305970176
1258028131870371840
1258028183313461250
1258028262174924802
1258028460615794688
1258028512763613190
1258028748663926784
1258028846902767616
1258028932110020610
1258029133839446016
1258029142953484293
1258029143112941570
1258029158258454529
1258029331357589504
1258029436206829570
1258029559431102465
1258029787064307712
1258029886163300354
1258029896925732864
1258029901531078657
1258029987774361600
1258030111279976448
1258030574813556741
1258030701171130379
1258031060685905927
1258031237047791617
1258031239468105728
1258031311517888512
1258031347861512192
1258031458410586114
1258031506158612481
1258031526136037377
1258031616754159616
1258031656000057344
1258031675398733824
1258031834295726080
1258031873701212166
1258031877409120256
1258031910154047489
1258031943926644736
1258031957428129795
1258032052005306373
1258032062377930760
1258032264849457152
1258032306624827392
1258032360198557698
1258032431392751617
1258032510300229635
1258032530428694528
1258032538158850050
1258032770783145984
1258032793713426432
1258032811698724866
1258032884578947077
1258032931760676870
1258033085129666560
1258033182185684992
1258033456430252032
1258033528148643847
1258033810744266754
1258033924241948677
1258033976947740674
1258034159320133632
1258034159479427072
1258034280023777284
1258034393576136704
1258034404355604481
1258034483762266112
1258034658614349824
1258034763392331776
1258034794778161152
1258034975850414081
1258035003365056516
1258035003948068865
1258035121732620290
1258035399303159813
1258035499442204672
1258035727364788228
1258035831106871296
1258035840720277504
1258035849846906881
1258035869140672513
1258035912929234945
1258035980680007680
1258036043326148610
1258036058702241792
1258036290110382080
1258036294594097152
1258036327020326913
1258036335161589761
1258036439675101185
1258036452740476929
1258036453445185537
1258036497103507457
1258036580431822849
1258036639164555264
1258036674895855618
1258036788922183680
1258036813693956098
1258036877539471360
1258036951455678466
1258036980929015808
1258037048902135808
1258037091344306177
1258037101712433158
1258037180582297602
1258037276656844801
1258037283942514688
1258037340343173121
1258037484115693571
1258037568559476736
1258037618249469952
1258037674226712576
1258037717973078018
1258037817759891457
1258037987121614849
1258038056684097536
1258038075667542016
1258038374532702208
1258038423883038720
1258038555265437696
1258038658839375872
1258038728683028488
1258038771511185409
1258038809347805184
1258039045231267843
1258039054190415873
1258039164542517249
1258039249628102666
1258039255034707968
1258039455518035974
1258039484593176576
1258039508886523905
1258039554193285120
1258039731687845889
1258039821500510208
1258039844946624515
1258039931701788674
1258039944515207172
1258039969320275968
1258039978526945281
1258040021216419840
1258040042058113024
1258040059179171840
1258040202079035393
1258040203748315137
1258040207401644034
1258040357981270028
1258040398661877763
1258040425790619649
1258040455033282561
1258040474448740358
1258040501443293191
1258040504211722240
1258040528857415687
1258040544288096256
1258040576664010753
1258040657509138432
1258040753537892352
1258040810420854785
1258040836652101632
1258040877999677440
1258040910606069762
1258040970052059140
1258041059449372672
1258041197152567297
1258041201862811655
1258041251141566464
1258041327054356480
1258041384549773312
1258041388219817985
1258041484898525184
1258041587570888705
1258041645460832257
1258041827921260549
1258041896733044736
1258041947807117313
1258041967151366144
1258041975636443141
1258042114618916864
1258042137553195011
1258042233850216449
1258042282625904640
1258042371327082508
1258042528152072192
1258042694447890433
1258042711627702272
1258042735954505728
1258042961784422405
1258042981271187457
1258043058156789760
1258043073554087936
1258043141900230663
1258043236846714881
1258043245893836800
1258043257818435585
1258043263807893510
1258043267414884353
1258043529202405376
1258043665076744197
1258043730696732672
1258043762246377473
1258043970988306433
1258043974087892993
1258044011316514816
1258044129973420033
1258044213436047360
1258044231542804487
1258044327210766342
1258044481653202945
1258044807441780736
1258044965839671299
1258045081732345857
1258045153308262402
1258045206831734784
1258045208098308099
1258045397559390208
1258045403552833537
1258045483194421250
1258045536252420096
1258045539880296450
1258045640631889920
1258045738359025669
1258045975840595970
1258046049282916352
1258046135018631168
1258046146733375488
1258046225435123712
1258046355936653313
1258046382469857280
1258046420654845959
1258046539353796610
1258046616356958209
1258046657838616576
1258046755289137152
1258046819998687233
1258046859639209986
1258046928907939841
1258046961317408768
1258047011128999937
1258047115886055426
1258047153512964097
1258047212715749376
1258047239869603843
1258047273075912705
1258047322728075264
1258047472183762946
1258047479246999552
1258047479871873025
1258047507088769025
1258047539019907072
1258047548947746817
1258047604534980608
1258047623283367937
1258047698625679360
1258047700249042951
1258047789830897664
1258047889940635648
1258047934236672002
1258048019909369857
1258048036942442497
1258048061906935813
1258048121654804481
1258048133352894464
1258048290743939074
1258048401356271617
1258048405776949248
1258048452136599552
1258048491303174158
1258048506587230208
1258048510349455365
1258048557766107136
1258048564879646725
1258048587465920515
1258048626724532225
1258048686518685696
1258048747243790336
1258048775588851713
1258048779367972865
1258048797311188992
1258048799441694728
1258048806152802304
1258048822787420161
1258048837693968385
1258048908762263552
1258049011094781957
1258049012877361154
1258049035061080066
1258049049976016897
1258049074865078272
1258049140132655104
1258049214724149248
1258049227348992003
1258049244503707649
1258049273578561537
1258049360753016834
1258049386040287232
1258049389488005120
1258049414993604609
1258049508694507520
1258049563505463296
1258049650403078144
1258049651649007616
1258049705998798848
1258049727591067650
1258049760197595143
1258049808071192578
1258049868897140736
1258049893207179266
1258049941685010435
1258049964367847425
1258049988350799873
1258050042327257099
1258050138481852416
1258050178864631808
1258050186804203521
1258050210846191622
1258050369487278081
1258050390639153152
1258050415393816576
1258050427410460673
1258050428006215680
1258050490635517952
1258050494406242305
1258050615294464001
1258050916059615239
1258051275222122496
1258051281148657664
1258051301100961795
1258051380931186689
1258051406017302528
1258051528612556801
1258051575685058561
1258051674192482305
1258051766572236800
1258051925972414464
1258052003005181952
1258052085872054279
1258052102527414274
1258052177123094528
1258052226238443521
1258052251303546883
1258052258685759488
1258052325350027264
1258052358795399168
1258052431256023040
1258052503574155265
1258052624252915712
1258052683723943944
1258052772953501699
1258052781497217026
1258052901152440320
1258052985734656000
1258053441773015041
1258053464820559873
1258053493593522179
1258053671713112064
1258053682819710976
1258054313189859329
1258054369301291016
1258054572553187328
1258054688739667971
1258054731815141377
1258054737393602562
1258054780699762689
1258054837385801728
1258054849398059008
1258054864720080896
1258054915626135552
1258054953135988738
1258055193041801216
1258055221206450180
1258055228819193857
1258055249303973890
1258055252894457859
1258055362697191424
1258055371840606209
1258055430061907968
1258055536844644352
1258055542011949056
1258055555840569345
1258055588271063040
1258055708270092288
1258055760048783360
1258055782349672448
1258056385348218881
1258056489744334848
1258056508476207105
1258056565157847041
1258056593872089090
1258056715817193477
1258056718468161537
1258056776160669697
1258056873564975104
1258056993295613953
1258057182781648899
1258057284237897728
1258057540711198720
1258057544431353856
1258057552715120640
1258057633669378048
1258057976604176385
1258057977073815553
1258058003544109062
1258058099522285569
1258058196679364608
1258058270461374465
1258058281865658371
1258058294696062976
1258058357719609345
1258058511759691777
1258058607469498368
1258058640587546626
1258058658648256514
1258058809026764803
1258058837816496131
1258059002530762753
1258059028619423744
1258059053248495616
1258059105496780801
1258059110811131905
1258059179924824064
1258059296379670529
1258059506451271680
1258059519751360512
1258059558339125248
1258059594716282881
1258059912250372103
1258060087458844672
1258060290798714882
1258060669082939392
1258060681754050561
1258060786183913474
1258060852558585862
1258061007773036544
1258061039641530375
1258061088744235008
1258061288451772416
1258061429124423681
1258061565712052224
1258061580689977349
1258061616441995264
1258061622888689664
1258061682221277184
1258061682909167616
1258061832914456576
1258061929404338177
1258061999734472705
1258062060895731713
1258062074200064002
1258062237257748480
1258062352756473859
1258062506292965376
1258062528355024897
1258062580381364225
1258062607728234498
1258062648152862720
1258062713898450946
1258062804382146560
1258062837555048448
1258062868831965185
1258062909634199552
1258062916676435969
1258062951036137474
1258062993423831040
1258062998779748354
1258063060100579329
1258063073467826178
1258063076672311297
1258063106649055233
1258063121245179906
1258063126815223809
1258063143542099968
1258063145802719232
1258063151620411393
1258063163490291712
1258063166723878912
1258063196763684865
1258063206381236229
1258063319417663489
1258063380801355776
1258063544265797633
1258063546291642369
1258063594840707073
1258063640843841536
1258063693662707712
1258063872948240384
1258063913540898817
1258064000329359362
1258064148379971585
1258064319029350406
1258064395218956288
1258064401938051073
1258064460037664768
1258064604862779393
1258064608264216578
1258064761796939776
1258064820101722112
1258064857821298698
1258064962817269763
1258064971532890113
1258065005523673088
1258065130295668736
1258065207294717952
1258065246436167681
1258065279462133762
1258065425075777537
1258065425126039554
1258065436190691329
1258065510819942405
1258065578624876551
1258065675416993792
1258065715845726208
1258065751753158656
1258065913133367296
1258065923144966147
1258066090401435648
1258066182722084867
1258066346811760641
1258066498708549632
1258066531440885760
1258066752048517120
1258066845770280961
1258066862644092930
1258066874320982016
1258066903362424832
1258067415214235648
1258067503701508096
1258067556621058050
1258067563592011776
1258067613126742021
1258067678888996870
1258067857478422528
1258067866869551105
1258067929725206528
1258068018162106368
1258068035241312256
1258068087800283137
1258068138106683394
1258068261616246786
1258068322253451264
1258068335876608002
1258068377072959489
1258068421054550019
1258068466470289408
1258068475240579073
1258068519557742592
1258068530945294338
1258068580442267650
1258068628378750977
1258068661492781058
1258068695387000832
1258068758934913024
1258068784385896448
1258068789914210305
1258068809023238144
1258068894075535362
1258069054314733572
1258069201434152961
1258069270837297158
1258069273219489792
1258069396641071105
1258069438320062465
1258069647011831809
1258069721116741632
1258069801416753158
1258069849336668162
1258070031906205696
1258070135421562880
1258070174575423490
1258070198239854592
1258070213972701184
1258070242158403584
1258070249938784257
1258070393493086213
1258070404427657217
1258070455627517952
1258070459922305024
1258070530822995975
1258070568047226880
1258070597705367554
1258070597910687745
1258070804916432896
1258070884344086531
1258070918557044736
1258070938555420674
1258070947136823296
1258070965071818752
1258071013004369920
1258071038140862467
1258071062589378568
1258071113638215681
1258071126036578310
1258071153899376642
1258071211881439236
1258071264905719810
1258071272585670658
1258071307079634945
1258071317049487360
1258071336624304129
1258071459743715328
1258071674286747649
1258071737402417152
1258071749884882953
1258071955825061889
1258072027128356864
1258072065950781440
1258072218401214464
1258072264672763909
1258072275116609537
1258072328652705793
1258072533951295488
1258072707515604992
1258072824339554306
1258072986646491138
1258073076752924672
1258073197242544129
1258073394324443136
1258073412490022915
1258073562671271939
1258073727821942784
1258073802107351041
1258073844595724289
1258073913315086337
1258074125483958273
1258074138046054408
1258074230647709707
1258074268065202176
1258074324218634241
1258074393797775361
1258074499368574982
1258074517215121408
1258074530154569729
1258074542359973888
1258074736531308545
1258074809356992516
1258074833088204805
1258074857985773568
1258074884988600322
1258075361788588034
1258075411466125312
1258075627137257473
1258075699711225860
1258075717272821761
1258075737703067648
1258075824324034565
1258075843131330562
1258075905131413505
1258076018054660096
1258076070156402689
1258076139228033029
1258076494930120705
1258076576018837506
1258076755601944577
1258076778691608579
1258076895813472256
1258077017972461568
1258077058695139334
1258077116442324993
1258077224319832068
1258077275712630786
1258077542512123904
1258077559427936257
1258077593388978176
1258077734913413120
1258077771571490818
1258077830413381632
1258077839775215616
1258077958918426625
1258078002660982786
1258078005810913283
1258078090766376960
1258078129370865666
1258078363975065600
1258078551695413248
1258078615880609792
1258078869237764097
1258078891194777601
1258078906202099712
1258078954813964288
1258079184703889410
1258079529094066176
1258079594999152646
1258079661478862850
1258079705325920258
1258079761328418818
1258079761458515970
1258079775530369026
1258079808078176256
1258079846153871361
1258079871093207042
1258079881310531585
1258079999237558272
1258080055751630859
1258080079726469123
1258080119605923842
1258080122503979010
1258080148764585985
1258080237692375041
1258080276300824576
1258080495142748160
1258080761095360513
1258080834164330498
1258080866280013825
1258081012162199553
1258081071129747457
1258081237580894214
1258081242509123586
1258081322561466369
1258081414995533824
1258081451221778432
1258081681119916038
1258081702121025537
1258081792386621440
1258081812208775168
1258081821826248706
1258081828981874691
1258081848258752512
1258081938453278721
1258081950943703041
1258082093118046213
1258082183702433792
1258082229064019968
1258082346487566336
1258082483960262657
1258082533297868800
1258082561345101830
1258082604349177862
1258082843768393730
1258082934403346433
1258083113101647872
1258083135595712512
1258083279011545088
1258083311072628737
1258083413598310400
1258083514731225089
1258083521467346944
1258083617332318208
1258083622973825035
1258083650295365639
1258083707967033349
1258083758068035584
1258083759964008448
1258083865555619842
1258083917111848963
1258084087224578048
1258084282796400640
1258084283509547010
1258084294402150400
1258084378162405376
1258084510186569728
1258084542394650624
1258084560883126272
1258084622300336128
1258084652243247104
1258084804366663680
1258084809571741696
1258084825774383104
1258084904660803584
1258084923577163777
1258085159896670209
1258085344798367744
1258085350511017984
1258085506216329217
1258085792905170945
1258086048539738115
1258086048699084801
1258086350181535749
1258086385543610369
1258086404187357185
1258086430687006721
1258086479466823680
1258086727387881474
1258086863815847939
1258086987254423558
1258087096746520576
1258087188866019329
1258087448736907265
1258087595583721480
1258087860978298883
1258088066515824645
1258088196799213568
1258088263321030656
1258088366047821825
1258088448465891329
1258089382810136577
1258089435813445633
1258089487185383425
1258089530227212288
1258089554516434944
1258089598531497987
1258089923086860290
1258090157497958400
1258090239936958464
1258090314918739968
1258090335852539904
1258090374096011265
1258090472280674304
1258090490743918593
1258090677272932352
1258090736869797888
1258090741307527168
1258090841727434752
1258090982098137088
1258091059164221441
1258091196229890048
1258091292749332485
1258091302190747656
1258091629686206466
1258091782094626816
1258091829456707587
1258091941666775040
1258092452344328193
1258092639049494529
1258092641457041408
1258092852619468802
1258092887012712456
1258092920198041601
1258092997331300352
1258093626829074432
1258093795075383298
1258093933491638272
1258094654123319297
1258094876199174151
1258095129421897734
1258095244307922945
1258095442539077632
1258095459651842048
1258095636022517762
1258095673842401286
1258095905825345538
1258095943578202113
1258096257915957250
1258096336278138881
1258096401453547525
1258096402355404800
1258096851430961152
1258096877024743427
1258096900890189824
1258097091030798336
1258097627259973634
1258097677209911297
1258097716611211264
1258097787549306881
1258098046266519552
1258098256086626304
1258098402266669057
1258098481832628224
1258098755632578563
1258098773080838144
1258099164573061125
1258099411428823040
1258099918444441600
1258100000640266240
1258100108400324608
1258100326382604291
1258100416061026305
1258100815178240002
1258101017188675588
1258101349260066816
1258101374811807744
1258101435784466434
1258101905320001536
1258102027109888002
1258102027759915008
1258102465796485120
1258102570834432005
1258102591902400516
1258102721632178177
1258102853819867137
1258102861537386499
1258103346797309952
1258103346847776770
1258103760045342722
1258104033589379072
1258104789679902720
1258104979803365376
1258105163182727176
1258105227082788864
1258105263690862592
1258105275296419842
1258105428438892546
1258105562715222016
1258105565584035841
1258105602615717893
1258106314720292864
1258106429321498624
1258106498099658752
1258106561836220416
1258106580748263424
1258106753922871297
1258106950262243331
1258106977118326785
1258107166713696256
1258107491516178433
1258107580041347076
1258107612182253569
1258107957599969280
1258108175187947527
1258108287867858944
1258108293332918273
1258108465794424838
1258108485272772609
1258108609415782403
1258108843474771968
1258108912487796741
1258109111440310272
1258109211151675393
1258109379196465152
1258109707534905344
1258109901034999813
1258110044782157825
1258110139548262401
1258110416829505538
1258110778697277443
1258110955864698880
1258111244927561729
1258111252724740101
1258111331728683010
1258111524779913216
1258111593465798656
1258111740056723457
1258111914992898054
1258112001890562048
1258112059549667329
1258112100561571841
1258112653521825792
1258112682533588993
1258112807150608384
1258113114291093505
1258113201738100736
1258113538700312576
1258113709404295170
1258113847447171072
1258113883262332933
1258113903214710787
1258114209226936320
1258114733519101952
1258114896551706626
1258114945348231172
1258114957583044608
1258115302421749760
1258115585881378825
1258115809383116801
1258116141681164289
1258116531248140294
1258116718813220864
1258116763478372352
1258117409556312065
1258117415755558912
1258117752973332481
1258117785554747394
1258118070339612672
1258118219489034240
1258118888480481281
1258119067237564416
1258119139232632832
1258119207520264195
1258119811709755393
1258119993377599488
1258120023375142912
1258120031587753985
1258120355891339264
1258120385054179328
1258120429245329408
1258120579967709186
1258120584480690177
1258120625710866433
1258120676457590784
1258121159616282625
1258121342777323522
1258121477909393408
1258121668662263815
1258121689705009152
1258121824619069440
1258121883897257984
1258122298994962433
1258123311952719872
1258123361797976065
1258123477439197184
1258123699842093056
1258124327247138819
1258124493903577090
1258124903921913857
1258126351963324416
1258126615889842176
1258126822014844930
1258127007436509186
1258127165264199684
1258127968192225281
1258127997292310529
1258128573103308801
1258128833607155712
1258129270217469952
1258129902236102656
1258130046398730241
1258130993124388864
1258131062238130178
1258131454732767232
1258131822736805888
1258132420827787264
1258134420021796865
1258135258098212865
1258135385827311616
1258135760567484417
1258135918646636544
1258136001807032321
1258136144841256960
1258136544797319168
1258136802482741248
1258137017856262144
1258137250036019200
1258137327324585986
1258137833103134720
1258137870700773379
1258138270690656262
1258138941494112256
1258139698431590401
1258140645715144704
1258141327461498881
1258141491244920832
1258142507147329537
1258143187195101188
1258143537700524032
1258143790373707776
1258144887700099077
1258145700715663361
1258146279630217221
1258147084244357120
1258147280164618240
1258147334145245184
1258147445432672256
1258149268038266880
1258149605050650624
1258150109289648128
1258151312576983045
1258152617009541120
1258153485394227205
1258155741686489090
1258157335236706305
1258159088787128321
1258159535207919623
1258162180152852480
1258163392331857920
1258163448543940609
1258165353475117057
1258165863636754435
1258167179775635456
1258167249153724427
1258168425714716673
1258171386251612165
1258172915746516993
1258174560551264258
1258177315353309185
1258178401971691524
1258179650586632192
1258179653057085441
1258184094191456256
1258187465279647747
1258188372402671616
1258189015615967240
1258192407167934464
1258192439980032007
1258195141489070080
1258196779306119169
1258196898671820801
1258196932528234497
1258197033690607616
1258197157602930689
1258197259935571969
1258197827420778496
1258198415252402176
1258198501743157248
1258198536572637185
1258198549382103040
1258199036517068800
1258199304143060992
1258200123080753153
1258201583411589120
1258201593255620608
1258201600583012354
1258201638252077062
1258201717734162434
1258201943043964933
1258201981652316161
1258202049969348613
1258202121952022532
1258202611263692803
1258204290981691395
1258205115888041986
1258205638091513858
1258206113452961793
1258206261755117573
1258209446255226880
1258209721917386753
1258210086314487808
1258210211510153217
1258210795147714560
1258210874306596864
1258211128896745472
1258211185159073792
1258211352499359744
1258211576525414404
1258211666099142656
1258211808541724672
1258213171443019777
1258214245482799104
1258214459178315776
1258214694264987650
1258215652403187712
1258216474797174784
1258216728179376135
1258216894261157888
1258216921788567553
1258217795646611457
1258218046583451649
1258219847101661188
1258220401743847426
1258220717121736705
1258221397467226112
1258221608575143937
1258222710544457729
1258223033409396737
1258224665316728833
1258224670773596164
1258224720874336257
1258225403287621632
1258226935093747715
1258227273234124800
1258228937752285184
1258229461369028608
1258230225625726977
1258230352507789313
1258230407205707777
1258230991656640513
1258231772355190784
1258231987749507074
1258232023971508226
1258232203495997442
1258232526096621569
1258233868219531264
1258234407917359104
1258235108944801792
1258235452643041281
1258235507680489473
1258235647271120897
1258235694109143041
1258235776510263296
1258235951291133952
1258236031763189760
1258237763054338049
1258237892914106368
1258238043879698434
1258238345576091649
1258238754570948609
1258238828915183618
1258239987541303296
1258241484199014401
1258241854577008642
1258242486943744000
1258242627612237824
1258242974435033088
1258242975911620608
1258243257768636416
1258243423355596800
1258244137364516864
1258244160999485440
1258244335805452288
1258244368613457921
1258244379380035584
1258245123688689665
1258245385090408448
1258245961865998336
1258246430139076608
1258247160941993988
1258247199198068736
1258247540362711043
1258247978977906689
1258248485322862594
1258248653929676802
1258248663773528064
1258248673101676544
1258249040854212612
1258249150191280128
1258250334713139206
1258250975678205961
1258251096323170304
1258251478117974016
1258253129444966400
1258253880342663176
1258255692340830209
1258255700293234688
1258256017600794625
1258256354856308736
1258256667365392384
1258257061952929794
1258257901392744455
1258258137766858758
1258259366257610757
1258260752265211905
1258261194894381058
1258261229224656896
1258261576596877314
1258262060288237568
1258263381745655808
1258264580427599874
1258264714083098625
1258264717065359360
1258264721574297601
1258266468589789184
1258266934518231042
1258267979151745024
1258268158659624961
1258268238166790144
1258268327715246081
1258268350276177920
1258268665037721601
1258269392678408192
1258269512652197888
1258269712158515207
1258270143785897984
1258270835300864003
1258271667530301443
1258271901241143299
1258272443266994176
1258272649404284929
1258273203803193344
1258273380060585984
1258273489313726464
1258274121655312384
1258275782218051585
1258278010958086144
1258279304322068482
1258280915899318275
1258281091200360448
1258281358117482496
1258282177462181888
1258283272829669376
1258283654633213955
1258283707489595394
1258283931801055238
1258284023979237376
1258284459356377088
1258284996974043137
1258285563624468481
1258286199279628290
1258286226295140352
1258286311561191426
1258286472496467969
1258287332693880832
1258289236223995905
1258290402546900992
1258290425124667398
1258292783258845184
1258294764329369600
1258296455208374272
1258296476762992640
1258297620339978240
1258298676683792384
1258298848851759104
1258302026749902848
1258302127371194369
1258302137051648000
1258302192471040000
1258302288872914945
1258302361702809602
1258302585720541185
1258302607195426816
1258302620025802752
1258302686497173504
1258302741186830339
1258302758823706624
1258302826880491521
1258302933294170113
1258303048192933889
1258303159287508997
1258303343312674816
1258303475709997057
1258303533922709510
1258303692152823813
1258303870842793985
1258304026338185216
1258304038426128386
1258304061511569410
1258304072857370629
1258304122765209601
1258304236053463040
1258304276029292544
1258304417373143047
1258304442710896641
1258304494686760960
1258304623569367040
1258304642519195648
1258304763327889408
1258305165859291136
1258305574518902786
1258305708400865281
1258309678116876288
1258310354087616513
1258311095745470464
1258311872052428800
1258312139661381633
1258312331223797760
1258312464082432000
1258313477682106368
1258314224813686784
1258315958818504707
1258316136979955712
1258318048093593602
1258319912210173952
1258320058989924352
1258320151566594048
1258320302284705792
1258320967329292288
1258321311945744384
1258325371717668869
1258326333823860736
1258327441539502080
1258327775850541057
1258328345667911680
1258329468399022080
1258330891878830081
1258331747390861312
1258335049834954752
1258335943813206017
1258343259241435136
1258344082914578432
1258351922899124224
1258353023908114433
1258358421587259393
1258371015001989121
1258372643574538241
1258378089651830784
1258378631547629568
1258378887672721408
1258379581263736832
1258382184441712640
1258383819469553670
1258384467904942086
1258391554013585408
1258391703087652866
1258394576475349001
1258400057247834112
1258400853536452608
1258403455800090627
1258404099587928064
1258404681354747908
1258405275465207809
1258409561263923200
1258410446249492480
1258411749507772416
1258412210289860613
1258412213603168257
1258412428259323904
1258427716443033600
1258430389850439683
1258439817412706304
1258442399250087936
1258449174212853760
1258453719160627203
1258455206351605760
1258459963564781568
1258461097750933508
1258463043664711681
1258463934052331520
1258479163838783488
1258479294789095432
1258479381091176449
1258479976694927364
1258515326293078016
1258517561022353410
1258580795784146946
1258585336948690944
1258587345416151041
1258601263647907842
1258611849282629637
1258620689239511040
1258623643715883008
1258637807037251584
1258641251328499713
1258683336924573698
1258683522593828864
1258683640835452930
1258683663493017600
1258683681130119169
1258683713728249857
1258683743272869888
1258683845173481472
1258684355465093121
1258695114186035200
1258695286764916736
1258695300429959173
1258695467266785280
1258695479358943233
1258701158606086145
1258706137920221185
1258712794238578688
1258748222199250949
1258770464551256064
1258786047040688128
1258816846125502469
1258873185753198592
1258873207454490624
1258873826974117888
1258873865247195138
1258926332999655425
1258926339676966913
1258926366919032832
1258926478336462848
1258926486095945731
1258929889459056640
1258929897180811265
1258930030748422144
1258930059982761985
1258930069596016640
1258934627588124673
1258934632294178822
1258934661180350464
1258934766675456006
1258934774267174917
1258973320105480194
1258996836104318976
1259132539211362306
1259892779888586752
1260132703317495809
1260693837380497419
1260930979369062408
1261509853400498178
1261918017719619590
1262017508015353857
1263693251686604800
1264905149530509312
1264909811553976321
1271319579445194754
1272102769814499329
1274384864540790784
