id
1263261842102763527
1263265812388995073
1263266651493019648
1263266851171250177
1263269826669064192
1263271413378514944
1263272550945009664
1263272839957766147
1263273141930868736
1263273356947623936
1263274530111393801
1263274894651011072
1263275099504939008
1263275591505190918
1263276031198167040
1263276272450322434
1263276387458093057
1263277486860886027
1263278229416280064
1263278262400233473
1263278380088045570
1263278535973560322
1263279370078244871
1263280547817816065
1263280567870566401
1263280693104295939
1263281137650003970
1263281140841902082
1263281483080273920
1263283310869938178
1263283724075991040
1263283765629124609
1263283844301549568
1263284327300751361
1263284429717483521
1263284580418613248
1263284888079220736
1263284988340056064
1263285170091839489
1263285402607120384
1263286617613230085
1263286643299147779
1263286651608014849
1263286846194216961
1263287183324123144
1263287456134131712
1263287876894113792
1263288056787775489
1263288073032368128
1263288261029421056
1263288367547990022
1263288402025287681
1263288499257643008
1263288705009082368
1263289135017668608
1263289457337344002
1263289465658892290
1263289470964678657
1263289473934245888
1263289509120262147
1263289529361928196
1263290241940512769
1263290680626970625
1263291075826872320
1263291923218849793
1263292091037175808
1263292292627980288
1263292340354994178
1263292511650549760
1263292745033998336
1263292900735021056
1263292959908196352
1263293077399252993
1263293097011826689
1263293358908342273
1263293535962497024
1263293847167090690
1263293861826138112
1263294630893780992
1263295330990174215
1263295435751387138
1263295807232581633
1263295950686216192
1263296209541902343
1263296301808017408
1263296382380544000
1263296794575822849
1263296816998690817
1263296968559931392
1263297187624005632
1263297345988501506
1263297497444651008
1263297574653452288
1263298458955296768
1263298482477035520
1263298507525378048
1263298534163443712
1263298563330568192
1263298694071214080
1263298730502975488
1263298783678357505
1263298926649552896
1263299038478131202
1263299129460977664
1263299226622201862
1263299311036592128
1263299461096378368
1263299580751343616
1263299800415514624
1263300216553275392
1263300478147809280
1263300928511176706
1263301031334522880
1263301400014061569
1263301520319148033
1263301699273277440
1263301855167250432
1263302037506191361
1263302307443167233
1263302389211136001
1263302668253933574
1263302698402590721
1263302730048667648
1263302745655656452
1263303112846000130
1263303255561551877
1263303375614996480
1263303496943595520
1263303501251096577
1263303502249578497
1263303565029838849
1263303616519188482
1263304249649377280
1263304269702168576
1263304773131841538
1263304922159857669
1263305651276574720
1263305804725141505
1263305970739904512
1263305979791278080
1263306111865716736
1263306451033960448
1263306664284831744
1263307630203637760
1263307815306670080
1263307941496729606
1263308038326247424
1263308281352605697
1263308620063621120
1263308805460430851
1263308923404201984
1263308996410138624
1263309173170868227
1263309321619697664
1263309365177577472
1263309463181758465
1263309563291414528
1263309605095923714
1263309693369200641
1263309771672743937
1263309832498499584
1263310121930719234
1263310392677355520
1263310616955105281
1263310818621313024
1263310887470891011
1263311048645283842
1263311050532782081
1263311690893910017
1263312624797663233
1263312964750278657
1263312969380683776
1263313263464288257
1263313306258821120
1263313728688336896
1263313729917075456
1263313815807995906
1263313862524203008
1263313936427827201
1263314404181004299
1263314690811125761
1263314783048089600
1263315047507320832
1263315181725265923
1263315209457815552
1263315242634719232
1263315270346502144
1263315408951492608
1263315725336240129
1263315839748456449
1263315979011948545
1263316124256669697
1263316176194564097
1263316204942483457
1263316328070311936
1263316492336185345
1263316657340104704
1263316678097559557
1263316687669153793
1263316755964784640
1263317209113407488
1263317265077768193
1263317583891247104
1263317798010253315
1263317873235234817
1263318324684812288
1263318589638991873
1263318813199589377
1263318914689187840
1263318998856404993
1263319074185990144
1263319271393935360
1263319304650362880
1263319320957841408
1263319329900318720
1263319464319184896
1263319526365515776
1263319627695747072
1263319804296826885
1263319834097418240
1263320029967220738
1263320486609473539
1263320522059743232
1263320559359651840
1263320614196019201
1263320760719990784
1263320809860296704
1263320890122502144
1263320898670559232
1263320931461550080
1263320969248043008
1263321408634933249
1263321409515737088
1263321429384269827
1263321441778499584
1263321532211683328
1263321631750938624
1263321662184816641
1263321794733199360
1263321902530965505
1263322191375896576
1263322320199876610
1263322335689543680
1263322357956874240
1263322501284847616
1263322693853642753
1263322741589135360
1263322786757406720
1263322788930088961
1263322813026283520
1263322857632755713
1263322915539320832
1263322955003465729
1263322959516590080
1263322975681445888
1263323083697524739
1263323334403674112
1263323355970768899
1263323894443843590
1263324459152228353
1263324484154638336
1263324645366743042
1263325090122330113
1263325211086258176
1263325356255178758
1263325470923190272
1263325623830958080
1263325646752604160
1263325942245552128
1263326295984726018
1263326712135389186
1263326781546696707
1263326809942142976
1263326920218992643
1263327266639093761
1263327268325089280
1263327386575073287
1263327425200414720
1263327477306322948
1263327532847214592
1263328163645382656
1263328572002861056
1263328602361221122
1263328606404489216
1263328636137902086
1263328651417804801
1263328664176848896
1263328704425410560
1263328749430247424
1263328909556420608
1263328937855180800
1263329003928031232
1263329069547974656
1263329215006433280
1263329305163173892
1263329351359053824
1263329386243043329
1263329436788592642
1263329443252260868
1263329458020331522
1263329542514540545
1263329554174750723
1263329606351888384
1263329705727385600
1263329706759217152
1263329739126697984
1263329798861946881
1263329814426955777
1263329945373208576
1263329983809888257
1263330095378378752
1263330158313791489
1263330319278706688
1263330373963923456
1263330382184734720
1263330386093854721
1263330544504328205
1263330644257501185
1263330662280335360
1263330846624190464
1263330950143864832
1263331129907535873
1263331175164149760
1263331182806044674
1263331235826294784
1263331249529090048
1263331264456585217
1263331297654484999
1263331372292206592
1263331434070110208
1263331578710601733
1263331862178598912
1263331945884332032
1263332166936653824
1263332254631198720
1263332533481148416
1263332719846547456
1263332763530338305
1263332881474007040
1263333162626801665
1263333211465060352
1263333339500404736
1263333425399730177
1263333509722079232
1263333556518035457
1263333664311500801
1263333699858231297
1263333732640940033
1263333834407333889
1263333874639093761
1263333877075988480
1263333951667687425
1263333954267918337
1263334064930480130
1263334068847906816
1263334088251002880
1263334090742235140
1263334103581065216
1263334274004066305
1263334384523833346
1263334429394518016
1263334540132511744
1263334657820487681
1263334698496872449
1263334743141056512
1263334891602788352
1263334979452440577
1263335184868540419
1263335189175865344
1263335243563429888
1263335309254643714
1263335464641200129
1263335608648208384
1263335790748319746
1263335801716383744
1263335866509832193
1263336007946194944
1263336033975820288
1263336372674236417
1263336436293459968
1263336446573740032
1263336487547883520
1263336562500067328
1263336565087981568
1263336713901928449
1263336727730675712
1263336968865214464
1263337004865138688
1263337046543863808
1263337082178723840
1263337086473527297
1263337170615652353
1263337326689779712
1263337358113386496
1263337410340978688
1263337467974803458
1263337523490639875
1263337555912617985
1263337576561143808
1263337897320525825
1263338060386897920
1263338095929409538
1263338123729104897
1263338223520157696
1263338338099974148
1263338419440062464
1263338461567672320
1263338465141198849
1263338487043907585
1263338699313430532
1263338707043512320
1263338732679282688
1263338800719163392
1263338959440134146
1263338998350503936
1263339023331782656
1263339027819900929
1263339171344760832
1263339185173225472
1263339397446922240
1263339495669129216
1263339558550204416
1263339672010252289
1263339802323070976
1263340011920822272
1263340036558225408
1263340086906646528
1263340504617377794
1263340714454331393
1263340725543952384
1263340726227578880
1263340935267540993
1263340958936006656
1263340997448044546
1263341026502012928
1263341026611040256
1263341038015410176
1263341044915040256
1263341093212413952
1263341230261334017
1263341250050166784
1263341359370350598
1263341414202540032
1263341531215339520
1263341534000234496
1263341542342885381
1263341583853711362
1263341639189184512
1263341645514149889
1263341700434604032
1263341971021508610
1263341994748686337
1263342002092961792
1263342038063300613
1263342056727916544
1263342125522972677
1263342183530168326
1263342238483886080
1263342440150233088
1263342516725784576
1263342637462851584
1263342763128442880
1263342783252688897
1263342910172348417
1263342924420407296
1263342929533235200
1263343061972606976
1263343103517351941
1263343305212915712
1263343308887093249
1263343733308719110
1263343769933373440
1263343778267566085
1263343869350916096
1263343949843820550
1263344060711854081
1263344243365441536
1263344467433619459
1263344507140968448
1263344566343577600
1263344766525124610
1263344797894361089
1263344967910555648
1263344999703277568
1263345254503071744
1263345298459381760
1263345322643742723
1263345365014597634
1263345394940960769
1263345540043063296
1263345693080653825
1263345825905815552
1263346044902883328
1263346136573546496
1263346155104038912
1263346159159898117
1263346265112186880
1263346275233091585
1263346282417938432
1263346369185513473
1263346603663876096
1263346647330742273
1263346681535328261
1263346714833870848
1263346726770847745
1263346837127172096
1263346853623459841
1263346919838900224
1263346920761638912
1263346925526323200
1263347067230932993
1263347127901548544
1263347198256795649
1263347254015848448
1263347254208761860
1263347364510568448
1263347402045566977
1263347467203997697
1263347524301176833
1263347564469862400
1263347679125401600
1263347726168752128
1263347900454707201
1263347975172100096
1263348163420647424
1263348183893110785
1263348187433013248
1263348359776985088
1263348724333338624
1263348829593559040
1263349128680988672
1263349404980801537
1263349437063143424
1263349446756102145
1263349562942672896
1263349744740585474
1263349810985422848
1263349881072005122
1263350004325814272
1263350081312309251
1263350173842866176
1263350187138756608
1263350460167192578
1263350554836647936
1263350682326892544
1263350717458214912
1263350722105536512
1263350724571750400
1263350884890603521
1263351037823291392
1263351084833140737
1263351275371982854
1263351707821436928
1263351815015260165
1263352053553754112
1263352085833109504
1263352096671195139
1263352141881597954
1263352145476071424
1263352149758693376
1263352255664631811
1263352317115416576
1263352336648372225
1263352472292098048
1263352608242184192
1263352834340290562
1263353342232838148
1263353475255070720
1263353562589003776
1263353564274941953
1263353634886057986
1263353674706886656
1263353753807224832
1263354051300753414
1263354112822796288
1263354131978354694
1263354223036633089
1263354264551710720
1263354438904737794
1263354564100538368
1263354604504440834
1263354760301875201
1263354766765092866
1263354823170232321
1263354931957776384
1263355210077896705
1263355220655927296
1263355288142393344
1263355319696019456
1263355445206343680
1263355455176237056
1263355480560119808
1263355481969459200
1263355485157117953
1263355497748430848
1263355549556473857
1263355555890036736
1263355773448486923
1263356004193853441
1263356101224849411
1263356243302707201
1263356339822063616
1263356348940550145
1263356349389459456
1263356349393637377
1263356355475193856
1263356439499689984
1263356444700577793
1263356451101093889
1263356496718553088
1263356589785772032
1263356600539992064
1263356659134394369
1263356683985674240
1263356727182848000
1263356844904308736
1263356857533337601
1263356888516833280
1263356920900902912
1263356965436239872
1263357044045668353
1263357399022227456
1263357450415038464
1263357491594719232
1263357543113388033
1263357598528491520
1263357923675254787
1263357948853489664
1263358112225878016
1263358150398275584
1263358217641312263
1263358478090813441
1263358497615310850
1263358603710230528
1263358718256664576
1263358800800747522
1263358828877250560
1263358840239722497
1263358949971030018
1263359011660812289
1263359030245785600
1263359049086590976
1263359078996119552
1263359087485628418
1263359157740150785
1263359214505910272
1263359359129653248
1263359672821538816
1263359687971401730
1263359742203715589
1263359890719944706
1263359974731681794
1263360396322148353
1263360508947656705
1263360938540806144
1263361117096570882
1263361269064597504
1263361337645645826
1263361381753126913
1263361455560278021
1263361466054225920
1263361520043360256
1263361982448627713
1263362092175949825
1263362096353312769
1263362196668637185
1263362204075560960
1263362340730232832
1263362547505233920
1263362588244467712
1263362761624444928
1263362792565862401
1263362831249883136
1263362891820019712
1263362938871656448
1263363018789773312
1263363072363597826
1263363316316962816
1263363402262392833
1263363417445810176
1263363427835076608
1263363466938605569
1263363503102078978
1263363705875529728
1263363801505771521
1263363873245024256
1263363912327548928
1263363917616566275
1263363993743192064
1263364233674153984
1263364330646433792
1263364339764850689
1263364347117613056
1263364424582279170
1263364490004856834
1263364582954786816
1263364601044799488
1263364672272523265
1263364695957766144
1263364750223618050
1263364864346488833
1263364872840101894
1263364921414217728
1263364948744212480
1263365019170816002
1263365033460973568
1263365061445169153
1263365137559257088
1263365280677326848
1263365289212653568
1263365427255631874
1263365456402022400
1263365486340976641
1263365500060368897
1263365565554384896
1263365607077998593
1263365628490141696
1263365628879966209
1263365656470265857
1263365694864994304
1263365745108369408
1263365746756775936
1263365828524769281
1263365887920226304
1263366088785399808
1263366195366920193
1263366263901786112
1263366301025591298
1263366697672536065
1263366730069479424
1263366756111769603
1263366785799057409
1263366970109558784
1263367035674701824
1263367102292844544
1263367218336681986
1263367330442043393
1263367334443601920
1263367338554003457
1263367398935035905
1263367418560176130
1263367599888318464
1263367723314057216
1263367774916751363
1263367881892474880
1263367885474283520
1263367900166905856
1263367972296568833
1263367996820447232
1263368006589206529
1263368030840516608
1263368064579465216
1263368169655156736
1263368197056552960
1263368383090831361
1263368490708201472
1263368612456194048
1263368775816015872
1263368803435438080
1263368935656718336
1263368943793852417
1263369039595728897
1263369641096654850
1263369682129768448
1263369810064207877
1263369861603917824
1263369909372743685
1263369986027843586
1263370016142921730
1263370255411187714
1263370370876243968
1263370443844542465
1263370519086198784
1263370563768082432
1263370615928446977
1263370745742151680
1263370827824693248
1263370939678498816
1263371200626962434
1263371250102964224
1263371297544744964
1263371338623770625
1263371346370637824
1263371399223054338
1263371431603081220
1263371632019529729
1263371811388919810
1263372074678009856
1263372164180238336
1263372411254292480
1263372625323061248
1263372803501289473
1263373093411516417
1263373194372644864
1263373800449560576
1263373819659423744
1263373871354281984
1263374186833010689
1263374226062532609
1263374235365302272
1263374271104995328
1263374384804147200
1263374407097110528
1263374489762447361
1263374502366339074
1263374674991255552
1263374758831259648
1263374840477564928
1263374850300743680
1263374904126255104
1263375213263114242
1263375286428553217
1263375317734789121
1263375350995619842
1263375400589078528
1263375461528137728
1263375548983566341
1263375662657572864
1263375730924113922
1263375737295429646
1263375793280782337
1263375904580890625
1263375959639523328
1263376182935826433
1263376300045070337
1263376652756631556
1263376730640662528
1263376813226508288
1263376960266240006
1263377024279773187
1263377076628815872
1263377300348964864
1263377361027960832
1263377376773169152
1263377421954252800
1263377428837044225
1263377468297293824
1263377650996973569
1263377651437236229
1263377759499440128
1263377760048873472
1263377786380660736
1263377914629812227
1263377933424627712
1263377940286369793
1263377960897097728
1263378028547145729
1263378204485533696
1263378219765575684
1263378304230400003
1263378406038634496
1263378439148462081
1263378538864037888
1263378562209308674
1263378609172963329
1263378649081884673
1263378819726995457
1263379066456965121
1263379132349644806
1263379277556314113
1263379338990243840
1263379382065942528
1263379494741569536
1263379524227485697
1263379602220580872
1263379679987355649
1263379756042514433
1263379842294099971
1263380132112154629
1263380439424626688
1263380545527877632
1263380629221244928
1263380964866048000
1263381093123674113
1263381183704059904
1263381277094432773
1263381569571565569
1263381622373486593
1263381736861253632
1263381832441098240
1263381893212368896
1263381898484690946
1263382031594995712
1263382059415777280
1263382102155751425
1263382131671289861
1263382141322199041
1263382174000168965
1263382404061855744
1263382425217822720
1263382453772677122
1263382509301182469
1263382548648001537
1263382653794840578
1263382925346697216
1263383029914800130
1263383042912956421
1263383214384545792
1263383425412546560
1263383521386590208
1263383559227600896
1263383719051579392
1263383774085054466
1263383893362663425
1263383944524898304
1263383978528006144
1263384031204241410
1263384051877994496
1263384064725319681
1263384072539172865
1263384103706963970
1263384136284139525
1263384152138792960
1263384167703666688
1263384184128786432
1263384186032803840
1263384243910127620
1263384252776886273
1263384355017293825
1263384434134274048
1263384622538186752
1263384649385951232
1263384696752181249
1263384711126081536
1263384726892470272
1263384961702342657
1263384976730525696
1263385328905187328
1263385407447724032
1263385493556912128
1263385552549707782
1263385644706918401
1263385755508002816
1263386119732781056
1263386148342124546
1263386323668238336
1263386425048748033
1263386484985393152
1263386524957020161
1263386586416246784
1263386744667271168
1263386991435018240
1263387025492697089
1263387083072245760
1263387308830502913
1263387479555502081
1263387504117338112
1263387612640800768
1263387709726265350
1263387827036762112
1263387855394570240
1263388227320176640
1263388266658541573
1263388630908841984
1263388640400404481
1263388927135752192
1263389135663853568
1263389455009763329
1263389909953531904
1263390102560047104
1263390265835806721
1263390343225016326
1263390439475777536
1263390466394828800
1263390496635777025
1263390558334201856
1263390657533456384
1263390719613399040
1263390863675121664
1263390952531488769
1263391047368847360
1263391104994553856
1263391262692048896
1263391275581087745
1263391430208131074
1263391436403355648
1263391530041044993
1263391594696208385
1263391722228166656
1263392163125067778
1263392325062909955
1263392458483699712
1263392479400939522
1263392571700555777
1263392704307687426
1263392748188516352
1263392795772903425
1263393010554822658
1263393017660129280
1263393108676534272
1263393262104002561
1263393287466934272
1263393377988390918
1263393470271631360
1263393595131785217
1263394139422375937
1263394215238742016
1263394398873645057
1263394426946232321
1263394463495229440
1263395007630684161
1263395046578982913
1263395142142029824
1263395173452529664
1263395228611825664
1263395315773616128
1263395351500697600
1263395353862144000
1263395396383981568
1263395444387794944
1263395505415077888
1263395509395353600
1263395555188719617
1263395663817007104
1263396072518451200
1263396108861976578
1263396109071708160
1263396121163882499
1263396198041317377
1263396553756196864
1263396614107881473
1263396899354112000
1263397155219206147
1263397359033049090
1263397401693270016
1263397427811401732
1263397675803668480
1263397719684440064
1263397821551505408
1263397845391912960
1263397872424247297
1263397925486571520
1263398357466255361
1263398428391817217
1263398434603593729
1263398625146634245
1263398639612747783
1263398653676318720
1263398711377289216
1263398866268774401
1263398910208294912
1263399030261866496
1263399191457533952
1263399304619634689
1263399399813767168
1263399562560991233
1263399769923129344
1263399901313904642
1263400007283212293
1263400070637948928
1263400071418327041
1263400140275998721
1263400209343746048
1263400358140948480
1263400552429322241
1263401067649200130
1263401086280519682
1263401139698974720
1263401143524225025
1263401384923156481
1263401437003788288
1263401470843592710
1263401553903288320
1263401631724351490
1263401647268442112
1263401649067810817
1263401875975499779
1263402001141911553
1263402077054570497
1263402177847914496
1263402287403155459
1263402414498910209
1263402571940544512
1263402644413927424
1263402661342146560
1263402774659608583
1263403066512064512
1263403250864156673
1263403366329094144
1263403802855477248
1263403833138413569
1263403847789285376
1263403848812593152
1263403971810480134
1263404163846811648
1263404187439607808
1263404252761735169
1263404350665142272
1263404403320635392
1263404643222261761
1263404643586994181
1263404707038605313
1263405288276688896
1263405372573806592
1263405395239821312
1263405477238579205
1263405556166832128
1263405648974213120
1263405652141105153
1263405652606509056
1263405667974623232
1263405713407176709
1263405735691513858
1263405780499382272
1263405922287845378
1263406035600945152
1263406158137700354
1263406177431535616
1263406205793271809
1263406234562031617
1263406305403908098
1263406501588135942
1263406677216260098
1263406712498860032
1263406833051426816
1263406893344739328
1263406932049702912
1263407142934949888
1263407204289265665
1263407236329566210
1263407264624508928
1263407326700003328
1263407435177275392
1263407515754250240
1263407569361494016
1263407574386307073
1263407584251228160
1263407710365560832
1263407800266354688
1263407836782120960
1263408005627777024
1263408153552539654
1263408154697580545
1263408184590389248
1263408231801446402
1263408372260405249
1263408468301471745
1263408518620540928
1263408531631304704
1263408621502619659
1263408690582843392
1263408787576303618
1263408846627680256
1263408860246601728
1263408897836101632
1263409045584719872
1263409123162456065
1263409226069794819
1263409364825788419
1263409550226587648
1263409640135520256
1263409783970791424
1263409834549891079
1263409975344259073
1263409992884871168
1263409998370988032
1263410082064158720
1263410360733839361
1263410398025277440
1263410465314533378
1263410507148668929
1263410526794641410
1263410774644371457
1263410813148200961
1263410828503482368
1263410908929327104
1263410958875209728
1263410987396263937
1263411457150136323
1263411692840431618
1263411713690361856
1263411752680775680
1263412104872132608
1263412152523579394
1263412278080110592
1263412280567398403
1263412342416605184
1263412401203970048
1263412416387280896
1263412477968039937
1263412487723945984
1263412502555066369
1263412544271605760
1263412960921137152
1263412972896075776
1263413129477623808
1263413142379393024
1263413147844534272
1263413236294025216
1263413236415623168
1263413266006421504
1263413390334144512
1263413398852657154
1263413443391918082
1263413548878893057
1263413615857721344
1263413699626168320
1263413705791815680
1263413739723853824
1263413796523044864
1263413823878254592
1263413907747737607
1263413918506127361
1263413983689748481
1263414098005577728
1263414103160176641
1263414185733611520
1263414279614558208
1263414448154267648
1263414500348305408
1263414508044902400
1263414546254958592
1263414687019880448
1263414738177777665
1263414799624400897
1263414896181403650
1263414934483894272
1263414953580453888
1263415032374648832
1263415079568945157
1263415343931887616
1263415411774615553
1263415426765250561
1263415474982969344
1263415649218355201
1263415659372806144
1263415801442455554
1263415935802712065
1263415978890690560
1263416034263879680
1263416043457794053
1263416071802896385
1263416100173180928
1263416121002090499
1263416325646344192
1263416340133502976
1263416688382324737
1263416701292384256
1263416747102629891
1263416748235034625
1263416841747132416
1263416917173231616
1263417070928052225
1263417112262963203
1263417191895953408
1263417200624320514
1263417229766320128
1263417749339947008
1263417752171106304
1263417768436568064
1263418119214837761
1263418234998415360
1263418279919366145
1263418288232529921
1263418308268666880
1263418391034949632
1263418527815516160
1263418708682141697
1263418756870451201
1263418789615382531
1263418838730719232
1263418910092611584
1263418942254510080
1263419054280171523
1263419139252723713
1263419140036947969
1263419145724530690
1263419395948208133
1263419593625792512
1263419619827544065
1263419645043728385
1263419775931146240
1263419863113936901
1263419885478195202
1263419974720163845
1263420096808017921
1263420116215029761
1263420184749989888
1263420197488058369
1263420207290134528
1263420293558697985
1263420315222376448
1263420417873555460
1263420518604169227
1263420534177411072
1263420619984519168
1263420690134269952
1263420693330317312
1263420824658141185
1263420920128868352
1263420986369572865
1263421552189571075
1263421556316921862
1263421581381910528
1263421650520940544
1263421702978977792
1263421706439282689
1263421707626270721
1263422155980587012
1263422391021002753
1263422423938056192
1263422488052035584
1263422562639286275
1263422572286205952
1263422662446944263
1263422821545373696
1263422910607142918
1263422945961091073
1263422953170976768
1263423029733806080
1263423051351261184
1263423129377857541
1263423182658129922
1263423185313165314
1263423502943576064
1263423521515958272
1263423601752997890
1263423643511451648
1263423805466304513
1263423893198569475
1263424057971625984
1263424082776711168
1263424267913478144
1263424789282091008
1263424854201495558
1263425148993990656
1263425293093666816
1263425383753375745
1263425429840424961
1263425430217867270
1263425486253776896
1263425680303251457
1263426026752708608
1263426223905992704
1263426303740358656
1263426420639797248
1263426437513502721
1263426561455185922
1263426561606397959
1263426641641926656
1263426661325758464
1263426849557884928
1263426893191118848
1263426986027802627
1263427020370980865
1263427234263523328
1263427298356649984
1263427373766074369
1263427698514329607
1263427763052187648
1263427810770763780
1263427847831670784
1263427975271182337
1263427976126849024
1263427984205197312
1263428057517432832
1263428110290165761
1263428307606884352
1263428307824992256
1263428330113523712
1263428522862772224
1263428628034973696
1263428756120748033
1263429055413514242
1263429211387162624
1263429229691035649
1263429241380589568
1263429320384503808
1263429395756322817
1263429411426033664
1263429425741197313
1263429566791475202
1263429879745228800
1263429898082725888
1263429941418356741
1263429991712190464
1263429998280466433
1263430062436564992
1263430068484759552
1263430253537460224
1263430255408222208
1263430293706416128
1263430349557661698
1263430442327269377
1263430490339438599
1263430498551885824
1263430524355465217
1263430669624946688
1263430683797700608
1263431117647958022
1263431187864961027
1263431382828609536
1263431512629878790
1263431602190729216
1263431846341337095
1263431847658139648
1263431865618165761
1263432014075588608
1263432134179651584
1263432413654351873
1263432501386567680
1263432542885048320
1263432553869922306
1263432603698331649
1263432718894784512
1263432875350740993
1263432945668407297
1263432969001119744
1263433027725570048
1263433073099591683
1263433173905502210
1263433208487538688
1263433259720962049
1263433277441847296
1263433289492299778
1263433311809990658
1263433337076678657
1263433342973702145
1263433392118353920
1263433532145373184
1263433595139604480
1263433653637562369
1263433701918203905
1263433710013018112
1263433711363567616
1263433776761208838
1263433831685648387
1263433879064473603
1263433896479391744
1263433927257186307
1263433937478733824
1263434069829840896
1263434075429191680
1263434171868942340
1263434215397310465
1263434292966780929
1263434344510697472
1263434381059907584
1263434413381165058
1263434506767200256
1263434644130795520
1263434677727174657
1263434817611292672
1263434855557115904
1263434931268718592
1263434933214703621
1263435235192197121
1263435312321171457
1263435387302604800
1263435540231159809
1263435571839430656
1263435669491212288
1263435699144888321
1263435789431521282
1263435810336096256
1263435916120485895
1263435929143832579
1263436042687991808
1263436047116992512
1263436058055839744
1263436090754715648
1263436157313904641
1263436293511536642
1263436315082833921
1263436323488063488
1263436629127069696
1263436667047870464
1263436811348541440
1263436831799959552
1263436879292235778
1263436896945926145
1263436928378040320
1263437063308730368
1263437069671469057
1263437089288249344
1263437092572594176
1263437114080780288
1263437127712301056
1263437258134192128
1263437405199056898
1263437452183695361
1263437504289615873
1263437591283511296
1263437607918202882
1263437628122083328
1263437662540697605
1263437775833104384
1263437853587013634
1263437974210899968
1263438001771872258
1263438073318174720
1263438085154430976
1263438220756348928
1263438516626657280
1263438523060936704
1263438599107870720
1263438662890446848
1263438725620490240
1263438817697992706
1263438998082473984
1263439076222554112
1263439077354778624
1263439085739409413
1263439162444668931
1263439311611011078
1263439337078874112
1263439383509647361
1263439401490632704
1263439488497393665
1263439590372696065
1263439645926289411
1263439729074159618
1263439757587013633
1263439842362482689
1263439866659889152
1263439871307202561
1263439975753953280
1263440085002752000
1263440127281381376
1263440127449169920
1263440129193938945
1263440231690235904
1263440317799256064
1263440766375845888
1263440767541895169
1263440881102790656
1263440892041592832
1263440893870084097
1263440911842729986
1263440915005407232
1263441124833628161
1263441247466852352
1263441276994797568
1263441302437244928
1263441335412879362
1263441481928306689
1263441549687435269
1263441586685218817
1263441623331078144
1263441661222412301
1263441737436917765
1263441832509227009
1263441891200249856
1263441891615338497
1263441920073666561
1263442013824802817
1263442122461466624
1263442130011373569
1263442234126372864
1263442349696278528
1263442517694935041
1263442594312400896
1263442654643097600
1263442775342751744
1263442798923005953
1263442860545683456
1263442875213385728
1263442890178482176
1263442956372996096
1263442983312961536
1263442993723379712
1263443093174595584
1263443121687285760
1263443165744267265
1263443251131904000
1263443276574502912
1263443409336860673
1263443427036889088
1263443515620524033
1263443525498068992
1263443535862235136
1263443550223597568
1263443692016173058
1263443819791556613
1263443867132723205
1263443972128563204
1263443979330150400
1263444097479688194
1263444429165277185
1263444465974468608
1263444479031287808
1263444480134246401
1263444577031159808
1263444579014995974
1263444582299123714
1263444598501675008
1263444630458322947
1263444651907956737
1263444685865000961
1263444705708109829
1263444899266875397
1263444952677101568
1263444963674615808
1263444970024824832
1263445054485602304
1263445178355941377
1263445267191222272
1263445271977046022
1263445349328457730
1263445375068844033
1263445414944092160
1263445482426286080
1263445507818602496
1263445640480079872
1263445738735845376
1263445787414949889
1263445825193046016
1263446073202229249
1263446144689950722
1263446250319298561
1263446424546537472
1263446683112767489
1263446767133024256
1263446852805914624
1263446890688937985
1263446923693789185
1263446945705742336
1263446973941575680
1263447062038773761
1263447226195435520
1263447290859012097
1263447333640876034
1263447408446324738
1263447549962158087
1263447567490138113
1263447692111306753
1263447809849585669
1263447861120897024
1263448040452403205
1263448061512048640
1263448068369690626
1263448116071501825
1263448154009108482
1263448329783873537
1263448347077033984
1263448389254909955
1263448471568134144
1263448496276815872
1263448505638457345
1263448575943438336
1263448581568172032
1263448607547588608
1263448699784454145
1263448702288568321
1263448736270712832
1263448894609846277
1263449051564871681
1263449056845737984
1263449081138909186
1263449083521482752
1263449113267367936
1263449149191512065
1263449199019831298
1263449234768003073
1263449333380374534
1263449368331300866
1263449518122700802
1263449544466956289
1263449601463349251
1263449749069287427
1263449869512892416
1263449917042778113
1263450026514108416
1263450053248552961
1263450093526474752
1263450112438624256
1263450141047971840
1263450177513426944
1263450195112550402
1263450237323997188
1263450282567929857
1263450306928472064
1263450392983072768
1263450415858946049
1263450428093526016
1263450429821644800
1263450448859525120
1263450449903939584
1263450466987302913
1263450504530665473
1263450515196702720
1263450545244606464
1263450567160008705
1263450582032867330
1263450587477098497
1263450588836216832
1263450632859668483
1263450645589196800
1263450669924540416
1263450671099056132
1263450703382687745
1263450717529862144
1263450725872369665
1263450731710943232
1263450731815636997
1263450762232729600
1263450835855405056
1263450854478118913
1263450873843159041
1263450880700854273
1263450914108485634
1263450925366226944
1263450927786102784
1263450954382245889
1263450983939502080
1263450984329535489
1263451005796020224
1263451022300573701
1263451022447558657
1263451025706385408
1263451094077734912
1263451111475707904
1263451114176786434
1263451131356893185
1263451155922694144
1263451169449533441
1263451177292685312
1263451214022352896
1263451237061505024
1263451246544867329
1263451253914374146
1263451277821788160
1263451297648238594
1263451349347233792
1263451350014128128
1263451356779524096
1263451359766097927
1263451385711833089
1263451390019375105
1263451415768215555
1263451436777500672
1263451453483446273
1263451462664769536
1263451468276756480
1263451487159582722
1263451541807063045
1263451548127903745
1263451557502136320
1263451562304667654
1263451569086853121
1263451574363287554
1263451579258003456
1263451583473311744
1263451587457896449
1263451602679185408
1263451622182551553
1263451632790048768
1263451638624161792
1263451644026449922
1263451660887584769
1263451677392351234
1263451678012891137
1263451683985649664
1263451706924269569
1263451709654757376
1263451732299874305
1263451733797163008
1263451743159046145
1263451747797790722
1263451762528096257
1263451775719227392
1263451778315476992
1263451818589216771
1263451836528250880
1263451836545150976
1263451837367115783
1263451838239723523
1263451864428949504
1263451871189979139
1263451877108137986
1263451878848749568
1263451880945905664
1263451893793243137
1263451979013029895
1263451988471107587
1263451994078867458
1263451994640900097
1263452053520646145
1263452069861617664
1263452070142783488
1263452126245576704
1263452129320030210
1263452142653718529
1263452198853197826
1263452204876390401
1263452221481480195
1263452246618124288
1263452350288519170
1263452371331547136
1263452382417084416
1263452383008264198
1263452419066912768
1263452435235962886
1263452450993827840
1263452554966568961
1263452578114723841
1263452583764598785
1263452643445182466
1263452648750997504
1263452665133977600
1263452673988165633
1263452686088880129
1263452691776147456
1263452693466513410
1263452707693584384
1263452728686084096
1263452728744792064
1263452740002308096
1263452751025053701
1263452801981652998
1263452833082302464
1263452849318461441
1263452900958679040
1263452910744227840
1263452940775256065
1263452951399419904
1263452953014177792
1263452997436289024
1263453018713812992
1263453136124997633
1263453157247467520
1263453222645010433
1263453236872314881
1263453237471875072
1263453269743087622
1263453270351114240
1263453278387310593
1263453281130614784
1263453283525332992
1263453300093042688
1263453303653822466
1263453326768652289
1263453343252467717
1263453364966350848
1263453399183290368
1263453408863768576
1263453431198449664
1263453441872982016
1263453475246968832
1263453480112422913
1263453497137094656
1263453514904162315
1263453554896965633
1263453560756293632
1263453566104043522
1263453583237767168
1263453609716416512
1263453613764087808
1263453613822586880
1263453636073361409
1263453651357466625
1263453657682583555
1263453687411879936
1263453693652983815
1263453710048530432
1263453745662136321
1263453791988224000
1263453802369175552
1263453852738580480
1263453880496476161
1263453882014765058
1263453889388404736
1263453891477331969
1263453922884231168
1263453936624603137
1263453944291999745
1263453947404091394
1263453948318568450
1263453952554577920
1263453988478832640
1263453994363449345
1263454047769489409
1263454049333989376
1263454060058796032
1263454069797969920
1263454139180187650
1263454144393699328
1263454187792347136
1263454221799579648
1263454248005627906
1263454254276268033
1263454298668625921
1263454304679145473
1263454324727984128
1263454344101462017
1263454358773137408
1263454419238043654
1263454464997879808
1263454465316794369
1263454495658434562
1263454502771765248
1263454537681039364
1263454538339684355
1263454544337534978
1263454563136241671
1263454574742065152
1263454602835435522
1263454652743380995
1263454656472190976
1263454716769505280
1263454734192697346
1263454753541029888
1263454772398415878
1263454773585403905
1263454775942602755
1263454776228012032
1263454793508417539
1263454801108496384
1263454816786771968
1263454824718381057
1263454835338211328
1263454853843390474
1263454871073808387
1263454872864727041
1263454962618494977
1263454994809810945
1263454997477421057
1263455006037995520
1263455022043422721
1263455025545850880
1263455066473848844
1263455068725997573
1263455075147677696
1263455145028841472
1263455158438187010
1263455185029828610
1263455199194050560
1263455225072893952
1263455230311555073
1263455243238625282
1263455249223778304
1263455338461908992
1263455341381062658
1263455366978945026
1263455431839698944
1263455489813213185
1263455518703538184
1263455534407024642
1263455535401058305
1263455569043689473
1263455675994136578
1263455692301557761
1263455701193551872
1263455727114317825
1263455760022794241
1263455779329368073
1263455817228906497
1263455822434013184
1263455825760321537
1263455844173262848
1263455846886830080
1263455884044189697
1263455936313581569
1263455957004062722
1263455957964767239
1263455958149337090
1263455970849484804
1263455998741643264
1263456006853427202
1263456024457089026
1263456031650144257
1263456050964885504
1263456070036590592
1263456101426556930
1263456220645490688
1263456272994627584
1263456304820977664
1263456352497631234
1263456375247532041
1263456414850093057
1263456416410382336
1263456423117074432
1263456453383254016
1263456492168060929
1263456496483880961
1263456497737977858
1263456506206289920
1263456515945566209
1263456517535092736
1263456544034680839
1263456580655353862
1263456600137691137
1263456637521588226
1263456643695570944
1263456650288959489
1263456666713911296
1263456709336535041
1263456757218594816
1263456762369241090
1263456782220836865
1263456804807163905
1263456809878122497
1263456829419343872
1263456831478870016
1263456836721577984
1263456837602508800
1263456844237770753
1263456873023336448
1263456886466043906
1263456901984968705
1263456902656098304
1263456920699981825
1263456948260728838
1263456980674306048
1263457006213423104
1263457047728685062
1263457150925328384
1263457158663794693
1263457170214928384
1263457172609875968
1263457239228006403
1263457276876091397
1263457287269572608
1263457315736309761
1263457316340297728
1263457331586555904
1263457341137010688
1263457345738162176
1263457347730472962
1263457395390377989
1263457419285237762
1263457429146107904
1263457480991846400
1263457561044344832
1263457592002482177
1263457632288796673
1263457662210981889
1263457668959633411
1263457701775859714
1263457739721695232
1263457766066315271
1263457778640785415
1263457825839349760
1263457832269230081
1263457877588492288
1263457886501351427
1263457895808557056
1263457897683595265
1263457950602936321
1263457966616764416
1263457984257994752
1263457996903874560
1263458018345095172
1263458057608019970
1263458092273950723
1263458125765632006
1263458161018667008
1263458184531808257
1263458220498128896
1263458232359501824
1263458238235701248
1263458245831606273
1263458282095575040
1263458302786179074
1263458311489433601
1263458315444486145
1263458351918112769
1263458417106018306
1263458422965415937
1263458435955191811
1263458447778971650
1263458453906878465
1263458475419381761
1263458494239240193
1263458502342668288
1263458517492490240
1263458529995710466
1263458567614414849
1263458592432123905
1263458649575313410
1263458659742257152
1263458683976945665
1263458752004411392
1263458771965108225
1263458783742705665
1263458798343086080
1263458810737250305
1263458825744650247
1263458841536024577
1263458865552617473
1263458954387972097
1263459008259604480
1263459020993486849
1263459035656798209
1263459038613790723
1263459053159809025
1263459082830090240
1263459118418780163
1263459126010617856
1263459138228510720
1263459151377625088
1263459195895996417
1263459274035998721
1263459291404439552
1263459331854536706
1263459392533352449
1263459424259108864
1263459519696449536
1263459534099542016
1263459545482842112
1263459588927602690
1263459623761149953
1263459637724053505
1263459641842958336
1263459649610801155
1263459730803920897
1263459759128293380
1263459802581065729
1263459851805523968
1263459902975905793
1263460014443954176
1263460028180320256
1263460084409077768
1263460122963005441
1263460132215836674
1263460170824220672
1263460233357254656
1263460371249102851
1263460443550625793
1263460482146611200
1263460482268172290
1263460606599782400
1263460747163561989
1263460778893430785
1263460845968936961
1263460883222736903
1263460923114688513
1263460935273975814
1263460954982891520
1263461002802270208
1263461099346833412
1263461157681020928
1263461198101573632
1263461280712712192
1263461282000207873
1263461317953781760
1263461385079590913
1263461397217730560
1263461437671784448
1263461451307646978
1263461479354961926
1263461531393687553
1263461547621273600
1263461553241763840
1263461583801499648
1263461673580388352
1263461678429229057
1263461708233834499
1263461732195930112
1263461847090565120
1263461918221557761
1263461958990401536
1263461970230956032
1263462021321723905
1263462024786219008
1263462047309651968
1263462082776690690
1263462102964080641
1263462141442564098
1263462220257726468
1263462227421642752
1263462243204726784
1263462299337195521
1263462336137793537
1263462365770678272
1263462415385026561
1263462428097966080
1263462429045985288
1263462433806520320
1263462579801751552
1263462625859399680
1263462796068401152
1263462965602369541
1263462970496933889
1263463027279462400
1263463066898796544
1263463123106902017
1263463138881613831
1263463163611148288
1263463210872496129
1263463216589484034
1263463268791619587
1263463281924046848
1263463335128969219
1263463349666398210
1263463363733893121
1263463385762615297
1263463390824939520
1263463522312347649
1263463540138049543
1263463574149595136
1263463585101078531
1263463595209342976
1263463595636961280
1263463614876434432
1263463637357715456
1263463646044123141
1263463658761457666
1263463685596430336
1263463692856786944
1263463706278547457
1263463716818833408
1263463724100141056
1263463844002832386
1263463845248602117
1263463959551762434
1263464040182902784
1263464051901820928
1263464070063296514
1263464086534225920
1263464100681535488
1263464102636195844
1263464153978568705
1263464162115682312
1263464202662002691
1263464285952454657
1263464448045412352
1263464489992761347
1263464561752981504
1263464736198451202
1263464760013512704
1263464787163349006
1263464995876200460
1263465171781025794
1263465255889448963
1263465290966409216
1263465356598763521
1263465362890223616
1263465416233549824
1263465435585970177
1263465447749562368
1263465491177275392
1263465651299115011
1263465713408380929
1263465715975294979
1263465723680210944
1263465739132047364
1263465790306746370
1263465861408571394
1263465881243389954
1263465903678795776
1263465987044564992
1263465998176280576
1263466096272781314
1263466117298880512
1263466135703269376
1263466227269120000
1263466310291410944
1263466315613954049
1263466337885736961
1263466351173070848
1263466481528029193
1263466503757840385
1263466507763355649
1263466509097107461
1263466525358505989
1263466561882525696
1263466597966131207
1263466600012881921
1263466694086758400
1263466761095196672
1263466867739549696
1263466949842890753
1263466981799362560
1263467017383882752
1263467080881405952
1263467118814810112
1263467153468141571
1263467203623636993
1263467225354289152
1263467278269648898
1263467286159114255
1263467333147918344
1263467342765404162
1263467372486242307
1263467393164206081
1263467397383696385
1263467434113216513
1263467491281551361
1263467555139829763
1263467648937005056
1263467818365980672
1263467896509992960
1263467924804829187
1263467939367395332
1263467952420069381
1263468080472047616
1263468143000915972
1263468182297165824
1263468237653770240
1263468266787397634
1263468328544284672
1263468330578407424
1263468396022239234
1263468448027418624
1263468475235827715
1263468501404209158
1263468505032208392
1263468524959420416
1263468544785879040
1263468561235935232
1263468628026032129
1263468636154576898
1263468647672164362
1263468649257537536
1263468674121445379
1263468729251311617
1263468819915460608
1263468827272187904
1263468837317627905
1263468861917147137
1263468864991645697
1263468897321324544
1263468899162603520
1263469046768570372
1263469046776901634
1263469089944674305
1263469192466087936
1263469195045601286
1263469231548641289
1263469276821929984
1263469296321286144
1263469315862429699
1263469363514015747
1263469413384290305
1263469507236057092
1263469507353468931
1263469530652856322
1263469546612174854
1263469601083609089
1263469646973480961
1263469667181625345
1263469725671206916
1263469748525957120
1263469784521457666
1263469808378658819
1263469854868287490
1263469996275109893
1263470028235649025
1263470063551688706
1263470203754754048
1263470289570148355
1263470321920888832
1263470324320022530
1263470338480001030
1263470478167080966
1263470488095010817
1263470839648980998
1263470865079042050
1263470879503253512
1263470903209451521
1263471031257387012
1263471096474603523
1263471166792052741
1263471186085847041
1263471268738842625
1263471270852792322
1263471282017972236
1263471326058229763
1263471360313036803
1263471425844846592
1263471472565260289
1263471495180881924
1263471576147800064
1263471759422115842
1263471895263039489
1263471937914843137
1263471960056627202
1263471970592665600
1263472088280637440
1263472092470743043
1263472102553923588
1263472233835646976
1263472279578689537
1263472334981210115
1263472374533455872
1263472417336369155
1263472425037189123
1263472452077850624
1263472484185190404
1263472489562243082
1263472512513572869
1263472516393308163
1263472634500702213
1263472676686966784
1263472706302984194
1263472732198576129
1263472743506378760
1263472798749675521
1263472848938700801
1263472860506529792
1263472888436469760
1263472950319218689
1263473024545808385
1263473079109517312
1263473109040017409
1263473122176643074
1263473200186490885
1263473218280701952
1263473247774965764
1263473275939827713
1263473322119041026
1263473331652767744
1263473350481006595
1263473439865810945
1263473555590844421
1263473567720771591
1263473651887865858
1263473653800472576
1263473687510073351
1263473760818139136
1263473835925520390
1263473876970897409
1263473952116088833
1263473968775942156
1263474048966721544
1263474120550998020
1263474175135670276
1263474220652257280
1263474266386894853
1263474398268399616
1263474625863974915
1263474703882244102
1263474776821170176
1263474830927634436
1263474856013836290
1263474935848226819
1263474999568011265
1263475022481575941
1263475153570279427
1263475155008917514
1263475224684695555
1263475402955198477
1263475584199528450
1263475617405730823
1263475705150672898
1263475740470804480
1263475761706610688
1263475767603867652
1263475886533283843
1263475961229725696
1263476062673154051
1263476089600577536
1263476232089415695
1263476337781735428
1263476452323926019
1263476535887044609
1263476651117236224
1263476725180178432
1263476820948799488
1263476831291834371
1263476896391708676
1263476914204880902
1263476924535517187
1263476941270761473
1263476944227782657
1263476950330413057
1263476961709420544
1263477002302033922
1263477068538564609
1263477109051273218
1263477146393051136
1263477176709545987
1263477229763407874
1263477244778987523
1263477245005479938
1263477275191914498
1263477299405520897
1263477380062068736
1263477458612846592
1263477581824905216
1263477698179055617
1263477772460060672
1263477892211568640
1263477912440840193
1263477964508815360
1263477983295295488
1263477993495834625
1263478177734684672
1263478187012562944
1263478263529320450
1263478265118949376
1263478299659055107
1263478319862947840
1263478469582823433
1263478471465906176
1263478489937784842
1263478490768330752
1263478503183351810
1263478539619360769
1263478568409083904
1263478634737778688
1263478775645220864
1263478816711860224
1263478943165882373
1263479019061882882
1263479068407861260
1263479076356046848
1263479264973713408
1263479286364647425
1263479287639916544
1263479387451727875
1263479433312133125
1263479631337762817
1263479804541558784
1263479987199528963
1263480010976792576
1263480025032151041
1263480415014322179
1263480415253262336
1263480455774568451
1263480548111966208
1263480560913014784
1263480625203417091
1263480656543264768
1263480664487231488
1263480748667031553
1263480795424931840
1263480806976057344
1263480919794606080
1263481016305532929
1263481020017500161
1263481033573511169
1263481082613129216
1263481086471962626
1263481344774017025
1263481439380635648
1263481443860099074
1263481784290795520
1263481800829132802
1263481953568854025
1263482008786763776
1263482023865278466
1263482044631453701
1263482104609935368
1263482129289228293
1263482161983782918
1263482166526111744
1263482178287083522
1263482351650091013
1263482503567941632
1263482539735277568
1263482548966969344
1263482730240544768
1263482928224329729
1263482981252923393
1263483052728016898
1263483142788337664
1263483287705513985
1263483341011128320
1263483450301902848
1263483578723295232
1263483680485302277
1263483726257778688
1263483847787769856
1263484239263096834
1263484265217396736
1263484323610505216
1263484389725536257
1263484425263693824
1263484426253594629
1263484462416818176
1263484491739262976
1263484559024205824
1263484659763036167
1263484763404263427
1263484845256134656
1263484868022775808
1263484878026240000
1263484887471919109
1263484936448704515
1263485027003711490
1263485080099385351
1263485198206930946
1263485264103485442
1263485292272480258
1263485354914373634
1263485497231335425
1263485715070939137
1263485784218165249
1263485941592854531
1263485978347401216
1263486101718732800
1263486109549559810
1263486124628025344
1263486193754206209
1263486365989253121
1263486399128326144
1263486584491409415
1263486660861325313
1263486822367162368
1263486845578383360
1263486908258123776
1263486953262944256
1263486971734716417
1263487128484212736
1263487402632339461
1263487457976295424
1263487505397055488
1263487591023652871
1263488577708732418
1263488714145030146
1263488719685910528
1263488862984245248
1263488886979858432
1263488983553708032
1263489046107566082
1263489208888377344
1263489283467300865
1263489464065650688
1263489667053191168
1263489717607124992
1263489846812667904
1263489932452155398
1263489995454611461
1263490095862222849
1263490380160368642
1263490482459443200
1263490500536999940
1263490582552477697
1263490599912603648
1263490650353393664
1263490674323841024
1263490741139013632
1263490755630268416
1263490834621751296
1263491029501542401
1263491035201630208
1263491289997127681
1263491663441231874
1263491691014578177
1263491762569351169
1263491774229516288
1263491837139881984
1263492071702265857
1263492085325291525
1263492191688617984
1263492324035719168
1263492360769437698
1263492384903458817
1263492397922529281
1263492448136790017
1263492467401166848
1263492546375737344
1263492658082742278
1263492692173967365
1263492804543516673
1263492808666574848
1263492874408099841
1263493003085254657
1263493050912763905
1263493124430520320
1263493268966260739
1263493665592209411
1263493729291087872
1263493772677169155
1263493772723335170
1263493777915875329
1263493902675279873
1263493997755944960
1263494310906998792
1263494357379923973
1263494540008271873
1263494555195731969
1263494575991033856
1263494588792098816
1263494630512836608
1263495007819841541
1263495022395023360
1263495022470549505
1263495158122725381
1263495263286689792
1263495501657210880
1263495572394106886
1263495628039970816
1263495669421129728
1263495684163944448
1263495701045997568
1263495715159851009
1263495904918560768
1263495990465552384
1263495993737113600
1263495997440708608
1263496053480927233
1263496100830478336
1263496249271103488
1263496351855243265
1263496521011642368
1263496558428864518
1263496847055708164
1263497144029179904
1263497656158035968
1263497818339074051
1263497828585795584
1263498244136620032
1263498296431009793
1263498322909642752
1263498397811531776
1263498401909366784
1263498427607941120
1263498500127539200
1263498510776725504
1263498533723754496
1263498555517308929
1263498567387234315
1263498660890808320
1263498741035593734
1263498971017707520
1263499018065207296
1263499083823681540
1263499268058308608
1263499319228928000
1263499387856183296
1263499447637438469
1263499473432559619
1263499584967340034
1263499715481440257
1263499806808260610
1263500070038769664
1263500163181658112
1263500221817876485
1263500390810570754
1263500518891982849
1263500677357219840
1263500752359616512
1263500778901143555
1263500781342216193
1263501038809763841
1263501046707449857
1263501121190006784
1263501132162166785
1263501137325559810
1263501138432626688
1263501156082302976
1263501176051511297
1263501210084151297
1263501211870748674
1263501242409660418
1263501281584242700
1263501311762264064
1263501342112387073
1263501375603949573
1263501658748628994
1263501811295465474
1263501868291915776
1263501921123352579
1263502121225187328
1263502446216740864
1263502492437905408
1263502498783887360
1263502540806565888
1263502626630459393
1263502674999140352
1263502714941722624
1263502771812044801
1263502815835508737
1263502820826890240
1263502826061225984
1263502854334996481
1263502862736293895
1263503062930386945
1263503068924006403
1263503180928675840
1263503232506015744
1263503372344152075
1263503379017265152
1263503421086236672
1263503481551204352
1263503661302296576
1263503704348639232
1263503710337921025
1263503732358045698
1263503815514488833
1263503827954778113
1263503866521251841
1263503873790148621
1263503891343314944
1263503934003372032
1263503952403931137
1263503976676290560
1263503981352894465
1263504171807895553
1263504181920272384
1263504191789527040
1263504226916827137
1263504274685702145
1263504284546555904
1263504366180241410
1263504517401767936
1263504818024386561
1263504863473917955
1263504913897644033
1263504933992591361
1263505049780498432
1263505146488606723
1263505148070019073
1263505250620592128
1263505281817800705
1263505358267379713
1263505374214148097
1263505388525154304
1263505392623144968
1263505396687204354
1263505474663485440
1263505516493369346
1263505528354828289
1263505625851592705
1263505652925816832
1263505685792333824
1263505745342918656
1263505762229334022
1263505904265129985
1263505988264488960
1263506030002147328
1263506035190501377
1263506040793952261
1263506124252168192
1263506181403836416
1263506242569244672
1263506257379381248
1263506273888329735
1263506282893455362
1263506302493315073
1263506321401188362
1263506404662362113
1263506476179402755
1263506517044523009
1263506603090690048
1263506660846256129
1263506680920203264
1263506849262944256
1263506961774985216
1263507013205663744
1263507024601481216
1263507039872880640
1263507048559304704
1263507076094889984
1263507173910310912
1263507188653457409
1263507358124253186
1263507438667313153
1263507443096698880
1263507479171751936
1263507605063860231
1263507685938528257
1263507729592664064
1263507738102923265
1263507742255271936
1263507765013643270
1263507834227978240
1263507848144846848
1263507912946671616
1263508320834461696
1263508401990127617
1263508416992968704
1263508430444097538
1263508548769550336
1263508581208358912
1263508619208744960
1263508665929097218
1263508737056100352
1263509079994978304
1263509515330338817
1263509543008509959
1263509625657348096
1263509656980226049
1263509702945566721
1263509878053597184
1263509956965265413
1263510139295813633
1263510171411599360
1263510209026088960
1263510298381565953
1263510333483778049
1263510471421972480
1263510570885541889
1263510948125356032
1263510978995515392
1263510984842502146
1263511019999002625
1263511219090018306
1263511354868027392
1263511373797040132
1263511422257909762
1263511461311025152
1263511469284642820
1263511527090319367
1263511567481688067
1263511595721900032
1263511699211993089
1263511701485305856
1263511753197072385
1263511864656289793
1263511951440658432
1263512019048816642
1263512119506538498
1263512197151391744
1263512253027872769
1263512268899311617
1263512289157607424
1263512310045224960
1263512312901783555
1263512622797688832
1263512704062337025
1263512997001138176
1263513025278967809
1263513051904368642
1263513140118970368
1263513367127310336
1263513541677441025
1263513660187570182
1263513845454135296
1263513890798764035
1263513904417669126
1263514172479897600
1263514267879215104
1263514341111787520
1263514427401203713
1263514571634913281
1263514862702845952
1263514894848196610
1263515005149798400
1263515049013862400
1263515061710204929
1263515177078517760
1263515185504907264
1263515264701759489
1263515292925407233
1263515295294996480
1263515403650646017
1263515821520949248
1263515919403200512
1263515986046726144
1263516085665452034
1263516110541864960
1263516128535592961
1263516133090635779
1263516182402879488
1263516323042058240
1263516401530257409
1263516481385574400
1263516534296592385
1263516576474636293
1263516655080087559
1263516867781472256
1263517016947691521
1263517084279078912
1263517186858967040
1263517328504877056
1263517475959963648
1263517608369741830
1263517631773945856
1263517707393069057
1263517764532056064
1263517811240054785
1263517851538915329
1263517851559723010
1263517904949014530
1263517920832831488
1263518084330971137
1263518252019245056
1263518294859853825
1263518458656022529
1263518481883906048
1263518488682881025
1263518586905088000
1263518668316647426
1263518696212803584
1263518904439070721
1263519012543029248
1263519064674070528
1263519119539941377
1263519157481615360
1263519302755500032
1263519404425240576
1263519404580417538
1263519557756440578
1263519593466757121
1263519727386677248
1263519736635088897
1263519796647231491
1263519828331188225
1263519889853014016
1263519942676267024
1263519957490401281
1263520043649789952
1263520190949658626
1263520480855764992
1263520665958678528
1263520671641919491
1263520711034810369
1263520847593041920
1263520877897027589
1263520891943612416
1263520964807196674
1263520965020880896
1263520992539836417
1263521008033476613
1263521009220481024
1263521025037201408
1263521025863499776
1263521155144531970
1263521206621417473
1263521303513849856
1263521440307044353
1263521539791581184
1263521796940152832
1263521850899873792
1263521969485553666
1263522038377054208
1263522047444914176
1263522105041104897
1263522201569034245
1263522244518543360
1263522570793615362
1263522574635589639
1263522640859475970
1263522891796226048
1263522934221660165
1263523066098987010
1263523085786984448
1263523216598937601
1263523271259062274
1263523408635183104
1263523429950652416
1263523900127940608
1263523915038470144
1263524155707625472
1263524165283311616
1263524165799145472
1263524169309810691
1263524428853514242
1263524474344726529
1263524502987608065
1263524576019066881
1263524827392073728
1263524864838840326
1263524873290170368
1263525167919034368
1263525734561329154
1263526034802008064
1263526155749072896
1263526572843307009
1263526633534783491
1263526779437768704
1263526893158117376
1263527105674895367
1263527501273407493
1263527529584816128
1263527752063430656
1263527901615362049
1263528172861165568
1263528503913230337
1263528522200432641
1263528559563255808
1263528576378376193
1263528621232156672
1263528628240805889
1263528664441827330
1263528751326916608
1263528805999628289
1263528822567251969
1263528919581421570
1263529007682695168
1263529080416321538
1263529134312964097
1263529162347671558
1263529296506679296
1263529328047845377
1263529430997032961
1263529471212007426
1263529508944015360
1263529550593404930
1263529555299414016
1263529571472695304
1263529897416445952
1263529972448153601
1263530001468719105
1263530135329763328
1263530217236123649
1263530291009744896
1263530561206751232
1263530601111379969
1263530678001577985
1263530801288732674
1263530967198654464
1263531281482055680
1263531299693682688
1263531359068282882
1263531381293854720
1263532043247349761
1263532117478105089
1263532156996870145
1263532697575542784
1263532738755297282
1263532938819334144
1263533362259484679
1263533469323292683
1263533726245498891
1263534130756812800
1263534399741505536
1263535108465717248
1263535205861613568
1263535247301345280
1263535491472748544
1263535630861996032
1263536198703886337
1263536329503068161
1263536636257804289
1263536777769259008
1263537489928740866
1263538054956027904
1263538276507348992
1263538375073517568
1263539133311582210
1263539362555297793
1263539616042438659
1263539737169551360
1263540105618341889
1263540574809980928
1263540729986637826
1263540848890769408
1263541393286262784
1263541608701587456
1263541665010053120
1263542458249621506
1263542921883561987
1263543021917753344
1263543097075445761
1263543181699760128
1263543241518886917
1263543318752837632
1263543400470581248
1263543599787991040
1263543846874406912
1263544069382258694
1263544302803664896
1263544326069473280
1263544902924763136
1263545173906124800
1263545620096331778
1263545807468236801
1263546259119497219
1263546753598586880
1263546845361569793
1263546881726205953
1263546935555665920
1263546946578288640
1263547568614752262
1263547644623966213
1263548036304666624
1263548532385931264
1263548979536683009
1263549169484120070
1263549354410901506
1263550115651805184
1263550207628701696
1263550258895654913
1263550700736274432
1263552037712621568
1263552515418841089
1263552681156608002
1263553534257180673
1263553856056655872
1263554412787585024
1263554501501505536
1263554626365915142
1263555605475844104
1263556015791894529
1263557873738543104
1263558643359739907
1263558703006969857
1263560239275749377
1263561434983612417
1263561525991628800
1263561694451830790
1263562067686146059
1263562415435730944
1263562424826945537
1263562463712174080
1263562590795501569
1263562980337295366
1263564367347412992
1263564506141126656
1263564511988133890
1263567671968350210
1263567932170403840
1263568604135636993
1263568984466526208
1263569124460019722
1263571507814584321
1263572178202583040
1263572618269122561
1263572815019679745
1263572935039520773
1263574086917263362
1263576136807862272
1263577813212442627
1263578143765323776
1263578242834784256
1263579359673110531
1263580918171631618
1263581231721013248
1263581632667115520
1263582048817577985
1263582384462520320
1263582390259089413
1263582495158571008
1263582510522363906
1263586605148672002
1263587834159456258
1263587954829561864
1263591111165018114
1263592407905394695
1263593318820110338
1263595731115364355
1263596068794589190
1263596951913656325
1263598594336137218
1263599031651110912
1263600151601569792
1263602052493570048
1263603413885104129
1263603823882485765
1263604262640078848
1263604675821146116
1263605376148049920
1263605922972069888
1263605953921904645
1263606781785198592
1263607026623451141
1263607360842395648
1263609519176732673
1263609563397398528
1263609871905239043
1263610098624065536
1263610592356679680
1263610759692652548
1263611016513875968
1263611530114789378
1263611633148014594
1263612248234192896
1263614244525879302
1263614246811770880
1263614512244166656
1263615720803364869
1263616044595216384
1263616566836383744
1263617120086028289
1263618050672099328
1263618740857364482
1263620070934114304
1263620423842840576
1263621002036039680
1263621512977805312
1263622368150212608
1263623789880827904
1263624105506426880
1263626420728631296
1263626479864348677
1263626591709671428
1263626923487326208
1263627800864387074
1263629042634260480
1263630153004900352
1263631263199567872
1263631272494030849
1263631912578379778
1263632211586306049
1263633747183726592
1263634793461354499
1263635682548834306
1263636590879891456
1263637504831287296
1263638105573093376
1263638114880286720
1263638124158046208
1263638150502645761
1263638491960754176
1263638931486191626
1263638958950330369
1263639575097819136
1263639602897793025
1263639617531547650
1263640157825069057
1263640216159563785
1263640235507773443
1263640553750593536
1263640622923014145
1263641014067245057
1263641290316451841
1263641363637248001
1263641653232824320
1263642138664820736
1263643313959124992
1263644124508553219
1263644956184346624
1263645252092641292
1263645289518452736
1263645759188033539
1263645854545571840
1263646154668994560
1263646375503413249
1263646723798261760
1263647102783152129
1263647240997998593
1263648193528676358
1263649251764174849
1263649326581997568
1263649341778116608
1263650459358650368
1263650604208939008
1263651124411641857
1263651182582493184
1263651620522545158
1263651714478964737
1263651994318671872
1263652350926835713
1263652626324840448
1263652898891722752
1263654422153854976
1263654487555575808
1263655949673193473
1263656217446174720
1263656846310600704
1263657013889970177
1263657468929781760
1263657662643748864
1263657788074418177
1263658089347047425
1263659263525703680
1263659624475103233
1263660203741974529
1263660277133787137
1263660331009748994
1263660505593344000
1263660529161297921
1263661992306446339
1263662038032584705
1263662780554461184
1263663207467503618
1263663407850418178
1263663439282503680
1263663449805975552
1263663934562656256
1263664584184881152
1263664585778708480
1263664658176602112
1263664679697543168
1263664687729819649
1263665271455330304
1263665350706520069
1263665422143860736
1263665789812436992
1263665998504189952
1263666254880968705
1263666308303876097
1263666340633538560
1263666487773945856
1263666754456297472
1263667047176630272
1263667064281038850
1263667276026241025
1263667474442022912
1263667734576918528
1263667827061358593
1263667850251653121
1263667861525954562
1263667863883182082
1263667872590557185
1263667884468781058
1263667944707391488
1263668134604488710
1263668195107332097
1263668796025221120
1263668893383622658
1263668951268995072
1263669136217038848
1263669224423059456
1263669266072498176
1263669320946601985
1263669374793084929
1263669377359962113
1263669420100067333
1263669515876831232
1263669784836575233
1263669805724254208
1263669895314542592
1263669927002558464
1263670075501867010
1263670189498888193
1263670365894541312
1263670402187812868
1263670419426406402
1263670480998772736
1263670751015518209
1263671453150351360
1263672002935525377
1263672335313362944
1263672394427666439
1263672555573071872
1263672595112538114
1263672673755774976
1263673215274160134
1263673298124025857
1263673301185908737
1263673458195484672
1263673490382614530
1263673796176883712
1263674464551624704
1263674516615491584
1263674632076275712
1263674650720002048
1263674676506619904
1263674679463743493
1263675019969904641
1263675477081931777
1263675533591625728
1263675557662781440
1263675607407304705
1263676267674710017
1263676273353568256
1263676466610319363
1263676522491023360
1263676678154276866
1263676692192563201
1263677152823660544
1263677225368539137
1263677256599134211
1263677287766953985
1263677410513350657
1263677551571943424
1263677635718234112
1263677681486331905
1263678024307875840
1263678157363671040
1263678184341397506
1263678244395421696
1263678427795603456
1263678464609017856
1263678805400449025
1263678870147874820
1263678937357381633
1263679050494566400
1263679156044234757
1263679261031858179
1263679353834991616
1263679891863564288
1263680114870509570
1263680306126733314
1263680558477062146
1263680611195076609
1263680686830923776
1263681162397970432
1263681256669081601
1263681501289263105
1263682274442137600
1263682719382298626
1263682805600366593
1263682840287305728
1263682866195521536
1263682887183855620
1263682954791813120
1263683005500887040
1263683068872871936
1263683105514127360
1263683161784975362
1263683272778764288
1263683411031412736
1263683825634119682
1263684108871327746
1263684241667342338
1263684293634686981
1263684515538575360
1263684574371958784
1263684575143751682
1263684576586551296
1263684578109054976
1263684578453012481
1263684579962974208
1263684591342231553
1263684658690052096
1263684813132881920
1263684944540336129
1263684970419236864
1263685957259194369
1263685994466942981
1263686432926969856
1263686758048268290
1263686984666472448
1263687284378853376
1263687621189885958
1263687781630398464
1263688155774910464
1263688187584659456
1263688262331195393
1263688545115357185
1263688721586507776
1263688721586520065
1263688838771167232
1263689098658639873
1263689730874458112
1263689805860179969
1263690465628446725
1263690523891470337
1263690649171226625
1263690678166605824
1263690689532977153
1263690720331747329
1263691030727016449
1263691616109264897
1263692007899201536
1263692429447708672
1263693302022504448
1263693338764443651
1263693991008022528
1263694030119944192
1263694309125054464
1263694396177801216
1263694418847993856
1263694852241321985
1263695263345991680
1263695455076012032
1263696259430248448
1263696873958838273
1263697416152182785
1263697988024594439
1263698008438239232
1263698251066327040
1263698461267918848
1263698605371777025
1263698616226590721
1263698686833459201
1263698689513730051
1263698830320680960
1263698883839848448
1263698977699987457
1263699121979789313
1263699217824038915
1263700285098283009
1263700407982985217
1263701662104842240
1263701671885942785
1263702134928764933
1263702185205919744
1263702384426942464
1263702459244929024
1263703202324774912
1263703239569969152
1263703336123056128
1263704236853833729
1263704262577553408
1263704548184477698
1263704588886011904
1263704643936202754
1263704917631553537
1263705160997453825
1263705165699248130
1263705214281936897
1263705642134458369
1263705910624448513
1263705979037921282
1263706096927232006
1263706273570189312
1263706286350270465
1263707048622960641
1263707282237468679
1263707389628346368
1263707524382863360
1263707561909317634
1263707636496654336
1263709189416775680
1263709758990585857
1263709797884375040
1263709814611312640
1263709989459255296
1263710137858035712
1263710911371653120
1263711518929022976
1263711570447593475
1263711585760997376
1263711740879085569
1263711774458679296
1263711784592080896
1263712919897821184
1263713142410018818
1263714231444094976
1263715865670807554
1263716137298255875
1263716209058594817
1263716612554625026
1263717245982699522
1263717586489028609
1263717668462325766
1263718822332243969
1263719047276793857
1263719383630667776
1263719409761153024
1263719661230682112
1263719842424647680
1263719953569480704
1263720636867915777
1263721708944453633
1263721750568689664
1263721789919649792
1263721895330844672
1263722229847650304
1263723449031241733
1263723467230392322
1263723538663395328
1263723746503692288
1263723752791011329
1263724396306448384
1263724455882133504
1263724807587196928
1263724996611858432
1263727658095042560
1263727673655750656
1263727739804114945
1263727902492770305
1263728852775211008
1263729405672787968
1263729717233905667
1263729822750007297
1263729898264260608
1263730520770387969
1263731418988810240
1263731645300916224
1263731895667265536
1263732860382588929
1263733892927721473
1263733907150823424
1263735300645203968
1263735460934717441
1263735678690422784
1263736181876862983
1263736660694495232
1263737120591687680
1263741021801689088
1263741961933971457
1263742309994123264
1263742400767369216
1263744152329523200
1263744286677323778
1263745599553236994
1263745693027459072
1263745830575468544
1263746644463562752
1263747362276569088
1263748177099845633
1263749847519121409
1263750288139333632
1263750299660976129
1263750648278904833
1263752720407658496
1263752794583908352
1263753017284874242
1263753254623514626
1263754069639864321
1263754988330774533
1263755225225064448
1263757015362355201
1263758202962882561
1263758697295048704
1263759260812365824
1263760337205157894
1263761557898461184
1263761595013857280
1263761694116872192
1263764727064260613
1263765025790898177
1263766057740730370
1263766275982913539
1263766633920606208
1263767387234430977
1263768218360901633
1263769640532131840
1263769691970867200
1263769753488744449
1263771830009032704
1263771836749238273
1263772317202567174
1263776971391037440
1263779179499155456
1263780721040265218
1263781753036042240
1263782275075973121
1263787978700152833
1263791064999030788
1263792659799261185
1263792718997684225
1263793014838824961
1263793932544077825
1263795202583650304
1263795934305095680
1263796558308368385
1263798924667547649
1263805653396512776
1263805808862588928
1263807059746676736
1263812695846838272
1263813326414336001
1263814468493959173
1263826062456303616
1263826131976810499
1263826910586552321
1263829135693996034
1263834602801520641
1263835179581235200
1263837147477487629
1263837510653734917
1263840540048502791
1263844314574139392
1263844488805408770
1263844788240961542
1263845024288006144
1263846408299311110
1263849125214220289
1263851913411473408
1263853380331401223
1263854112359276547
1263856804376657927
1263856824085893120
1263859354626781184
1263859502635339776
1263860196218155009
1263861076438822912
1263861229191229440
1263862169650597888
1263862231608877056
1263862738528251910
1263863744276258817
1263864445622599682
1263866607169794056
1263867526347280384
1263870403904069635
1263881676741992448
1263882153865043969
1263882165952974848
1263884687065223171
1263889968130220032
1263902771268501506
1263903203952902149
1263903259317673985
1263903326187458560
1263903395523502081
1263909288503894016
1263924995111055365
1263925791013744640
1263925968038588416
1263928277477056512
1263928300096929792
1263968577671094272
1264001244420403200
1264003617553436674
1264010227122388992
1264018344971124736
1264021322746654726
1264024207152709633
1264024367924559872
1264025525602803712
1264032414692601856
1264034846042550273
1264036652680269825
1264048105797767168
1264050615082119168
1264050650498781186
1264054972422909952
1264059445807468544
1264063035871825920
1264063504849354753
1264063761440100352
1264069369740525569
1264077749091786752
1264078311581347841
1264083742123085826
1264085472361328640
1264085829904855040
1264120987131564032
1264138744657055746
1264174042971402241
1264175557966573572
1264184500637990912
1264209377671569409
1264209395321171968
1264209712628695040
1264227817023172615
1264241056914104322
1264285041556774912
1264444394641465349
1264497256054620161
1264498603164176385
1264512913949159426
1264610636736184327
1264641223660310532
1264765132552302592
1264765607041368064
1264828471357906945
1264828644612100097
1264828725352378369
1264860770308775936
1264880917488730113
1264898469396983811
1265157619104092160
1265165767667933184
1265198452658458625
1265268809947987970
1265268853325492224
1265299797201870849
1265299835462258688
1265299869322919938
1265579818944356352
1265619259457245184
1266783739490693122
1266783829638832128
1269261715805437952
1276477059636662272
