id
1263624353503154182
1263624669279563777
1263628139768344576
1263628282127192064
1263628731412893698
1263629738947436544
1263629816860864512
1263630024516632578
1263630526432206848
1263630526788726784
1263631481907232769
1263631550362447873
1263631626539397120
1263632124172615680
1263632164098170881
1263632882209357826
1263632997695156224
1263633205543997442
1263633286577795072
1263635077684068352
1263636952613437440
1263637006086791168
1263638291452006409
1263638326071853057
1263638710253350912
1263640406274617344
1263640722483355649
1263641263296872453
1263641314886811649
1263641702050541568
1263642071711256576
1263643571393105921
1263643606230982656
1263644236752154624
1263644450762493952
1263644636884733954
1263644851427393538
1263645445982523392
1263645578975760384
1263647576328482816
1263647927110471680
1263648322360934400
1263648368707821568
1263648462588964864
1263648758710956032
1263648859479322630
1263648872779350017
1263648879184134144
1263648914281906178
1263649278800494592
1263649303928745989
1263649735904133120
1263649849246756864
1263649982978183169
1263650270648696832
1263650548361789440
1263650676850085890
1263650852859863041
1263650952038330368
1263651048901787655
1263651769235599360
1263651855650832384
1263651978816581634
1263652610915139589
1263652732482789376
1263652738254151685
1263652830877007873
1263653002990112773
1263653046434713600
1263653082593976320
1263653154098315264
1263653208066531329
1263653232355598337
1263653246754623488
1263654045228478464
1263654215123001344
1263654338054029312
1263654633764986885
1263654692795461632
1263655448353411078
1263656137926139906
1263656450317889537
1263657039353360385
1263657202906062848
1263657246090760193
1263657513930485762
1263657564677365766
1263658255940759554
1263658279890288640
1263658542927503360
1263658590264426496
1263658773165379586
1263658909341892609
1263659108135088129
1263659159683166214
1263659277333348353
1263659479083565056
1263659480836784131
1263659492102664194
1263659584582938624
1263659656628453376
1263659661502418947
1263659824291745792
1263659871230029824
1263660011441405954
1263660295819427840
1263660577672462336
1263660605258383360
1263661211087851520
1263661223628771329
1263661266318397441
1263661267761291264
1263661486553001985
1263661543813722112
1263661656405471234
1263661709836746752
1263661717071867904
1263661798051504133
1263662265892364289
1263662269335912458
1263662375695052801
1263662539210031104
1263662766499356672
1263662772912414722
1263663131844173824
1263663603673993216
1263664016431316993
1263664026589868033
1263664160954613761
1263664378349412352
1263664657023336448
1263664751470493697
1263664788451647488
1263664859180228613
1263664964721537024
1263665348064075778
1263665362500857856
1263665591375687680
1263665610636042240
1263665889980776451
1263665979806167040
1263666497316102147
1263666731207147521
1263667446789009408
1263667887710932994
1263667950134984708
1263668007643070464
1263668206746681344
1263668219438436353
1263668912362668034
1263668935833997312
1263669048056913920
1263669072065187841
1263669226927042560
1263669526882930690
1263669557660655617
1263669642419036162
1263669985223651328
1263670652596174849
1263670904833241088
1263670985527406593
1263671507718266881
1263671683216531457
1263671885918883848
1263671895653666816
1263671911499866114
1263672034560704523
1263672842513551360
1263673438272548864
1263673508078338048
1263673571550904321
1263673805525774336
1263673837192802305
1263674144824025088
1263674163585146881
1263674204559294465
1263674317973282816
1263674321005936642
1263674374449553408
1263674769657851905
1263675089360490496
1263675132238639104
1263675286555512832
1263675383372582914
1263675759807217665
1263675805869076480
1263676027374579712
1263676035326853121
1263676039265349634
1263676189702488064
1263676259097284609
1263676295499505666
1263676555345006592
1263676827425366016
1263676838808662016
1263676863714439169
1263676910493671429
1263676977203953664
1263677179860262915
1263677741112516610
1263677821110517762
1263677869412286464
1263678069635575808
1263678213462437889
1263678403942559745
1263678707555688448
1263678852162899968
1263678897079504897
1263678974133039105
1263679021625176066
1263679112167649285
1263679607191920641
1263679722866663425
1263679871131189248
1263680115113750530
1263680234773114880
1263680351404089345
1263680491162685440
1263680579981041666
1263680988422402050
1263681209986510851
1263681396570120193
1263681419194368001
1263681868001447936
1263682411495395328
1263682457087475713
1263682631822000128
1263682718442958858
1263682883069206534
1263682939151360000
1263683197277294592
1263683907595071488
1263683975286935553
1263684013216215040
1263684334428381184
1263685017667989509
1263685224023486464
1263685764421910529
1263685958945214464
1263686379302608897
1263686587684175877
1263686728579264512
1263686884762451969
1263686936516005888
1263686945667874817
1263686969852227584
1263686998939729920
1263687022717239297
1263687053327261697
1263687509831069697
1263687614621605888
1263688058844491778
1263688136975978498
1263688245725945865
1263688283017474051
1263688290667909120
1263688304127438848
1263688320061566978
1263688507014500353
1263689334445633537
1263689370944573440
1263689537315844102
1263690314016911368
1263690386377109509
1263690396560846849
1263690419432390656
1263690429741985792
1263690522805207040
1263690523359010818
1263690608650182657
1263690746210643968
1263690785108529152
1263691129901289474
1263691229272784901
1263691488401043462
1263691549960843264
1263691679069954048
1263691704869085184
1263691775383728128
1263692145711476736
1263692204645613570
1263692337001070592
1263692361139277826
1263692363785879557
1263692433868705793
1263692476625403907
1263692492878176257
1263692613384671232
1263692648033906689
1263692830125350914
1263692882000531456
1263692889072140288
1263692939168894976
1263692993006956544
1263692996270108672
1263693113345716226
1263693323409084416
1263693401574141953
1263693481647566848
1263693570747269120
1263693582457884672
1263693696882470913
1263693708333113345
1263693725475024896
1263693888985812992
1263693898175508481
1263693937799163905
1263693962885267456
1263694003217653760
1263694005994270720
1263694194750525440
1263694237704445954
1263694659278172165
1263694873200214018
1263694924764999686
1263694943438028801
1263695065240571905
1263695086631522304
1263695290055286788
1263695475724648451
1263695516271067137
1263695565021261824
1263695596365504512
1263695616007303168
1263696050067390465
1263696067750531072
1263696069671522305
1263696088579690496
1263696122314321920
1263696132112125954
1263696178052390915
1263696229449388033
1263696274336997376
1263696417404514304
1263696451626024961
1263696485713088512
1263696507125055490
1263696527085547523
1263696629992849408
1263696712180174853
1263696721118461952
1263696758376300544
1263696820338782208
1263696857093427200
1263696909480284160
1263696911564812288
1263696962605346817
1263697079588683776
1263697289261940736
1263697300062220288
1263697353132740608
1263697626123436034
1263697672164311041
1263697812769800198
1263697852905123840
1263697907355578369
1263697982450356227
1263698068353937408
1263698070367162368
1263698154718818307
1263698170434871297
1263698222775762944
1263698332716679168
1263698500715307008
1263698511201103872
1263698561931198465
1263698636073889793
1263698688049852417
1263698886452895745
1263698903142035456
1263699113054400513
1263699192616108032
1263699389895389191
1263699534326235136
1263699546783113216
1263699577187647490
1263699620200251392
1263699624981721088
1263699626495901696
1263699655809839104
1263699708997824512
1263699754623500288
1263699801662619648
1263699831303729152
1263699863348277251
1263699955429994496
1263699955744534529
1263700034261970944
1263700276793405440
1263700361417646081
1263700376089440256
1263700385065086976
1263700393256611841
1263700465608470529
1263700604603555845
1263700692520165376
1263700736145121280
1263700859742941185
1263700904206716928
1263700946854395906
1263701069361606657
1263701120607756288
1263701143659573248
1263701182121295872
1263701291450150914
1263701320873259008
1263701394952826880
1263701407032475651
1263701427039268865
1263701577551867904
1263701649115107328
1263701739301072896
1263701771052027905
1263701843760250881
1263701866254184450
1263701873304850432
1263701929114230785
1263701980968452097
1263702057170751488
1263702095863185409
1263702107640590336
1263702109221875712
1263702136782635008
1263702139123064832
1263702192805957633
1263702254244319232
1263702370921275393
1263702426797748224
1263702456245993472
1263702488630415361
1263702524822908928
1263702570687660033
1263702591013347328
1263702611544248322
1263702671308976128
1263702674421104640
1263702744067485696
1263702886006939649
1263702956035145734
1263703011311996928
1263703020614963205
1263703059009421312
1263703059353309185
1263703106891595776
1263703193650749442
1263703231542317057
1263703270603792384
1263703350257881090
1263703368247042048
1263703412350173184
1263703491966414848
1263703566302109697
1263703574313201664
1263703588972478464
1263703637177425921
1263703647759634432
1263703696535425024
1263703801111801858
1263703831868833792
1263703849090469888
1263703853637283842
1263703861224710147
1263703890211545088
1263703943898529792
1263703958322737152
1263704014350360577
1263704075087970304
1263704087528263680
1263704136358363139
1263704200736681984
1263704200946515968
1263704235285364738
1263704457709223936
1263704607861010432
1263704707777925120
1263704745052475392
1263704763356438529
1263704823985127424
1263705096451272704
1263705108304420864
1263705344057860097
1263705357982957568
1263705411783258118
1263705468830015489
1263705476224520192
1263705510441676800
1263705528028426240
1263705548672741376
1263705551269056512
1263705608689254403
1263705669506605061
1263705672652402688
1263705790038200320
1263705909655564289
1263705988533760000
1263706183832973315
1263706224505192453
1263706460720107520
1263706578513006593
1263706641268191232
1263706718355283968
1263706838735847424
1263706910659936257
1263706994562621446
1263707049860362241
1263707204735119360
1263707249484066816
1263707309622132736
1263707403012300801
1263707542271569921
1263707592309837824
1263707845830164487
1263707943175720961
1263707983885762561
1263708114462760962
1263708239541047296
1263708375868510209
1263708530768400385
1263708779394117638
1263708858288975872
1263709089198006272
1263709353246289920
1263709482774749185
1263709528207441925
1263709541834690560
1263709571081633793
1263709613116936195
1263709640229113858
1263709640933564418
1263709690724102146
1263709710294777856
1263709724807180288
1263709756524392448
1263709828125347840
1263709977195106304
1263710056081588224
1263710073479548928
1263710133781069826
1263710149744553989
1263710208536113153
1263710254652514305
1263710310562590720
1263710335757774848
1263710509037006850
1263710724804624384
1263710836360699904
1263710967570939904
1263711086366212096
1263711139730345984
1263711186765246465
1263711190665932801
1263711203013976064
1263711271989309440
1263711289307623424
1263711372560470016
1263711512503304192
1263711528743772160
1263711567578910720
1263711603213524992
1263711631269195776
1263711798785716226
1263711897309888512
1263712028939530242
1263712042961100800
1263712175278850049
1263712265569738753
1263712276986634240
1263712404904394752
1263712471287607296
1263712674799472642
1263712734450941952
1263712763592859649
1263712763911626753
1263712768189816832
1263712975187140611
1263713048289665032
1263713055264968704
1263713164224577536
1263713190895968256
1263713192833884163
1263713234080563202
1263713261448499202
1263713353068711936
1263713469200846850
1263713741696233473
1263713754446999553
1263713804946419712
1263713855802232833
1263713980599558144
1263714152834494465
1263714155539755008
1263714166034087936
1263714171495030785
1263714226167672834
1263714327367831554
1263714338264633344
1263714378617982977
1263714442090442752
1263714461526880257
1263714490819899393
1263714518401789953
1263714737268813826
1263714903325421568
1263714950649974789
1263715106145394688
1263715156321804289
1263715174608826369
1263715381455187968
1263715588951728129
1263715637127294976
1263715745336143872
1263715844749582336
1263715944997679104
1263716103584284673
1263716248098992129
1263716290402779142
1263716351107104771
1263716403342958594
1263716435248869377
1263716438289911808
1263716520397422592
1263716614119145472
1263716640140791811
1263716684256305152
1263716790825172995
1263716947587239936
1263717057012490240
1263717073240223746
1263717096325885952
1263717104215134208
1263717119696334848
1263717135856971776
1263717185840713728
1263717253825957888
1263717323459837952
1263717373254660101
1263717480620412928
1263717549377679360
1263717568935653382
1263717838834921473
1263717869696638976
1263717914252726272
1263717963577782272
1263718018665742338
1263718084537286656
1263718167903301640
1263718315370745856
1263718337483325440
1263718365476139008
1263718518467506178
1263718702068797441
1263718724495802368
1263718800383307778
1263718807438102528
1263718835116367873
1263718898362388481
1263719000388898816
1263719088209252352
1263719089681453058
1263719107700027392
1263719170052509698
1263719178709594112
1263719199836233728
1263719203565158400
1263719230081392641
1263719271437197313
1263719285693706241
1263719451129606145
1263719452706615297
1263719558122074112
1263719698648059904
1263719943830245376
1263720007499870209
1263720148806008834
1263720176677093377
1263720186235940864
1263720231286894593
1263720232377442304
1263720236248739842
1263720282088304640
1263720300455227396
1263720379815780353
1263720405983825921
1263720494039212032
1263720538880401408
1263720595428003841
1263720683491651584
1263720911313616896
1263720928653033473
1263720963750887424
1263721017618227200
1263721088116117509
1263721173898190854
1263721198954770433
1263721256303525888
1263721259176620034
1263721315501871104
1263721339208130560
1263721374335381504
1263721382958862336
1263721518669770753
1263721531709943809
1263721599858954240
1263721625754537985
1263721931359916033
1263721947952635905
1263722114491641857
1263722297355046913
1263722419128156160
1263722441781710853
1263722793373319169
1263722914106322944
1263723019706363904
1263723057127931904
1263723092829859847
1263723109867114496
1263723195963600897
1263723329451483137
1263723428416294913
1263723626437713920
1263723671723495425
1263723746898046976
1263723904511676417
1263724013379035137
1263724123856859144
1263724185118896129
1263724634291175427
1263724698778525696
1263724775857197058
1263725028161421313
1263725133920899073
1263725170599985153
1263725511248879618
1263725771610341378
1263725842506514432
1263725951013105664
1263725967144390656
1263726009741967361
1263726258615017472
1263726355230765056
1263726447975268353
1263726587607826438
1263726936330604545
1263726999979331585
1263727060817608710
1263727136143110144
1263727185879166976
1263727317639221248
1263727421078925318
1263727425914994691
1263727446861336576
1263727473558032385
1263727681385840641
1263727729368641536
1263727831491608583
1263727965180850176
1263728020025511942
1263728257880317955
1263728322812317696
1263728326738210823
1263728587737198592
1263728607928528896
1263728620406628352
1263728734005194753
1263728903903866881
1263729068710690816
1263729235404840963
1263729541471563776
1263729574090731520
1263729764470329345
1263729765199917062
1263729771684474880
1263730010625437696
1263730052702715904
1263730074299203589
1263730115516694530
1263730151260475396
1263730204373143555
1263730340138369027
1263730393305321472
1263730641050329088
1263730663418507269
1263730989144002560
1263730999894016000
1263731297647656960
1263731448374161408
1263731786854674433
1263731839463616514
1263731936964382720
1263731963807985664
1263731991247089666
1263732282067546112
1263732367153410048
1263732377643294720
1263732576495316993
1263732602256494592
1263732602353172480
1263732621374357504
1263732640311640064
1263732710616395776
1263732728417009666
1263732762856632322
1263732829554446336
1263732864299880448
1263733320614989824
1263733338617102338
1263733375770091522
1263733513351770112
1263733538588778497
1263733654594949125
1263733887806484481
1263734150374338561
1263734246016815105
1263734303189381120
1263734401856200704
1263734420315369480
1263734485872332801
1263734580449644544
1263734632668782593
1263734809114767360
1263734838114181123
1263734863137394689
1263734908385505280
1263735017219342336
1263735210736259072
1263735403728822279
1263735514097545216
1263735591105069057
1263735884970520576
1263735977454874624
1263736045247565825
1263736146531454976
1263736226227482625
1263736275435126784
1263736305508204544
1263736348655091712
1263736367277694976
1263736384973488128
1263736418112659457
1263736438794842112
1263736532168396800
1263736590049914882
1263736657678725120
1263736683058479104
1263736700611645441
1263736782744629251
1263736828353368065
1263736845399027712
1263737049791623169
1263737073665630208
1263737090161946625
1263737095631237120
1263737227114315778
1263737561039745024
1263737788547170304
1263737862635188227
1263738214067691520
1263738250746871808
1263738447249854464
1263738719829450752
1263738726334652416
1263738745595015168
1263738814498918401
1263738819054100480
1263738869243092992
1263738954488205312
1263739227088367618
1263739307820380160
1263739381992439810
1263739494986964992
1263739668975063040
1263739828266360832
1263739838588547073
1263740306345701378
1263740367192686592
1263740650748612609
1263740671279558656
1263740698370600965
1263740792427831296
1263740955741417472
1263741040919408640
1263741051140927488
1263741498316615682
1263741654168563714
1263741742374764544
1263741839103819776
1263741841310007296
1263741881650827264
1263741954875146242
1263742042506539010
1263742091630264320
1263742117832089606
1263742228972703744
1263742247394095104
1263742252376977409
1263742324590301184
1263742360925679616
1263742380001292289
1263742433650565120
1263742481507602432
1263742530497114114
1263742570695286784
1263742612919349249
1263742640354324480
1263742751914385408
1263742846915325952
1263742863109754880
1263743094677098497
1263743139463872514
1263743313519079424
1263743324193558528
1263743491714187265
1263743565219258373
1263743624509968384
1263743660165787653
1263744070553387008
1263744254158880768
1263744434933395457
1263744514105257984
1263744575174139910
1263744620116144128
1263744920637988864
1263744977021984768
1263745251753091072
1263745373530701824
1263745429142794241
1263745602464014338
1263745799030276096
1263745799046873090
1263745912364339200
1263746026109906944
1263746100407631873
1263746265906634753
1263746280427343872
1263746289839243264
1263746356600016896
1263746413151862788
1263746419040583681
1263746453844881408
1263746542353158145
1263746662758879233
1263746851423105024
1263747018683367425
1263747158445920257
1263747231343050752
1263747313555705856
1263747382858022917
1263747426361282560
1263747645878632448
1263747894504349697
1263747959637893120
1263748044211838976
1263748094459621381
1263748158116384768
1263748255776636928
1263748258964226049
1263748311183482880
1263748346692296705
1263748440187523074
1263748454351855618
1263748598212296704
1263748660900368384
1263748678893748224
1263748894153900033
1263748956254638087
1263749201420115968
1263749388536410112
1263749445398589440
1263749542131843072
1263749578412576769
1263749612986343424
1263749623719419904
1263749635669028865
1263749881073668097
1263749937457590272
1263750014981025793
1263750039156912128
1263750039941373953
1263750163316662272
1263750172850352129
1263750185345331200
1263750273975021568
1263750356766322689
1263750373971386368
1263750390039736320
1263750481479962624
1263750768055726083
1263750776981086209
1263750791501922305
1263750990752182273
1263751019365691392
1263751045022277632
1263751138735620098
1263751229835841537
1263751380210089992
1263751391173984256
1263751424946683904
1263751497570873344
1263751500116852736
1263751600012582914
1263751717226606592
1263751747211689985
1263752010140180482
1263752227551948800
1263752244823912449
1263752338495336448
1263752382854377472
1263752445991272449
1263752508029177857
1263752638304096256
1263752657157541888
1263752683665661953
1263752705777922049
1263752722366394368
1263752976897839104
1263753303680143361
1263753314383978497
1263753316053311488
1263753344847314952
1263753405752733697
1263753407829102592
1263753511755411456
1263753843336249344
1263753893953056768
1263753963196649473
1263754019928862722
1263754076359016448
1263754082331668485
1263754160391942149
1263754325198884870
1263754414847750144
1263754910668959744
1263754923042320384
1263754940939292673
1263754957586604032
1263754976838291461
1263755003870605312
1263755068496474113
1263755172561317888
1263755261082128387
1263755330221047808
1263755432322981891
1263755493148852227
1263755518121820161
1263755778537611264
1263756061774766083
1263756088207261696
1263756115218624512
1263756130498408448
1263756140401381387
1263756183132762113
1263756395796668416
1263756456844656642
1263756556824264705
1263756570241847296
1263756617369006082
1263756670263390209
1263756801125879808
1263756831706370052
1263756910286614528
1263756952024133633
1263756965710368768
1263757083280699393
1263757133046149120
1263757248242876416
1263757466904363011
1263757498286084096
1263757504430764033
1263757527919087618
1263757624597639168
1263757723998412800
1263757760467832834
1263757982338183168
1263758070221594624
1263758094359605249
1263758103784407041
1263758105793396737
1263758466142867456
1263758517384523776
1263758517757833217
1263758559759618048
1263758581620490241
1263758711983468545
1263758714143727616
1263758762323542016
1263758773484568576
1263758867416178691
1263759041966137344
1263759051239768065
1263759114431156225
1263759341041025028
1263759376185208832
1263759993985290242
1263760156728451072
1263760226093694976
1263760285984190465
1263760298156199939
1263760425780498433
1263760558978854913
1263760859857211392
1263760885136322561
1263761056557494273
1263761124664606720
1263761196282503174
1263761197968445443
1263761227785871360
1263761396577136641
1263761426449084416
1263761555499466753
1263761567071399936
1263761591843028992
1263762015769821184
1263762077379747840
1263762173676969985
1263762181486555137
1263762259798487040
1263762308565577729
1263762435585916928
1263762486617989121
1263762631757754371
1263762657410195459
1263762686594056199
1263762712452046848
1263762723248144384
1263762824091893760
1263763106762682368
1263763215051157506
1263763468500393986
1263763507964596225
1263763639749636097
1263763642408894465
1263763684763013120
1263763774210584579
1263763899305746434
1263764035113189377
1263764036123938816
1263764071997796352
1263764119112388608
1263764143011762176
1263764211768803328
1263764415498731520
1263764479998754819
1263764532503048192
1263764600446582786
1263764664799780866
1263764689693093889
1263764776989196288
1263765022544744448
1263765310131208192
1263765469120458758
1263765544899014656
1263765690726715393
1263765721575616513
1263765782732746752
1263765827607650305
1263765865704513536
1263765905705586688
1263765944553230336
1263766022902829057
1263766040871198721
1263766122773413888
1263766162111782912
1263766184106668033
1263766273881600000
1263766344572350465
1263766359931883522
1263766383961108480
1263766497014374401
1263766589800714241
1263766655500312576
1263766700006141952
1263766797020471296
1263766807556403200
1263766924602650624
1263767033344217088
1263767087463399424
1263767466271858688
1263768055085060098
1263768249465880577
1263768292851769351
1263768310300041217
1263768364171829248
1263768509252853762
1263768529876049921
1263768542324744192
1263768587426201600
1263768614445805570
1263768662470586368
1263768846923632642
1263768874102648832
1263768959972753408
1263769316413116416
1263769437280153600
1263769485107818497
1263769622710452224
1263769674166136833
1263769739157012480
1263769814121754624
1263769846606475265
1263769940240318464
1263770052085440512
1263770053582811139
1263770104648445952
1263770132670582790
1263770251520438273
1263770460942032896
1263770465476079616
1263770578269245442
1263770610640941056
1263770635018199040
1263770820284837889
1263771109117186048
1263771164536500225
1263771406786916352
1263771581844647936
1263771712534884352
1263771782395330560
1263772146699927553
1263772250483744768
1263772258910134272
1263772319123558401
1263772396634267648
1263772444659073025
1263772534375215105
1263772647894028288
1263772657117302785
1263772701774077952
1263772707902152705
1263772801250455554
1263772855768145920
1263772895831965696
1263773133523337216
1263773155971043328
1263773240956194816
1263773320572317697
1263773364776308739
1263773387991789569
1263773487040098305
1263773498276601857
1263773545928122368
1263773606691012608
1263773964452556805
1263774226223230976
1263774320972697601
1263774350202847235
1263774481014820864
1263774608735404032
1263774765229043713
1263774896842108928
1263775077289476097
1263775092993130497
1263775115688501249
1263775131194646528
1263775148508733441
1263775171812433920
1263775226921226241
1263775297905627136
1263775300472561664
1263775415539097600
1263775430005252103
1263775574067015680
1263775806515564544
1263775818322284544
1263775878099673088
1263775894931472390
1263775905102442501
1263775908122353664
1263776109344239616
1263776288340414464
1263776349191372801
1263776591508844544
1263776611435819009
1263776870178279424
1263777015414439937
1263777017247354881
1263777034301407233
1263777091230797824
1263777247309119488
1263777368847429633
1263777500603301888
1263777503732207616
1263777537760595970
1263777858905935872
1263777867600523264
1263777871417323520
1263777911024152577
1263777929869373440
1263778022055981056
1263778199671934978
1263778281414963201
1263778364692688901
1263778482846347264
1263778517612785665
1263778526190174209
1263778566296092673
1263778587364061184
1263778634155749376
1263778674190532608
1263778759460532225
1263778795414122498
1263778839999602688
1263779002315165697
1263779093050535937
1263779099102916608
1263779102714200064
1263779134607691776
1263779140500631552
1263779340644384768
1263779342292787200
1263779398748008448
1263779404003438592
1263779413499342848
1263779485511348224
1263779492641689600
1263779548056875013
1263779562522984449
1263779704009420800
1263779759424602112
1263779759483432960
1263779771265069058
1263779777640411136
1263779777850138624
1263779819507970049
1263779904421797888
1263779929298055168
1263780014631219203
1263780025494577154
1263780220143677440
1263780250682486784
1263780345842991106
1263780500256088065
1263780622478147584
1263780736512884737
1263780783065452546
1263780954490847233
1263780967723831296
1263781036523057152
1263781093175627776
1263781157230936064
1263781495186976768
1263781510802550784
1263781777673338881
1263781855846780928
1263781952525496320
1263782158277046272
1263782278553128961
1263782345754030081
1263782384631255040
1263782396387684352
1263782455162609664
1263782517426974721
1263782582077931523
1263782587534905346
1263782604685234176
1263782700386848768
1263782701699444737
1263782920386310145
1263783041685585920
1263783098543517696
1263783119699603457
1263783139295612928
1263783147335905280
1263783200045723649
1263783380958642177
1263783471870177280
1263783581488480256
1263783737210187776
1263783874884075521
1263784116555706368
1263784125825245184
1263784145181765632
1263784210243837953
1263784240463835136
1263784262337040384
1263784302422241282
1263784438627893248
1263784492679835649
1263784611718459394
1263784922730258432
1263785315606491136
1263785318618193920
1263785693245067267
1263785865245003777
1263785985642463233
1263786043158917122
1263786045826465793
1263786169805844480
1263786254828634112
1263786335229231104
1263786448307712001
1263786693234028545
1263786797357809671
1263786804294979585
1263786863996792833
1263786936038068224
1263786967717883904
1263786973426147328
1263787025884499971
1263787043437469698
1263787127541600256
1263787226367811586
1263787302226219008
1263787375823593474
1263787535362215937
1263787537996357635
1263788046891339777
1263788083234828290
1263788089501089793
1263788193754697728
1263788294321700866
1263788401192587265
1263788535783424000
1263788746803208192
1263788845633437696
1263788964319649797
1263789153260453888
1263789157656096768
1263789269371375616
1263789653024366593
1263789841218707462
1263789906519719937
1263790024719429634
1263790068801474560
1263790230970089472
1263790245809582080
1263790333365596161
1263790438558740481
1263790502299615233
1263790519450128384
1263790594490372096
1263790621640192001
1263790679634870272
1263790726405599232
1263790750203908096
1263790860958748673
1263790967154302982
1263791393824096257
1263791410605522944
1263791431212101633
1263791662255357952
1263791702713806849
1263791808875761670
1263791895488204801
1263791979382534145
1263792111595302913
1263792192927100929
1263792503528075265
1263792559467315205
1263792574617264129
1263792607030849536
1263792767714488320
1263792918046715904
1263792974774677510
1263793095109308416
1263793272582926336
1263793300185722880
1263793376127672321
1263793473594912769
1263793657125036032
1263793713211248641
1263793932649017345
1263794003733934080
1263794228825665536
1263794233229664256
1263794234206769153
1263794235888697345
1263794275327803395
1263794308328685568
1263794347956252672
1263794476117446656
1263794485693222912
1263794704077819907
1263795027647410176
1263795475175444480
1263795891581775874
1263795995072217088
1263796153419591682
1263796323175841793
1263796750801874945
1263797078326640640
1263797138045259776
1263797241191501824
1263797291074248704
1263797311034949633
1263797334627848192
1263797335076847617
1263797515335458816
1263797634147516417
1263797779177992193
1263797863965790208
1263797934090448897
1263798006559551488
1263798392947388416
1263798498383675392
1263798834091536390
1263798996159672323
1263799034365476864
1263799174631309313
1263799466814914562
1263799470107488257
1263799698047012870
1263800064780070912
1263800110707699715
1263800144073330689
1263800231507918848
1263800409698693120
1263800755561000966
1263800783713099782
1263800802939977728
1263800826901917696
1263801030640189440
1263801088471261184
1263801104883564544
1263801120226344960
1263801123196018688
1263801138588966914
1263801151490850816
1263801215353159680
1263801226304446467
1263801327496253440
1263801678060335109
1263801716245270533
1263801804292329473
1263801886395691008
1263801891512778752
1263802236414627841
1263802251518242816
1263802306409238528
1263802347467096064
1263802415658172421
1263802459819999233
1263802476190248962
1263802690359848960
1263802820983046146
1263802969192980481
1263803077250998272
1263803360131649536
1263803422723080194
1263803635231678465
1263803700209872904
1263803872063021056
1263804047993090050
1263804343439876096
1263804467591344128
1263804499212136448
1263804614136131584
1263804629248167936
1263804736462962690
1263804749318459392
1263804769639952385
1263804875562835968
1263804956747812866
1263805412870160384
1263805624514572288
1263805629312847872
1263805939485798400
1263806321696145408
1263806557587779584
1263806665234640897
1263806717973762048
1263806815239696384
1263806817114583040
1263806953437843456
1263807220250107904
1263807436768477184
1263807583674085376
1263807586878386176
1263807590733144065
1263807664749871112
1263807741509939200
1263807742050881536
1263807767619309568
1263807879187886080
1263807897567256576
1263807910980620289
1263807942601641991
1263807960582520835
1263808030501515264
1263808082888421387
1263808146184667137
1263808227671633920
1263808532014526464
1263808546417737728
1263808598833950720
1263808623412559873
1263808670451683331
1263808681444925441
1263808727993290753
1263808819575975942
1263808895253745664
1263809065106452480
1263809100384661505
1263809165404692480
1263809320610861058
1263809358275555334
1263809393016987650
1263809515591331840
1263809590149275651
1263809668318552064
1263809733187665925
1263809808672501760
1263809899261091842
1263809943259377664
1263810129050263560
1263810262819155968
1263810306578411520
1263810307144613891
1263810425855991814
1263810465315999744
1263810810498842624
1263810810821832705
1263810882192064512
1263810938286886912
1263811044629069825
1263811105601630210
1263811138040594432
1263811153710309381
1263811164368076800
1263811171846549506
1263811188745437185
1263811218482974721
1263811232806473729
1263811238871601153
1263811321998438401
1263811331343486977
1263811419344003072
1263811422934503424
1263811440110174208
1263811455985438721
1263811478148259840
1263811521332736000
1263811595336998912
1263811627037495298
1263811634167869442
1263811649288486913
1263811669156913153
1263811687846567936
1263811737406410753
1263811739537174528
1263811762299654145
1263811773364236290
1263811774194712576
1263811794100908032
1263811816481669122
1263811829173608449
1263811841903353856
1263811852179353600
1263811873192833024
1263811873574547457
1263811929891627008
1263811940377190400
1263811958517583873
1263811967023603712
1263811998132793344
1263812000108310528
1263812000653512704
1263812011281969152
1263812051211702273
1263812090558590977
1263812095113596931
1263812118354161665
1263812128080662528
1263812158472835072
1263812183219032070
1263812188436824065
1263812191087587329
1263812209689260033
1263812221752078336
1263812238932013056
1263812244883730432
1263812253293240320
1263812266404622342
1263812268678017024
1263812313926123520
1263812318309175296
1263812322444759040
1263812323472482306
1263812348801773568
1263812368838131712
1263812396314955776
1263812400769167360
1263812415826939905
1263812432025186308
1263812452980064256
1263812453999271938
1263812488354660353
1263812520457826305
1263812530557739008
1263812539374239745
1263812541240823810
1263812566372909056
1263812566591041536
1263812578167230465
1263812580306542592
1263812591396089858
1263812598509649923
1263812605644136453
1263812613743484929
1263812614355857411
1263812615081320448
1263812638993072128
1263812639790108675
1263812646798680065
1263812655027851265
1263812655913017345
1263812696824152065
1263812703912689667
1263812743083094016
1263812761022132224
1263812769884680192
1263812790327799810
1263812790734577665
1263812816638586880
1263812835676614664
1263812848242876416
1263812848649515010
1263812856325144576
1263812864604700674
1263812876449517569
1263812901913030657
1263812908225409024
1263812945697484807
1263812948985647104
1263812959567925248
1263812969432879105
1263813001687097345
1263813002094014465
1263813008393826305
1263813040274694146
1263813063951564800
1263813104271413249
1263813114656505857
1263813135565086720
1263813140841672704
1263813148017954817
1263813149926416384
1263813150878515201
1263813154930405376
1263813170138734592
1263813173976559618
1263813185494306817
1263813185959690240
1263813192381132800
1263813197259128833
1263813211759038464
1263813211846963200
1263813217811263490
1263813219837042691
1263813282105827328
1263813287021441024
1263813289794035712
1263813300782895104
1263813313160331265
1263813354616832002
1263813367673819136
1263813375856795651
1263813390008348672
1263813401911988225
1263813439320805376
1263813503539798016
1263813529620144128
1263813550348267520
1263813572565463040
1263813591540445184
1263813594489090054
1263813603674615810
1263813630396514304
1263813728190861312
1263813729411571713
1263813740945764352
1263813745840541696
1263813756728913920
1263813761921478656
1263813767856640001
1263813769672585219
1263813770599477248
1263813805286371328
1263813815545651201
1263813846990389248
1263813868553252864
1263813899738132480
1263813916863299584
1263813917744062464
1263813932386381824
1263813949394350080
1263813975298334720
1263813977265627142
1263813988594282496
1263813998299901953
1263814001890177024
1263814030600200193
1263814060975419397
1263814069795995648
1263814106554892291
1263814114922467328
1263814125433413632
1263814133159391232
1263814147067670528
1263814158392287232
1263814175135944705
1263814188410892288
1263814251749142529
1263814269876891648
1263814295160160256
1263814315431190529
1263814365578276866
1263814365586747392
1263814366769676288
1263814371605708800
1263814386172469248
1263814387329982464
1263814420112654337
1263814425095499776
1263814440354545664
1263814464517767168
1263814469521530880
1263814479726301184
1263814480892276736
1263814484902047744
1263814485535416323
1263814536060006400
1263814580750303235
1263814584017838081
1263814625839087616
1263814690687221761
1263814726087110657
1263814728226418689
1263814731158052878
1263814747138297856
1263814748463718404
1263814832769298433
1263814833205506049
1263814873667956738
1263814874519310337
1263814880185905152
1263814893397893121
1263814946078384129
1263814991829856256
1263814993675350017
1263814997756395520
1263815016874160130
1263815061648240643
1263815075778818051
1263815133064597507
1263815138856988673
1263815166753300480
1263815180170870785
1263815186705604612
1263815201335283712
1263815220994035717
1263815237993545728
1263815286664257538
1263815294817951746
1263815320118063104
1263815338723958785
1263815361809403905
1263815365433253890
1263815386127929345
1263815400212410369
1263815403878285315
1263815413332275200
1263815420693237760
1263815448644087809
1263815454545645568
1263815455841517569
1263815467812167682
1263815492310978560
1263815591397175298
1263815595079892995
1263815596287746049
1263815608124076032
1263815627065573376
1263815647668039680
1263815713850040322
1263815735849058304
1263815757630074880
1263815760771768321
1263815796607729664
1263815873107652609
1263815874504298498
1263815900144140288
1263815914635407361
1263815919081385985
1263815978212659200
1263815991835807744
1263816035519459328
1263816127538515969
1263816193498120193
1263816219200647169
1263816220119269378
1263816254583791616
1263816268102041603
1263816294119309312
1263816306018652161
1263816310116540422
1263816350046224385
1263816352784986117
1263816413774581766
1263816417658494978
1263816435924471808
1263816443532963841
1263816445625987072
1263816463741321216
1263816545530068994
1263816610961223680
1263816701134528512
1263816736744194050
1263816816746348545
1263816872971001856
1263816955632336896
1263816958862077953
1263816975567818752
1263817021021716486
1263817108518916101
1263817114185609216
1263817233735675904
1263817242380128256
1263817246985478145
1263817284994453509
1263817313544888320
1263817433648787458
1263817457543897089
1263817465735380993
1263817471359766528
1263817472454520833
1263817494541660164
1263817511201468416
1263817526678450177
1263817553840754694
1263817579631529987
1263817611709607938
1263817619750019072
1263817636002934785
1263817680848654336
1263817743444279299
1263817794560208897
1263817798167310336
1263817807592075267
1263817808925712390
1263817815724748802
1263817861757202433
1263817868455665664
1263817910293848064
1263817941772099584
1263817954547793922
1263818028296228865
1263818029495980034
1263818095191158784
1263818150816002049
1263818176225107971
1263818206369677312
1263818226095591424
1263818302670770177
1263818332521721856
1263818340788629504
1263818346190876673
1263818373525192704
1263818520950759424
1263818567448854528
1263818638974468098
1263818739419496448
1263818750094016512
1263818869245743106
1263818903018287104
1263818934836289537
1263818936337883136
1263818960891342848
1263818997335646211
1263819030432870405
1263819160842166272
1263819177736863744
1263819186909794304
1263819200847425538
1263819263996919808
1263819338391228422
1263819346071023617
1263819346071060480
1263819381252820993
1263819381588410368
1263819522982567937
1263819523938893829
1263819606613004295
1263819646249156608
1263819677966295040
1263819736363577345
1263819805833846784
1263819816458022914
1263819833331707904
1263819859261100032
1263819894761504768
1263819926202023936
1263820007365939200
1263820011644366854
1263820017956610049
1263820066803429376
1263820128883363842
1263820129906888712
1263820148948926466
1263820150639222784
1263820201897783297
1263820205915959296
1263820215034343424
1263820346651635713
1263820378117267456
1263820409989763072
1263820528751534081
1263820613468033029
1263820621957324800
1263820679612256257
1263820697605816320
1263820750466633731
1263820751246733325
1263820774785159168
1263820810906529792
1263820821551702018
1263820833471881216
1263820860822917120
1263820861930274817
1263820917651542017
1263820931048202241
1263821008403943425
1263821044248219650
1263821219020726272
1263821272569577472
1263821324952104960
1263821351971766272
1263821359379087361
1263821396943048705
1263821478044356608
1263821480933994496
1263821489997967360
1263821607027404801
1263821639919288320
1263821685515583488
1263821757384818690
1263821781728735233
1263821827568091140
1263821848082407424
1263821869007859712
1263821916495704065
1263821956593250304
1263821957457461248
1263821963279036417
1263821974314397698
1263822004265734146
1263822052177227776
1263822086969028609
1263822089645101057
1263822107827253248
1263822133215592448
1263822150647111680
1263822161103347712
1263822162688802819
1263822170087723008
1263822222247878656
1263822248806359040
1263822281626673155
1263822312534470658
1263822386681372673
1263822402275999745
1263822453047885825
1263822472182259713
1263822512057511939
1263822552050221059
1263822556596801536
1263822574468820994
1263822610439106560
1263822635646857216
1263822637010018305
1263822646585651205
1263822702206316544
1263822729360408576
1263822758032613377
1263822848679972864
1263822867428306947
1263822869840097281
1263822915281096705
1263822927541137408
1263822991302905858
1263823007375454209
1263823041483530240
1263823069073702912
1263823128830062593
1263823172585099265
1263823180767965186
1263823190997925889
1263823228088139777
1263823231238107137
1263823277669019648
1263823383117979649
1263823385496256512
1263823430689775616
1263823485878497281
1263823495105925122
1263823516618522624
1263823543760019456
1263823550617698305
1263823561602428928
1263823576488009733
1263823657387819008
1263823676601962496
1263823690430636032
1263823720440717312
1263823744675577862
1263823771913224192
1263823825877123072
1263823876116578306
1263823936912977920
1263823976821739523
1263824076134473728
1263824212596101120
1263824276496343043
1263824410974142466
1263824582802210818
1263824610010619904
1263824672086351879
1263824737920114688
1263824750817579010
1263824756052123650
1263824863325716480
1263824910465372162
1263824936751124480
1263824975464525824
1263825011065880577
1263825023527092225
1263825025188212739
1263825064262156290
1263825092460580867
1263825143245058050
1263825150459305984
1263825166632546305
1263825226825183232
1263825251160354821
1263825275634069504
1263825281908985862
1263825320907386882
1263825409604452352
1263825415300243457
1263825430563311618
1263825437668438022
1263825523257438216
1263825554316210183
1263825655923306496
1263825715809538049
1263825759258304516
1263825779336462337
1263825789352632320
1263825803046825984
1263825821023662082
1263825861645647872
1263825963013427201
1263826046517833736
1263826287350562816
1263826357513072640
1263826436751671297
1263826507224559618
1263826516842033152
1263826521363550208
1263826760526954499
1263826940739424258
1263827004203270144
1263827048835026944
1263827131399843840
1263827135770308608
1263827188698185733
1263827304838504448
1263827499399684102
1263827507649937410
1263827648226095104
1263827655733981185
1263827929248628736
1263828087000535044
1263828188871917568
1263828193481539585
1263828211714097158
1263828252910632960
1263828297462538241
1263828308719923201
1263828313291714563
1263828332170412034
1263828337694093314
1263828422364667904
1263828465934979073
1263828601918484480
1263828632071438343
1263828638480334849
1263828671590043648
1263828674001793025
1263828722299236354
1263828935172714497
1263829059764535297
1263829089913147392
1263829097316151296
1263829220075212802
1263829231886270468
1263829248772648960
1263829258725552128
1263829286580113408
1263829287838322691
1263829298839818241
1263829306779799553
1263829422768943107
1263829430352347138
1263829431988088833
1263829470278017027
1263829533104488456
1263829576188178433
1263829659512258561
1263829708522717186
1263829925758300160
1263829975188123648
1263830070722002944
1263830104548847616
1263830193430573058
1263830200652984320
1263830205392654337
1263830206990688256
1263830207808430080
1263830432937697281
1263830436335308800
1263830485182017537
1263830506187063296
1263830549052837890
1263830769056862214
1263830814367846400
1263830975982731264
1263831012955611137
1263831015392522240
1263831056207114243
1263831155033464833
1263831187308654595
1263831390971453445
1263831435753873408
1263831436424916992
1263831460647231489
1263831477818519552
1263831496260874252
1263831584383229952
1263831621872029697
1263831634261897218
1263831641257963520
1263831654566510594
1263831692021608448
1263831710283808775
1263831783528783873
1263831830555316224
1263831873127620608
1263831959127482375
1263832031697309696
1263832254960168960
1263832337781010434
1263832457020768256
1263832525341949961
1263832561865887746
1263832771736162304
1263832819358470149
1263832877755535360
1263832911167418369
1263833107599290370
1263833283952955392
1263833364173389824
1263833376009539585
1263833418330234881
1263833482142179329
1263833519630893056
1263833575348027392
1263833604540502030
1263833660412661760
1263833671120846853
1263833684974559234
1263833730730168321
1263833741245313026
1263833787974086660
1263833792608972805
1263833796526272513
1263833802457190400
1263833804516532228
1263833807079141378
1263833810413801472
1263833862892695553
1263833925454950405
1263834047677034497
1263834060901642242
1263834082657497094
1263834090035388418
1263834126978711553
1263834141226725388
1263834209681960965
1263834245065142272
1263834269526265858
1263834348949663746
1263834391156948992
1263834398559924224
1263834434027114499
1263834489953927168
1263834519234203651
1263834645378072577
1263834669042319366
1263834793835474945
1263834871438413824
1263834933413285888
1263834944889110530
1263835040032620545
1263835070139228165
1263835103278465024
1263835162116157442
1263835188406161409
1263835218886242304
1263835239429758978
1263835246748811271
1263835265749188614
1263835525430951937
1263835543114153984
1263835652782604294
1263835737423622144
1263835750145175555
1263835785389719555
1263835809259622401
1263835818164015105
1263835836811886593
1263835866016800768
1263835896199081984
1263835957930766345
1263836003606728705
1263836149883305986
1263836164777103361
1263836181093134338
1263836284943888384
1263836292049223680
1263836377323409408
1263836476820746242
1263836579732176896
1263836620081397760
1263836640742522889
1263836770434719744
1263836797190107136
1263836824138657793
1263836927519793153
1263836966556033024
1263837016124317697
1263837043030810624
1263837172844523521
1263837185595379713
1263837189110104066
1263837218847653888
1263837248472023040
1263837273369407493
1263837284488540161
1263837285256069126
1263837366013136897
1263837437270392837
1263837596691558401
1263837601057976320
1263837649418108931
1263837707538595840
1263837730867261440
1263837830142296064
1263837918893932544
1263837931913035782
1263837987076321283
1263837988426932225
1263838176830844928
1263838192911806464
1263838248700276737
1263838268883267587
1263838310222295040
1263838322092240896
1263838562597785602
1263838581975592960
1263838703945801728
1263838774431109121
1263838788574461954
1263838802977701888
1263838854139658240
1263838872003198976
1263838881130020864
1263838890416156677
1263838905121435648
1263838948465315841
1263838997496782848
1263839024017403904
1263839251583516675
1263839277084901376
1263839312770027520
1263839328351879169
1263839388892446720
1263839396735803396
1263839464343793664
1263839503497809922
1263839533604368385
1263839547366019074
1263839555947360257
1263839560867274755
1263839579993341955
1263839601556254723
1263839632153669637
1263839646498226176
1263839708129357824
1263839713586266118
1263839777196961792
1263839834390462464
1263839965168820225
1263839983388909568
1263840043610845186
1263840096454709255
1263840188096147456
1263840200242806784
1263840200901320705
1263840248296910848
1263840309311463424
1263840356530978816
1263840400118177794
1263840441188773890
1263840498285809664
1263840542812549120
1263840548399353856
1263840583384170499
1263840584864722944
1263840614996520960
1263840683594416128
1263840712262512642
1263840715177508864
1263840726284005376
1263840797876719619
1263840908753190913
1263840980320600067
1263841171962396673
1263841347959615488
1263841503773777926
1263841587391393793
1263841645960638466
1263841661286617089
1263841669864058887
1263841694673334277
1263841748389752833
1263841827632943111
1263841975955947522
1263842231116369921
1263842243489656832
1263842245729370114
1263842293477371904
1263842300007821312
1263842345394466819
1263842404597149696
1263842432552013826
1263842455113224192
1263842547933347841
1263842653134823424
1263842667118710784
1263842675892957184
1263842785679093760
1263842817262182400
1263842849809788930
1263842956588412928
1263843088495230976
1263843440942395392
1263843477499985922
1263843506847539200
1263843643959336960
1263843669901078528
1263843682735714305
1263843724544503808
1263843724741795841
1263843857780944898
1263844160705978369
1263844187666931718
1263844210265870336
1263844221171019776
1263844263835598850
1263844626839945217
1263844736848322561
1263844935465201664
1263844988539924480
1263845067057319942
1263845108606095360
1263845138972827648
1263845219654492161
1263845220052951040
1263845286675312641
1263845339410214916
1263845528011304962
1263845553957244928
1263845577298546688
1263845635549130753
1263845713848475649
1263845743288254465
1263845925677498369
1263846148898304001
1263846234558566406
1263846270872850434
1263846334886342657
1263846609512624128
1263846684695490570
1263847020764131328
1263847133746130944
1263847184149012482
1263847301535186944
1263847351069728771
1263847397064503297
1263847467260534786
1263847497446772738
1263847596847624193
1263847652073992193
1263847690825154573
1263847723410874371
1263847728875835393
1263847928424267776
1263847943594885121
1263847961257271297
1263848012016541696
1263848059257028609
1263848082812395520
1263848091087749120
1263848168762028037
1263848190987636737
1263848251389816835
1263848254141337610
1263848364979875840
1263848461847257088
1263848499788931073
1263848532022157312
1263848589941489667
1263848629388877828
1263848686309699585
1263848794732376064
1263848993613680640
1263849024764944388
1263849094042341377
1263849114049089537
1263849145141469187
1263849239064522758
1263849303145164804
1263849320400314373
1263849511467864065
1263849572536705024
1263849595404193792
1263849738388099073
1263849789675823105
1263849800698441728
1263849836572340224
1263849910119460865
1263849946899288071
1263850016147271680
1263850043322195968
1263850056517480449
1263850114692444160
1263850446806024192
1263850512522174466
1263850608014090243
1263850610312478720
1263850675160653827
1263850710090817536
1263850737336909824
1263850755561107456
1263850771382104064
1263850882644336641
1263850968581472256
1263851047056883713
1263851048373907456
1263851091306795008
1263851117831577601
1263851196818665474
1263851279165452296
1263851310899777541
1263851314154356742
1263851631424073730
1263851701938778118
1263851711178792966
1263851821002395648
1263851841063878657
1263851853219008512
1263851954561642496
1263851990951407621
1263851999872774145
1263852248800481280
1263852278953308164
1263852376999395329
1263852394447806464
1263852416602161167
1263852518720901123
1263852644709175298
1263852740834254848
1263852740985475072
1263852796408852481
1263852958644678661
1263853018790969344
1263853032804147200
1263853315248386048
1263853586103955458
1263853597898375176
1263854131732639744
1263854245289353223
1263854317607370752
1263854360062091265
1263854685124882432
1263854697397567488
1263854776459988992
1263854908458991616
1263855002512023555
1263855086268067843
1263855096254922755
1263855138340388864
1263855206644629504
1263855291105329153
1263855362731466753
1263855482189410304
1263855499880960000
1263855643145822213
1263855824822132736
1263855858221494272
1263855925435281408
1263856038320631808
1263856288049401857
1263856487555727361
1263856513086447617
1263856586537091073
1263856593973567491
1263856750521987073
1263856782792744960
1263856800148815872
1263856843274649600
1263856851332063234
1263856934538457088
1263856945271717889
1263856958022594561
1263856969053396993
1263856985696399361
1263857056533995521
1263857062578012160
1263857094672826369
1263857157491089408
1263857257080446976
1263857321463054336
1263857358368718848
1263857463805140998
1263857504385216513
1263857544004464646
1263857553911377921
1263857628553179136
1263857663420403712
1263857675227389957
1263857718080593921
1263857721033424896
1263857758161403906
1263857773197922304
1263857789450977280
1263857797919240196
1263857845058990087
1263857921240125442
1263857962193424384
1263858060071559171
1263858083228291072
1263858085291933699
1263858115591598081
1263858256327237632
1263858301118406657
1263858447533080577
1263858498841935873
1263858525731725317
1263858544840851459
1263858630505328640
1263858821384024065
1263858835279826944
1263858880536338432
1263858885024079872
1263859125059940353
1263859154982105094
1263859330652221440
1263859444649254912
1263859617320206338
1263859670374064135
1263859677605093378
1263859694348587010
1263859925605691395
1263859992567746565
1263860035802857472
1263860066609848321
1263860247279529984
1263860513710018560
1263860550674427905
1263860560413655041
1263860565992062976
1263860594249105410
1263860597646487552
1263860613144473600
1263860626788499456
1263860640067788805
1263860654408007680
1263860876685086720
1263860902845018112
1263860964253855744
1263861093870579713
1263861384028123137
1263861545567522817
1263861600735420417
1263861689302175745
1263861707467710464
1263861752648790017
1263861903022907392
1263862088847421441
1263862122607374342
1263862129918185473
1263862151195713537
1263862253247438850
1263862274378264576
1263862383857922048
1263862436743929856
1263862456394280961
1263862488195457025
1263862561189122050
1263862567492915201
1263862598333632512
1263862652150992896
1263862696409067521
1263862706920198146
1263862816584486912
1263862884112625665
1263863108402962432
1263863154666168326
1263863216494399488
1263863258986934272
1263863284467458049
1263863362636730369
1263863521730854915
1263863527913091079
1263863576617508870
1263863606866837504
1263863609035304961
1263863714605916164
1263863892192768002
1263863894776242177
1263863916737654790
1263863990205071360
1263864021561810952
1263864074699300865
1263864094005710850
1263864136821288966
1263864249970909184
1263864259475193857
1263864431253078018
1263864458796912640
1263864508985913346
1263864517236162560
1263864525960314880
1263864557925216258
1263864558143197185
1263864559275671552
1263864614854557697
1263864616678875137
1263864634643103747
1263864652133355520
1263864672622608385
1263864691605901312
1263864722215940096
1263864887354159105
1263864921374130176
1263864929418768384
1263864966869913601
1263865122205962240
1263865124282138624
1263865212320399361
1263865228971741184
1263865229118541831
1263865275708928000
1263865299268337665
1263865340804521987
1263865372786262016
1263865392600174595
1263865406072041473
1263865414158860296
1263865541963345921
1263865654916124673
1263865722188386304
1263865846855806977
1263865901549449216
1263865902484934659
1263866019396743175
1263866056323420160
1263866108651556869
1263866116448808962
1263866150720397314
1263866189819723778
1263866192625876993
1263866202993987584
1263866216625524736
1263866262267936768
1263866398603804672
1263866438609076224
1263866501691355137
1263866505676025857
1263866563083382785
1263866585648857088
1263866606142152704
1263866629873561600
1263866687234830341
1263866732449497089
1263866734957621250
1263866738699100161
1263866836380090370
1263866865622806530
1263866894722818049
1263866973030625280
1263866978235711489
1263866982522171393
1263866984137015296
1263867064193867778
1263867080451018759
1263867123496923136
1263867146871934977
1263867424622948353
1263867536392798209
1263867600800550912
1263867677791014918
1263867695780573185
1263867704248762368
1263867775019171840
1263867949611274240
1263867971371294721
1263868054288519168
1263868061628559366
1263868095996846084
1263868156193517568
1263868173406920704
1263868342072414209
1263868359361261568
1263868426033872896
1263868499887190016
1263868541889122304
1263868643420467200
1263868797410140161
1263868894298533888
1263868939534127104
1263868946010136577
1263868954793017344
1263869019582390272
1263869030076542977
1263869132149161984
1263869235173838848
1263869271374880768
1263869358905765890
1263869365708963840
1263869488988119042
1263869624376078338
1263869707293085697
1263869727094353920
1263869895839756288
1263869949073915905
1263869970229809158
1263869970523607040
1263870082301583360
1263870235045658624
1263870242012319745
1263870304339685376
1263870325739028480
1263870360828534785
1263870540831309824
1263870618031669248
1263870651959586816
1263870694728757250
1263870798554468356
1263870822038401024
1263870856142270467
1263870980843167744
1263871024094822408
1263871080944435202
1263871257818181632
1263871317201186817
1263871331851853824
1263871391998242821
1263871581693992962
1263871763479269376
1263871961228173313
1263872020393099264
1263872058225811456
1263872151741849600
1263872202018967552
1263872216749322240
1263872221606338561
1263872550997811200
1263872642857054209
1263872669524430849
1263872917831585792
1263872925037236227
1263873020986183680
1263873034919636993
1263873192059256833
1263873204818341888
1263873298267435008
1263873326189084672
1263873335617654786
1263873372468867073
1263873552190713856
1263873575523680257
1263873649586565123
1263873714971504640
1263873725952217088
1263873887080607744
1263873921188655104
1263874143428030465
1263874269756321792
1263874306020384769
1263874322000605184
1263874346407415810
1263874635491241984
1263874691489546241
1263874794908381185
1263874910868213762
1263874939297296384
1263874957429346304
1263875012135546881
1263875223738175488
1263875229023010816
1263875315136266240
1263875357016567808
1263875408577081345
1263875495663333379
1263875573492797440
1263875594992803841
1263875693601067015
1263875715872649216
1263875817190199296
1263875832549969920
1263875906801594368
1263876116248506368
1263876161144344583
1263876271861387265
1263876277389287424
1263876298331623426
1263876475415035905
1263876564904808448
1263876579832164353
1263876587625144322
1263876659276427264
1263876678587056129
1263876895856144386
1263876910666452994
1263876964835876865
1263877091054895104
1263877164560265216
1263877209107947521
1263877288845688832
1263877426695663616
1263877574641344519
1263877590647005187
1263877651715874816
1263877738307260418
1263877762865082376
1263877763712327680
1263877773757562882
1263877958546018304
1263877976288043011
1263877985050005506
1263878328819150848
1263878393386459143
1263878454828646402
1263878512441606150
1263878768013332481
1263878771041611776
1263878874917515264
1263879013207912448
1263879096775442435
1263879123828686852
1263879129813839873
1263879149577474048
1263879174927929350
1263879177008222208
1263879362094358529
1263879366745812992
1263879391228178432
1263879409984888833
1263879461293961216
1263879484219854849
1263879487961346050
1263879628449443840
1263879644027203587
1263879653808377860
1263879774256066562
1263879848138768384
1263879882729066496
1263879886080442368
1263879890874568705
1263880071846064130
1263880124069339136
1263880237269598208
1263880275353759744
1263880292000919553
1263880430048034816
1263880431759491075
1263880466400239618
1263880515712454658
1263880520766648320
1263880548545474561
1263880649800286211
1263880665499668480
1263880714627559424
1263880720335933441
1263880822962020358
1263880825424076801
1263880843107262464
1263880852729204738
1263880873629360130
1263880915018756098
1263880917984006144
1263880918487322624
1263880927043883018
1263880946379567112
1263880976276418561
1263880987806625792
1263881007159283712
1263881179079553024
1263881359488999424
1263881361175318530
1263881546412355589
1263881683775877120
1263881724318097409
1263881732517883904
1263881821319647232
1263881919034388482
1263881926022254592
1263881963246665730
1263882054221000705
1263882107752857600
1263882125008424965
1263882159787405312
1263882309142544384
1263882409394626561
1263882581205856257
1263882685581160449
1263882761355444224
1263882845317021696
1263882890971975681
1263882931124105221
1263882936618586112
1263882941253292037
1263882996559446016
1263883013185630210
1263883016633344002
1263883175836745733
1263883284703920128
1263883424563032064
1263883460881469441
1263883964634316800
1263883980618653697
1263884006019362817
1263884113921990656
1263884193077039104
1263884435994193920
1263884476045647872
1263884494748049408
1263884658774650880
1263884723060948992
1263884724277297153
1263884769437212679
1263884789611782146
1263884828409081857
1263884856112476161
1263884910529589251
1263884911032721408
1263885036169957376
1263885103417049089
1263885133452439552
1263885250259636224
1263885281129889792
1263885284724244480
1263885302021709826
1263885351698878470
1263885389644759041
1263885471349739520
1263885492375846917
1263885517818482688
1263885564270407681
1263885650459348992
1263885711893118976
1263885752171028480
1263885967032676353
1263886015816597505
1263886055599681536
1263886384739147776
1263886437759488003
1263886450245824514
1263886475512344576
1263886492255924225
1263886736230363140
1263886802596909058
1263886918506344448
1263886945140322304
1263886955743305729
1263887000412647424
1263887007035658247
1263887029152157696
1263887281057943553
1263887364402880512
1263887420011020289
1263887424725241861
1263887582363963392
1263887730032783361
1263887805609992193
1263887971297775618
1263888157835067393
1263888172615778304
1263888234381078529
1263888326492217346
1263888443496529921
1263888654323167232
1263888660627197952
1263888669045215232
1263888722438680576
1263888724883992576
1263888740407107584
1263888904123383809
1263889251931848705
1263889273788313600
1263889321683111936
1263889386652876800
1263889390750691328
1263889432639397888
1263889513329418241
1263889844754886659
1263889925453144064
1263889976221151233
1263890014619856896
1263890047079596033
1263890073998684160
1263890618331340800
1263891077544636421
1263891083064311808
1263891136847867904
1263891417258012672
1263891481422524416
1263891570014556160
1263891621419945984
1263891624590860289
1263891684426842117
1263891720481247234
1263891740660039681
1263891889083740160
1263891940325515264
1263892128389836800
1263892154247716865
1263892207247003648
1263892254353010689
1263892353808388096
1263892816779857920
1263892834010099712
1263892864943063040
1263892901613826048
1263892979170697216
1263893015980015621
1263893312563326977
1263893473792421889
1263893542285410305
1263893609918746624
1263893707092226049
1263893770707144704
1263893968019812352
1263894009837125633
1263894028392648704
1263894289165070337
1263894539296628736
1263894605893824515
1263894622155223041
1263894725418868742
1263894734776307712
1263894746180640768
1263894912447078401
1263894954167992322
1263894990570192896
1263895023944232963
1263895170354823168
1263895493643571202
1263895776440147968
1263895782027034631
1263895848368439296
1263895924201254912
1263895984376954880
1263896090748706816
1263896108855521280
1263896162341285888
1263896245606760448
1263896606685884416
1263896716182302720
1263896885313536002
1263896963508064263
1263897010739884032
1263897387023687682
1263897497832878081
1263898255710175239
1263898260126625794
1263898276912230400
1263898349603663872
1263898381438513153
1263898420189622272
1263898483607482369
1263898493300510720
1263898823501344768
1263898891381948417
1263899309998735361
1263899313140359168
1263899967376130050
1263900117234581504
1263900245135507461
1263900326786224128
1263900678138630144
1263900737773305857
1263900909328728064
1263901088698130432
1263901176820449280
1263901324883619840
1263901809757716480
1263902087299006464
1263902326630342658
1263902479139221504
1263902590472867840
1263902592444141568
1263902611004100608
1263902770916208640
1263902794269900802
1263902980383932422
1263903101305581569
1263903243471552517
1263903509621202947
1263903692702519297
1263904064196055040
1263904655580385281
1263904711482183685
1263904816826384388
1263904862804291594
1263904870156861440
1263905016231804928
1263905151116443648
1263905183605690368
1263905416389394432
1263906548037844993
1263906663762976771
1263907571712262144
1263907635910176768
1263908724076232704
1263909419022192647
1263909590015639553
1263910123686133760
1263910261125263361
1263911159687610368
1263911305435418625
1263911549522984960
1263913355384848384
1263914732739690496
1263916706323292160
1263917517325701120
1263918318898970624
1263918450361069568
1263918711569698816
1263921640007774208
1263921643820179456
1263921887786045440
1263922303185780736
1263922557817769984
1263922848713846792
1263923345634086913
1263925666053009408
1263926007167254528
1263926007360139265
1263926235903799296
1263926406960099328
1263927478084665344
1263927498817093633
1263927992373436416
1263928325128417280
1263928591877799936
1263928593400377345
1263928637700616201
1263930577838911490
1263931816102236160
1263931884481863680
1263933936645914624
1263934016664662017
1263934305773826049
1263936141318914051
1263936398773465089
1263937097909633026
1263937157787455489
1263937424876593153
1263937483475165186
1263938168685985798
1263938359048564737
1263939325009498112
1263939479984672768
1263939909313691648
1263940130483474432
1263941212479741953
1263942390752202757
1263942935134916608
1263944415669714949
1263945026524131328
1263946781085167618
1263948692089786368
1263949432547991552
1263950032979529743
1263952117041180675
1263953020649271297
1263953261305856000
1263953303366295552
1263954379452772352
1263955051514642433
1263955809005793282
1263956042032934912
1263958059145199616
1263959124775231490
1263960514356363264
1263962963653750784
1263962984453337088
1263963070327476224
1263963132256415744
1263963930411429889
1263964146258739201
1263964701995659266
1263965943547355136
1263967001992556544
1263967173321646082
1263967808406290432
1263969332339421184
1263970046927425536
1263970414516072449
1263972013401468928
1263973236053688320
1263974121530028032
1263974622585913344
1263975649758363650
1263975656427266053
1263975678082514958
1263975707866206209
1263975747049476103
1263975800992382976
1263975809888518146
1263975850443264001
1263975851680583681
1263975860006199300
1263977153151959041
1263982466764886016
1263983195923587073
1263983670014156805
1263984059677642754
1263984145761435653
1263985683024293894
1263986047836250112
1263986377080832002
1263986435524362241
1263987131535355904
1263987606938767360
1263988745931419649
1263988900374048769
1263989026006024192
1263989631294603264
1263991102681444352
1263991217173540864
1263991540764020737
1263991920235352070
1263992302340620293
1263992393654833160
1263992522994380800
1263992707338272771
1263992774535327746
1263993709420351488
1263993746519195653
1263994203421454337
1263994213122715648
1263994221586984960
1263994405834207233
1263994495160463363
1263994728967819268
1263995284352163842
1263995607217328128
1263997159835344897
1263998410245406721
1263999197071671296
1263999211390922752
1263999316890251269
1263999591709413377
1263999696214781952
1264002047667392512
1264002076817756161
1264002093880356869
1264002345433784322
1264002411137388544
1264002484902563841
1264002951334359040
1264003046540865537
1264003395104337920
1264003792002887681
1264004374818254849
1264004424898412545
1264004868013912067
1264005041448460294
1264005144972148736
1264005175011729408
1264005223581913094
1264005364917231616
1264005588268183552
1264005842807865344
1264006293867511808
1264006491033309185
1264006700132184069
1264006889982984192
1264006936883638273
1264007441680924673
1264008227127201794
1264009414085763072
1264009923882598402
1264010400988708865
1264010476809146369
1264010534178848769
1264011154168279046
1264011203350654977
1264012849619193856
1264012903188852739
1264012914454695937
1264012938181935104
1264013249764192257
1264013367590531073
1264013376356675584
1264013404701814785
1264013576525791236
1264013805245231104
1264014222700146690
1264014266895495168
1264014667782828032
1264014823911636993
1264015123997474822
1264015124412502016
1264015225004515328
1264015397168136192
1264015524641386496
1264015565229678592
1264015579054145536
1264015856591187970
1264015966683480064
1264016011734343681
1264016382837964801
1264016521153720321
1264016527331753989
1264016699914719232
1264016756785377281
1264016803593773056
1264016815094501376
1264016826427518977
1264016861445779458
1264017061006712832
1264017062772367368
1264017302363594752
1264017640705552384
1264017728538415104
1264018087105277953
1264018467075657728
1264018585829007361
1264018614316748800
1264018826003243008
1264018928008753152
1264019137845755909
1264020058784911366
1264020235264221184
1264020391518801920
1264020610222563328
1264021150289420289
1264021456612020224
1264024465442140160
1264024471985250306
1264024661337112576
1264024764424716288
1264025572532826114
1264025629336338432
1264025866553573376
1264026475327451138
1264026494092718080
1264026576561115136
1264026603710894080
1264026741732859905
1264026868769894402
1264026898348363778
1264026912457846784
1264027215920070657
1264027873347764231
1264027987785252869
1264028013655666699
1264028197601136641
1264028386139213824
1264028898561609734
1264029753805176833
1264030281952038912
1264030286494314496
1264030758664011776
1264030795661885443
1264030908081778688
1264031036461191168
1264031060481859584
1264031642605154309
1264031999569694720
1264033394737938433
1264033738238894080
1264033772732919808
1264033862155268096
1264034509931986944
1264035100682940416
1264035615659589632
1264035965296762880
1264036266250829827
1264036663564529664
1264036750227394561
1264037224347303938
1264038879042174980
1264039123612024832
1264039545420439552
1264039838543761408
1264039984421453824
1264040170136821760
1264040691312672768
1264041056548425728
1264041179277979650
1264042095284588545
1264042201543135232
1264042301665374212
1264043133513289728
1264043235434876929
1264043598942621696
1264043819877662720
1264043993609891840
1264044443738320896
1264045407895724033
1264046302607798274
1264046770524471297
1264046773061861376
1264047522051321856
1264047538644160512
1264048557696270338
1264048891546271744
1264049801425039367
1264050224751710208
1264050237179457536
1264050512984371200
1264051978830675975
1264052047160229888
1264052181201633281
1264052226403659777
1264052532319416320
1264053181664784386
1264053279505281027
1264054144500764672
1264054420419084290
1264054475934838784
1264054948427251712
1264055821542940674
1264055869659951104
1264056019245645825
1264056074211979265
1264056173197549568
1264057340241694720
1264057467681398785
1264057857533607937
1264058449786138625
1264059043531771904
1264060537119227904
1264060626730508288
1264060645470662659
1264060876971053056
1264060972488105985
1264061240105558016
1264061510315208704
1264061862980681728
1264062550053961728
1264062632409001985
1264062770208632836
1264063792004112385
1264064778898673665
1264065052870610944
1264065197272006657
1264065344970211330
1264065742665728000
1264067022058643456
1264067368713478144
1264067588104974336
1264067610754326535
1264069887304990720
1264070487962984448
1264070491028897792
1264070503829889024
1264071087387602945
1264071181776367617
1264071508277616640
1264071694257238017
1264073152180531201
1264073626892021765
1264073989418127361
1264074212928442370
1264075328521150464
1264075875177226240
1264076552720932864
1264077494124195840
1264077495701327872
1264077859095789569
1264078536970694656
1264079577938145281
1264079727477678080
1264080546499448832
1264081208792813568
1264081220780068864
1264081243613749249
1264081661282512896
1264082182605242370
1264082234442608640
1264082423056338945
1264082813671944199
1264082848958410759
1264083246326755329
1264083540250996736
1264083616394383361
1264083653375561729
1264083674170941440
1264083797026324480
1264083864793710594
1264084037397655552
1264084545676161029
1264084844839006208
1264086435445059585
1264089995985354754
1264090034321293312
1264090102671630339
1264090279403028481
1264092207251771393
1264092655757164544
1264092861563375618
1264093390276198401
1264094516492947457
1264094582263787520
1264096402835042304
1264096487052644352
1264096487744700416
1264096956730630144
1264097239229759495
1264097294082691074
1264098837653680128
1264099322351595521
1264099604309532674
1264103776769671168
1264103900988276737
1264105532727705611
1264106225865719809
1264108145648922624
1264108171163054081
1264108969330647041
1264109092697591809
1264109273510039552
1264111203019866112
1264111364101910530
1264112302208385024
1264112397960110080
1264113730243026946
1264118928336453633
1264120715407577088
1264124763150008320
1264125584273113089
1264127768033402880
1264131729389793281
1264132760245018626
1264133363469713408
1264134789549961216
1264134940964401152
1264134952075046912
1264135053904412673
1264136513652166656
1264137230844489728
1264142789459111937
1264148601523109889
1264150606811410438
1264150928355033089
1264150980066713601
1264154547309559808
1264154583992987648
1264155296164798465
1264160093655965697
1264164384483561477
1264165164112211968
1264167707479425027
1264171838889791489
1264172137415421959
1264172886174035968
1264175629177683969
1264177203803303942
1264177228453236736
1264177577716969472
1264179792628396032
1264181807404257281
1264182631937142784
1264184110907641856
1264184376507731968
1264184457906606080
1264184477665951744
1264186890430939136
1264189989895540738
1264193993304391680
1264194013403516929
1264199912293613568
1264201359726796800
1264201484503101440
1264202067586846721
1264203002052837376
1264203272086097920
1264203393192456194
1264204114344345601
1264208988687630336
1264209052327796739
1264209731591143424
1264210258546704385
1264212871384203270
1264213048471912449
1264218263694618624
1264220195192811520
1264225265749811200
1264226809043996675
1264228886579220486
1264229923587149826
1264232328966148105
1264233541006589958
1264241011661963268
1264247092425314304
1264249072044527616
1264249089127899136
1264251425837600773
1264253029164806144
1264253946840838144
1264255860697530368
1264255910018351109
1264255987738767360
1264258160124026880
1264258554371796993
1264259287255142402
1264259311347232768
1264259909912104962
1264261812545032198
1264261831276756994
1264263824519180289
1264294033733582851
1264294592784076800
1264304849685897216
1264305620196511746
1264331952267554816
1264335358109646848
1264335375604027397
1264335450782806016
1264337952668336129
1264349234045702144
1264349319471091713
1264353308627460096
1264358271919349761
1264361595964014592
1264371117113761792
1264371694191468554
1264372587733192704
1264373861618860032
1264376739800797184
1264383077456834560
1264383511454072832
1264384587221925889
1264387595942809600
1264390343925084160
1264393186350227456
1264395095207317505
1264400403422011397
1264401490711474177
1264422909524746240
1264423756988067841
1264432931054817280
1264434065077239809
1264435712553889792
1264435889725456385
1264436344778108928
1264440960664039428
1264444551516708866
1264444559007809536
1264444727559983104
1264444826713497600
1264461021940346880
1264462529746685952
1264465193561739264
1264465230408626177
1264465286905966607
1264465394225610753
1264472737596076032
1264477705497706509
1264478337637867520
1264481377933721600
1264481447777374209
1264481465854763008
1264488119161679873
1264490862706376705
1264495747908513794
1264506354749882368
1264507052983975943
1264511889767231489
1264512493516238848
1264512524826800128
1264519851327975424
1264524936674021386
1264526039788601344
1264526961574985728
1264539976860987392
1264546157600165888
1264547635127599104
1264548180714123264
1264561684330528772
1264588692359917568
1264611502876700672
1264611514784403456
1264612039529582593
1264624987513565190
1264653720035504128
1264684939204689922
1264729708224114688
1264731119569604610
1264764734097612801
1264764937970188293
1264781980480274433
1264834442637586433
1264851185242005509
1264872279772549121
1264959427955896321
1264985175177322499
1265134223431630849
1265165724860903426
1265227218596302849
1265268774787137536
1265268788921896963
1265518844833120260
1266195611147091970
1266195708182319104
1266916508401352704
1267316344136949761
1267394472343506944
1267726150987476993
1269554517512581121
1269626535075614720
1276928022105305088
1279847248776425474
1280041573619609601
1285048649592922112
1285048954128928774
