id
1242528716770566144
1242527977637679104
1242520724230696961
1242509564156817409
1242720025733021697
1242682227944599552
1242610506017300481
1245009931712921600
1245607364918530049
1245607219367792640
1268797362069266434
1244487764806008832
1242760292745875458
1242515567979814913
1242494491447025671
1242467438005903360
1242461886907420673
1242460470046363648
1242409095484682241
1242353751324835840
1242352353828839424
1242351875564777472
1242348485862539266
1242644100085460992
1242565209354424320
1242560150348546048
1242507146148773893
1242485281539801088
1242450640271331330
1242444659172859906
1242442016094425089
1242440868977655808
1242436891938447360
1242432959275085824
1242430150538600449
1242404268293754880
1242370929164013573
1242351163644600320
1242349746296999936
1242349214228598784
1242342529665646592
1242337440058060800
1242856150724313089
1242855757361496065
1242513589404979206
1242512318342156289
1242510267939844096
1242508317995331584
1242508063854055425
1242508011249139712
1242507951711141890
1242507941917278208
1242507909797302272
1242507896425811969
1242506602520801282
1242502276742148096
1242501828199112706
1242500673037422592
1242500435144896512
1242500258933817344
1242500254487830529
1242500111604649985
1242499349709344768
1242499082469249024
1242497656011669504
1242494612834357249
1242494510288064515
1242494334429057024
1242491533753864195
1242491362550763523
1242491006563389440
1242490582728990727
1242490544896585731
1242489820384907265
1242486175652147207
1242484648946495492
1242484304611024897
1242482377298833410
1242481729018851328
1242481442157776898
1242480856402255876
1242480660897398787
1242480618627166209
1242478583706050575
1242478245594841093
1242478187931566080
1242477726847533057
1242477599462273031
1242477410206879745
1242476433449947136
1242475226551562240
1242474927950708736
1242474348184649728
1242473233363787777
1242472756999892995
1242472575394967559
1242472524954226695
1242472173840695296
1242471982387453953
1242470395023724544
1242470167491145728
1242470137216851969
1242469641798086658
1242469053895045120
1242468659479502849
1242467965385101312
1242466850396487690
1242465866828013569
1242465797315784711
1242465145743261697
1242465132929634308
1242464428605329412
1242464335022051330
1242463434043580422
1242462946292166658
1242462874590535682
1242462838582464513
1242462779065290752
1242462748337790976
1242462305465454593
1242462141480747011
1242462115899691008
1242461831635046403
1242461258068021248
1242461168502894592
1242460846506164224
1242460022564704265
1242459757442629633
1242459712110592000
1242458802756042752
1242458479979200512
1242458350958317570
1242457569030836224
1242457553549705216
1242457532687360001
1242457070713974784
1242456785002180608
1242456304028803073
1242455886632607745
1242454745895202819
1242449554064248832
1242449458144542720
1242448781724930048
1242447511345704965
1242446594353422336
1242446117377175552
1242444793130536961
1242444581800529922
1242444551018680320
1242444525496303619
1242444488066334720
1242442880976748544
1242442769672462342
1242442395699953670
1242442229437755393
1242441654331559936
1242439247220613126
1242438938444398600
1242438728628334592
1242438329259438080
1242437923821064193
1242437613677473793
1242436974356492289
1242436499792003074
1242436304253550593
1242435235142201346
1242434978698293248
1242434148460924929
1242434130710654977
1242433883360067588
1242432670698573824
1242430139302121472
1242429341016842241
1242428905018888193
1242427529287237632
1242426813629911042
1242426763487006724
1242426521802817536
1242426077399535616
1242425936143724544
1242425832263405568
1242425620035801088
1242425499327987713
1242424872908668928
1242424738254741504
1242424520746598400
1242424225144676353
1242423580861722624
1242420806245691394
1242420761739972608
1242420377252286467
1242420204799275008
1242419932270227458
1242419192793452545
1242419047108509698
1242418742358765568
1242418651304583168
1242418030920925186
1242418002429005825
1242417239959068672
1242417021188362245
1242416368273612800
1242416117273903106
1242415912713519105
1242415430548860929
1242414276679106562
1242413526045454340
1242413510140674049
1242412358405722112
1242412210904633344
1242411980478013440
1242411876010455042
1242411785040179200
1242411621797875712
1242411593494757376
1242411583218704385
1242411464599547907
1242411358156537860
1242410892345643009
1242410601487294464
1242410356758044672
1242410279176110082
1242410221391265797
1242410139598102528
1242410093251047426
1242410011554246656
1242409701582626826
1242409646066765825
1242409515779325955
1242409313819394049
1242408313247023105
1242408257861214208
1242394517271126016
1242394340179103744
1242393945151135744
1242393778767294464
1242393628431048704
1242392901495083008
1242392317878652929
1242392122684313600
1242391841510584326
1242390813604302849
1242390589028610049
1242390425563955200
1242389347145363456
1242388992915464197
1242388340462116864
1242388297139122176
1242388184241074177
1242388035712344064
1242386977174851585
1242386834660835328
1242385771891318784
1242385732259340288
1242385611329163266
1242385364745990145
1242384503143710721
1242384212012875777
1242384202198212612
1242383795145203712
1242382583117180933
1242382467505557505
1242381832420610050
1242381704783790080
1242381396875886593
1242381395508359173
1242381367989530624
1242381307994411008
1242381261051547650
1242381195544948736
1242381173520621569
1242381057803993088
1242380810432303104
1242380499558862850
1242380484002205698
1242380363508248576
1242378995099791360
1242378658515476480
1242377230400942081
1242377167461208065
1242376659572948995
1242376485584769024
1242376055723134976
1242376028032364544
1242373372471840768
1242373348602109953
1242373009911898112
1242372948716957696
1242372768164753408
1242372647012294656
1242372545061351424
1242371890158551040
1242371694779457536
1242371647413399552
1242371633219653632
1242371411961733120
1242370949531328512
1242370587302883329
1242370376686088192
1242370043142230016
1242369985143377920
1242369979929911297
1242369823754969091
1242369691009429505
1242368822482333696
1242368176807006213
1242368169932541952
1242368057856520192
1242368022662262784
1242367899098112001
1242367793321791488
1242367019212632064
1242367013755842560
1242366653288964098
1242366637891825666
1242364940800929792
1242364616241340416
1242364039004426240
1242364038169767936
1242363714453430274
1242363372978335745
1242363134955778048
1242363046367911936
1242363024993746944
1242362723024818176
1242362470699655168
1242361470039420928
1242361348391972864
1242361212379119618
1242360732340989952
1242358664662601729
1242357920894873600
1242357214926401542
1242356069956849664
1242355917212925953
1242355135738785792
1242353734518050817
1242353479135293440
1242353139090690048
1242353063618170880
1242352211650215936
1242350717207072769
1242350426281758720
1242348220971245568
1242347400263389185
1242347264418279424
1242346879238586368
1242346852810256384
1242346832094588928
1242346792911421440
1242346356758306816
1242344970926710784
1242344760783716352
1242344341785292801
1242344047118712833
1242343780604186624
1242343430329495552
1242343328412094464
1242343217674084354
1242343180936171525
1242343037503565824
1242343031967076352
1242342976744873984
1242342741775749120
1242342603229499392
1242341629954002946
1242341557832830981
1242341391126020096
1242341283139424258
1242340747145351170
1242340620535869440
1242340342487080960
1242340113394237440
1242339834082897921
1242339755376824322
1242339609196937216
1242339590993633280
1242339563453939712
1242339472793931782
1242339318368092162
1242339028155785216
1242339008237072384
1242338864405995521
1242338828339146752
1242338594360045569
1242338454693908481
1242338153081364480
1242338111385817088
1242337912705781760
1242337515261980674
1242337506583916549
1242337012373323776
1242336805233414144
1242335446140481537
1242335108398346240
1242335070880292864
1242335026580090880
1242334999774244870
1242334993960976386
1242334529450369025
1242334338630463489
1242333758977523712
1242332635549978625
1242332307861565440
1242331654376603649
1242330538536394753
1242330215851986944
1242329806085087233
1242329668365299712
1242329048312733696
1242328665024688130
1242328639670108160
1242328614365876224
1242328577279844352
1242328530286977025
1242328495209897985
1242328184634425344
1242327994225569798
1242327511746220032
1242327229503176707
1242327179976835072
1242326867962548224
1242326516228222977
1242326391841906688
1242323925968642049
1242323660288843776
1242323599530143744
1242323555427078147
1242323533671223297
1242323517456048129
1242322908568932353
1242322501994262528
1242322258929958912
1242321934722822149
1242321714635104256
1242321510502522880
1242321478722314240
1242321443217498113
1242321411470815233
1242321362410074112
1242321276619767808
1242320984323088384
1242320019763220485
1242319477804429313
1242319431696408576
1242319252419313664
1242319228864065536
1242319184450572289
1242319004615593984
1242318752433057792
1242317687193137152
1242317535816515584
1242315522923851776
1242314836807012352
1242313320037679105
1242313140634669056
1242311214195081217
1242310177337905152
1242309543398268928
1242308927414558721
1242308891137855488
1242303346536411138
1242301246242869248
1242290819907776513
1242290624818184198
1242283603444125700
1242271777524518912
1242270677773758465
1242268131684306945
1242267874565083136
1242265472331943937
1242750896993218560
1242711752174751744
1242709166264741890
1242709114829934592
1242709101034885127
1242709079652360192
1242709038342660097
1242708901297938433
1242708864241295361
1242708838467289093
1242701041864302592
1242697627575017473
1242697568540184577
1242697540614553601
1242697523409518592
1242697266562920448
1242697115517595649
1242696977311096834
1242696937133895681
1242696751871455232
1242696702252867584
1242690323727306754
1242659039051272193
1242639417036029953
1242615596476272640
1243146830491168769
1243040314035564544
1242483801076273152
1242477558433644545
1242475548195958786
1242472738414923776
1242466045408849922
1242465671625060356
1242465342661652483
1242465197568061441
1242464955477020672
1242464780968849408
1242463961896767494
1242463581439815680
1242462849839984641
1242462229829545985
1242461897535795201
1242461671899017218
1242460874113257473
1242460212633538561
1242458064424439813
1242414761997819904
1242398042482970625
1242397421642174465
1242395841299484672
1242385556975128576
1242367621712003072
1242356301968990208
1242335693948350465
1242328561651863552
1242328259896864768
1242327484839776257
1242319031861784577
1242317373119447041
1242317005048270849
1242316388540116992
1242316048105275392
1242315017992589313
1242310730159927297
1242299280095756289
1242283951441379329
1242500491126415361
1242499398006956034
1242496998525239297
1242491641014784002
1242491364123774977
1242489847584972806
1242468743361392640
1242467815845539840
1242467740511653890
1242467202613182466
1242467124242595841
1242467028310454276
1242466888443019264
1242466168083898375
1242464937760309250
1242457695476764679
1242453378921160704
1242450815777771520
1242450570222252035
1242447426381733889
1242440187591835648
1242411892477317120
1242410928252968961
1242410487561633794
1242405877799194626
1242404090673426435
1242399046473416704
1242379424906899456
1242370710854459395
1242367742717472775
1242365205478166528
1242362992970199040
1242359285482278912
1242358335380176902
1242355876217925633
1242355825886154753
1242355722932764683
1242350830532964353
1242349820456529922
1242337210814193669
1242333742787510273
1242329962855583744
1242329518829785088
1242328076085690369
1242327434206167043
1242324179224936449
1242303368938176512
1242294961590026241
1242291128893730817
1242275496051666944
1242273707105517569
1242269854486298624
1242269728367763457
1242267573321756673
1242267438483304449
1242267325618737157
1242266620048760833
1242266519200886785
1242490821091274753
1242490542857936897
1242489804798840835
1242489589492637699
1242489410244898818
1242489321476640768
1242489273950978048
1242487744229597185
1242487417849831426
1242486296204832774
1242485914854539264
1242485440889810945
1242485165412114437
1242484549021364226
1242481781724471297
1242480288699047938
1242479905809391618
1242479848087375872
1242479258762526731
1242479148674646025
1242478389627240452
1242477561768062976
1242475311607889922
1242475292494417922
1242475020783218690
1242473548855181312
1242473357137731585
1242470650469482499
1242469515922796544
1242709226079653888
1242697688329506822
1242630804599013376
1242468638029832194
1242467945613103104
1242465576091435011
1242459131807744002
1242456821505200128
1242450995134607361
1242450976511913984
1242449847124242433
1242448791564763137
1242442584598835203
1242430327059927040
1242416059979710464
1242412316831801344
1243059198142730240
1243049958699229184
1243464154440056832
1243454774558617600
1243419973751410692
1243368813078306816
1243934738005413888
1244876990567444480
1242355779006427136
1242354810055061510
1242322039542710272
1242262129819955201
1242709132404088833
1242709068063444992
1242709051873488896
1242462295252283392
1242462268723548165
1242461977613484032
1242439793335664640
1242380432374501379
1242379537037406209
1242379497875238915
1242379418883878912
1242379339250823170
1242379243679432704
1243113029824212994
1242697597111824384
1242697503205543937
1242697339992551424
1243169782343462913
1242345964427341824
1242332026994212865
1242317510566793219
1242307570968047618
1242268458269593600
1242875725587210240
1242417827048501249
1242391012783173635
1242319412243222528
1242461449236041730
1242550295130828800
1242548511788290048
1242543634718658560
1242525628479356929
1242492644569124864
1242460148985184256
1242282734761865220
1242272135172636672
1246265383016894464
1246264602171568128
1246262672569425921
1242525436745318405
1242523769794514945
1242523224799232001
1242511755340689408
1242509443742351361
1242505819993698305
1242503327125929984
1242499844523954176
1242496205692628992
1242496154664755201
1242494581108690946
1242493714834096128
1242493507090055168
1242487987545333761
1242484519954821123
1242484461595283463
1242470225230036999
1242468437818896388
1242463975419211777
1242461772868513792
1242707337116295168
1242700692873039873
1242669581807710209
1242634785903857667
1242966500828262401
1243509283620368384
1242531406758084608
1242524423472713728
1242509568300716036
1242503091536027653
1242501692895064064
1242498111970271232
1242496383812161536
1242496256829607936
1242496083927810049
1242495969779802112
1242490195699585024
1242490093438296064
1242489789296726016
1242489410718846981
1242484547603709952
1242479351066587137
1242478949340295170
1242478149339734019
1242458161975623680
1242452285076066305
1242438991540035601
1242438575439790080
1242421343963869185
1242415937938018304
1242415660967190528
1242413406440677376
1242374662480203777
1242372524618346496
1242819404032688128
1242669834023735297
1243039987622227968
1243039966868819973
1243039952704663553
1243039940130177024
1243039928658743297
1243039913383100418
1243039900754051072
1243039889492291584
1248891356384120833
1242595486361505793
1242574580952076288
1242538754734084096
1242531255440134146
1242531243989676032
1242530838270455808
1242340426222170114
1242579742450049024
1242532011962589184
1242531722563997697
1242531463934828549
1242524657011458048
1242524213090476034
1242512974012534784
1242508052156149760
1242508044002406400
1242501590713393153
1242501205634322433
1242500737633898497
1242500401963741186
1242499678890946560
1242498869818261508
1242498760116064256
1242498417474994178
1242498410558697473
1242498254001983488
1242498126100889605
1242498028625264640
1242497641235329032
1242497419339657216
1242497057228754948
1242496906783154181
1242496263133597696
1242496127645011970
1242493965439504385
1242492670708027392
1242492385575092224
1242491662854586368
1242491440833236992
1242489816723292161
1242488636022468608
1242487315248758789
1242487087296917504
1242487005625409538
1242486834862514177
1242485617390317573
1242484634396397569
1242481249865760768
1242479356317843456
1242478461605699593
1242478387530063872
1242477706123415559
1242477338509455365
1242474035935494144
1242473558279782402
1242472521783369731
1242472049085308932
1242470096716484608
1242468787456077827
1242468417724018688
1242467839224582144
1242465964664348674
1242465588787609601
1242465238827450368
1242464828905541642
1242464753684869122
1242464531671953412
1242464060551000070
1242462393721995267
1242461417401434112
1242461274568458242
1242460975841738755
1242460487125741568
1242459779131478019
1242457537926049792
1242456060557811715
1242454942796984324
1242454909355606016
1242453988865269762
1242452795380260870
1242452518065627136
1242450974968401926
1242449897632063488
1242448900553752576
1242447306399420417
1242444025530945536
1242441289993338884
1242438457634545668
1242437830724292608
1242437418252292097
1242436553512611840
1242435125394038785
1242433234815692800
1242432517401018369
1242431380706873344
1242431185826877441
1242430478667272192
1242429554020376582
1242428321301848065
1242422761680547841
1242421986287955968
1242420957139988481
1242420550569545728
1242420392209207296
1242419732394860545
1242418889100689408
1242418846557863944
1242418241751805952
1242417178264997890
1242416471189356544
1242415103569326080
1242413880833433601
1242412507685195776
1242412386125930497
1242412162833731587
1242411060465823744
1242410024602755075
1242409960698339328
1242409824379260928
1242409586772017152
1242409427493195776
1242409099490250752
1242408958947520512
1242408708799254529
1242406616751734784
1242404915554607105
1242402762958049280
1242399291378823168
1242399218234343427
1242398905649606658
1242398831112667137
1242398311857844225
1242398292996055040
1242397460648955904
1242396794648006657
1242396768030953473
1242390856516218880
1242390398858932224
1242386068474712064
1242385918310273024
1242385490596073472
1242385365979164673
1242384843926679552
1242384539973910528
1242383389497290752
1242381319927001089
1242376623070027781
1242373441707102209
1242373137624252417
1242372908476817408
1242370547901591553
1242364151042699264
1242363966912753664
1242361482404171777
1242361357686558720
1242357505922961408
1242356581401948161
1242356508714663937
1242356437918945280
1242356390238105603
1242353597683097605
1242352176229257216
1242351513491701765
1242350954273361921
1242350126623911938
1242348809155301377
1242348628124913665
1242340564709732353
1242340480370671617
1242340322656399360
1242339878072807429
1242339775048278016
1242339511096315904
1242337192547979265
1242336534394630146
1242328872353316865
1242327742785282048
1242327512408920064
1242327494528618496
1242326802606911494
1242325992288301056
1242324529700950016
1242323690202656770
1242321024453971968
1242315128973869056
1242307168113545216
1242302234592866304
1242301412245200896
1242298356761690112
1242296777782390785
1242294630013521920
1242294450010767360
1242293715839750147
1242290037724774400
1242270700502581250
1242266342184509440
1242952425754914816
1242778361300058112
1242763950128652289
1242761250443952129
1242749745199644673
1242749236413784064
1242743015824748546
1242709018444845056
1242708673148796929
1242696635643088896
1242691843344797698
1242685489083105280
1242684241277636608
1242684232268312577
1242684225410576384
1242680158756016130
1242679602364870656
1242666788866781184
1242658081022136327
1242648841788125187
1242645184518582272
1242640784341348352
1242625838018736128
1243105500574535682
1242524491684687873
1242436708920107008
1242409710625550336
1242392530953465857
1242383203635101697
1242380823996710912
1242371972610150401
1242363877817339907
1242362462688514049
1242359285557813249
1242359062647300096
1242366311197339649
1242365857738534912
1242356069940121601
1242354204095602688
1242347710616756224
1242344105419501568
1242340854850715648
1242338678246014983
1242338265056694273
1242335724449329152
1242331864574164993
1242329813345435649
1242326554069225473
1242325846200709120
1242325833638805505
1242325653833175040
1242325150369869825
1242324097792503808
1242323486946648064
1242319581940559872
1242319572516007937
1242318614725677056
1242318360517304320
1242303810711650304
1242744007236521985
1242707284846710784
1242700870720147456
1242680686802157568
1242679624829562880
1242671725185101825
1242645951950413824
1242635318718685184
1242632027297296386
1242627276119789568
1242975985407950848
1242341152017113088
1242340009333555201
1242501088785436675
1242500412059439104
1242460405055840256
1242452789793415168
1242365479831760896
1242364751339913216
1242363150441144321
1242361560154009601
1242339370914340864
1242338508515098624
1242330395883925505
1242326546670469120
1242282614079148033
1242280526351753217
1242261347527581697
1242260124254613511
1242462558843310080
1242819610719563776
1242404356239937542
1242404279203139589
1242391034501271552
1242371136635039745
1242363392788025345
1242361073413419009
1242357355938897920
1242352270785671170
1242348670369951744
1242346051798892550
1242344629795725312
1242328868637167621
1242320118324948993
1242312772500652032
1242291378907828225
1242598020392407040
1242579355454197760
1242567806358437889
1242553375461261312
1242551777221693440
1242526774874877952
1242523433805713409
1242523177776898049
1242521137013112832
1242517768563380224
1242514145901068288
1242513600066908166
1242511893190684673
1242509424842821633
1242506892846362624
1242505538304262145
1242503130673057792
1242503102407659520
1242502069732294656
1242501330914045954
1242501242204508162
1242501055474274312
1242500287991971841
1242499882113314822
1242498475490545664
1242498008668762112
1242497778674044934
1242497352310509575
1242497189923844097
1242497041919434757
1242496999431081985
1242496717888487425
1242496669477822464
1242496041074581505
1242495148375719937
1242494778882674688
1242494294977470464
1242493496293908482
1242493323711074304
1242492451572473856
1242491549318971392
1255065130561236992
1255065027599642624
1255061831997063168
1255534815748726790
1255485618546716675
1255398615352332289
1255397732736516097
1255397730731556864
1255390720225132547
1255387414664826880
1255375200104984576
1255374246995517443
1255337302827716608
1255334556431011841
1255325923370586113
1255322705399885824
1255774521614716929
1256157487134240768
1256905982032195584
1257293093373718528
1258035086462554112
1258773747802177537
1259359796979007488
1288070995245518849
1287991196233560064
1242463129277091847
1242433353329987589
1242388542136832001
1242384683733626880
1242382351386075136
1242382057877073923
1242381922698809344
1242381749738336256
1242381542749433856
1242378523580362752
1242378238317322240
1242378062328524800
1242377975913308161
1242341401741819905
1242328223242833923
1242296805351723008
1242483655009685506
1242418184881348609
1242371139361366017
1242337257706516481
1242298610756141057
1242519390840471552
1242517682563330048
1242514702988648451
1242513944855494657
1242407382170427392
1242407081589624832
1242407011397951488
1242406741460967424
1242406392104804358
1242406361431826432
1242406291420508160
1242405741681684481
1242405239539609600
1242404228414373888
1242404226317209601
1242402753735012353
1242402748282179585
1242399613228703744
1242399556186198017
1242399452859490304
1242399099309060097
1242399016966471682
1242398475305639936
1242398419634667520
1242398224582758401
1242398069326352384
1242397959750168587
1242396371933466624
1242643288676421632
1242364975819059201
1242472373695049729
1242761395998879744
1242593044508979202
1242592939856891904
1242547213781401604
1242528274367963136
1242526617689141248
1242524790105096192
1242519497828753409
1242517923874238464
1242513330041794561
1242509934295572480
1242509745967136768
1242506225817808896
1242502856315265026
1242498662636244993
1242494458777616384
1242491711143600128
1242491473309749248
1242490837415522305
1242488299744182273
1242487881844682754
1242487813955678209
1242483949663686656
1242482064169017345
1242481502677372931
1242481325241536513
1242480504558858242
1242479006705844224
1242477131508015104
1242475816325222409
1242475662922747905
1242475041515700226
1242470353974095875
1242469325501370370
1242468732984643589
1242468430738944006
1242468356860473344
1242468202904350720
1242467258351276038
1242467060770148352
1242466604178264065
1242466511442173958
1242466393364168709
1242463053754462214
1242458309191503875
1242456276086317056
1242455674895904771
1242454152128557057
1242453700473311232
1242451702160093184
1242448886817406977
1242446966178459654
1242445977128030210
1242445904830857218
1242445853937111042
1242442784662937600
1242442193689645058
1242441043477495808
1242440664446464000
1242440213206568960
1242438614451027969
1242438100917178368
1242438065353707520
1242437975088066560
1242437192930045960
1242436561876037632
1242435804149870593
1242435650629988354
1242435352658210818
1242434535167389696
1242433914347511808
1242433895817043969
1242433564399915008
1242433352424017923
1242433116662304771
1242431655031144449
1242431177127952384
1242430876203413507
1242430685953982469
1242430669021564930
1242430164954275841
1242429757553139713
1242429396088000514
1242429277708025857
1242428430668320768
1242428218432315392
1242427258247057409
1242426334527107072
1242425661727182849
1242423705730461701
1242423409511788544
1242423184822919173
1242423139734179841
1242422947320598528
1242422825027166208
1242422802835218432
1242422288797937667
1242421966495047680
1242421701100490752
1242421590320508928
1242421211457400832
1242420598623440897
1242420593959383041
1242419709049319425
1242419622453735425
1242419504992284673
1242419257394089985
1242419226326908930
1242419193212858368
1242419187261136897
1242419050757619712
1242418826282557447
1242418775250485248
1242418665212932097
1242418548367953922
1242416983951327232
1242414532347084800
1242410340307988482
1242404211419041792
1242400983377793024
1242393392794832896
1242391996364288000
1242390767173349376
1242381867493408770
1242380534350639104
1242377135030820865
1242371234840498177
1242369051822678016
1242368844598874113
1242368743956566016
1242364270462943237
1242356695428296705
1242356672799969280
1242353195499712512
1242350535820206082
1242341598215598080
1242326913080688642
1242326408342286336
1242326393922285571
1242325828353970176
1242313820942422018
1242311040341135360
1242308193100783618
1242303686392442883
1242302986145038338
1242302744439840768
1242302743043133441
1242302083371425793
1242302082259881989
1242302018003144704
1242300797888557058
1242300089155997696
1242299961473032192
1242299948609069057
1242299631406428160
1242298701885759488
1242294123974897669
1242858482983825414
1242835493638696960
1242818466203045888
1242797457882230786
1242787998971744256
1242782133627674625
1242778086988320768
1242765521872777217
1242755526074621952
1242754649964175360
1242738300202311680
1242730666346696704
1242730498419384320
1242720232587718658
1242713957120356352
1242697235818782720
1242695243327102978
1242693611919048704
1242686799689875461
1242683913744429056
1242683328622256128
1242679467119525888
1242678024538951680
1242674470071853056
1242665740731166720
1242665425969659905
1242659480355160065
1242638891636502528
1242634219513233408
1242633720453943296
1242625778744991749
1242615859413057539
1243259164496814080
1243212419284918272
1243177231775490048
1243176240594300929
1243169425403990017
1243116907521126402
1243105659534467072
1242998428293984256
1243483779076849664
1243401169277292547
1243931086326915073
1243799806780162049
1244210316142989312
1242411856578236416
1242399410493022208
1242399181416759299
1242399156657745920
1242399104442855425
1242399039716384768
1242398946728628226
1242397349835452419
1242397314636902407
1242397230197116928
1242357406262157312
1242341995068010496
1242339449410711552
1242339228383449088
1242337656068960257
1242337585969557504
1242337431371710465
1242336931884584960
1242335910810669057
1242334321664339968
1242334213463879680
1242332819407253506
1242328044003418113
1242327848561459200
1242324680775626752
1242322890734718976
1242321494757294081
1242306440557027328
1242305964331524098
1242305914612273153
1242305524613308418
1242305219356057600
1242305037843349505
1242304995632037894
1242304843630272512
1242304592894767104
1242304221531099136
1242303847843778560
1242301779456315392
1242301648522764288
1242301467119271936
1242301362278477825
1242523921728950273
1242523335285542912
1242522472924106752
1242520540595646464
1242511378100838400
1242500147994456064
1242498594071928839
1242643723164381185
1242635345948106752
1242525932889337856
1242508029410463744
1242508021500125185
1242508010653487104
1242508002302685185
1242507992752246784
1242507971482927105
1242507961412407304
1242507890734166016
1242495691483578369
1242483797360349186
1242481585506504709
1242476088485228544
1242475143013609476
1242474912888963077
1242474250256019457
1242473597265821698
1242473228854898691
1242470940543311873
1242470018295586817
1242468938971111426
1242467786883887104
1242467637486968832
1242467492397645834
1242467442242158597
1242467394846482432
1242466403644362761
1242466254809485315
1242466002215915526
1242465825790914561
1242465557854613507
1242465156753285124
1242464956047437825
1242464442010353665
1242464172572463106
1242463670631690240
1242463668303880193
1242463611630452738
1242463533037543424
1242463192833388545
1242462919050190849
1242462889857843207
1242467561561673739
1242467029338058753
1242466565116686338
1242464047926132736
1242481707367845891
1242481396465012739
1242478531881259008
1242475778115133441
1242471999764455431
1242415431920439297
1242406308998856704
1242399257237131264
1242397572100018176
1242359195317325825
1242357585673515008
1242339198658416642
1242337615841394690
1242336934430568448
1242336804298096641
1242288894772539392
1242542010403368961
1242518812127158272
1242472328191066113
1242465050704502786
1242513249225990144
1242500728041562113
1242491594013458432
1242479506410991618
1242462500085358598
1242435425219817474
1242431359697575938
1242420192094781442
1242418541761982465
1242395141622697984
1242390508854542337
1242385147783077888
1242379933864701952
1242377831528587264
1242375385372708864
1242367322276261889
1242362629886103552
1242362466069180417
1242361119089389569
1242356759504621570
1242354030891819008
1242349250702262274
1242335722289254400
1242330193387065344
1242330061572734976
1242325319534575616
1242324067807457280
1242321621823770630
1242320361586176000
1242318445267562497
1242317420351516672
1242314675108208643
1242314626689200128
1242314430899040256
1242313947715231744
1242313232569651201
1242312939853381633
1242496648544059392
1242495256571957256
1242492253429313536
1242478438570549251
1242452086953881600
1242313907177271296
1242279923538001920
