id
1244415332116082688
1244425110875824131
1244425316430307329
1244428938681536513
1244429432963514369
1244430070237847552
1244431805727395840
1244434143556980737
1244434828885254144
1244438531482595328
1244438617419890689
1244440418009223168
1244443317418377217
1244443564848943105
1244443653071704065
1244443982727274496
1244445382639144961
1244445935020552193
1244446417956900864
1244447481297076224
1244447983002726400
1244449316401528832
1244449433393041408
1244450227072860160
1244450309675651072
1244450805144408064
1244452297754599424
1244452719047380993
1244453063730974720
1244453427163389952
1244453533178449921
1244453729044029440
1244453898242240513
1244453965405630465
1244454182654021637
1244454602759520256
1244454811883487233
1244454916153733120
1244455231972352000
1244455289056677888
1244455584381800448
1244455636798078976
1244455745564770304
1244456039639953408
1244456075522273280
1244456430561669120
1244456696828788737
1244457255673540608
1244457287558656000
1244457706053754880
1244457724806488064
1244457814346682368
1244457948539015168
1244458036413861888
1244458467592671232
1244458925363056641
1244459262203424768
1244459330629275651
1244459486690988032
1244459487932477440
1244460353016066049
1244460461128429568
1244460494825676803
1244460608440766464
1244460653575688197
1244461104643731456
1244461184096432129
1244462089797660674
1244462095996833794
1244462105333395457
1244464009127923712
1244464740539060224
1244464911725584384
1244464925738582016
1244465264604762113
1244465675843727360
1244465694265270274
1244465733049946113
1244465984578043905
1244466798478516224
1244466827926757376
1244467301291712512
1244467445487661057
1244467757237694464
1244468797106294785
1244468951029108741
1244469340461621249
1244469431930990595
1244469755781791747
1244470571062050818
1244470642335834114
1244470824309948417
1244470898628820994
1244471297700016129
1244471711044530176
1244471943245344768
1244472167531601921
1244472406611095554
1244472448038256640
1244472518200553472
1244472661498970114
1244473100927827969
1244473396269703169
1244473488900943873
1244473641045094400
1244474106923401217
1244474267309346817
1244474409261453317
1244474952717197317
1244475886067486720
1244475997279281152
1244476684776157185
1244476731798347776
1244477328341626880
1244478635295174656
1244479109972942848
1244480065334722562
1244480611181461504
1244480984810049537
1244481823045898240
1244482961082167297
1244487823597559808
1244488183644971009
1244488373424676865
1244488450834714625
1244488490609332225
1244488522758647813
1244488711930351616
1244488852091342849
1244489055318016000
1244490576050794496
1244490720070602752
1244490860831506432
1244491498072268801
1244491767136698368
1244492845110530048
1244493094050906112
1244493264750698496
1244493551259406337
1244493832990765057
1244494138227052556
1244494239209156613
1244494265649999872
1244495826669330433
1244496029585559553
1244496083390091264
1244496254115008512
1244496430548439041
1244497621235798016
1244498071456600067
1244499709668003841
1244500336892448768
1244500349542699014
1244500555315032064
1244502534317682691
1244502788622520320
1244503526367256576
1244503878231457792
1244504041423433728
1244504056674095105
1244504056917135360
1244504142762008576
1244504219245088768
1244504786164019200
1244505378437484544
1244505542833238017
1244506321619243013
1244506498174029824
1244506863451815938
1244506967789301764
1244507199675621376
1244507508678389761
1244507704619458570
1244508178370318336
1244508349082689539
1244508384675545089
1244508444582801408
1244508512316583936
1244508718747668483
1244508721016754177
1244508855645523968
1244508976039034880
1244509001879932928
1244509296806604800
1244509481276407808
1244509643243749377
1244509970160214017
1244509996412334080
1244510126876151810
1244510536361865216
1244511226706587649
1244511269786390528
1244511661714792448
1244512858227871745
1244513212806000640
1244514021786542081
1244514670565703680
1244515748917043201
1244516202933817346
1244516333078880259
1244516501509431298
1244516574674866176
1244516858369200129
1244517055753117697
1244517207721136128
1244517760748511232
1244517840285122562
1244517888318291968
1244518089317707776
1244518162772582400
1244518828190527490
1244519106440617986
1244519290667020289
1244519347193704448
1244519387958140928
1244519394262134784
1244519410389233666
1244519444996448257
1244519558615973894
1244519763918938112
1244519764510363651
1244519973348716544
1244519995352027136
1244520295160926208
1244520579903832066
1244520648954634241
1244521000139517954
1244521646599180288
1244522119137902592
1244522133692112897
1244523196704931840
1244523287167635459
1244524227534839808
1244524447568027649
1244524574688997376
1244525103976603649
1244525343748186112
1244528299495157760
1244529379608330241
1244529940160057345
1244530610606989313
1244530831911038976
1244531327275159552
1244531516148862977
1244531720872841216
1244531889219588096
1244532167880904705
1244532770304475136
1244533217631145986
1244533617855881216
1244534039089836032
1244534561045794816
1244534996750069760
1244535539811913728
1244535655251623938
1244536321986580482
1244537018807226368
1244537915243294725
1244538236061528064
1244538617080373250
1244538817953935361
1244539154727178241
1244539257013686272
1244539328551735298
1244539359891615744
1244539552783421440
1244539570349158400
1244539894896054272
1244540149553172480
1244540234986975232
1244541900721229825
1244542052240470017
1244542557352153088
1244542855026098176
1244542870461140993
1244543281188360192
1244543567193870336
1244543591260639238
1244545988137611264
1244545991761694720
1244547429464043520
1244548296879808515
1244549233069289474
1244549273771008000
1244549820242489345
1244549883102556160
1244550634881183744
1244550667278016514
1244551318896660483
1244552177877540865
1244553346305806336
1244553393713995776
1244554007877521409
1244554316922273793
1244554392025493505
1244555307067387911
1244555875714387968
1244556327260524544
1244556468986224641
1244557673388888064
1244557822437642240
1244558940395810818
1244559508921180160
1244559957871058946
1244560294396989440
1244561127742177280
1244561869559365637
1244561923451977728
1244565083285377024
1244565442766745600
1244565642566565890
1244566855127191552
1244567580599181312
1244567583862358018
1244569126359556096
1244569327212417024
1244569409399685122
1244569862434893825
1244570435951325190
1244570669456621569
1244570998923563010
1244571041000615936
1244571084189396993
1244571530400378881
1244571589716262912
1244571694255067136
1244571700735275008
1244572162846949378
1244572957688492034
1244573388946853897
1244573666735566849
1244573739024441347
1244573859614846976
1244575594932629504
1244575863535878146
1244575873010827270
1244576214909513728
1244577062075203584
1244577261795196928
1244577865233887233
1244578349172666368
1244578748587892736
1244578848424906754
1244579669266948098
1244580031092883456
1244580404360667136
1244580417820413954
1244580575253385216
1244580798084218880
1244580925570084866
1244580949184020480
1244581203530956807
1244581204696825856
1244581350528573445
1244581403506774016
1244581444132859910
1244581526567714817
1244581795292745730
1244582751975526402
1244582867818049536
1244583018653601793
1244583235893379074
1244583608569995266
1244583742502391816
1244583751826489344
1244584129632460802
1244584342636003329
1244584397971415041
1244584452497346560
1244584499960152064
1244584579823853568
1244584807960436736
1244584896175042565
1244585223536295936
1244585425215221760
1244585466969460737
1244585636847214593
1244587065951399938
1244587083760431106
1244587099325476864
1244587118870941699
1244587783781363712
1244588105757122560
1244588882064052226
1244589700305715201
1244590075658330112
1244590175876812800
1244590679809916929
1244590813641723904
1244590823569674240
1244590840892153859
1244591373979795457
1244591462089666563
1244591562207555585
1244591773013266432
1244591941326532611
1244592011438510082
1244592925956280320
1244593367368884225
1244593384192225280
1244593675247607809
1244594506004983811
1244594598472822784
1244594707025375233
1244594713400954881
1244594925490053120
1244595178855268353
1244595229702811648
1244595395444998144
1244595746596196352
1244595909280690176
1244596072242003968
1244596087127597056
1244596142291087360
1244596144895717376
1244596226453942272
1244596364291366913
1244596394658152448
1244596410525396992
1244596539822977026
1244596607242227715
1244596993101410305
1244597306877341696
1244598989783089158
1244599248584245248
1244599964266725377
1244600021758234624
1244600090368577538
1244600196702466048
1244602616748937217
1244603544587530241
1244603593614716932
1244604078816018433
1244605007497854976
1244605066125828097
1244605305310203904
1244605432183656453
1244605966542188545
1244605997911388161
1244606311725031424
1244607242369789953
1244608439591919618
1244608625198239744
1244609058973220864
1244610082228199425
1244610193108787205
1244610864180645890
1244611197036408832
1244611325289836545
1244611328968253445
1244611370126995463
1244611394017742850
1244612091933163520
1244612240914788352
1244612259667533824
1244612334208684033
1244612492480806915
1244612981880651777
1244613189041442816
1244613710867505152
1244613729653673985
1244614236161990662
1244614513640583171
1244615005162450944
1244615066600632320
1244615529475670016
1244618142233444353
1244618459033436163
1244619283193196545
1244619303414046722
1244619707052851201
1244619819959193600
1244620470491574284
1244620542046400512
1244620978887569408
1244623711480635393
1244623786474762240
1244623817475055617
1244623831555133441
1244624975643832320
1244625136440840193
1244625767717163008
1244625781902282752
1244625806833242112
1244625939662663686
1244627128773214209
1244628272266104832
1244629023491121158
1244629961631096833
1244630201025220612
1244630663820488705
1244631271524798465
1244632478419005441
1244633010588110848
1244634467009880065
1244634551198060544
1244634652238696451
1244635598125703168
1244636379251748865
1244636379461505024
1244636705254080517
1244636764423086080
1244637145416884225
1244637173304799233
1244638254176976897
1244639287607300102
1244641463155081217
1244641804416253952
1244642361549811712
1244642990485688320
1244644127221800960
1244644213792202752
1244645362008068096
1244646056907821056
1244647642279206912
1244648542792187905
1244649289604833280
1244649596522876928
1244650146584879105
1244650903178579968
1244650941652992001
1244652175768182784
1244652830184464391
1244653459690807297
1244653860490063873
1244654528143806464
1244654614428803078
1244655178885689345
1244655540065705987
1244656273741590528
1244656280016306176
1244657323584323584
1244658476363595780
1244658674288607232
1244658678952837120
1244659114254323714
1244659693735165952
1244660085017608193
1244660224130072578
1244661164325265409
1244661188060823555
1244661383561539584
1244662558419648513
1244663016467005440
1244664128817360896
1244664236741197826
1244665304090726401
1244665525428355072
1244665583808983043
1244665687814967296
1244666138824327183
1244666300057538561
1244666336959016963
1244666670351712258
1244666723925540866
1244667165879369730
1244667174267932672
1244667609829654534
1244667845444698112
1244667854697316358
1244668658271621120
1244668892275830784
1244668895060869126
1244669098425892873
1244669204806029312
1244669781086633985
1244670101988622340
1244670597461753880
1244670847018840069
1244670970842861569
1244671399865638912
1244671417414631424
1244671431192932352
1244671434837893120
1244671464596549638
1244671498440376320
1244671598960967682
1244671820550287360
1244671895716282370
1244671922471911424
1244672025953579013
1244672357353963535
1244673748243906560
1244673860017872896
1244673897238159361
1244674414290976775
1244674689009500163
1244674699893735424
1244674721225920512
1244674814880563200
1244674980320690184
1244674996674252800
1244676086526439424
1244676302541471748
1244676403913605125
1244676630275997696
1244676634256592898
1244676686362230794
1244677482802003969
1244679233244282886
1244680258579660800
1244680461818855424
1244680586242842624
1244680614470496258
1244683273684410368
1244684960226627584
1244686221743251457
1244686593727684616
1244690417926332416
1244690531768135680
1244690534448254976
1244690583567753218
1244692480399781888
1244692559496015872
1244693656235175937
1244693721196703747
1244693753488646145
1244693793594642432
1244694619884904453
1244695584872620032
1244697086613807104
1244697371130261505
1244698501818114054
1244699473747390464
1244699941332758529
1244700120156758016
1244700251237146626
1244700828897665026
1244701867445084161
1244703249719906304
1244703785793937409
1244705143863435264
1244705641538543616
1244705712623603712
1244708168090791938
1244708740093202432
1244713106355269632
1244714245305987072
1244714639318908928
1244715009822707712
1244715920775196672
1244716058528878596
1244716143572430856
1244725973678985217
1244732881362022400
1244733861784743936
1244760200164167680
1244793461456306176
1244793600451342337
1244793699013279744
1244795008739209216
1244796039808208898
1244796181575643137
1244796333887639552
1244799206046355456
1244802038732476421
1244805106270232577
1244809322267176961
1244813413793980416
1244816407356899329
1244819151383756800
1244823351857532929
1244825535722582021
1244829312638783489
1244830243421995008
1244833065597206530
1244837541527740417
1244850468225867781
1244854985990397953
1244861300670251008
1244862467093573632
1244864051743612934
1244865653695111169
1244866240264323072
1244866881284005889
1244872084477472774
1244885202268127232
1244888078558171136
1244892723921866754
1244893237908664320
1244899682683240448
1244903195014361088
1244904244093673474
1244920286715105281
1244925899864080385
1244929996679868417
1244943361728970754
1244944677326839808
1244956020473921537
1244976013139832833
1244996057802522624
1245002788716728322
1245175676753326080
1245213521538768896
1245312820532535297
1245402592127188995
1245402639149305861
1245583194612617220
1246187436079591424
1248879644016644097
1249597925648240640
1249598616802484224
1249598668354646016
1255346645983793154
1256450084083912704
