id
1225214845223493632
1225216602062217216
1225220211084627970
1225220360653590528
1225220431679909888
1225220610080616448
1225220652581433344
1225220730113032192
1225220749339717632
1225220846953750528
1225220869267443712
1225221586090745856
1225222415447248896
1225223549356363776
1225224224777728000
1225224265584107521
1225225117296295936
1225228390111703040
1225228596312068096
1225229382756626432
1225231890883301378
1225232264696434688
1225234110500618240
1225234255225094144
1225235210284830721
1225235519421874176
1225235953788129280
1225235990647721984
1225236362980315136
1225236557352730624
1225236837691621382
1225236863008440322
1225237716163420161
1225237718436724736
1225238578516484096
1225239320384000000
1225240083999019008
1225241378147274754
1225242136481804293
1225242633943035911
1225244230437617664
1225245432487432192
1225246040762093568
1225246280584028160
1225246464407818240
1225246557865467904
1225246738115522560
1225246936300707840
1225247239523536897
1225248423244251136
1225249077387919360
1225249138373054464
1225249652456353796
1225253212682276864
1225254995940929536
1225257218729107456
1225257754190725120
1225257931400073216
1225258213471211520
1225258710039052289
1225258829622824960
1225259871198535680
1225260076807512064
1225260324577796096
1225260458904449024
1225261159239970816
1225261624363061249
1225263864087863296
1225266190831902720
1225266931701182464
1225267988183470081
1225268919599976448
1225269022356365314
1225269100580089856
1225269249448398848
1225269344999002112
1225269398858010624
1225269700000538624
1225269733236334593
1225269931853303813
1225270524948832256
1225271593468940289
1225272969200635904
1225273588413956097
1225274202757849089
1225275010886983682
1225275594029572099
1225275880898850817
1225276189922562048
1225276394436907008
1225276891092807680
1225277051587850241
1225277487686356992
1225277494967726081
1225277984178724864
1225278425813749762
1225278701975277568
1225279737192316928
1225280172925939714
1225280313309290496
1225281034889003008
1225281695336714240
1225282973458583552
1225283900567629824
1225284937722429440
1225285119713243136
1225287752381431808
1225287917255323650
1225288975860060160
1225289023809179649
1225289796869857280
1225289951543267333
1225290688067072000
1225291136740347905
1225291641306546176
1225291661569187843
1225292556071657472
1225293757232189442
1225294943314436096
1225295603678076928
1225296139177492480
1225296371944587265
1225296653525012481
1225296667961724929
1225296793467883520
1225297688096194562
1225298226254757888
1225301258698772480
1225301738036420610
1225301781493641217
1225301814758658049
1225301857691521025
1225301943406358528
1225301980337197056
1225302066471399424
1225303072190029824
1225304619791736833
1225304674389000194
1225306234594746369
1225306282250231808
1225306457278541824
1225306512110673920
1225306611452911618
1225306902877237248
1225307113141854209
1225307619088166912
1225307800470867968
1225307826270027776
1225307874479484928
1225307965990682624
1225308107858825216
1225308137499967488
1225308416622481408
1225308687683600384
1225308906320121862
1225309515672735744
1225310130113142784
1225311521695137794
1225311830211350528
1225311978358366208
1225312581180506112
1225312679687884801
1225313174217355266
1225313655215931392
1225313778079633408
1225313914172268544
1225315377032257536
1225315788061540353
1225315933897424896
1225316115665965056
1225316196595064839
1225316229151371266
1225318508310872065
1225319529246380032
1225319946554527744
1225320946996633601
1225321154467921921
1225321494634352641
1225321893990891520
1225322324288626688
1225322560818163712
1225323159454244864
1225323463847464960
1225323666428153856
1225326213524123648
1225329697996726275
1225330692592005122
1225331625807892480
1225331733811232769
1225334195238498304
1225334691600879616
1225341064304685056
1225341079827943424
1225344556465455106
1225344753228636162
1225345010893123585
1225345035484332032
1225345135216480256
1225345439282520064
1225345461965533184
1225345948236140544
1225346054607929345
1225349193356709889
1225354840215212032
1225355638248624128
1225356532331642880
1225356612723826688
1225356755024011265
1225357101981224961
1225357214992355329
1225357468735135744
1225359171698118657
1225359459142127616
1225359615996526592
1225359778869698560
1225360105413251072
1225362370723139584
1225362414947819520
1225363656256446464
1225364848357167104
1225365487305056256
1225365847671263239
1225366101611008002
1225368360420102146
1225368592574631938
1225370191770472449
1225371473268789250
1225371530395144193
1225372248686522368
1225373986038530049
1225377373949812736
1225378567195807744
1225378585935896577
1225379040376344576
1225379256479338499
1225380836981084161
1225383143827374081
1225385781725843457
1225386318789632001
1225389867854684161
1225390204929761280
1225390230816997377
1225392119054880769
1225393092557254657
1225395782196629504
1225396324251492352
1225396325237157890
1225396333164412934
1225396352303034368
1225396669816045568
1225397243118620673
1225398028141391872
1225398190775554049
1225398467461206017
1225398720130244609
1225399289515405312
1225399980212359168
1225400402574635008
1225403929858428929
1225404491739983873
1225404933572186119
1225406395769475074
1225409169831759872
1225409622846013441
1225409975159144448
1225410028208885761
1225410129606012929
1225410622512222211
1225410994681180160
1225412040673509376
1225413785365565441
1225413812116803584
1225415570104950784
1225419726223888384
1225421134662733824
1225421169781641217
1225421975100616704
1225423261380403200
1225423408990736384
1225427227745148934
1225430495355256835
1225431200480681986
1225431248199282688
1225431367279767552
1225432791233417216
1225435455052607488
1225435853729648640
1225436088086351873
1225437066592260097
1225437364547309569
1225438464474152967
1225439415461302273
1225440184331722754
1225440492898283520
1225442713396555777
1225443195573563392
1225444181780369408
1225444317658939393
1225444457950003206
1225444527646760960
1225444733658566656
1225444973488766981
1225445559420375040
1225447503408947205
1225447694635696128
1225448146899107842
1225448923910664193
1225456977796427782
1225457417925738497
1225459949850877953
1225461617615343617
1225467050010632192
1225468011831652352
1225469179970519040
1225469605843357696
1225478956406706178
1225480461297815555
1225481448876052480
1225483807899475974
1225484949152727040
1225487218288005123
1225490650797412353
1225496629664456709
1225500236556230657
1225506081172021250
1225518408306962438
1225520943172378626
1225521641159041024
1225528114333265931
1225528928829399043
1225609318151540738
1225610211572015104
1225617671326027778
1225669599305203712
1225692206943461383
1225714579331698688
1226524014065008641
1227467440570933248
1231837697850908677
1231838730731823104
1256646031334203392
