id
1224484435828936705
1224497894268358658
1224501211841171456
1224501294229901312
1224505430681874433
1224506331043729409
1224507221653913605
1224509187557744640
1224510284900925440
1224510766503493632
1224512003676360704
1224512695874883585
1224514392869363713
1224514548176080897
1224514671375372289
1224515765228859392
1224515781884633088
1224515875220283392
1224515948490588160
1224516101632978946
1224516232751149056
1224516340775440384
1224517298586701826
1224517427909681152
1224517805330108418
1224519458242195456
1224519668578185216
1224519762979385345
1224519852959756288
1224519952264134657
1224520031616163840
1224520402002575361
1224520448987131905
1224520449192841217
1224520537902211073
1224520771302592512
1224520849341812736
1224521369573941250
1224521408962650113
1224521442479312896
1224521531553976320
1224521695295225856
1224522503906684928
1224522779283714048
1224523069525393409
1224523272374509569
1224523334076907520
1224523614050906112
1224524373677109248
1224524772622524416
1224524862124806144
1224525456726097921
1224525744887386112
1224525749199110145
1224526095401111552
1224526179354345472
1224526630799822849
1224527193906151425
1224527286273105920
1224527341788884992
1224527614749986816
1224527791359713280
1224528255065022467
1224528510712025089
1224528513299992577
1224528569344262145
1224528583835566080
1224529015932743681
1224530335339122688
1224531134555361283
1224531194420662272
1224532170489745408
1224532767322464256
1224533799477735424
1224534261807497216
1224535112575926273
1224536320372023296
1224536493328220160
1224536730453389313
1224537517195587584
1224537666529611776
1224538679655272448
1224538732969127936
1224539016772481025
1224540335633653760
1224541027765121024
1224541156484120576
1224541362080698368
1224541704444768256
1224541816852058112
1224541876478337024
1224543099541737474
1224543560462041088
1224545159032930304
1224545440411992064
1224546090734612480
1224546531811807233
1224546871038709765
1224546961698652161
1224547617213861888
1224547624419614720
1224548288256335873
1224548623976890368
1224548632285679618
1224548776532013056
1224548818705776640
1224550648542187520
1224551177544597504
1224551563399614465
1224551772842123264
1224552252850888704
1224552611317047296
1224552885507280902
1224552963009437696
1224554374564761600
1224554539417853952
1224554704941678592
1224554737170731009
1224554916988903424
1224555143389073409
1224555153958699008
1224555337417510913
1224555403234562048
1224556322491789312
1224556392784125952
1224556518105931778
1224556527744249856
1224556925427126273
1224557101554388992
1224557105887076353
1224557196832362498
1224557305766612992
1224557352084393984
1224557368253403139
1224557961940332544
1224558120044679169
1224558225179078656
1224558267860258816
1224558329445224450
1224558509003403265
1224559705478926336
1224560595724394498
1224560900104802304
1224561095676846080
1224561383179608064
1224561949804941312
1224562089395572736
1224562302600368129
1224565350827614208
1224565613592485888
1224565893868351489
1224566098458218496
1224566441346617345
1224566571101802496
1224566722474065920
1224567189300080640
1224567262494982144
1224567850842587136
1224567940021878785
1224567956744458242
1224568510459678721
1224569808470962176
1224569902951878657
1224570051048562688
1224570274529476610
1224570288156790790
1224570416041062402
1224571458833117185
1224572855154696195
1224572978773389313
1224572997442260992
1224573997313974273
1224574553763921921
1224574807393624070
1224575048465309696
1224575146096197637
1224575347150086144
1224575485952155648
1224575627170172928
1224575714051215360
1224576930092990470
1224577261250260992
1224577556759769089
1224577773387141120
1224578147368103937
1224578204666486784
1224579540220928001
1224580004400566277
1224580117726281729
1224580230016204800
1224580411352739840
1224581012862070784
1224582890068967424
1224583064359059457
1224583350276390913
1224584663760539648
1224584747243847680
1224585051058266112
1224585329979478016
1224585495591571458
1224585614772752384
1224585959179579392
1224586063936540674
1224587008221138946
1224587054157324288
1224587184054779904
1224587654122991618
1224587725199704066
1224587773966831618
1224587807361884160
1224587890589650945
1224587933144866817
1224588037155381253
1224588124279300096
1224588305603297280
1224588545215606789
1224589039937839105
1224589304174825472
1224589551009533953
1224589673495961600
1224589900663517184
1224590073699741698
1224590102778658817
1224590179437965312
1224590232927916032
1224590438071521281
1224590519168159744
1224591128822894592
1224591477017174016
1224591494314524672
1224591876440748032
1224592041708965888
1224592403417325568
1224592466684207109
1224593010945445888
1224593128776032256
1224593508226367488
1224593927795118082
1224593961848692737
1224593967850774528
1224594840568025089
1224594907869806592
1224594948902641665
1224595032176377856
1224595660936101888
1224595714203742209
1224596183579889664
1224596347627507712
1224596447942696960
1224596588019929088
1224597108382003201
1224597171866984450
1224597256847781889
1224597329367355393
1224597628349861888
1224597778208149504
1224597978708492290
1224598214407610368
1224598332368019457
1224598564661161985
1224598595325714433
1224598765572513797
1224598768198119425
1224598806739615744
1224598815539249153
1224598938235199488
1224598997349715968
1224599030040129536
1224599281102815232
1224599324794834944
1224600112153784320
1224600188192358400
1224600288549621762
1224600313438408704
1224600389674078209
1224600423064989698
1224600446754385920
1224600463275769856
1224600751067893760
1224600991615504384
1224601102449922048
1224601619955761153
1224601720048631813
1224601813736755200
1224602509823610880
1224603527500222464
1224603737143926784
1224603886498926592
1224604743131189248
1224604970168639488
1224604976783060992
1224604992390213632
1224605184552128512
1224605212070965249
1224606205139738624
1224606447910043648
1224606569318322177
1224606812483149824
1224607774497296384
1224607895037235200
1224608116450291713
1224608594605170689
1224608818186743808
1224610285983608833
1224610827635814400
1224610865669791745
1224611467057479681
1224612423040024577
1224612634713980928
1224613336735596544
1224613490725253120
1224613643444047878
1224613989696409601
1224615231252353024
1224616462175748098
1224616762987241473
1224616936740392960
1224617357932294144
1224617372876595200
1224618449005006848
1224619056839319553
1224620766135611395
1224620951486119936
1224622817875918848
1224623052794683392
1224623767046909952
1224623802522324992
1224623908386746368
1224624064615960576
1224625149166489600
1224625632367112192
1224625773228720133
1224626163441553408
1224626432648843264
1224626796135510017
1224627230954774528
1224627599206301696
1224628272949952513
1224629279222190081
1224629858484936705
1224629953662078976
1224630898714300416
1224633755110785026
1224634405345325056
1224634478145896448
1224634731368550400
1224635926803935232
1224635968415617025
1224635989034819584
1224636425993256962
1224637434173902849
1224637615661625345
1224637926195097600
1224638680096133125
1224639769612824577
1224640052556259328
1224640096399290369
1224640734000640001
1224641633909538817
1224642432572116992
1224642648238985218
1224643182480236546
1224643248427323392
1224643364965867520
1224643438450135042
1224643503621169153
1224643515478528000
1224643555076886529
1224643606960492545
1224643867753902081
1224643953724575744
1224643997504638976
1224644018589466624
1224644023819747329
1224644101792026631
1224644159501266944
1224644186357415936
1224644251931172865
1224644298311733248
1224644310525603841
1224644348861566977
1224644415458725888
1224644458089594880
1224645587888267264
1224645748777615361
1224646166123405318
1224646361783685120
1224646691631927296
1224646826088775680
1224646905688276992
1224647033471959041
1224647192922558464
1224648219457728512
1224648458142916616
1224648500102586368
1224648525192908800
1224648527348826113
1224648628196655104
1224648928261361664
1224649171459657728
1224649178585817089
1224649194549329921
1224649338694975488
1224649500775436288
1224649561173417990
1224649810717765638
1224650127404453889
1224650665596805120
1224650669446987776
1224650939203641345
1224650961580257280
1224650975266275328
1224651425172451329
1224651460568240128
1224651465949466626
1224651496525979650
1224651568873476096
1224652236187299841
1224652365522800645
1224652602622656513
1224652612588335104
1224653313217421312
1224653707230318592
1224654183565004801
1224654311399002114
1224654694535970817
1224656371842310144
1224656561047388162
1224656669981822976
1224656902786879489
1224657321269190657
1224657434553307136
1224658516914257920
1224658687953948673
1224658806400880641
1224658943982522368
1224658968447877120
1224659024458600449
1224659040921194498
1224659100333555712
1224659111956172801
1224659165051674624
1224659359067594752
1224659413077721088
1224660228529999879
1224660252357849088
1224660544516280320
1224660784585666560
1224660845499580416
1224661150664552448
1224662146409091074
1224662898632347648
1224663206611902464
1224663309653143553
1224663410136076291
1224663432927956994
1224664415556882438
1224667414052265984
1224667854311694336
1224668502742552576
1224668535575597056
1224669544599343105
1224670028164780032
1224670030052257793
1224670139221561344
1224672193646333952
1224674233097175041
1224674633514766336
1224674820673228805
1224674912457019393
1224675251381927936
1224675386241339393
1224676467591663616
1224676584969211905
1224676815295270918
1224677274009518080
1224677340120150016
1224677447469281280
1224677802009432066
1224677839967932419
1224678100195143681
1224678148190531586
1224678714568404992
1224678906281766912
1224679314131546113
1224680772793094144
1224681091413364737
1224684109978636288
1224684305512710145
1224684726071390209
1224685379002851328
1224685660855914496
1224685897506938881
1224686690825994241
1224686981096960001
1224687531100426241
1224688593169350656
1224688970841198599
1224689815146442752
1224689982108917761
1224690541398413319
1224691219520835587
1224691373158199296
1224691574447017984
1224691806803087361
1224691859777187840
1224691974868848641
1224691999883743238
1224692041721896961
1224692051310075905
1224692222093737986
1224692323717537792
1224692343078436864
1224692375710076934
1224692411151945728
1224692452080009218
1224692559038930945
1224692744829861889
1224692770662600704
1224692957204209664
1224693070056194048
1224693113991716864
1224693141829144576
1224693250922962945
1224693336973250561
1224693390601670662
1224693402240876545
1224693505491996674
1224693530406223877
1224693740981248000
1224693874200678400
1224693887475650560
1224693924645629952
1224693971634360320
1224694433020432385
1224694560174960642
1224694600528347137
1224694688235474946
1224694775594405888
1224694798411431936
1224694875964100610
1224694971724288001
1224695002749554689
1224695478459105281
1224695507429183488
1224695544347426817
1224695887483437056
1224695916428513281
1224695925026615301
1224695961659723776
1224696006094151680
1224696096661934083
1224696217252196353
1224696294628704256
1224696432692736000
1224696732363051008
1224696894602895361
1224696942501883906
1224697241446649856
1224697678895861768
1224697701691846657
1224698267394617344
1224698303608238082
1224698327310180352
1224698391482990593
1224698418758475776
1224698420843048960
1224698513973444610
1224698615123365892
1224698705577684992
1224698754122412032
1224698977683234816
1224699016144769024
1224699087347314688
1224699136185860098
1224699181668765696
1224699228217397250
1224699240968073223
1224699245715849221
1224699250199748608
1224699273876393984
1224699313885872128
1224699360891392000
1224699399152066560
1224699410900312068
1224699549702184960
1224699663212797955
1224699799510716416
1224699896739090432
1224699907082203136
1224699948786159618
1224700067052810241
1224700158656630788
1224700234757890050
1224700283898327041
1224700396662329351
1224700583464067073
1224700621032513538
1224700640716300288
1224700690708291590
1224700691891073027
1224700720731054087
1224700814914138117
1224700921441112064
1224701139922444288
1224701244440113153
1224701365215289347
1224701554239987717
1224701681155395588
1224701838399852544
1224702024345890822
1224702152985268229
1224702171964432386
1224702200192159746
1224702298682806272
1224702333248004096
1224702535061118977
1224702575963987969
1224702839622184960
1224703002310795265
1224703178924527616
1224703271895519233
1224703477538066432
1224704009161904128
1224704211759390720
1224704301718757377
1224704723212820485
1224704731249094656
1224704799238692866
1224704909607624706
1224705073198063619
1224705128843837441
1224705292308570113
1224705316505505798
1224705351007768577
1224705565324201988
1224705592796815360
1224705757368680448
1224705799383146498
1224705840952811520
1224705847189819393
1224705854743760898
1224705871453794308
1224705939892293634
1224706139721306112
1224706470173904898
1224706657827069953
1224706729918726146
1224706817571401734
1224706886165057536
1224706936446341123
1224707364214968322
1224707608373796865
1224707773281247233
1224707907343855620
1224708179302457344
1224708885124124673
1224709227702358017
1224709503431725058
1224709659958956032
1224709695811788805
1224709715042631682
1224710096309104641
1224710333815803908
1224710437524197378
1224710456746696704
1224710470503927811
1224710760468832256
1224711115759857666
1224711369737543680
1224711914439282690
1224712288705425409
1224713085824487430
1224713251281350658
1224713359674826753
1224713512158625800
1224713888396140545
1224714202415337473
1224714225194610690
1224714382292267010
1224714531802316801
1224714692947587082
1224715095902773249
1224715238945251328
1224715350232780801
1224716475388305414
1224716939446099968
1224716983192567808
1224717964622036994
1224718057383161857
1224718096608350208
1224718149418962944
1224718343459893248
1224718510070222848
1224718719709958144
1224718741570801666
1224718788760748034
1224718797866553344
1224718917223862272
1224718993023492096
1224719220816011264
1224719340789911554
1224719377615880192
1224719877954342912
1224719918878220288
1224720030056640515
1224720194846777344
1224720273133293568
1224720274555203584
1224720612435714048
1224720632304128001
1224720837405630465
1224720880598577152
1224720934050959360
1224720963578650624
1224721136082010113
1224721750417477632
1224721782923333632
1224721835515961347
1224722102915190785
1224722292904615936
1224723039641669632
1224723066694987777
1224723447743270912
1224723531109302272
1224723677960265729
1224723716501716994
1224724417030148096
1224724478388604928
1224725155370266624
1224725239642279937
1224725447528763393
1224725595780567040
1224726173545926656
1224726196912451586
1224726577855942657
1224726788250562560
1224727403781447680
1224727518147575810
1224727628189323264
1224727696627785728
1224727751782891521
1224728077533495298
1224728545940754432
1224728796248469504
1224729251603275777
1224729493610217474
1224729765292081152
1224729860347613184
1224730072491233280
1224730108222590977
1224730176489046016
1224730189734612992
1224730202095243264
1224730219723943938
1224730240347361280
1224730255887224833
1224730268549799938
1224730276477063169
1224730290653810689
1224730334639476737
1224730554693668864
1224730637057134593
1224730902770511872
1224730992692408321
1224731147113910275
1224731188394373121
1224731589118054403
1224731958606880768
1224732339265097728
1224732376854515713
1224732597533794308
1224732650457325568
1224732666156634112
1224732748805496832
1224732975524302848
1224733232052101120
1224733268785819649
1224733389145509892
1224733427825434624
1224733896866029568
1224733921146884096
1224733967460388865
1224733987823734784
1224734098268155904
1224734261216980992
1224734270981206016
1224734347334320128
1224734668894826496
1224735064870621186
1224735291237208064
1224735595013885952
1224735715361116160
1224735773217263616
1224736142932639744
1224736517416873992
1224736678004150273
1224736724560990208
1224736753786900480
1224736868341673984
1224737259854843914
1224737282952847360
1224738116860141568
1224738604678672385
1224738626858151936
1224738636702183430
1224738771939102720
1224739103473905664
1224739276010614785
1224739366485913601
1224739687551524866
1224740324595007488
1224740597119864832
1224741266933420032
1224742213155864576
1224742395306106880
1224743087379042304
1224743186951655424
1224743543660433408
1224744028211515392
1224744472925241346
1224744510799958018
1224745000514142208
1224745473501618176
1224745818848022531
1224746148960714752
1224746489534009344
1224746515521921025
1224746884633247744
1224747063734198272
1224747244114653184
1224747384468426752
1224747740938162177
1224747998313238531
1224748977465094145
1224749046788575232
1224749178321948672
1224749567649837056
1224750102826237952
1224750129552318468
1224750265519075328
1224750476295426049
1224750636467535872
1224751733127016448
1224751946453536768
1224751974354022400
1224752006100705280
1224753420726177792
1224753630839894017
1224753796905160704
1224754193891639296
1224754680669986816
1224755249350492160
1224755312533504000
1224755388052115458
1224755562295906305
1224755722262462465
1224756192305651713
1224756787858903041
1224757282170257408
1224758386396299264
1224759067471761408
1224761138770063360
1224761300103786496
1224761905597812744
1224762532478509057
1224762734371192832
1224762911559692290
1224763101683146752
1224763112911331328
1224764324394258433
1224764460268576769
1224764494519382017
1224765744178552832
1224766297256296449
1224766536390283264
1224766792666451968
1224766824643997696
1224766883712233472
1224768026496524288
1224768831874306050
1224769131393749003
1224769403461390336
1224770489639243776
1224770764894687233
1224771076321894401
1224775070834405377
1224775313747394560
1224775477404942336
1224775574331117569
1224775949364989953
1224776493823168512
1224776620852072448
1224776930760654849
1224777385427591168
1224777835107106816
1224778369419530240
1224778980428939264
1224779075442692098
1224782268314476545
1224786087832408067
1224786899174223874
1224788985064706049
1224790690359472128
1224791920477659144
1224792578765336576
1224792731802750976
1224793337108013056
1224799054686588928
1224799726333116417
1224800377540726785
1224803123912269825
1224803241080147968
1224810542319140865
1224810579279384579
1224813755420164096
1224816510708961280
1224818199511724033
1224820188001914881
1224820962559836161
1224830696797040640
1224830788048490497
1224839880234000384
1224840009578176514
1224843651672690688
1224844009471766528
1224845260431470594
1224845741010472960
1224846184570732545
1224849784260976640
1224849909108527105
1224851116753608704
1224854132105695232
1224854161440661504
1224854257418924033
1224854425899917312
1224855448169222148
1224855840047407109
1224857043938316288
1224861440391016448
1224861914968117248
1224862002205446144
1224862340098617344
1224863615330607104
1224864547342897153
1224865197346541568
1224865963993993217
1224866530178949120
1224867528507179008
1224868811842695169
1224869157126037505
1224869839514193920
1224870800471150593
1224871094420553728
1224871914264383488
1224871969918554112
1224872803175825411
1224873283830472704
1224874491680919555
1224875305266864128
1224875799070666753
1224876340500844545
1224876973333172225
1224877251050651649
1224877720888152065
1224877798088564741
1224880147590836226
1224881857650515969
1224882074869325824
1224882487597268993
1224884525404049408
1224885279242084352
1224885344501284865
1224885515062611969
1224885561682350080
1224886017984843777
1224886373972201473
1224886645859577856
1224887386028625925
1224887540676775936
1224889036692545536
1224890022433701890
1224890071007916033
1224890469189967872
1224890685284741120
1224891254829285376
1224892720352825344
1224895276072108033
1224895877644345346
1224896064152428546
1224896560099540992
1224897172434341889
1224897479709057024
1224899433747234817
1224900134548299777
1224900494000193543
1224900676016173056
1224900772694908929
1224901026026704896
1224901040123727872
1224901657365925888
1224902377280430080
1224903098591633408
1224903164018622464
1224903686553554951
1224904921843027969
1224906625955188737
1224906803890147329
1224907293910659072
1224907338965848069
1224908888840916992
1224908946512592896
1224909001294405633
1224909164100509696
1224909673108688897
1224910241646559232
1224911209125814277
1224912681888432130
1224913417506643970
1224916436063121409
1224917303512293376
1224917409548525569
1224917591694532608
1224917623290220544
1224917637731217409
1224917699639144448
1224917795848122369
1224917841691860992
1224919880295600128
1224920013867380739
1224926242845052933
1224929739346866176
1224930454148698113
1224931522077057024
1224933402438074368
1224934265613209601
1224935852968513541
1224936066433503232
1224936892061241344
1224937796990722049
1224937970681155585
1224941458936848384
1224941796523827200
1224942237651353600
1224943426958872576
1224943743746265088
1224945198146445312
1224945243025330176
1224946298240950275
1224946437361790976
1224947843212775424
1224949027533246465
1224951216892809216
1224951531222339584
1224952098464231426
1224953030342111232
1224954931989233665
1224957465571147777
1224958519180324865
1224958955438276608
1224959468129210368
1224960831919554561
1224962915599441921
1224972611681021952
1224972764143992832
1224973077404012544
1224977552344666112
1224979891357016066
1224980546452738050
1224982732654043141
1224983386499891201
1224984035203506176
1224984377114820608
1224984578089267200
1224984599073361920
1224984726198317057
1224986435083624448
1224988262701256704
1224989654878846976
1224991041893220352
1224991054962675713
1224991671055572993
1224997492510556161
1224998621600333826
1225005084104253440
1225010007831220224
1225014209961852929
1225015517485969408
1225015808801165315
1225016429402980352
1225022529820971008
1225027382001594368
1225029836290134021
1225031390871207939
1225031798469476354
1225036589048324096
1225037704380837889
1225040741132460032
1225041498120622084
1225048304980877313
1225048782498172929
1225050577891016709
1225055351378079745
1225056548537286657
1225063162031923201
1225095861320839168
1225101043488288769
1225102107977510913
1225104900981321728
1225115490244153344
1225135670659833856
1225139651398123520
1225206296208527360
1225236144650014720
1225242593295925249
1225276985645162496
1225277350650138624
1225293986727784449
1225458328546861057
1225701521423306752
1225852810337669120
1225980966344298505
1226046982814388224
1226058997716770816
1226084173095612416
1226244932186365960
1226359364241383424
1226551902566903808
1226563382469251072
1226894169265885185
1227643670452568065
1227643944864870400
1227644188017053696
1228528007683248128
1231754646684725248
1235205251377950720
1242414848966668291
1242422405458321408
1242435826987839489
1242441917440221185
1242442593960513537
1242450892198014976
1242457691642986496
