id
1239478204617887750
1239625087273381888
1239613674786095108
1239571109953056773
1239554843456548865
1239544455117574144
1239541176702832640
1239540099731329024
1239538569275940866
1239530127702319105
1239508849985564672
1239508119396519947
1239502076696289280
1239498955584569346
1239458685467885568
1239446693034233856
1239839775982567425
1239839275186823169
1239644139748196354
1239636766681960448
1239636479778926595
1239615492786192384
1239605993845059584
1239602824113278976
1239601504035704832
1239600995694510082
1239600051758006273
1239599235286392835
1239598692291751938
1239590100096503818
1239582957750358017
1239577082730078208
1239554496629542918
1239552095902105600
1239528652653703169
1239498695160315907
1239495229373374464
1239492254194073601
1239489529377161216
1239486118225117185
1239485145410875393
1239483364387762176
1239482846940708865
1239482652073365505
1239479378930798592
1239475832013361152
1239472734914195457
1239472003226140673
1239469656588468226
1239468429087838208
1239466059243061249
1239462251624574976
1239461209012940807
1239449854096617472
1239445490191814658
1239443659281530881
1239442372448190464
1239441616978485249
1239437642745483264
1239430124375867392
1240088110056251399
1239656972976349185
1239603277639102467
1239543681310437377
1239543529157931010
1239543513110450178
1239534848672444416
1239522264137302017
1239486064315846657
1239481443446915081
1239477274560221184
1239472162974638080
1258620856743452672
1259972691232198656
1261684657835454465
1269103473418780672
1280251088348819458
1280106324735471622
1239656870299815940
1239613684177084423
1239612476989243395
1239610947167191041
1239604756596903940
1239538909710659584
1239523622278041602
1239515346228346881
1239514765585678338
1239513983675248641
1239499782047105024
1239490855620292609
1239489525249912832
1239485555093778433
1239476807029620737
1239476433476636672
1239467447507398657
1239445377784438785
1239442282824286208
1239441719562768384
1239430645870481410
1239414769515401216
1239414490015379456
1239414319173046272
1239412229553995777
1239395469090045952
1239382132008660995
1239352086804025345
1282540076824748032
1287337566627397633
1285901039124742150
1239644842122252288
1239503230335430656
1240009950128230402
1239889786967556097
1239493822675062785
1239591130267672576
1239577453850505223
