id
1242833380397416448
1243054228337233921
1243054220527521793
1243556358588424199
1242904931474067457
1242824546534789122
1242823620252090368
1242797013915308038
1242730680364269568
1242868789643010056
1242867236060217345
1243030857113313280
1242815108662923267
1242771353029181440
1243263193276874754
1243210780415320065
1243129643022135296
1243103256357875714
1243085055175667712
1243067048059682816
1243058226423365634
1243054364832522241
1243001122740199425
1242997009361129472
1243418545230196739
1242863082805788673
1242858865093459969
1242858834609221635
1242857414472368130
1242856574500122624
1242853411898490882
1242841281509961728
1242839293065863169
1242746947573776384
1243076930452238337
1243074597869752320
1243068223806939136
1243068089828343808
1243067511609925633
1243059755440103425
1243054446889836546
1243054319823437824
1243053622809812994
1243053567939928064
1243033406839173122
1243027154499231744
1242998604819824641
1242914334830886913
1254474390202396677
1242871685281394688
1242847569505595393
1242704815223975938
1242637446493417472
1242930102410850309
1242924397918380038
1242924152048271367
1242920249181253632
1242909702725369856
1242901495441510400
1242899254080876545
1242895957307555841
1242895375238914055
1242895327943950338
1242894794332033024
1242894547904012293
1242893738797654017
1242886398513995780
1242882998086836224
1242878099982860288
1242876048380919808
1242874739770736641
1242871680944541696
1242871244476858375
1242868250670743559
1242867517770653696
1242867497541472257
1242867370407776257
1242866817678430208
1242865177843896322
1242863332115259392
1242862109244915713
1242861639680045059
1242859015048237057
1242858410862919682
1242854849546518529
1242854371496529921
1242849657811804167
1242848351533629440
1242847970841763841
1242847302596919296
1242846649564778500
1242843346172809216
1242842832840331265
1242842588790562818
1242841815654584320
1242841646535974912
1242841550142320641
1242841266238390274
1242840492607508482
1242839449643311104
1242839384447205377
1242838849841135617
1242838595188199425
1242838050788474880
1242830982581047307
1242826301037256711
1242825427728678916
1242807401163771904
1242798877604003840
1242798028508917760
1242797624350199814
1242793348043354114
1242788367391227904
1242786794254581760
1242786264711073793
1242783879003594752
1242783299975643141
1242776036728803331
1242774893684494336
1242774086507540480
1242768441934831624
1242767515010379776
1242760268792442881
1242759955717001216
1242758477312917504
1242756394635292672
1242755131256573955
1242753054446845952
1242752909416202240
1242750546362142721
1242748142895927297
1242744527007277058
1242743241818193920
1242743022221250560
1242741790723248128
1242740870845288450
1242740411485114368
1242739457289314304
1242739430496010240
1242913510654427141
1242738925598277633
1242738778218860544
1242738561130082304
1242738391004975105
1242737983679234053
1242721608458002433
1242714450983034880
1242712759453855749
1242710936898633728
1242710129922969600
1242708499718705152
1243049148607324160
1243177138951462920
1243162179706249219
1243129681605525504
1243113563637649408
1243098009585553408
1243097057067499522
1262878020924211201
1262877696738111488
1262853492735184896
1262852131511586819
1242879715838492673
1242876302924959754
1242875437749014533
1242874874244317204
1242739811162697729
1242717295530606592
1242713501501665280
1242707455068508160
1242705680294961153
1242703008535916544
1243121753741611010
1243054188931756034
1242768325823823872
1242691617271754752
1242871430439751680
1242848855701499905
1242831434491940865
1242831069700857856
1242817028081307648
1242814079330406402
1242813018951618561
1242805416389750784
1242795177426726914
1242793804006141955
1242788442003693568
1242786894062260224
1242786486291845120
1242786068069584896
1242785387376005120
1242745278240866307
1242737724848836608
1242722240824848386
1242713343737151488
1242709201362829313
1242698252513878016
1242670489765654533
1243063217942822912
1243054472944902144
1242869590629044224
1242840732043444226
1242828149567688706
1242827647157178368
1242826867192803329
1242826129850974212
1242824401147617281
1242794611342544896
1242784875041755136
1242761192516595712
1242740531651903488
1242903916355948544
1242763302737817602
1242759875039563776
1242755470512840704
1242751809774653440
1242750963485728768
1242750645540716544
1242745559745626113
1242742975572201474
1242742569907499011
1242724063254065152
1242680460297240587
1243053609920737280
