id
1248401079038930945
1248421564162256905
1248422280129986564
1248423128432128001
1248424356616658948
1248432634654371841
1248433976089296896
1248435419168956419
1248435835805921287
1248438250634489861
1248440098418352130
1248441550486622208
1248441874324443136
1248444165844684800
1248444956257075200
1248445120896053249
1248445646647914496
1248446214275624965
1248446357913796611
1248446978855301121
1248448799414071298
1248451021430345731
1248451688383401987
1248452682961960962
1248456389686521856
1248456786710945793
1248457611780874245
1248459171998994434
1248459333681082370
1248459826469855232
1248459953314000909
1248460698469965824
1248461545165615106
1248463815735267329
1248464447280041984
1248467276644270085
1248469360194113537
1248469884117192706
1248470004120473601
1248472989638602759
1248473020030545935
1248473022396129281
1248473356698959873
1248473461598457857
1248474001413787649
1248475558888890370
1248478203431112704
1248478405483360256
1248479604718764034
1248480059612004352
1248480165107122183
1248480500395565057
1248480524491870208
1248481498321190912
1248481701380026368
1248482114858704898
1248482275857055747
1248482989165559822
1248483595712221184
1248483727602114560
1248483768043630598
1248484439023210498
1248485357433147394
1248485482251476996
1248485491118182400
1248486012818305025
1248486021009825792
1248486178690453505
1248486496253833219
1248486636909821957
1248486663858216962
1248486823782780928
1248487306891165699
1248487524097384451
1248489279849771011
1248490098141753344
1248491964279877633
1248492864968912897
1248492981897670660
1248493042329214976
1248493780031819777
1248495812402753538
1248495940240982016
1248496029067952128
1248496086831878145
1248496139449462785
1248496991727837184
1248497458591588352
1248497916852891654
1248497927669960704
1248498492340703235
1248498750835712000
1248498979018395653
1248499127966502912
1248500618286661634
1248500851619942403
1248501273675976709
1248501292760064005
1248501296904073220
1248501655819018244
1248501787914461185
1248501809854869504
1248501829337407489
1248501984253988866
1248502269160509442
1248502472726867971
1248503262275186690
1248503435252486150
1248503446900097025
1248503894428110850
1248504239938134017
1248504504263172097
1248504899609874433
1248505125263441920
1248505546140876802
1248505897371856898
1248506054423597056
1248506455507873792
1248506539582689280
1248508755437731841
1248509460773048321
1248509515609165824
1248509750049828864
1248510563078098945
1248511597674258433
1248512530588160000
1248512823291867136
1248513556762382336
1248513794176761857
1248514541417197568
1248515010076094465
1248515305535500289
1248515340901834753
1248516877904683008
1248517115184734208
1248517445930774529
1248517701363879936
1248518334384988162
1248519357501566977
1248519685303226368
1248520627507494913
1248521243340357632
1248522754128629760
1248523204739489792
1248523924272492544
1248524638553948163
1248526033118101504
1248526141054279680
1248527262372130822
1248527576630317058
1248528645892657152
1248528818421166087
1248529514402992129
1248530227946344448
1248530229586345984
1248531544567762944
1248531556508905473
1248532389757775873
1248532520410497026
1248532715806302209
1248532823704604677
1248532843736621056
1248533042274000896
1248533047781163010
1248533287917649920
1248533384004947973
1248533450677612544
1248533490930339840
1248533544512524289
1248533572845092864
1248533748640972800
1248533760548564994
1248533837199466496
1248534144763621376
1248534280927457281
1248534295745941505
1248534304465883137
1248534430047559680
1248534605096837121
1248534797917487104
1248534951332438016
1248534994131120129
1248535179880062976
1248535326965903360
1248535539621326849
1248535606042345472
1248535674891825155
1248535723478618112
1248535738553008128
1248535996099997696
1248536127843078144
1248536460392714240
1248536811980247042
1248536990619856897
1248537023020847104
1248537264684011521
1248537497635713024
1248537583400783872
1248537687230795783
1248537796748271616
1248538071311757313
1248538093860179970
1248538258167889920
1248538393014710272
1248538879684046848
1248539038799151109
1248539785246851075
1248539798660198400
1248540007440121856
1248540171269599232
1248540558676471814
1248540910314491909
1248540996511477760
1248541005118234624
1248541102317043713
1248541140610985984
1248542054139023360
1248542069293006849
1248542497850060800
1248542577797656576
1248543091935473664
1248543235208695808
1248543249838379009
1248543287910137857
1248543817348739073
1248543936802467840
1248544017849040904
1248544136698847233
1248544153983578115
1248544181707919360
1248544188645273600
1248544540115386371
1248544636538404867
1248544793451302912
1248545145751867395
1248545207810842624
1248545319924764672
1248545607351971841
1248545621918834688
1248545649106264065
1248545767154790400
1248545918976053249
1248545937254797313
1248545977943744512
1248546375152750592
1248546707761033217
1248547037693558785
1248547108359028736
1248547319651241984
1248547863644102657
1248548105491890177
1248548425869606912
1248548540021739527
1248549067371749376
1248549241787568129
1248549298515501056
1248549854650839040
1248550008732790784
1248550287314309121
1248550310940831744
1248550514255491073
1248550691448053762
1248550804685914112
1248550956460961792
1248551058558730240
1248551117702574080
1248551119996874754
1248551483466907649
1248551516765470723
1248551801659338752
1248551873465864193
1248551936644636672
1248551945054253056
1248552272109268992
1248552390552195075
1248552853188182018
1248552910859849732
1248553006049538049
1248553178406117376
1248553376297582598
1248553407847100416
1248553493721427969
1248553608112525313
1248553911314550785
1248555094003429376
1248555420387430400
1248555434807418880
1248555467812397056
1248555658862931969
1248555694694862848
1248555984559071237
1248556259231449089
1248556529168445441
1248556564979449857
1248556948900818945
1248557007960813568
1248557022426984449
1248557074570600448
1248557172927000577
1248557339826745344
1248557594899185664
1248557838491926533
1248558372879609859
1248558762891153408
1248558765944659973
1248559070237339649
1248559087421280256
1248559106710835200
1248560015218077697
1248560996362391553
1248561592549224449
1248562176962355201
1248562419342782468
1248562708892409858
1248562963385970691
1248563299743977473
1248563454106980352
1248563501666189318
1248563607886913536
1248563634474635265
1248563669367050241
1248563718759292929
1248563976671240192
1248563997030244352
1248565968076451840
1248566094861762561
1248566146250559489
1248566279943753733
1248566394175676417
1248566668156076033
1248566920745332736
1248567497655107584
1248567733710540800
1248567921019736067
1248568028872052736
1248568100338814977
1248568233914851330
1248568287589322754
1248568564254011394
1248568702770896901
1248568964667461632
1248569262899372032
1248569444642590720
1248570117987983361
1248570986653458432
1248571161723592704
1248571491139981312
1248571823639244802
1248572137184604166
1248572758260207618
1248573418217193478
1248573665043550208
1248573945047060480
1248574280830300165
1248574741285199872
1248575268169453568
1248575296560750597
1248575524114329600
1248575553549897730
1248576049425809410
1248576428796284929
1248576814617735169
1248576902714908672
1248577196945371136
1248577543197700103
1248577631223595008
1248577679999119362
1248578124985425921
1248578264500588544
1248578369941200896
1248578566356254720
1248578574040231938
1248578630050934785
1248578887157600256
1248579238782832641
1248579692132585472
1248579890703519744
1248579898962137088
1248580492464537600
1248581495305854979
1248581496350199809
1248581711325102081
1248582096932573185
1248582371495968768
1248583310625792001
1248584529129795584
1248585019586740224
1248585056160890881
1248585099253170177
1248585500417384448
1248585638686920705
1248586291912024064
1248586389630771202
1248586710373371904
1248587221940092930
1248587869523808257
1248587952390729735
1248588018992074752
1248588652097257472
1248589419235266561
1248590235920785409
1248590916857868288
1248591423475048454
1248591477099253760
1248591944747331585
1248592013433307137
1248592052876652545
1248592696853184512
1248593626654863360
1248593663438938112
1248593709035188226
1248594846345875456
1248595942166556672
1248596073708318721
1248596371331878912
1248596596310208512
1248596596888965121
1248596598847705088
1248596912363548672
1248597069805154304
1248597743590834178
1248597956971790337
1248598130116853763
1248598353400573953
1248598485756030977
1248598788735766528
1248598946076717057
1248599206589132802
1248600141478522881
1248600924131450880
1248601206253109249
1248601404651868160
1248601493780848644
1248601574420525056
1248601581668298753
1248601640115961858
1248601813550391298
1248602031280885760
1248602925162618880
1248603408514174978
1248603548503248902
1248603676463132673
1248604579039596551
1248604966882652161
1248605009027026946
1248605057362190338
1248605315861557248
1248605737946763266
1248605907702788097
1248606275325153282
1248606318492962816
1248606348259889152
1248607014030200834
1248607122096447497
1248607144569532418
1248607398970843137
1248607824864612352
1248608610512326658
1248608862891991040
1248609354749636610
1248609612900651009
1248609987808489472
1248610186400378880
1248610380890271746
1248610517804929034
1248610576147726336
1248610832327380995
1248611037969960960
1248611578162774017
1248611711877148672
1248612114656186368
1248612138538528773
1248612190371733505
1248612359662272513
1248612521260412930
1248612792300535810
1248612904410034176
1248613621791248392
1248613709317955587
1248614131118166018
1248614238215499777
1248614413109620736
1248614667980648460
1248614838491688973
1248615172085702661
1248615297440821248
1248615310468366337
1248615934199123969
1248616347925237760
1248616589957550080
1248616715040083968
1248616933903093764
1248617167785877510
1248617449798287362
1248617522707836929
1248617659425419266
1248617710918852615
1248617752018878464
1248617853713973249
1248618020202659840
1248618066042163202
1248618092629880835
1248618100473257987
1248618890910789632
1248619081835503618
1248619220885049344
1248619242787921921
1248619920520171521
1248619949389570050
1248620288238964742
1248620436453117952
1248620505919152129
1248621057155555333
1248621121873666049
1248621630034604037
1248621747378614276
1248622421894021120
1248624127444832256
1248624821031718921
1248625195176226820
1248625469148106756
1248627245557506057
1248627396946710535
1248628050645975040
1248628532722331650
1248628573797257216
1248629031802507264
1248629170466246656
1248630425267798017
1248631520102735873
1248632121087815682
1248632184371437568
1248632477482016770
1248632921356824576
1248633279554531328
1248633582932746241
1248633958499102721
1248633977025392640
1248634041466683392
1248634281787875331
1248634482082451458
1248635309262123008
1248635837492817920
1248636001691389953
1248636672775872513
1248636812114792453
1248637150171545601
1248637957348528128
1248638194976845824
1248638842728353793
1248639290893979650
1248639651197251584
1248639671137116160
1248640494692904960
1248640617405648896
1248641415992627201
1248642084694675456
1248643066333806592
1248643422740557824
1248644156525862913
1248644263232954371
1248644446888931331
1248644882312212481
1248645081629749248
1248645444323823616
1248646442031304704
1248647637319860224
1248647997786697729
1248648050886602753
1248648283309748224
1248648981321674752
1248649036254478337
1248649711839395840
1248649906962612224
1248650035308326913
1248650306918834182
1248650908130357251
1248651280911745026
1248651638128050176
1248652836747071494
1248654482658877440
1248655350053642242
1248655828665524224
1248656130609483778
1248656470352134144
1248658296463978498
1248658611414261760
1248658847633301507
1248659293877841920
1248659310667657216
1248659328447340544
1248659911803908096
1248660187906486272
1248660204704673793
1248660205262405638
1248661774955470849
1248662000860721152
1248662144360443905
1248662466617159680
1248662662017241088
1248662721471471616
1248662895329554435
1248663897923452928
1248664350459662336
1248664384634621953
1248664450506182656
1248664686280630273
1248665180143104000
1248665191807516673
1248665262435401730
1248665760798511104
1248666036510941184
1248667004644421632
1248667187218272257
1248667339161096192
1248667492265988098
1248667765587623936
1248667920382779392
1248668205381562370
1248669065998032897
1248669081110106113
1248669335184277508
1248670432368242689
1248670702175006720
1248670774375985154
1248671353500323842
1248671397217370112
1248672040615161856
1248672100786647040
1248672158051520512
1248672911696596992
1248673010682191873
1248673170686496774
1248673841028554752
1248673928186224640
1248674462750265347
1248674615171223552
1248675152067530752
1248675162343583745
1248675306711334912
1248675326210818050
1248676526582681600
1248676820326576131
1248677256550961154
1248677363673526273
1248677718541004800
1248678147349819392
1248678866312237057
1248679007807143937
1248679420404981762
1248679874379657216
1248679924396785664
1248680392607043584
1248680547330613248
1248681453023420416
1248682389913526272
1248683154182815744
1248684288394100737
1248684343133900803
1248684526097674240
1248684552739905537
1248684995499020288
1248685295626665985
1248685656756441089
1248686522364092416
1248687269424197632
1248687318300364800
1248687778637983745
1248688074902519813
1248688228372103168
1248688371855020032
1248689024878800896
1248690205982199808
1248691323500019712
1248692263107964928
1248692276794032128
1248692279562231813
1248692300626051072
1248692619565076480
1248692745398636556
1248694159868821507
1248694175564005378
1248695266414178305
1248697380192415745
1248698360883580928
1248699204567875589
1248700444177645571
1248701210527293440
1248703284040228865
1248707181244903425
1248707402247135232
1248708270694400000
1248713715114885120
1248713718029901825
1248718259362369544
1248719010054549504
1248719807857467394
1248720220660756480
1248721598254919680
1248721862541987842
1248723366313209856
1248726758196563970
1248726816841297921
1248740641414107136
1248753786488643586
1248761553337208833
1248761564267597824
1248770886066475011
1248779906026057731
1248789261492449281
1248790598296809472
1248791012958322694
1248797683730362368
1248797775224950784
1248798809917771784
1248801289623887877
1248805707987615745
1248810001306537985
1248811164235993089
1248815589755219970
1248817066863235074
1248818407706783745
1248818785672245248
1248820702196543490
1248822832139603968
1248823360840028160
1248825182556323840
1248827978416455681
1248829332610379776
1248830168476475392
1248835354984996864
1248836482892210176
1248839595426369536
1248840602810122240
1248841248774864896
1248842427688869888
1248842565593395200
1248844997220171776
1248846188415082503
1248849529555701760
1248852413898993664
1248852733169242114
1248858009540812800
1248862503817195523
1248864887637307392
1248866654584356864
1248867175344910336
1248870248465326080
1248870912721424395
1248872756638343168
1248873149606789121
1248873766597226496
1248873856384688128
1248876119115403264
1248888113230798853
1248891695669768192
1248895077407019008
1248902756267487232
1248903281406906369
1248904278913110017
1248904570157162497
1248936975387594752
1248939828923772928
1248952644439117825
1248960953862877184
1248970592499294208
1248971841584025600
1248972649935470593
1248974436566327301
1248976098660098049
1248978691968978950
1248981788560478218
1248986262104444933
1248986997345017856
1249002712060043266
1249020243176853504
1249021787364524034
1249033026237054977
1249059145837187073
1249122136012267520
1249136555802996736
1249217497431068673
1249226257868308480
1249227886420082688
1249252476563247106
1249272007113478145
1249308880405856256
1249396748662931456
1249396773761585153
1249396784691957765
1249543014973706241
1249556099881197568
1249575671774363648
1249644214888960000
1249647405353422851
1249723922850824192
1249886232634507266
1249899533053489152
1249969669840105472
1250015630771847168
1250843537161084928
1251145598322933769
1251890427432710144
1255568566574698497
1257183448122355713
1260820322439364608
1264495074475298816
