id
1252770376595243010
1252776190512975875
1252776258561138688
1252787196987236353
1252790172858621953
1252795272960176128
1252798029142335489
1252798635244261376
1252798941923405825
1252799090460516353
1252799261328027649
1252800023554715649
1252800673567006720
1252801085204357125
1252801803487514624
1252802364253196288
1252802645988749312
1252802673855721474
1252802944484827136
1252803004840828928
1252803034330984450
1252803528617160705
1252803549836140544
1252803732745580550
1252803803239247873
1252803859069538305
1252803874034860041
1252804309642698753
1252804934929530883
1252805181319725058
1252805228744724480
1252805414053269507
1252805443908337664
1252805633960669184
1252805658832822279
1252806290725720064
1252806310938030080
1252806601267769345
1252806718863499266
1252806746499735555
1252806923990077445
1252807911627124736
1252808067365789696
1252808832608157701
1252809352219508736
1252809362927579137
1252809541533577220
1252809823302737926
1252810016639205377
1252810414997467144
1252811484284858369
1252812156795449345
1252812470474780673
1252817347850588160
1252817380893274112
1252817478373109766
1252819030211088384
1252819896221614081
1252820396987969536
1252821520788774914
1252821794836209675
1252821974268571649
1252823236573708289
1252823278726426624
1252823514064666629
1252823742285152261
1252824452213043201
1252825116733370375
1252825219351248897
1252825343309705221
1252825759950893062
1252825863692840960
1252825901437313025
1252825909905592321
1252826949619081218
1252827171376136192
1252827483155558401
1252827909175119878
1252827952368123904
1252828818718420997
1252829156359847938
1252829361935273987
1252833580893343747
1252833931902083072
1252834829818683392
1252836619134005248
1252837034395267076
1252837582808875009
1252837757719687175
1252837906126786560
1252838835542614016
1252839135494066182
1252839553322217487
1252840023419834368
1252840651307118595
1252840669187436544
1252840861089464325
1252841802324783105
1252841951314866180
1252842067501346818
1252842178650312705
1252842329120993281
1252842578250063872
1252843944313933826
1252843996142919680
1252844087138414595
1252844303086305281
1252844348015652867
1252844676584927233
1252845746065305602
1252845979922919425
1252846287608614912
1252846460980170765
1252846963390701568
1252847437326114816
1252847471731994626
1252847578154074114
1252847586706247681
1252847851454861313
1252848488569688066
1252848531917819906
1252848586489905152
1252849120529616896
1252849326872604675
1252849826338795521
1252849859616321537
1252850079339175936
1252850247677521921
1252850541077528577
1252850645100457986
1252851232743415808
1252851328348389376
1252852099223744517
1252852585477705732
1252852630495195137
1252852656017530881
1252852936729747456
1252853313038454784
1252853661920681984
1252853747065085952
1252853834566647808
1252854136577511424
1252854150779424776
1252854299513643009
1252854652401594368
1252855151217410050
1252855153696239617
1252855351839350785
1252856513833562112
1252856969200713728
1252857393483902976
1252857883428978688
1252859577046953994
1252859645128892416
1252859668612780034
1252860047568166913
1252860145459032067
1252860369980162051
1252860500263571463
1252862315189288961
1252862464640729089
1252862779985289216
1252863048034816000
1252864879439917057
1252865373059203074
1252865724583821312
1252866218047856645
1252866560944816128
1252866702322229251
1252867026902634503
1252867313683988481
1252867649131802624
1252867925590990850
1252868174002831362
1252869496198410242
1252869752965529600
1252869837937770496
1252870020524199938
1252870388154986498
1252870446095020033
1252870518094442499
1252871358041620481
1252871426069020673
1252871605333581831
1252871665932894211
1252872378721288199
1252872637539184640
1252873240868843521
1252873493068185601
1252873852671016960
1252874078706270213
1252874221308399620
1252875051256311812
1252875433634193410
1252875635296317445
1252876882304876547
1252876964949446656
1252877408203493382
1252877600516497408
1252877936014680070
1252877938678095872
1252878764725268480
1252878773210378240
1252879389697564672
1252879745382903808
1252879993488588800
1252880005157187589
1252880145494405125
1252880361278717952
1252880480858300418
1252880573720190979
1252880601377419264
1252880709963755533
1252880818491420673
1252880855967469568
1252881190408744965
1252881409175195656
1252881560816115714
1252881663597539328
1252881810482016256
1252881821877932034
1252881899724275714
1252882105010237442
1252882217124020225
1252882895007436811
1252883304262414336
1252883973954400260
1252884172361719808
1252884617545170945
1252884747333894144
1252884801591230465
1252884849129476097
1252885133025177602
1252885203669958656
1252885214923157504
1252885263203790848
1252885496889438213
1252885538316513282
1252885709372813312
1252885831494152192
1252885862372667393
1252885888889171968
1252886053825859586
1252886133878358016
1252886184616955904
1252886335112851456
1252886578852237315
1252886647949029376
1252886667821608962
1252886772847005696
1252886891491278851
1252887511912919041
1252887844936388608
1252887975505117185
1252888574510301184
1252888693712588801
1252888912961257479
1252889067802558464
1252890140688756736
1252890515550490625
1252891045064511488
1252891607919026182
1252892121998057472
1252893636947304448
1252893649794449409
1252894261969850369
1252894714807742465
1252897294506168322
1252897312474566659
1252897745964163072
1252897860321828867
1252898288585412613
1252898386086440960
1252899130894147584
1252899949953646593
1252900120468705280
1252900178547245056
1252900505568698368
1252900580537667584
1252901181816537088
1252901371176681473
1252901406937280518
1252901527317909504
1252901812627140613
1252902575222882304
1252903289915445250
1252903518693974016
1252903684306014209
1252903983066124288
1252904247709986816
1252906163340849157
1252906617944694784
1252907499646341120
1252908245141696512
1252908646830190593
1252909508495474688
1252909677471547392
1252909753363165184
1252909848364060672
1252910628676743168
1252912313247469569
1252913421370028036
1252913673829527552
1252917581129760773
1252917704220012544
1252917889486647302
1252918066532323328
1252918100741283842
1252918179275235330
1252918288016764930
1252918580036812801
1252918766809186307
1252918779962462209
1252919744811995136
1252920186472026114
1252920250900738050
1252920739113472002
1252921147831619591
1252921492767035392
1252922598196826113
1252922796713422848
1252923264973918208
1252924564255932416
1252924603720241152
1252925833913569280
1252925878536790016
1252925968584331264
1252926228945756160
1252926739010871296
1252926901271683074
1252927090074230785
1252927605440778242
1252927720868073473
1252927980956815362
1252928279985577986
1252929435185156096
1252929728584900608
1252930052989181952
1252930557929013248
1252930937761005569
1252931206645075968
1252931211468603393
1252931224663781377
1252931706207625216
1252931707084222465
1252932031266254848
1252933388698181633
1252934109069893633
1252934278121287681
1252934797862637570
1252935304681533440
1252935950109270016
1252936100651266055
1252937059406213125
1252937166281273350
1252937314763812866
1252937626086043648
1252937969947881472
1252938073438072834
1252938923241807873
1252938965142757378
1252939095816302596
1252940014477950977
1252940693657411585
1252941081966190592
1252941106435682304
1252941166250561538
1252941955367006208
1252941977601146880
1252942353322504192
1252942850238615553
1252943756145418241
1252943900114853889
1252944946618744832
1252945164521418752
1252945682119266310
1252946025787998213
1252946182969495555
1252946428030140417
1252946684964814850
1252946976548642818
1252947251778985984
1252948057194262540
1252948520405012480
1252948625618944000
1252948991458840576
1252949418279604224
1252949481596698624
1252949606062788609
1252950131911135232
1252950885463846915
1252951197088010240
1252951590928969728
1252952066709831682
1252952287288442880
1252952546924093448
1252953078510374912
1252953355640385544
1252953583605002241
1252953937398738946
1252955055050887168
1252956251186741248
1252957188584165379
1252957606529777664
1252957770585796615
1252958039541334020
1252958184437768192
1252958247557849090
1252960392533475328
1252960631717801985
1252961000757706758
1252961694042578946
1252961861043011593
1252962036591595521
1252963500281991172
1252963514466983938
1252963643064487936
1252963765974269953
1252964073907593217
1252964920246718467
1252965035644579841
1252965578223976450
1252965776828567554
1252965853278007301
1252966278395867142
1252966318740869121
1252967142665801728
1252967684867850240
1252967729092612099
1252968736769757187
1252969027162570754
1252969389122412547
1252970214787964931
1252970470657286145
1252972060692733956
1252973022400536577
1252973189879066625
1252973371140128768
1252973397241290756
1252973536215351308
1252974462632411138
1252974794368139265
1252975018197188613
1252975451191914496
1252977465548472320
1252978679870713858
1252979306671665176
1252979406689140738
1252979575669190656
1252979641683492865
1252979678295580673
1252980277326090241
1252981100064002049
1252981444336648193
1252982382765850625
1252982657685663744
1252982691365978112
1252982802246782980
1252983549764014080
1252983954623340544
1252984047657086981
1252984192477966337
1252984433897955329
1252984697921118209
1252984842091851777
1252985208510361600
1252986304025038853
1252986320298876928
1252986337671684096
1252986544627109889
1252986660368691200
1252987419827138561
1252987750044721153
1252987878423977984
1252987924557299717
1252987998972424193
1252988046896750595
1252988296470433792
1252988526876114946
1252988636204724224
1252988806610944009
1252988851326316547
1252989094063271943
1252989838199934977
1252990535448616962
1252990577886375936
1252990608852967425
1252990722250207232
1252991230549676033
1252991635572449280
1252991914745290753
1252991932302856194
1252992202785148929
1252992531362611200
1252992915472896001
1252993331723829251
1252994737591578625
1252995621482422272
1252995866962456577
1252997243440955393
1252997247396007936
1252998022981537792
1252998915600691201
1252999229770883075
1253000369182896129
1253000509889433609
1253001436620881922
1253001776099295232
1253002753691049984
1253002929893588992
1253004462429364225
1253004617832693763
1253004641387905026
1253004658961977348
1253004823747682304
1253004856643682311
1253005352477634562
1253005598075084800
1253007011048034314
1253007230351351809
1253007604982460419
1253009569283837954
1253011984460775424
1253012634372157443
1253012911506612224
1253013009011638272
1253013178776268801
1253013734882193409
1253013813663805440
1253014637798285312
1253015791555022855
1253016091544227840
1253016461330743296
1253017041910427648
1253017389693714432
1253019045294518272
1253019240652697600
1253019321116196864
1253019450724491265
1253019896385908738
1253019979223412736
1253020303145472000
1253020419608719365
1253021902458597376
1253023636300029952
1253024091256303618
1253024450863341571
1253024685723471875
1253025149042995200
1253025489922469890
1253025863009959937
1253027722500009985
1253027740657152000
1253028213430894594
1253029366772072448
1253029612260659201
1253030048744890369
1253031020510789642
1253031228023939072
1253034080884621312
1253038753087721473
1253039171729571845
1253039544233889792
1253041103567310849
1253041125343981569
1253041130163363842
1253041528412520449
1253044664468475909
1253046625255043073
1253046828381044736
1253047545367900160
1253048110374432768
1253049270703394817
1253050956138381312
1253051466606088193
1253051555625840640
1253053935125794816
1253054952773124097
1253059859131457536
1253060035610939393
1253060846013411329
1253060989064364034
1253061592163352577
1253061950126411776
1253063534084329480
1253064062084186112
1253064701719621632
1253065442635194376
1253066973887463426
1253069226849505282
1253073051345809408
1253074497906733056
1253076782397288449
1253076892405678080
1253076951704563713
1253079387160764416
1253079881677594625
1253081262283206659
1253081979098034176
1253082482431279105
1253083669834522624
1253111030168776704
1253114811547705344
1253127068730130438
1253128499780620289
1253145143265210368
1253147712150622208
1253149535934844931
1253149597389803522
1253156107805175808
1253156142718607360
1253156618520465408
1253162330969436161
1253162937729994752
1253163089026904064
1253163375170695168
1253166035219304448
1253168240689283074
1253170713130762242
1253170976839421952
1253172457260879872
1253172532519202816
1253175253712302081
1253175316073385985
1253175879603085314
1253178443283533826
1253184373030961152
1253186917471928325
1253192759323668480
1253194975489044481
1253199724812869632
1253200363873808384
1253205501241892864
1253206253754388480
1253212038689484800
1253219953626374145
1253224052979892224
1253226320668037120
1253246083452538880
1253247997858717698
1253264392671510528
1253265517726576646
1253275324240072711
1253275428556603392
1253295055139254278
1253298144927981570
1253298387681566721
1253305169107812352
1253310607761129473
1253314570132709376
1253325369421082638
1253345705147748352
1253358952777056257
1253359927113904130
1253373904942497794
1253377683108425728
1253378300862279681
1253412106461802497
1253556923196203008
1253573568367071233
1253594066031226880
1253601766769188864
1253618202887598082
1253637155441836033
1253924966245883904
1253962713878822914
1253972803180728320
1253978504632229894
1253991531809247232
1254044235915046912
1254092181771448320
1254329900451762176
1254332482788315136
1254354796628209665
1254438800127750150
1254465397257932801
1254465412651118595
1254543681652060160
1254699666207395840
1254767896695156736
1254771661124993024
1255667230315970561
1255766256982114304
1255865108892315649
1255903330854821888
1258353589933793280
1259554498806083584
