id
1235020345553412096
1235032662210793472
1235032834999562240
1235033038607745032
1235033119163547649
1235033406590709766
1235037468472135680
1235040355227058177
1235041020569477120
1235041232922894337
1235046040526417920
1235046366235090945
1235046634670551042
1235047601889669122
1235047884543758342
1235049102984933377
1235049269008019456
1235049544414629889
1235050407463809025
1235050549373833216
1235051307678838784
1235054538131771393
1235054540694499328
1235054632042258433
1235054863051935744
1235055553912528904
1235056359235674112
1235057379621904384
1235057382503272448
1235059657229496322
1235064961090519040
1235068094294315008
1235068155535319040
1235068964335521793
1235069602138165248
1235069883529842689
1235070843362758656
1235070976884236288
1235071782710738944
1235072380990455808
1235072503048835073
1235072892330627073
1235072894721392640
1235074441547100160
1235076245571788801
1235076545443753984
1235076638074753024
1235076660052889602
1235076682467274752
1235076768626688002
1235076777568923648
1235076890773180417
1235077505201078272
1235078326915444736
1235078987950329856
1235080450529345536
1235081290594078720
1235083350781513729
1235083912604299265
1235086732078379013
1235087417293467648
1235088083080679424
1235088660195717121
1235089317036314624
1235092329972658176
1235092589725888512
1235094172698152960
1235096621240680448
1235097394259226624
1235098209392791553
1235098674025205760
1235098699279171584
1235098765775818752
1235098781957292032
1235099946673553413
1235100084536102912
1235100243181498370
1235100526825500672
1235102950466306048
1235103365417201664
1235103742300545024
1235103981434617856
1235104420678889472
1235104546558443520
1235104737617309696
1235104757213048832
1235105009521422336
1235105906385248257
1235106081040257024
1235106803689512960
1235106827852902400
1235108214980534272
1235108811741868038
1235109913610743808
1235109949182586882
1235111245746819072
1235112108489990145
1235113021816492032
1235113067609903104
1235113804117078017
1235114448290865153
1235115246055899136
1235117345619587073
1235117348811460608
1235118324142333952
1235120367808565248
1235122931891687425
1235123157264150528
1235123219926904832
1235123698622857219
1235123904655405057
1235124204829364225
1235126267436912640
1235127844738666496
1235129154728677376
1235129345250861056
1235129891886108672
1235130085818142726
1235130697385271297
1235131084045602816
1235131093201735682
1235132750803460097
1235133263192010754
1235134030812602368
1235134591779745792
1235135145755189248
1235135889254297600
1235137910183096320
1235138186885476354
1235138885589454850
1235139163382566912
1235140475977228288
1235140775974858752
1235141152220667909
1235142314395406336
1235142439276400640
1235146038790328320
1235146821397360642
1235148455711887366
1235148489224527872
1235148583176818690
1235148747719323649
1235151110152699904
1235151371424260097
1235151653256429569
1235152887040204800
1235154148607381504
1235155299436089344
1235155972856770560
1235156630586691584
1235157350425620480
1235157352791158784
1235159854622351360
1235160439283122176
1235160711900196865
1235160852115763200
1235160853739008000
1235161975686156289
1235162035199107073
1235162578038321158
1235163281095983104
1235166474248916994
1235166797583626242
1235169159224401922
1235169277054816256
1235169926186442758
1235170676203343873
1235171722350878721
1235171832606502912
1235174281505460224
1235176113661300736
1235176150927888386
1235176330683006976
1235176916056805378
1235176926110601219
1235179337961234433
1235179578580074497
1235180005346299904
1235181433531944962
1235183250651230209
1235183984050499585
1235184215454625798
1235188242875441152
1235189239916253185
1235189771254632448
1235189865437966337
1235190441383022592
1235190541198876674
1235192032496414721
1235192198808903680
1235192423375986688
1235192699994570752
1235194675901927428
1235196198644043777
1235197807679508480
1235198615288569856
1235200506315673601
1235201423530483714
1235211154747617281
1235212847384350720
1235213053060214785
1235214028902936577
1235214045608738818
1235215886883188736
1235215932005457920
1235216882778533888
1235221020736229377
1235221035147919360
1235222288137670658
1235224065943564288
1235228000523714566
1235230588241498113
1235231828010774532
1235232231372673024
1235233431354847239
1235233635659210752
1235233919680774149
1235234101486997506
1235236386372014080
1235236686621298693
1235238434211389441
1235240644395716608
1235242102419681281
1235244095720714240
1235244402945060864
1235244455893979136
1235246021246103552
1235246112052781056
1235246764514578432
1235247231596257280
1235248065839157248
1235249013374341120
1235249063181852673
1235251403322318853
1235251683992584192
1235251940822573057
1235253649112059904
1235254892819869696
1235254953733738498
1235256032106024961
1235256600476004352
1235256603349139467
1235256605391745024
1235256607329546240
1235256610252935175
1235257549865115648
1235257576943575040
1235257603388657664
1235258135385763840
1235259918321512448
1235261899001847808
1235262115998400512
1235262313885728768
1235263311068794881
1235263438286286848
1235263561468956674
1235267644531429376
1235269429283491840
1235269487491829760
1235271183697879044
1235278169202020352
1235280985152880643
1235282561133416450
1235285964374839298
1235288811699138561
1235304119772033028
1235325520608407552
1235325632692842496
1235325815988121601
1235339884564488197
1235349673302519808
1235349723382452226
1235360344689655812
1235366942447464452
1235378218674221057
1235378589425692673
1235378783911211008
1235380514803998720
1235384879585431552
1235384989186846720
1235388624604184576
1235390441601679360
1235394711986167808
1235404892216258561
1235411397024022529
1235416678474932225
1235434565780549632
1235455100522582016
1235457616505004032
1235479778825662464
1235488863759380480
1235506158204379142
1235507003339845632
1235521961628807170
1235563261627486209
1235571722495000578
1235600143052730369
1235631003323887619
1235757510495068161
1235890646315151360
1236121997777596417
1236182506988130304
1236192748069404672
