id
1239254738295615488
1239217290538676226
1239166409843683328
1239152077659463681
1239146469099073542
1239120603816157185
1239116457037856768
1239084506717523968
1239079381554704384
1239075046208851973
1239060601709576192
1239059882558570496
1239053760158195712
1239053407136043008
1239052344538484736
1239050663297814528
1239050488995147776
1239017497287897089
1239016619004686336
1239320327055785984
1239307373459603456
1239283984569233408
1239271147671187457
1239268133434617857
1239261020884840448
1239257435484778496
1239256260932845569
1239253216283394053
1239247893061611520
1239247169925689344
1239246361498759168
1239241720098721792
1239240632394268674
1239236833592127489
1239235635967336448
1239233464035139585
1239231477130264576
1239228682209619969
1239221835822018560
1239221706410999808
1239221647225360384
1239220475508576256
1239218069370589188
1239216137910358022
1239215444109807618
1239214096718987264
1239213816472154112
1239213531200999424
1239210113375842311
1239209710147928067
1239209007253819392
1239208627237294083
1239206171690459143
1239206118158503936
1239203422374526983
1239203067238612992
1239202963169648642
1239202768855814144
1239202615457484800
1239200255742218241
1239199489119805440
1239199478164275200
1239199065222426624
1239199011313258498
1239198562505732096
1239196921991811072
1239196357706969093
1239195827270062081
1239195116914348033
1239194897732665345
1239193950474227712
1239192782507409414
1239189589149003776
1239187344399335428
1239182542214815745
1239180602466693121
1239180552852234241
1239179763408949254
1239176723805220865
1239176325996277760
1239176103123513344
1239175796142379008
1239173669701681153
1239172737534496770
1239172025521819650
1239171559429816321
1239170406558224384
1239168957711396865
1239166379279798273
1239166086387347457
1239165919718334465
1239164404299522054
1239161793332862977
1239157354307952640
1239157121691693057
1239154650093441025
1239154525677613056
1239153910050217991
1239153754043060224
1239153652117516288
1239153251712368641
1239153239767072768
1239153096166707201
1239152885709111296
1239152438604525569
1239152402726412288
1239152088006844416
1239151549948907520
1239150895436161024
1239150430820741121
1239150422243176453
1239150178592063488
1239150177899986944
1239149822470434816
1239149495801106433
1239149178988756992
1239148993390743552
1239148945042886656
1239148780106047489
1239148736606924800
1239148736548425729
1239148558797996037
1239148487616454661
1239148470453272576
1239148247089733633
1239147905199587329
1239147807434354688
1239147517847060481
1239147352234921984
1239146715082452993
1239146299858939904
1239146281831972866
1239146103628537857
1239145669618577409
1239145549514727424
1239143637813886976
1239143249995902976
1239143050892300291
1239142837792288768
1239141150528692224
1239140845254668291
1239140702178680832
1239140181984198657
1239140163831377921
1239140060563300357
1239139756291706881
1239132499634085889
1239124210313764865
1239114263181979648
1239111992075411456
1239111200249528321
1239100830869053440
1239100040552919040
1239099623836241920
1239096904836722688
1239096144556261376
1239094885782708224
1239094122192842752
1239090981170892800
1239088185159774208
1239086800473382913
1239085714379161601
1239081560663416833
1239080764450488320
1239080512578129926
1239080507482095619
1239073286278885376
1239072917964484608
1239072416476753921
1239072146514558976
1239071332739903493
1239071084508413952
1239070720774160387
1239069801135239169
1239069225618001921
1239067484860428288
1239067299786571776
1239067035612540929
1239066999705047040
1239063778777542656
1239061082267717632
1239060019032788992
1239054320269697024
1239049388309090309
1239044899426545665
1239044501496156163
1239021762265767937
1239591341438275584
1239578444565852160
1239568715747909633
1239568312230649857
1239564152315797506
1239555877985644545
1239483846359265280
1239480416253480960
1239448610724405248
1239446725384744965
1239439798546264064
1239426942706819073
1239424245832114176
1239422276136620032
1239413209599107074
1239402334117126144
1239395702553206788
1239395191523438593
1239393023986995200
1239374481547841538
1239368537921056769
1239817471974137857
1239304913022103552
1239287049032806401
1239286146837946370
1239286052701044737
1239281715891208192
1239278263073038336
1239277183543066624
1239275855655788546
1239275616400281602
1239274541014085633
1239272542159978501
1239270975914618883
1239267573662916608
1239264797121818624
1239263971422552064
1239261932223258624
1239261705391075328
1239261600260841473
1239260731838566400
1239259296816340997
1239258862051450880
1239258666806554624
1239258354817458177
1239258283229114368
1239257952613208065
1239257759024967680
1239257554083024898
1239257199894876161
1239256952619913216
1239256898131472386
1239256176690331655
1239255183810375685
1239254655814610944
1239254040661221376
1239251135753523200
1239250906417229825
1239250533489098752
1239249990616100864
1239249702199201793
1239248579211845634
1239248196783595521
1239248082811801605
1239247396179042304
1239247144847982592
1239246583989821440
1239245962343669761
1239245336951975937
1239244507549298691
1239244247234052098
1239244106955550720
1239242926489628673
1239241771684466688
1239240610214707200
1239240256312016897
1239239450070138881
1239239012117696513
1239238979213459457
1239238826934976512
1239238663482961921
1239236901720207362
1239236772749545477
1239236601345171460
1239235701951983617
1239235535543001088
1239235517079646210
1239235019446480897
1239233985076703234
1239233222455652352
1239232407032586240
1239230944554258432
1239229719360335872
1239228134085533697
1239227986022297602
1239227928350584832
1239227344365268995
1239227065544503296
1239226608420098049
1239226424462135296
1239226278349164545
1239226249060311040
1239225484455493632
1239224955734118400
1239223106650034183
1239223100220354565
1239223012446134272
1239222736611729409
1239214618796412928
1239214326675722243
1239213834906238978
1239213794389184512
1239213719093010435
1239213613136498689
1239213608334168064
1239213231849136128
1239212948033138689
1239212343189483523
1239212201782599681
1239212197907066882
1239212089220067328
1239211706091364352
1239211594573176833
1239209948904484864
1239209548260544513
1239208928778407937
1239208780589494272
1239208633835180033
1239208294503219200
1239207968601669634
1239207931758993408
1239207782089277441
1239207693035823104
1239207481676423169
1239207444200521729
1239207436507996160
1239207394095198212
1239207024040144896
1239206953336754176
1239206663288053761
1239205449859100672
1239205427105026050
1239205031242416133
1239204988712300544
1239204099683258368
1239201183622807552
1239200478145032193
1239200014766764034
1239199306013454337
1239199235318284290
1239198011139350528
1239198008903741440
1239197634125942785
1239197509697671169
1239196759621951490
1239196324043448320
1239196058728542210
1239195757065850885
1239195621820489729
1239195540237115393
1239195445626310656
1239195394619269122
1239195233524404224
1239194856196640768
1239194605456785409
1239194485730324482
1239194273456717824
1239193998062845952
1239193995449733120
1239193464786444288
1239193417764093958
1239193165837426689
1239193107997941760
1239192660486782976
1239192558351327232
1239192499576430593
1239192447088881664
1239191679397236736
1239191545892478976
1239191420025462784
1239191376081764352
1239191371245748224
1239191344985374720
1239191093125799936
1239190636219322369
1239190460620345344
1239190113747230721
1239190067874156545
1239190057115881473
1239189665011433473
1239189500716171265
1239189249758343170
1239189235770568704
1239189055515947008
1239188878218727424
1239188475464650754
1239188266630500352
1239188205834027009
1239187852442787840
1239187810042732548
1239187540608942081
1239186981034143744
1239185306298888192
1239185283964420106
1239183361018458117
1239182682543792135
1239182666345267201
1239181799399387137
1239181536005484544
1239180721945636865
1239180668531167233
1239180637669445633
1239180253492371458
1239179942987882496
1239179830731522048
1239179601160491013
1239179023755837441
1239178776379973632
1239178696919060485
1239178491712565251
1239178211772284935
1239177868006940673
1239177330141966337
1239177166060785670
1239177016462606336
1239176468078268423
1239176443310952453
1239175551224406018
1239175469238333450
1239175147162152961
1239175145291300864
1239174909323907073
1239174866588205056
1239174469706321927
1239174372864045057
1239174201455423491
1239174060346613760
1239173751557718019
1239173466307223553
1239173438402490369
1239172672057225222
1239172618202144769
1239172352291647489
1239171796051431425
1239170814986964994
1239170789275885568
1239170654793904130
1239170649853231105
1239170457158336512
1239169594968788992
1239169518171090946
1239169388600676353
1239168990171156484
1239168976535449601
1239168944386252801
1239168741755072512
1239168246126768128
1239168164853768192
1239168061589975040
1239168037057486849
1239167537348087811
1239167156979265536
1239166725985161217
1239165545770930176
1239165494760034304
1239165266828779527
1239165214014058496
1239165157403586560
1239164978906660864
1239164929820651520
1239164805300121604
1239164611141619713
1239164549904748544
1239164200758329344
1239164080801189888
1239164043178299392
1239164007694532608
1239163966712156162
1239163853709213703
1239163838907514880
1239163735308144641
1239163729054322688
1239163534514122752
1239163438732955648
1239163244721233920
1239163144876032001
1239163125229703170
1239162826092097536
1239162751928262656
1239162740045778944
1239162690834182144
1239162670781050881
1239162218849206272
1239162080248258561
1239162066671452160
1239161873267748864
1239161868637347841
1239161845291900928
1239161825230499842
1239161819794563072
1239161727016513536
1239161716107337728
1239161660977188864
1239161631151538176
1239161583420542977
1239161574818033666
1239161553527681024
1239161523341111296
1239161483327467520
1239160350592786433
1239159558603304965
1239159411861422082
1239156273066594304
1239155735822356483
1239154256755617792
1239152142591516672
1239151642294931456
1239150872866607106
1239150303087185921
1239150136543940609
1239149321611890691
1239147114183065606
1239146598648578048
1239146463789113345
1239145460734066688
1239145158219710465
1239144947942490112
1239144749627392001
1239144057206693888
1239143999513878528
1239143699830829056
1239143683133497344
1239143222699380736
1239143051236233216
1239142074907119621
1239141140726550528
1239141098770976768
1239140336913580032
1239139573315166213
1239139307983720448
1239139065959575553
1239138481936281600
1239137581259866112
1239133570913853440
1239128624764203010
1239128365283430400
1239127214345445377
1239126594448281600
1239120352749350912
1239119224112427008
1239117871248052226
1239115065007042560
1239111878632226818
1239109840208887808
1239109609689735173
1239109565200740352
1239108763094675457
1239107334699462656
1239107097364549633
1239106949708263426
1239090770017050625
1239090038777905152
1239089981961809921
1239088852410576898
1239087491912622081
1239087145077239810
1239082874260738049
1239082261456113664
1239081862598995968
1239081858316419073
1239081191954739200
1239079791120150528
1239079242756808705
1239079009146691584
1239077894816534528
1239077446617460736
1239077366967578630
1239077189917659136
1239074545971023872
1239073952858656768
1239073728417366017
1239073356823101440
1239073259183734790
1239072594369929216
1239070987183742976
1239070460651778048
1239070291604594688
1239070276844793857
1239070053170950144
1239070017901039617
1239069711368736769
1239069636177489921
1239069615356932097
1239069188255350784
1239068815914201089
1239068757160415243
1239068533855674368
1239067603714392069
1239067553638625280
1239066657903050752
1239065064809721856
1239064983029321729
1239064325827883008
1239064143933644800
1239063927419437056
1239063644551303168
1239063453165187074
1239063373335027713
1239063055700357120
1239062903669440512
1239062339673935872
1239061871811952640
1239061655939477504
1239060736900354050
1239060429155889153
1239060056102109185
1239058745574875138
1239057446804418560
1239057246740455425
1239056466994057217
1239055844731322369
1239055565793275906
1239055299647926273
1239054123841937408
1239053459623514112
1239051881688600576
1239051822616268802
1239050963073130496
1239050326814023680
1239049622552596480
1239048802054451200
1239048041279062016
1239047957615267840
1239047236438245376
1239046793796583424
1239045618900713477
1239045265224396806
1239045074547171328
1239045055471591424
1239043980093841408
1239043644268507138
1239042778249691136
1239041065073520642
1239040271020511232
1239037748637364226
1239034827665313792
1239032682660519936
1239029835558727681
1239029240089149447
1239029112968220672
1239028945745596417
1239027282909343744
1239025947157745664
1239025638289207296
1239025534740226048
1239025069910896641
1239023259464519680
1239023212140179457
1239018977893982208
1239017455869100035
1239016859241836550
1239015714800926722
1239015559653703680
1239015346776027136
1239014953463537664
1239014930428432386
1239014862333698048
1239014394140319744
1239011856234287105
1239011510325661696
1239010187672989697
1239009504295112706
1239008709646389248
1239008475964821504
1238999861585825792
1239595449721352192
1239591872248463361
1239570489397227527
1239554712673767424
1239554622647201793
1239554107091767301
1239550214278651905
1239541574238961665
1239538956175380481
1239536343845416961
1239501926586142721
1239492730125815808
1239487490181996546
1239483592520040449
1239481029947043842
1239480208912035841
1239477667222532098
1239474786742308864
1239467713346428928
1239466901685719045
1239462329676263424
1239462229298331648
1239460206159036417
1239458439228796930
1239458289701789696
1239457874541187073
1239457055485788160
1239453749870915584
1239452804860637184
1239449671740706818
1239449028980396032
1239442540622786560
1239438538925457408
1239434560967806978
1239431220200603649
1239422493384945665
1239422428616503298
1239422051745550337
1239421967305822208
1239421684387434498
1239417419757576194
1239415162802601985
1239413416214888448
1239412611688493057
1239412422206795778
1239408666022838274
1239407760942362625
1239407245642719232
1239402353067012098
1239402180198555649
1239401021488545793
1239399230516744193
1239397839555313664
1239397319369515011
1239396455653097472
1239395401167323137
1239374753636339712
1239372592072372224
1239370297561747456
1239370159719976960
1239368127009263616
1239366920119316480
1239366729748316160
1239341286949339142
1239890546153238528
1239775699365498882
1239773446529110022
1239764182796361728
1240176724060459008
1240889712249843712
1241398506012565505
1241308887741083651
1241184954316251136
1242130886142971907
1242163895843860490
1239294835124772869
1239280039226740739
1239275878447812611
1239270982096805888
1239251086008934400
1239247724651761666
1239244904544571399
1239243160636624896
1239242125352431616
1239238069653368835
1239232029792714752
1239231322452705281
1239231123013550080
1239231111810543616
1239228110517780483
1239227739057479686
1239224003463544833
1239223432098631680
1239222909962309632
1239222099962499072
1239222028600672257
1239221837869056002
1239219711050526720
1239219199685378048
1239218559240138752
1239218018430771201
1239217994858807296
1239216359646490628
1239213713715916801
1239213036918853634
1239207779761442817
1239207458322747393
1239207264860270593
1239204246395842560
1239204147020193792
1239195486613012483
1239193353683525632
1239192749032615936
1239191311539822592
1239190736593014786
1239190371361423362
1239189315919286274
1239187654316445698
1239186402018865152
1239184695851540480
1239179435829391365
1239174436391129088
1239172537801568257
1239172307077050368
1239170390066257920
1239170101015797760
1239168196109877255
1239163882381258753
1239161624335802368
1239159134588735488
1239156491392704512
1239150851396075521
1239148793569759232
1239147994030596097
1239141652574298117
1239116706104119296
1239114686966059008
1239089021935968257
1239088988738031616
1239087124906790912
1239086602028068864
1239086431756156929
1239085155282612224
1239071328507809793
1239068731344478208
1239034096141172737
1239469622325370880
1239435608772227072
1239431539798179840
1239395412038934533
1239395059419607042
1239393979742871552
1239382424410177537
1239380102581850113
1239372511634059265
1239350175048531968
1239775888323076096
1242481936129376257
1239607549642637312
1239605955320578049
1239601286133067776
1239553073640394752
1239487790372597760
1239441025224962048
1239434024013066241
1239424970775621633
1239404152062500864
1239402411975983104
1239352915778772993
1239979387132317697
1240117816025645056
1239338577739169793
1239307194027343872
1239307143024533504
1239296057412124675
1239284614889238529
1239283976012877824
1239278779832209409
1239277000587534336
1239276040171606016
1239274429990834176
1239274141204631552
1239274069935054848
1239274041141268480
1239273408141185024
1239273063813804032
1239272015552528386
1239271159251623936
1239270801523609601
1239269794693726208
1239268515212754945
1239267937304936448
1239267903842607104
1239267813816074240
1239267606969843712
1239266636424675328
1239266016091238400
1239264756718075904
1239264153358893056
1239263873494126593
1239263709517791233
1239263066979594240
1239262862628900864
1239260730911752193
1239260636820967426
1239258551446462464
1239256236291289089
1239256055525158912
1239256003096514561
1239255850864250880
1239255626263347200
1239255570080645120
1239254248157671424
1239253418419445760
1239252682381996033
1239252165773930501
1239250792004980737
1239250544717258752
1239249438196895744
1239249397243719680
1239248691887669250
1239248429441662976
1239247006725312512
1239246826479529984
1239245397027102726
1239244882515857408
1239244463798652929
1239244231853486080
1239244133379616768
1239243887165620230
1239243672668889088
1239243550719647744
1239243199203303424
1239243161811083265
1239242978851340288
1239242756226244611
1239242475266441216
1239242125730099208
1239241355483688961
1239240379280625665
1239239857752272902
1239239817021370368
1239239343136485378
1239238438634672134
1239236279042052096
1239235702241529857
1239235578182287360
1239235521563340802
1239235096902692864
1239235017810808834
1239234851917578240
1239234244288733184
1239234154627121153
1239233817757372421
1239233813152067584
1239233025600192512
1239232618245185536
1239231843624456193
1239230847674273792
1239230755714117632
1239230122797891584
1239230027125764096
1239228614463434753
1239228604505944064
1239228237923774465
1239227828320620549
1239227805688356864
1239227473776095233
1239227460312371201
1239227376812216330
1239227019415752707
1239226579097505793
1239226011696463873
1239225454273245184
1239223899046531072
1239223569525039110
1239222725429755904
1239222598929494017
1239222070917005312
1239222032413290496
1239221986112364545
1239221934396596226
1239221874875224064
1239221720290136077
1239221692599119877
1239221486474280961
1239221368530423808
1239221324846731265
1239221153765392387
1239221072051855362
1239221008424296448
1239220865750855681
1239220038323728384
1239219708835942401
1239219622122946561
1239219443554639872
1239219415507447814
1239218913541414912
1239218650759991298
1239218082905591811
1239217932221153280
1239217776473989120
1239217493614436352
1239217071340154880
1239217042030333952
1239217000880062464
1239216942809931777
1239216656427044864
1239215553291538432
1239215432067776514
1239215393992069136
1239214877215879174
1239214492849848322
1239214452076974080
1239213993626972162
1239213698570469378
1239213352909303808
1239213290124759040
1239212882912350208
1239212530326589442
1239212176847433728
1239212110602780676
1239211247200956418
1239211068615843840
1239210685852045312
1239209857984499714
1239209760282443776
1239209055069114370
1239208725199675398
1239208395720126466
1239208283665244163
1239208136835321857
1239207874158424065
1239207748627075077
1239207678582247424
1239207463129251845
1239207282295975936
1239206153055158272
1239205895684280321
1239205775580553216
1239205215972110338
1239205199417184263
1239204927022534657
1239204729575493635
1239204426977509377
1239204308215828480
1239203734455869442
1239203166450642951
1239202247017254923
1239201723958415360
1239201583444836352
1239201399029657600
1239201291563196416
1239201196159582208
1239200530934554625
1239200415624753152
1239200071272386561
1239199872185765895
1239199536997789697
1239199523110400000
1239199463270309888
1239199438221934592
1239199051930726402
1239198580037931008
1239198184888340480
1239198142756573184
1239197726790668288
1239196756501389312
1239196554491092992
1239196125451685889
1239195895498813440
1239195625092079617
1239195453876363264
1239195305322700800
1239195278063927299
1239194962194923522
1239194853923160066
1239194549534113792
1239194345460432902
1239193895612735488
1239193657359515650
1239193497636233219
1239193359899480064
1239192893895528449
1239192755152154625
1239191914231914496
1239191869847789568
1239191622174281732
1239191513201926145
1239191260398628864
1239191200978141184
1239191097336901632
1239191014818136065
1239190961588068352
1239190740527247360
1239190211495690241
1239190198455382016
1239190164280201216
1239190019702587393
1239189245786497024
1239189014051033089
1239188862934503425
1239188798119936001
1239188789269893120
1239188740548874240
1239188737306681344
1239188564749008897
1239188560223391745
1239188538241028097
1239188495039684609
1239188477754966017
1239188417604272128
1239188409169653761
1239188374101078021
1239188224708239362
1239188211995422720
1239188159902040064
1239188102884790274
1239188050703310849
1239187990724751360
1239187964451684359
1239187958088888320
1239187871891939330
1239187871493263360
1239187841273360384
1239187822420115456
1239187644195708928
1239187397411082240
1239187137712386048
1239187030141292544
1239187025435262978
1239187011455479808
1239186892257742848
1239186615521566720
1239186565185720321
1239186536668659712
1239186121784881157
1239185514596622342
1239185112908038145
1239184908855238656
1239184405819568128
1239184166127722496
1239184103162834944
1239184031775744000
1239183970530725888
1239183764665716737
1239183647560757249
1239183575804547072
1239183424126140427
1239183077961678848
1239182986093846530
1239182753024716800
1239182625069137921
1239182410933096448
1239182405291913217
1239182379366768640
1239182265713709059
1239181952206295040
1239181837563342848
1239181732387012608
1239181575235022856
1239181469953585159
1239180622645448705
1239180036856410113
1239179401670971394
1239177802366087168
1239177248982175745
1239175481955627014
1239175467548082176
1239175186596782080
1239175158167822337
1239173954012475392
1239173483738746881
1239173389291409409
1239173357469339649
1239172886000218123
1239172230120001536
1239171754083225600
1239171484511133696
1239170621109440512
1239170613262127110
1239169838766903297
1239169380455526400
1239168603099815936
1239168232000552960
1239168152551874566
1239167537226452997
1239166741806075912
1239166077281558530
1239164774472007680
1239164134425530368
1239163968934907904
1239163922302636032
1239163361561997312
1239163127712731136
1239162875622510593
1239162861869383680
1239162759356407808
1239162743434825729
1239162608483106817
1239161973608071168
1239161239588175872
1239161092678365186
1239161065553960960
1239160634425647104
1239160258947358720
1239160239603232768
1239159990713110533
1239159479934959616
1239159419599900673
1239158723907432448
1239158088029974528
1239156966934458370
1239154577192222723
1239152353384648704
1239152300104409089
1239152205170499584
1239151830698876928
1239151581213286401
1239151082724626432
1239150859197362177
1239150158027374598
1239149883375771648
1239148965192437760
1239148581451370497
1239148424517189632
1239148169029488640
1239148058660622338
1239147532678131712
1239147469361090560
1239146948030091265
1239146347439087617
1239146132632043520
1239146066013868032
1239146007247507456
1239145968433389568
1239145818327666690
1239145611301019648
1239145422796369922
1239145290965319684
1239145210761940993
1239144999473700865
1239144948483731456
1239144675056873478
1239144534895927298
1239144307438706688
1239144026168643586
1239143878994743297
1239143362600435713
1239143260695621633
1239142719349391360
1239142585941147648
1239142371922567168
1239142298585309186
1239142125498961921
1239142010948206593
1239141454036926464
1239140185364824064
1239139979873284096
1239139946146852864
1239139626025209857
1239139470500192256
1239139424417398786
1239139360995454977
1239139215503265793
1239139174243897344
1239139164974612480
1239139128769253377
1239139059940782080
1239138155904634881
1239137633659314178
1239128465502113798
1239127102261096449
1239117604863668224
1239116754632278016
1239115760561160192
1239112674161520641
1239108693452451840
1239107261663858690
1239105866613153792
1239105858715467780
1239103883944718336
1239102442102566913
1239102080825962496
1239101684426493956
1239096494738886656
1239095019493081088
1239093205548691456
1239338505618231296
1239009677632921600
1239592866889863170
1239586579510726657
1239551863256539136
1239548392575045632
1239524557116952576
1239524178581045249
1239515537736007682
1239502893134123012
1239501199260258305
1239500817507307522
1239492864431796228
1239491361461731328
1239487841136041990
1239486617502523392
1239481783642701824
1239479027527823365
1239478907918675968
1239473501540462592
1239470287181107200
1239468803584483328
1239454653164601344
1239453732389019649
1239452422247833600
1239449639406964738
1239448543267618816
1239446249880711169
1239446163587100672
1239446098701217792
1239446074034540544
1239446052853313536
1239441857039351808
1239437675482005505
1239436216317050880
1239435640686751744
1239435267443834880
1239434248106409985
1239433022102855680
1239431892769923073
1239431664247410689
1239431147857178625
1239428223466954753
1239427117495906305
1239427004375674880
1239424601421217797
1239423463280050179
1239422931714707456
1239422193420902401
1239420808394493952
1239418274456072192
1239418178091929600
1239416111675764739
1239415906180136960
1239415594941845505
1239415366280859648
1239414074217074688
1239414060803715072
1239412210289586177
1239412052273364994
1239412012997730306
1239411114749747200
1239408334001672192
1239407886888890369
1239406205732151298
1239403920222384128
1239402312612884481
1239401371641602054
1239400853728968704
1239399855061118982
1239398703019913218
1239397164020723712
1239396509835087873
1239396435927478272
1239396246227312640
1239395940919726082
1239395871072100352
1239395398042738690
1239394924061003779
1239394508460048385
1239394470459609088
1239394372052865024
1239392706243117057
1239392695610683392
1239392678984335360
1239392619861442560
1239392325261918208
1239392285764153346
1239392027369828352
1239391324404453377
1239389718707503105
1239389160512733191
1239388991318667265
1239386347753754624
1239386267936309249
1239385382170607617
1239384202992222214
1239384090962472961
1239378644272918528
1239375550113648640
1239369995873746944
1239369416384499712
1239367259467870209
1239366934287634432
1239364737994903552
1239364010211868673
1239358409243103232
1239349978079932417
1239344825528463360
1239344201298399232
1239926094708518913
1239891494548303877
1239875325871493120
1239861373170925568
1239769767210172417
1239753665868677120
1240543127754035205
1240976015431794691
1239208875296841734
1239208014566944768
1239195734366253058
1239194908700729351
1239193927162322956
1239192301202575360
1239176658726170624
1239168692937560067
1239168335050244096
1239167218547453953
1239163433867603970
1239163216116277249
1239161510779408385
1239161298853810176
1239161057412894720
1239157586374483968
1239156746653843456
1239156101922291712
1239154522662096898
1239154074060275718
1239152063419842561
1239151647625850880
1239150727554945025
1239149752710615041
1239147487904043008
1239146772049661953
1239145352248217600
1239143788033048576
1239143423376084992
1239143286050131971
1239142964569374720
1239142953811140611
1239142348153470976
1239141954148941824
1239141862390169600
1239140632712507393
1239087214719414275
1239041129586270209
1239016752392044549
1239599306002202624
1239592026204585987
1239518795913297920
1239503607168368645
1239486422794600448
1239483778172473344
1239482733019025409
1239455301427843072
1239453511017848834
1239453122772316160
1239451657794015232
1239425870462402562
1239423787151405057
1239422150680838144
1239420069165191168
1239395534567161857
1239393232355639299
1239392262745755648
1239387528781639681
1239386048225882113
1239385839718658049
1239341744480755714
1239832252361486337
1239059954247577601
1239047524947832832
1239296338011009027
1239284028278067200
1239273913030455298
1239272979063689216
1239261136048001025
1239259615495323648
1239255592121667584
1239252017899421697
1239250355948384258
1239250297349783552
1239249318906716160
1239248679711780864
1239248633934909440
1239248525390536704
1239248507002695682
1239248439961096192
1239248224105496576
1239248178227994624
1239247814682726400
1239247486088183808
1239228356954066945
1239227669121617921
1239224072568897537
1239222091242778626
1239162894039695360
1239134808317366280
1239130018258677760
1239122766961360897
1239230914212683777
1239389290708094978
1239388750372691970
1239387117718892546
1239385850955173893
1239385219762774016
1239381222574428160
1239380971251793923
1239071880289517573
1239071600831393792
1239071288020226048
1239071184202809344
1239070147496669185
1239067288793272320
1239065373418205184
1239064749763002368
1239060473238126594
1239044833177673728
1239043253552336896
1239043189757169664
1239043017786310656
1239042939524763650
1239042433217785856
1239038370204078080
1239036295000788992
1239035353165529088
1239035067587911681
1239033949730541568
1239033579696525313
1239020125241716736
1242753834847318016
1248252498814492674
1249241537734520832
1240460159157030914
1265641273425190912
1275741527474491392
1239334413189574656
1239167101840965634
1239097047937994752
1239313077893398529
1239221858538369024
1239221657920630788
1239221593294938113
1239221451447660544
1239220937821581312
1239219508700561409
1239219358414409729
1239219155645038593
1239218963453579265
1239218594694627328
1239218309007990784
1239218159636418560
1239218002576408576
1239217837945704453
1239217531706998784
1239217488316878848
1239217209114677249
1239217159483486209
1239216550575394816
1239216115949002753
1239215803737583621
1239215471972384770
1239214901312151552
1239104624235331584
1239101335401713665
1239101167608582144
1239101057340325894
1239100141656662021
1239097006968078338
1239096768442380288
1239096710166712320
1239096494394880002
1239096487960670208
1239095305921892354
1239092242838626304
1239092209871249410
1239091633339023368
1239519600447897601
1239517084100349953
1239393377797488640
1239283902272778241
1239270422354354176
1239267274881523712
1239266788979773440
1239258476074790912
1239258384420892672
1239255736372170752
1239245484817920000
1239242990817669123
1239241504239083527
1239240892520656896
1239240055786336257
1239237112148393985
1239234072930484224
1239219651755692033
1239217616285294593
1239216224220798976
1239215760846684160
1239204656858963969
1239202322292465665
1239200442120163328
1239197844126314496
1239196050117648386
1239195047171518464
1239193403176308736
1239189391215603712
1239188533405011968
1239187144205389824
1239186055544197130
1239185221800656896
1239184744283279363
1239184046648786949
1239181246594289664
1239180560590766080
1239178067559337984
1239173253064613889
1239170881999360003
1239167766298415106
1239164063013355520
1239163694535196674
1239163202585255936
1239163164299636736
1239162463142072320
1239161956021473281
1239161625644417024
1239160939854696454
1239160584270209025
1239159828557135875
1239159572516032514
1239158426065747968
1239158322567081984
1239157590711513088
1239157223223365634
1239155582499614721
1239155066881183744
1239152431079895040
1239148241645711361
1239129324080398337
1239126693475835904
1239124061118062592
1239111919018987520
1239110662204329984
1239099055629836288
1239098949199441920
1239097392655261697
1239088222828769280
1239075159241342976
1239072539139174401
1239068847963017216
1239068749027659776
1239068173682348033
1239067358007832577
1239066669743345664
1239063222910513153
1239062912485867521
1239048463670587394
1239048436072275968
1239045794256367617
1239045606926168065
1239045584113135617
1239044822125576199
1239044759097724930
1239043987157254144
1239043479998566401
1239043389682827265
1239043304357945344
1239037769990586369
1239030199825518592
1239029868475514881
1239507873022918657
1239483969713737728
1239481807650705408
1239427258470633472
1239392913651412992
1239382991421362176
1239353180779151363
1239239414598864901
1239173813587210241
1239132757961236481
1239129242413051904
1239110769079455745
1239217590032986112
1239217211463487488
1239212635523973120
