id
1242558135434227712
1242553056023023616
1242551365890478080
1242549056997593094
1242544531439906816
1242544480504315904
1242538751177285632
1242538620356943872
1242538085805481984
1242537623723429891
1242536517634936832
1242536396708958214
1242535931229372416
1242535187168149504
1242534746334224384
1242534532298854401
1242533962775506944
1242533728448057347
1242533269293477890
1242532960860909569
1242532945774227457
1242532620107264001
1242532399369469952
1242531304165400576
1242531229066387456
1242531213623033856
1242530935779672064
1242530853315424257
1242530692535214080
1242530581419659265
1242530342960902144
1242530282344833024
1242530261100892161
1242530207765950464
1242530176895873024
1242523871833509888
1242520152148566018
1242519719355113472
1242519035528409088
1242518944465862657
1242517264953270272
1242516632435486720
1242515288618225665
1242514332459687936
1242514328772923393
1242514281490456577
1242512926994399233
1242512473070030848
1242511540479086592
1242510574438830083
1242510311900545025
1242509725213904904
1242504997864124416
1242503806367105025
1242501633113653249
1242497169665466369
1242496813308850182
1242495570117353474
1242495288872337409
1242495094453719041
1242491967285551105
1242490938674601985
1242488998427152385
1242488366622375937
1242488262813507584
1242487276229120000
1242486592138285056
1242484894623621120
1242484750373154819
1242484080211460096
1242483613775482882
1242482469846134796
1242482132099817477
1242481730654597121
1242481168236208128
1242480815033839616
1242480337566851075
1242480101444313089
1242478719375212545
1242478685497810945
1242478508460261376
1242475250912071682
1242470695092674560
1242465897471569920
1242905221572882433
1242887571408957440
1242884310958510080
1242878197458321408
1242844127210815489
1242834152950501382
1242831294385418245
1242823984040816642
1242818306932797440
1242804914515881986
1242797592033013761
1242791393652699141
1242789613162225664
1242788844270800898
1242786579510411264
1242785687096578049
1242768314067062787
1242764719779274752
1242761854990024707
1242761106705149952
1242759664439382016
1242753205827588097
1242753093139410945
1242752956740427776
1242747004779761664
1242740018382123008
1242733867808649218
1242731400303763457
1242728399002644484
1242726510378643456
1242723150518878213
1242722859811663872
1242722601027244032
1242719715207688193
1242719284838760448
1242719070149115905
1242719000100036608
1242711952855404544
1242707477231067141
1242704285693083648
1242704101168709632
1242703274232492033
1242701517431291904
1242701433369026561
1242701243199324161
1242699681051766784
1242698728772960256
1242697859754950656
1242697514064592901
1242697238473658369
1242694452361203714
1242694291010375682
1242694150937612289
1242693151199858688
1242690734882463744
1242690314101346304
1242689668480733184
1242688539990429696
1242687952158969856
1242687562881196032
1242687126610690048
1242683142093156352
1242682887524118528
1242680973768212481
1242680878960013312
1242679590474006530
1242679552821702656
1242679047512920064
1242678724073381888
1242678535451369475
1242678457676345345
1242677019965419520
1242676404161900545
1242675777033900033
1242675214485295104
1242675192930996226
1242675117840371713
1242672997355229185
1242672180229558273
1242671979838074881
1242671799386554370
1242671740356001792
1242670841537667072
1242670561651720289
1242670440331403265
1242670364473331713
1242670144754716672
1242669531799015425
1242669393844158464
1242668214552653825
1242667569292640256
1242667146087284737
1242666599460429826
1242665887502647307
1242664790679576576
1242664331562475521
1242664217746038785
1242663706896379904
1242662874817769472
1242662340983533570
1242661740518785025
1242660949628051461
1242660730421129216
1242660689065328641
1242660681486413824
1242660544596729856
1242660351147044871
1242660094929711104
1242657809256218624
1242656212518203392
1242655169679994880
1242655002109206530
1242653687178125313
1242652824611295233
1242650736057446401
1242648699739635712
1242648646232862726
1242648163099394048
1242647792444674050
1242647377221222402
1242644979975163904
1242643494499315713
1242643176281616384
1242642036890767360
1242637650273722369
1242637522921914369
1242635490513145857
1242635135033499648
1242630884731293696
1242619928991145984
1242610245228056576
1243201643346309120
1243200793437757440
1243168281294331905
1243135166761054210
1243100737917161473
1243054580901920773
1243048404474900481
1243007870750224384
1242997427013025795
1244149011876950017
1244066703245340672
1244266670086119425
1242299513328381952
1243164641183666177
1245774529252569088
1242560607913676808
1242548674476904450
1242548557422313472
1242548355542085639
1242498407224299522
1242489193424654337
1242486947781775361
1242485867760869376
1242475995522686984
1242471561598087170
1242471300649463810
1242470450564706307
1242468514981543940
1242466844943855617
1242466336661336065
1242465067762954240
1242464666783121413
1242463863095754755
1242462605333037058
1242462454858149888
1242460741183123458
1242458358868848640
1242458326069370886
1242454755948945408
1242450027454185473
1242449045865418752
1242448790331592705
1242448695062188035
1242440480526401536
1242438709053509635
1242431479847596034
1242382340678209536
1242381913618288640
1242380758582464512
1242380125510885376
1242379561897062400
1242378622993760256
1242378319212859392
1242376115307581442
1242375625651830784
1242375409338961920
1242374483752570881
1242372003861942272
1242369347126878208
1242367368300351488
1242360885303099393
1242360260343390209
1242351759130914817
1242349280678932480
1242341622857076736
1242336938587234305
1242330813187805185
1242325014101270534
1242324826347495424
1242318503773745152
1242318161292267523
1242317995319259140
1242317695518789634
1242317434469507072
1242290650499948550
1242274183494729728
1242273253948719104
1242273053695807488
1242924666466910209
1242894050597826560
1242504451048562691
1242500334590652417
1242484717934350351
1242425633189195777
1242414028821012480
1242385406546432000
1242379623813406720
1242378025477554176
1242376906940518400
1242363377243979778
1242359496183144448
1242359075561549825
1242352347692576768
1242352344190181377
1242350920039448577
1242350554249977857
1242350501750026240
1242350149793230849
1242340430559055877
1242340145778417664
1242323417837125632
1242318708921356288
1242317633833353216
1242316234105872384
1244591527759712256
1244266728223387650
1244266652130312192
1242531721515429888
1242512246217080835
1242485023481053188
1242480385201602560
1242477897144627200
1242477742244782083
1242477564200771584
1242472756517601283
1242428525321375747
1242428501099040768
1242428257959583746
1242426649272102913
1242417512819486720
1242416492311797760
1242411366402519041
1242398380472451075
1242385247544590336
1242381689319337984
1242380767084154880
1242376424373157888
1242373672070819840
1242371191492546567
1242364627687596032
1242362154268815362
1242358350664175616
1242353776297512960
1242352727411154945
1242344625450303488
1242342461336211457
1242333003017105408
1242332120690782209
1242331684797730817
1242329527868477445
1242329288365481984
1242328855827767296
1242328584653549569
1242328035099119617
1242325467077709830
1242324400377974784
1242321249746833408
1242319976133885953
1242318823950299136
1242317152784453634
1242309118053892096
1242303646487818240
1242302615674851329
1242300621274873856
1242300511656611842
1242295382777815040
1242293677927563265
1242292592831848456
1242291767430520832
1242290286656552960
1242287906732924929
1242286946564489216
1242286481244184576
1242284730101334017
1242284463586861056
1242279215686443008
1242274872593485824
1242512562337378306
1242512495652130821
1242512445563789312
1242511860600958976
1242511578714554368
1242510105175711745
1242509588202577920
1242508908435914752
1242508891167981568
1242508348747952129
1242508277528686592
1242508036607848448
1242507373002010624
1242507171721408512
1242505838964555783
1242505200159657987
1242504845958868992
1242504810064199680
1242502799759257600
1242501029742235648
1242500041882963980
1242499752148840452
1242499634859134976
1242499007424929792
1242498642579054592
1242497473228279815
1242497261910675456
1242497179018616832
1242495267510738944
1242493820039766016
1242493589541642240
1242492688856805376
1242492064882774017
1242492023082385408
1242491895915220993
1242491692340707328
1242491426417422337
1242491304413544448
1242490745426022407
1242490418006130691
1242490087364898817
1242488603042705408
1242488058626183168
1242487260915716097
1242486861756416000
1242485770243338246
1242483959998468103
1242482906498347012
1242482594022715392
1242481931050086401
1242481755958857729
1242481160413786114
1242480229676765184
1242478954851647488
1242478143840997378
1242478108080394246
1242477101782986754
1242477091263623168
1242476419243839490
1242476301740412933
1242476043476353024
1242474845981433857
1242474791329652744
1242474641379057664
1242473809317228546
1242473636495155202
1242473470664949760
1242473411609149440
1242473405196070913
1242473154578014210
1242472886067015681
1242471728053252098
1242471554006437889
1242471478479613958
1242471456434311168
1242471438520467456
1242471283327033347
1242471261868978180
1242471199210229761
1242470097202991104
1242469701877264384
1242469666401878018
1242469656742391811
1242469570255785991
1242469517604696064
1242469457009586181
1242469251354464256
1242468591565496324
1242468315773038592
1242468014940991488
1242467920115929090
1242467866797936642
1242467860317753344
1242467488815702016
1242467411695034370
1242467380141248512
1242467367180894209
1242467319286136840
1242467149295144962
1242466838539202561
1242466759392673793
1242465829142163465
1242465603178262533
1242465557154168838
1242465155067179008
1242465135010050061
1242464746365804544
1242464486902005763
1242463844611403776
1242463717788250112
1242463590973452291
1242463347657719808
1242463327600570380
1242463315797798912
1242463304296980486
1242463191621177344
1242463126747930624
1242462980475772931
1242462572894244864
1242462483371003905
1242462193024729091
1242461701787619329
1242461495482433537
1242460507593998338
1242460483610910723
1242460458302365696
1242460295571935238
1242460250806071298
1242459703373893632
1242459696566583296
1242459148857610247
1242459127806386176
1242459104234418176
1242458663844892672
1242458037534838785
1242456339491651584
1242456266930180097
1242455814377312256
1242455705325637635
1242455624409133056
1242455417738784769
1242455354233012226
1242455271668137986
1242455084166008836
1242454892888891392
1242454838514003968
1242454793844449282
1242454768959795200
1242454710960803840
1242454683664318469
1242454564600594432
1242454470413484033
1242453702524284928
1242453505782304769
1242453488132595712
1242452638794420225
1242452553960288256
1242452159129702400
1242451422043467776
1242451349293367297
1242450868668108800
1242450802821591040
1242450640887898112
1242449634364186625
1242449124294905856
1242448710446903297
1242448533283721222
1242446905273020417
1242446575000903680
1242446358939754496
1242445071510888448
1242444364804059136
1242444049983782912
1242443499154391046
1242442980805337089
1242442608191787008
1242441359748890629
1242440711909367809
1242440696159703042
1242440366101368840
1242440285730140160
1242440109104017409
1242439797592875009
1242439723940859906
1242439535960756225
1242439325058359296
1242438961873608705
1242438948107911169
1242438912393412608
1242438764917481474
1242438631848984576
1242438499694833664
1242438466828259332
1242438046928318464
1242437992112779264
1242437942087475200
1242437880452014081
1242437835036200962
1242437726705573888
1242437694984200192
1242437633189359619
1242437607080054785
1242437532710776833
1242437462627999745
1242437439576313864
1242437428952158208
1242437398828548096
1242437382957223936
1242437343623012352
1242437292007886851
1242437148898443269
1242437115050418177
1242436901929390083
1242436853397180417
1242436842416410624
1242436535892480000
1242436529311690753
1242436520168034306
1242436392560418818
1242436332678496256
1242436305495232513
1242435598234923011
1242434616574672898
1242434578897350657
1242434518650216451
1242433350360616965
1242432906259124224
1242432641208590339
1242432609814056960
1242432589362647040
1242432569078984706
1242431770957668352
1242431175634886657
1242431098719629315
1242430467804028928
1242430306939883520
1242430239822606336
1242430141461975040
1242429903183568901
1242429422025814020
1242429394905444353
1242429224599932928
1242428780980908032
1242428770872487936
1242428407671140352
1242428259436056578
1242428205786640384
1242427765015449602
1242427657003782145
1242427392242716672
1242427081025138689
1242426839827484673
1242426313572372481
1242425327260971008
1242424763387121665
1242423146742874114
1242423023245889536
1242422694944993281
1242422677555404800
1242422624455725056
1242422300302929921
1242422187090268160
1242421702123913217
1242421675653836801
1242421633618305024
1242421479029059584
1242420900139372546
1242420883584622593
1242420021801844736
1242419965023551489
1242419726661255168
1242419447333191680
1242419118898212865
1242419029731463168
1242418667205169153
1242418023866261505
1242417773583597570
1242417658470871040
1242417470461235202
1242417468942909441
1242417016792735745
1242416832511791105
1242416806603550720
1242416529309745152
1242416447390748672
1242415874876649478
1242415514485481472
1242415227439730690
1242414641658990592
1242414230042632192
1242414022240038913
1242413992158490625
1242413948156043266
1242413675144548352
1242413601811390465
1242413541774131201
1242413045445316608
1242412951404855296
1242412393201668102
1242411947292864512
1242411515539525633
1242411060746805248
1242411022461239297
1242410898062483456
1242409636113702915
1242409461718773761
1242409444073287682
1242409049272070146
1242409019744169986
1242408608014290944
1242408423678808065
1242408255252336642
1242407854335594503
1242407735385296901
1242394879998578688
1242394288635498501
1242394287641247745
1242393675600101376
1242393641290629120
1242393635389202432
1242393611376791553
1242393581064773632
1242393245197328386
1242393171495211010
1242392986392104960
1242392904384909312
1242392895094550529
1242391942643757058
1242391395970584577
1242391336235352066
1242391235949514752
1242390701737832449
1242390590307827713
1242390373852278789
1242390338271981568
1242390304902098945
1242390181677649926
1242389876516859910
1242389783873126403
1242389554021011456
1242389098268000256
1242389095961133056
1242389025773760512
1242388177563811840
1242388095229669377
1242387554051080192
1242387409196552192
1242387076269645824
1242386645476716544
1242386626724204544
1242386276969517060
1242386245608669185
1242386103643955200
1242385993237499904
1242385980755238912
1242385603498397696
1242385326343159808
1242385077104861184
1242384825824055297
1242384258762543104
1242384231860285440
1242383998069788672
1242383887164203008
1242383883569467392
1242383444492992513
1242383264368619522
1242383202573934595
1242382900101873665
1242382536145137664
1242382338866233346
1242382337427378176
1242382278115971072
1242381949135552512
1242381901211394049
1242381614652559360
1242381247638372352
1242381240906313733
1242381238783995904
1242380930175488001
1242380861934362626
1242380788441759746
1242380690798161922
1242380615363649536
1242380512200720384
1242380506433351680
1242380466428112896
1242380369191714816
1242380257585324033
1242380217806548992
1242380210034499585
1242380139020914688
1242380134616719360
1242379698887217154
1242379609800228864
1242379197751996416
1242379176671240192
1242379104772448256
1242379036963123200
1242378790136733696
1242378666543157248
1242378447751610368
1242377414413627392
1242376875558789120
1242376403938619392
1242376161750970368
1242376128641110018
1242375896302002176
1242375503765372929
1242375442037985285
1242375059043495936
1242374867430899713
1242374757816733697
1242374473988243456
1242374256672960512
1242373802723627008
1242372557778509824
1242372341775994880
1242372228047486976
1242372108514144260
1242371578907820033
1242371570342825984
1242371193274896384
1242371121359380480
1242370659457683457
1242370472836128769
1242370136369065986
1242369529025527809
1242369466584821760
1242369208081514496
1242368843567120384
1242368636238651393
1242368531179679745
1242368524053430272
1242368501811036160
1242368413772611584
1242368272999149569
1242368064508719104
1242367645740961792
1242367409610088448
1242367199035011073
1242365944178958336
1242365887832719360
1242365786628313089
1242365455513169920
1242365051983417345
1242364671371259904
1242364311516807168
1242363907701796865
1242363299301187585
1242361955345551364
1242361887670456324
1242361504634044416
1242361119399972866
1242361071198855173
1242360963321311232
1242360539323359233
1242360153967489024
1242359181421604865
1242359064706891776
1242359023992594433
1242358559028817921
1242358435691155456
1242358121651007489
1242358078592282628
1242357941417594880
1242356000947965952
1242355538521776128
1242355468627890177
1242352755735285760
1242352384497479681
1242352035367772160
1242351974864973824
1242351300097892352
1242350976738013185
1242350719119675393
1242350410083577856
1242350383202070528
1242349433737674752
1242348806542262272
1242348603445673984
1242347809531101186
1242347771929206784
1242347629423493123
1242347595390799872
1242347495839035393
1242347408052432897
1242347389790220288
1242347262002552838
1242347072935755776
1242346963342725120
1242346932980183042
1242346148104265735
1242346126910435329
1242345934668754945
1242344903604043779
1242344367412482048
1242344128798695424
1242344020271079425
1242343921713213440
1242343857943166977
1242343834232619014
1242342809463443456
1242342723488747522
1242342545125855232
1242342454595964929
1242342297020203009
1242342227172605952
1242342071567974400
1242341740566048768
1242341685067051009
1242341542880096256
1242341350151839745
1242340637472468992
1242339918145138688
1242339456952254466
1242339355512967168
1242339265746329601
1242339200822915072
1242339146829619200
1242338899919114242
1242338824761442304
1242338693517586433
1242338519403634689
1242338169829224449
1242338112757350400
1242337993861537792
1242337950848827392
1242337786176380933
1242337521469739008
1242337407204069379
1242337296495431682
1242337197979611136
1242337044010958848
1242336989355159552
1242336964864401408
1242336671560896512
1242336577277300736
1242336497946234880
1242336365892624384
1242336306606362624
1242335883262451712
1242335304318517249
1242335280826396672
1242335225704853504
1242335100018126848
1242334604603920384
1242334339725250561
1242333857086504960
1242333772915376129
1242333561857990657
1242333419243094016
1242333317489278976
1242332171010035717
1242331931997593600
1242331467541291009
1242331105220591618
1242331092004114432
1242331027642580992
1242330889893404673
1242330839167504384
1242330820263718915
1242330794200150017
1242330655033135104
1242330549949100032
1242330282197319680
1242330003532132352
1242329874045362176
1242329780097290240
1242329464673091584
1242329042176675840
1242329028897333248
1242328982860656641
1242328942293307392
1242328689003520000
1242328102338023424
1242327793209237504
1242327709016936448
1242327659876503553
1242327561700544512
1242327444083875840
1242327266891198464
1242327189531615232
1242327180777893889
1242327163824508929
1242327149471649793
1242326848866078720
1242326811351986178
1242326477984718850
1242326289253576704
1242326249273360384
1242325917600550913
1242325691158282241
1242325161497391105
1242324991632240640
1242324892818771968
1242324807850418176
1242324599263633408
1242324306652278784
1242324011289214976
1242323715448115202
1242322957164142593
1242322932858306563
1242322702192357377
1242322635230306304
1242322530485932032
1242322478325575681
1242322453243793408
1242322113815556096
1242321889026093056
1242321844071550976
1242321035359186944
1242320549151305728
1242320253717303298
1242320063937392640
1242319853823770624
1242319308790722561
1242319107262779392
1242318885367320577
1242318811111370753
1242318573856419841
1242318520802611200
1242318470139637760
1242318250941108226
1242318206359855104
1242318176416759808
1242318148897918977
1242318083357732865
1242318040307400705
1242317984514760704
1242317972078649347
1242317961966149633
1242317953296519168
1242317611737600000
1242317607916748800
1242317502614511618
1242317126204968962
1242316987344261120
1242315451666812929
1242315233198137344
1242315204001587203
1242314902833750016
1242314634889175040
1242314468203417601
1242313339134337030
1242313120032460801
1242313094556274689
1242312455935741952
1242312228856115208
1242312132290654208
1242311881215414272
1242311724264374273
1242311468806221825
1242310633737068547
1242310575255719936
1242309225704906752
1242308082064961537
1242307506006679552
1242307470950715394
1242307060538183683
1242306986856845312
1242306810326839296
1242306583419183104
1242305914906050566
1242305068386226176
1242304582203498496
1242304279144062978
1242303809415548928
1242302938703204352
1242302894826610688
1242302465036484608
1242302417028423682
1242301602519752704
1242301357417091072
1242301347698860032
1242301342619553794
1242301222142394368
1242301159546556417
1242301147861225473
1242301109764571136
1242301064268955650
1242300691013459970
1242300659442921472
1242300609413275649
1242300546029170689
1242300440240365570
1242300274867240960
1242300161470222336
1242300093581029376
1242299855046717440
1242299831135039488
1242299731755163648
1242299390548574209
1242299063631937537
1242298540837105674
1242298497631748096
1242297949524131840
1242297784910385152
1242297773992456193
1242297672792449029
1242297663724244992
1242297456177668098
1242297365270278150
1242297169069010945
1242296633599156224
1242296511028801538
1242296446646280197
1242296322511630336
1242295958995697664
1242295737225900034
1242295528253042688
1242295451807817734
1242295314507124737
1242295127353122817
1242295070713405446
1242295070570639362
1242295000416821248
1242294661093429251
1242293976360681474
1242293897600151553
1242293851995303936
1242293716125089799
1242293575465000962
1242293246975336448
1242292007046770688
1242292002043002881
1242291990055669760
1242291723025281025
1242291715995848705
1242291699193282562
1242291685603729411
1242291336272740352
1242290996332748802
1242290696163168256
1242290470392193024
1242290136961830912
1242289001723072515
1242287506202099712
1242285425080713216
1242284687512317953
1242284084434354178
1242283486938927105
1242283024424804352
1242282561436598272
1242282482356998144
1242282356209340417
1242280408827310080
1242280069520908290
1242279971294523393
1242279683548463104
1242279661478035461
1242277090285637637
1242276507390750720
1242276023091118082
1242264892792430592
1242262154050285569
1242261870964355077
1242260821259902977
1242255814007476227
1242253824103862272
1242244397552373760
1242244379357728771
1242243069132578819
1242243057031905280
1242242870515396608
1242856402961514498
1242846030837821440
1242831723223793664
1242830431575142400
1242822164060893185
1242783319705579521
1242751212505559041
1242749129941348352
1242740403796766722
1242730967648870400
1242729753754255360
1242729677686374401
1242729454511611904
1242724856224862210
1242722792300113920
1242715978045128706
1242700319689244673
1242699987391148032
1242699305527341057
1242694527690977281
1242693879331033093
1242689654350118913
1242687825893404674
1242685077735129088
1242668862191144960
1242667481937768449
1242667175435010049
1242663744800317440
1242638371547049986
1242632536439783425
1242626157515640832
1242623438088355840
1242619469215629312
1242615810444505088
1242612767116255233
1243575576516005890
1243426119996456963
1242600701819121664
1242533579898245120
1242528752980148224
1242525069097586688
1242524315553116160
1242524291884707845
1242523998581166081
1242523871070146561
1242523737477562368
1242523693462536193
1242522291168296961
1242522087924707330
1242516199809921024
1242513408622280704
1242500732290510848
1242500654230319107
1242495434528108544
1242492927240069120
1242492881270476803
1242492829282136068
1242492810202198017
1242492152635994114
1242491572156903425
1242491519912660993
1242490911939936256
1242490107929579523
1242488869573943296
1242488641877766150
1242487991261528065
1242487891604860929
1242487450661818368
1242486766294056961
1242485720620494849
1242484288391536652
1242483322179092481
1242483061905747973
1242482581494362112
1242480851549442050
1242480353438240768
1242479667635863553
1242479560555294722
1242479211442364421
1242479137081544710
1242478746231136257
1242478637351227392
1242478570376531969
1242478475472068610
1242478386686988291
1242478380055842816
1242478282752151552
1242478148282793988
1242477948428410880
1242477662825631752
1242476705865805824
1242476515964542977
1242475480864841732
1242472207218925569
1242471755421061124
1242470684686598146
1242470243798155266
1242469998808842240
1242469862879793152
1242469440555376641
1242469047301619712
1242468902803615747
1242468341467320321
1242467876411334656
1242467606478467079
1242467498194165760
1242467497808252928
1242467160179367939
1242466869598015490
1242466820033933312
1242466756037206018
1242466602055942144
1242466400288960512
1242466231346577409
1242466107866243075
1242465990908063755
1242465960264527872
1242465916257878017
1242465847081422848
1242465586283593734
1242465334725971971
1242465258758791175
1242465077384495105
1242465013316501505
1242465009914884097
1242464906009427972
1242464891752943616
1242464868310994947
1242464849193385985
1242464230252503048
1242464066821484545
1242463978426486787
1242463228271005696
1242463020938190848
1242462897353003008
1242462865472118784
1242462622357712896
1242462614753435649
1242462574056099845
1242462465712992259
1242462219045965824
1242462191472779264
1242462152725630976
1242462017342103552
1242461995078541312
1242461862270099456
1242461765213945867
1242461617897361410
1242461545461768199
1242461145136422913
1242461084314824705
1242461073401208833
1242461011262582785
1242460966618464256
1242460934339256323
1242460915821195264
1242460871206612992
1242460697340129281
1242460564498067469
1242460530025119747
1242460511272423428
1242460455097872384
1242460058195279872
1242459995830210561
1242459934140387328
1242459662194278400
1242458329927962624
1242458035836108801
1242457495496343552
1242457400575229953
1242457154939846656
1242457139848806402
1242457020059582466
1242456589077893120
1242455894316769289
1242454801809428480
1242454167332913153
1242452168138985472
1242449315441684485
1242442975931580417
1242439699416911876
1242438979762307072
1242438294505279491
1242437052794155009
1242436083352096768
1242435180524077057
1242429097562615808
1242425626117787649
1242424944698503168
1242424297878102017
1242422937543557121
1242422773709930497
1242422609851146240
1242421763847278592
1242420846976577537
1242415509817061377
1242412963266322434
1242412704481955841
1242407874006941696
1242407661976485888
1242403991427801088
1242402337349459969
1242401699584561154
1242397249587613697
1242392598162993158
1242391914147508225
1242389363520155649
1242380956888993793
1242379601780723713
1242379380296314880
1242378485613481984
1242378407897231361
1242378274724089857
1242377888252309504
1242376397156306950
1242374956509360128
1242373868628725761
1242373679750639617
1242373283565076480
1242372344611397632
1242371268164362240
1242368985317834753
1242368051980320768
1242367332887834624
1242366395561553921
1242365346113187844
1242364550051016709
1242361361071403009
1242359661681991681
1242357587791638529
1242356894955499521
1242356524560703489
1242354566315704320
1242354101288964097
1242352500444762113
1242351662683095045
1242351205101309952
1242350623741194242
1242350159826018305
1242350047720648704
1242349218146238471
1242348583275225089
1242348111521087488
1242347869929078784
1242347340062543873
1242346799710388225
1242345845804040193
1242345613347307521
1242342494995501058
1242342480365752320
1242341843410366464
1242340100215681025
1242339387163082752
1242337113317597184
1242333674437107713
1242331871964352512
1242331806789058560
1242330187188121601
1242329638895890434
1242329605496700931
1242329177535193091
1242329119658070017
1242327462056509440
1242326234782142464
1242326068171640832
1242325449285308416
1242323739766935552
1242322844500934659
1242321755462656010
1242321144830504960
1242320787693924353
1242320192568471554
1242320148289159168
1242319849956577280
1242316552554401792
1242316509948432384
1242316387210506242
1242316204557164544
1242315094094049280
1242313999401635840
1242313334143119362
1242313126164328448
1242312719476363265
1242308533216882689
1242307721304502272
1242306612221505536
1242306133139820544
1242305978713939969
1242305937437753348
1242305911999180800
1242305532959944704
1242304056032251905
1242303071079804929
1242302784751333376
1242302657756147712
1242300659023646721
1242299381128151041
1242298595128291329
1242297746783997952
1242297732343054336
1242297711874826246
1242297418382741509
1242297303001530368
1242297286169788418
1242297167806713856
1242297122931838981
1242296998918860801
1242296816449638400
1242293974267621376
1242292952916873217
1242292807789883392
1242292792958824448
1242291660249133057
1242290805965901825
1242290545659121665
1242290362183561216
1242290117391376384
1242289973107109888
1242289363473424384
1242289178815029248
1242285900442173441
1242285784901644288
1242283714274615297
1242279966794027009
1242277982808371202
1242277798951055362
1242277728562212865
1242277641886949376
1242277518012370945
1242274480556331008
1242274018788552706
1242273740257292288
1242273417400733696
1242270700913586178
1242267388319535113
1242266591422636032
1242260549896794115
1242564530858647554
1242560535482204167
1242559169078505473
1242541750901751808
1242541593367740416
1242540840896958466
1242538678909460481
1242535588525494272
1242534123085926406
1242533888846467074
1242529159445807104
1242527005179924480
1242526847205695488
1242526630070775808
1242523572800806915
1242523449937051648
1242523104229773313
1242519713399242753
1242519485837271040
1242518468093571073
1242518120457175045
1242517802369445889
1242517006529646594
1242514696323784705
1242513901448597504
1242513744795545601
1242512692038025217
1242512193137938432
1242509899168268289
1242508343916163073
1242507633107456000
1242504915370618881
1242503252601483264
1242503093755019267
1242502869200203778
1242501122272755714
1242500868857114633
1242499611681419267
1242499339965976576
1242499203583991808
1242498052637757440
1242496144292245506
1242495730213937155
1242495546238963712
1242495036203261952
1242494285900959745
1242493513213739008
1242493325619408898
1242493257533116416
1242493182710960128
1242492954289172480
1242492781534294018
1242492553854763010
1242490135335153664
1242490013180284931
1242487517439348744
1242486688095453184
1242485600042635270
1242483500772511745
1242482831026077698
1242481877468020736
1242481750988566529
1242481589608579076
1242481262666739713
1242480137771220999
1242479570319638532
1242478322140889089
1242476333453598720
1242471380269973505
1242471209045917696
1242470801569284097
1242470385888579586
1242470033898397703
1242468599396274177
1242468182654418944
1242467659255435266
1242467567567925249
1242467387678441473
1242466477011128321
1242465848528269313
1242465780530180096
1242465648552243206
1242465621071106048
1242465112197218308
1242465053548269569
1242464484003725313
1242463887611424770
1242462780759748611
1242461905400127490
1242458733034135553
1242458588959801346
1242458104467542023
1242457986410393601
1242457663738445824
1242457110576656384
1242453818572304385
1242450547744993280
1242450438902788096
1242450158534537216
1242448882157547520
1242448787928317952
1242448337518727168
1242447917601849349
1242447610805248002
1242446982427185152
1242444288606126080
1242443759612125184
1242442530433761280
1242439379135516677
1242438725860306944
1242438336712564736
1242438187907080193
1242436915699134465
1242436624538992641
1242434569422266368
1242434191280738304
1242433698760249344
1242433533462941696
1242432979030306817
1242432942799876097
1242427501420273664
1242427470923481088
1242427422852575234
1242426409827483648
1242425658241888256
1242423841999261697
1242423063355854848
1242422256392757249
1242420949850492929
1242420427776876547
1242419993095987201
1242419737486749697
1242416126337765376
1242413275582586885
1242412319457423361
1242410828474638336
1242410024577585152
1242402301966340096
1242401758476791808
1242401377000796160
1242400369528803329
1242395418794897408
1242395107602714625
1242394988492640257
1242394180086714368
1242392530211074048
1242390864049197061
1242390722432716801
1242389005989265408
1242388314046545920
1242386981201403904
1242386742809784320
1242386257834954754
1242385978477760513
1242384509074636802
1242383720343982081
1242383474075389957
1242382958834536448
1242379777224241153
1242379770853236740
1242379732152279041
1242378505922347010
1242378460783194119
1242376818721579009
1242375525613498374
1242375049530576898
1242374564308344832
1242374136132800513
1242373422098681856
1242373395565535233
1242371824026923016
1242368014424494080
1242368000373567488
1242367980203212801
1242367803132219392
1242367641630670850
1242367223638851584
1242364471286218752
1242362912489914378
1242362109842739200
1242361358638698496
1242360028775866368
1242359712785395714
1242359239512748032
1242358760703578112
1242358368200785921
1242358110640943104
1242357753957339136
1242357563427037185
1242356834192617472
1242355692939313153
1242355544263806976
1242355175127318528
1242353937346256898
1242353424462524416
1242353040218148866
1242352087293235200
1242350693630922752
1242349709080985605
1242349603720052736
1242348966101975041
1242347345947156481
1242344834796376065
1242344523134623745
1242343161206206464
1242343042570309632
1242342930120986624
1242337237775159296
1242336772958195712
1242335934965641216
1242331572054843392
1242330890316820481
1242330325553836034
1242330254913363970
1242330055465791489
1242330014260973568
1242329958128603136
1242329030419869699
1242328997708492800
1242327838268592130
1242327530587197440
1242326669387427842
1242326357700308993
1242326034474663941
1242325449415393281
1242325440389189632
1242323856628441094
1242323364997455872
1242322803312951296
1242320814969507840
1242320201296855041
1242319291480813568
1242313127368093701
1242311495595085824
1242310505408020482
1242310375737036801
1242309376834035715
1242309254775627776
1242307096630050816
1242306680110501888
1242306525843976192
1242304840333590530
1242304407464636416
1242303189019275264
1242302150664830977
1242300926855176193
1242297286501130241
1242290814719594496
1242289887149051911
1242276843677343744
1242272505479303168
1242261483377045504
1242490874631610368
1242490712970514442
1242490707392200705
1242490641965182982
1242490634117591040
1242490416949125121
1242490293615595520
1242490200401436672
1242489763803754496
1242489705830088704
1242489463617384450
1242489312031182848
1242489202106716160
1242489086927163392
1242488518527447041
1242488440534392834
1242488409655894016
1242488368832720898
1242488237261639682
1242488134211784708
1242487964359245825
1242487761203941384
1242487678823735298
1242487657663361028
1242487259766517760
1242486993180692481
1242486820849324032
1242486748887650307
1242486425829818369
1242486357416480773
1242486295588253698
1242486130051649537
1242486123789574144
1242486090591698944
1242485599543558144
1242485403455635456
1242485329015144453
1242485290079416321
1242484855151177729
1242484821277814784
1242484460873867267
1242484426581270529
1242484311598620680
1242484234914123776
1242483928717352967
1242483739277447169
1242482903834976256
1242482345090809857
1242482206544551937
1242482175544455169
1242481836032323585
1242481831368216578
1242481544670871553
1242480992415141888
1242480833228767242
1242480711199649793
1242480493196537861
1242480445419216896
1242480005818408969
1242479896837763073
1242479395903766528
1242478756268093442
1242478264876064774
1242477867373494275
1242476773968760840
1242476773855514625
1242476195112837120
1242476029202972674
1242475897757687808
1242475795794104322
1242475775304929281
1242475628340756481
1242475453853487106
1242475394072080386
1242475248424906757
1242475073748889600
1242474152340025345
1242473795874504707
1242473775766990851
1242472983391883264
1242472943080181761
1242472899434254336
1242472464484929538
1242472369374908416
1242472080987140097
1242471539800301571
1242471329510481920
1242471066561155074
1242470847157157888
1242470807269306375
1242470785786081280
1242470558240886787
1242470285640470529
1242470172801134594
1242469605257277440
1242469355373256711
1242469205401837568
1242469035108782086
1242469009423044610
1242841437693042693
1242794656984739841
1242764996578127875
1242719289414582272
1242695253020176385
1242695211278426117
1242679035328692225
1242669566171533312
1242663560540536838
1242652863102255105
1242645410570735617
1242632705059291143
1242630437765353472
1242626976042475522
1242623197025054720
1242618123318177792
1243206943700738048
1244270831439450112
1244200178799669248
1244149428820119552
1244146166964432896
1242467845348327436
1242467475427438596
1242466849196916740
1242466817479606275
1242466799314022403
1242466713213403139
1242466217958338562
1242466187730190336
1242466149960314888
1242466065365401603
1242465796133023749
1242465791838060552
1242465583934763014
1242465470520778753
1242465154521939969
1242465147160915969
1242464982580596745
1242464852481699842
1242464832000950281
1242464328944693248
1242464208010108928
1242464147301752832
1242463404473716738
1242463265914884099
1242463149959213056
1242462897755713537
1242462601793007616
1242462553273298944
1242462053710716930
1242462017513861120
1242461687514402818
1242461499630727168
1242461396895481857
1242459788895752194
1242459414076043267
1242458936822730752
1242458629040726017
1242458214999961605
1242457550596870144
1242457452651712512
1242457393235181568
1242456946155720705
1242456541506273280
1242456016190464003
1242455916093440003
1242455901207793664
1242455697993764864
1242455212121444353
1242455036329897985
1242454887213887489
1242454108314816512
1242453430326587392
1242453425138405376
1242453340035792898
1242453072745390082
1242453050196987905
1242452860819910657
1242452627528376320
1242452375870169094
1242452371180904449
1242452329258860545
1242452318068641794
1242452296123863042
1242451849778790400
1242451750977564673
1242451486405038080
1242451229201944576
1242450425619439624
1242450233268654080
1242450170043756545
1242449616483819520
1242449590101487620
1242449544131956736
1242449541552472064
1242449417027727362
1242448903011627008
1242448335513858056
1242448109361233920
1242448072568795136
1242448033695981568
1242447969070141440
1242447960589447168
1242447693881933824
1242447435923890178
1242446971341688832
1242446869227114501
1242446750121463809
1242446718056071168
1242446413117587457
1242444694333816835
1242443606276878336
1242442752752668678
1242442465837187073
1242441602494160896
1242440852858863618
1242440502496108549
1242440470816415744
1242439508903120896
1242438940860092417
1242438816549326848
1242437619008466946
1242437501827960832
1242435742187438082
1242435264976306176
1242435029705220096
1242434122716344320
1242434049597038593
1242433933070893062
1242433793064988673
1242433674009698304
1242432611026235393
1242432453643390977
1242431275719225345
1242430825125146631
1242430774994800646
1242430573076938754
1242430177482641409
1242429972599287808
1242426424914350080
1242424982606512129
1242424973131534336
1242424877174276096
1242423286195077122
1242421331485806592
1242420942707421189
1242420844124504070
1242420051719774209
1242416117139701760
1242415695830237184
1242414510289440769
1242413950525829121
1242411729071398914
1242409832998563841
1242409636524724224
1242409320861413377
1242407847381487616
1242407736366837760
1242407561829236737
1242407438084534272
1242407250422984706
1242406885560475648
1242406736142589958
1243100047497142272
1243030463372918784
1243022206247956482
1243740568825417729
1243721239228809231
1244254023424843777
1244253316692860929
1244606633902137346
1245237379222265856
1242644297712689153
1244827593918029824
1242368461990318080
1242368192112021505
1242365986595983360
1242362454610309120
1242361839805227009
1242360489365188608
1242359070331269120
1242358503181676545
1242358052830904321
1242357602178043905
1242357382933438464
1242357046743191554
1242355544163139584
1242354880729227265
1242353371304071168
1242353282170761218
1242352542446546945
1242350598692855808
1242349957371146240
1242349696342880256
1242349631444377602
1242349544454729728
1242349392092213249
1242349279420665856
1242349101368442880
1242349010276323328
1242348585305305088
1242348098770227200
1242347885649420288
1242347816464166913
1242347561660416000
1242347222835924992
1242347205043740673
1242347083786412033
1242346006210965504
1242345904981458944
1242344572505579520
1242343086325293057
1242341314324291585
1242340778866692097
1242340172416466944
1242339577458610177
1242339025731518464
1242338661691043843
1242337463277846528
1242335055193628673
1242333906076041218
1242333829794324483
1242329070982926336
1242328990494257152
1242328565909094405
1242327836762963973
1242327562329579524
1242325675513708545
1242324788984590337
1242324773822025728
1242321559555059714
1242320004302823424
1242318095273865216
1242316569276899329
1242312652182802432
1242312452475367425
1242311546455224321
1242306367412527105
1242295295741808640
1242295249403146241
1242291751278325760
1242288420086415360
1242286161852162050
1242286047578341376
1242259963126386695
1242252855744114688
1242843588343394309
1242834073074061313
1242831532110290946
1242827426717028354
1242811526693748736
1242772237377126405
1242768774295482370
1242768679454064640
1242766021397630976
1242762288894885888
1242759255188365312
1242758895233388546
1242755149187043331
1242740020131184640
1242738781951647744
1242735022475362304
1242733712527278081
1242726816680312832
1242710572732256256
1242710044745105408
1242704305284624386
1242703862219157504
1242701947796250624
1242701926451384320
1242462424529170437
1242461616462893058
1242458878790356992
1242458559281090561
1242457871868203009
1242457643572244488
1242457476131258369
1242457457517101063
1242457126569676801
1242456277948567552
1242455951065493504
1242455435090604032
1242453498525933568
1242453375184060417
1242452880675622918
1242451561009143808
1242450581236510721
1242448776624607233
1242448737923780608
1242448377863974913
1242446710451752960
1242445856999178242
1242445018985463808
1242444699056529408
1242443289208463360
1242439704433156096
1242434602997886983
1242434135634960386
1242431404740206592
1242431095980937217
1242428200321335297
1242426619936927745
1242424379541241862
1242423178850258944
1242421309826461697
1242417732613574656
1242412209256325120
1242411803281444865
1242410245302992896
1242408727321378816
1242407713482522624
1242406542478983168
1242405631954268160
1242405478287790080
1242404200300109824
1242403949023506433
1242402556204154880
1242398808622825472
1242395327761612800
1242392128304496641
1242392049971630082
1242391681938284546
1242390211067142144
1242389357148790784
1242388813151789058
1242388288125587457
1242387857265897472
1242387634200154114
1242384112956190721
1242383957393465346
1242381910745042944
1242380639732555776
1242379419429163011
1242379060589649920
1242378602533908480
1242377624455802880
1242376348309557248
1242373993316765696
1242372918492958720
1242372538463858688
1242371010524921860
1242370430867922946
1242369576727269376
1242368848008863744
1242365638108037123
1242364595416649729
1242364246513471489
1242364036982996992
1242361304502984704
1242361174617817089
1242358309736382464
1242358111765057536
1242357615889276928
1242356615203811333
1242355840050327554
1242355074849882112
1242355028104335360
1242351932124975104
1242351337649528832
1242350045036294144
1242349371384926208
1242348386684190722
1242348362671759360
1242348069045145600
1242348054839083008
1242347190455947264
1242346243239456768
1242346129926369280
1242343375644135426
1242342576373395456
1242342311561801728
1242341727635214336
1242341416946237440
1242643167503155201
1242642555264618496
1242638084535209987
1242637437353881601
1242636233957924864
1242619981323517954
1242615888425041920
1242609312930791424
1242608945979588612
1243087324268752896
1243927556866199560
1244312967979491328
1244307619579187200
1244066450605654016
1242687171942846464
1242686410596868097
1242683371295252480
1242681267377917952
1242677527677554689
1242675938225049600
1242675499236646914
1242675261897728002
1242674029099536385
1242673837252046850
1242673832223268869
1242669947639050244
1242668820059176960
1242665897895940098
1242664812439461892
1242661151453745152
1242651955006038016
1242650876319162368
1242650565554905088
1242650050024452096
1242649820675731456
1242649431125577728
1242648341688664064
1242648200051220481
1243064788743335937
1243591336663502848
1243923007145304064
1244179876992540672
1242833089740455937
1242787196593045506
1242705821642850304
1244985427322265600
1242501379303694336
1242481158333423616
1242478601573814272
1242472943516446720
1242463628931911681
1242462769498042368
1242453111467151365
1242433029525532674
1242427691963314177
1242427323573510144
1242426137193648128
1242426055727562753
1242425783781449728
1242352610579021824
1242330869794328576
1242330017985519617
1242308575352905728
1242299436966932481
1242286951421448192
1242256519371997185
1242447063763144705
1242444662809309185
1242441189715927042
1242439567099084804
1242438710714499077
1242438197457473537
1242790084602146816
1242757722824519681
1242722795064188930
1242706768876060672
1242671536760373249
1242666137831141376
1242665105315319809
1242658438766682113
1242652727030603779
1242652513389576192
1242645528258764801
1242639241936392193
1242634053913915392
1242629548300095488
1243101997982597121
1244112214354587648
1244631989962989568
1244827351034335238
1242513436400967680
1242461828568846336
1242324699511586816
1242301672119885825
1242296263808147458
1242294880937709568
1242614363573194753
1243261117985480705
1243180449783885826
1243141896303566853
1243066945135456256
1243617609435799554
1243515213305065472
1243498951099072512
1243430042354331648
1243429373471940609
1243380892761878528
1243823555948638208
1243762347878932480
1242560584538873856
1242504142142267395
1242500078725746695
1242497897696047104
1242495263152975878
1242494647857020930
1242494321850540035
1242492898983030786
1242489300974886914
1242488696592420864
1242484852932276224
1242469879976022016
1242469829283438592
1242465368632770563
1242465338689589248
1242464956169121798
1242364508833755136
1242361904858910720
1242360327104167937
1242348095335043073
1242347457184272384
1242330816216289280
1242327632122765312
1242327542482325509
1242326991170228224
1242325326476103680
1242658025552347139
1242644767793483778
1242639133870297089
1242633735729754112
1242629191444697088
1242375715615457280
1242336116319059968
1242333832679915520
1242326957225697282
1242315036573532160
1242314866129428480
1242310184183025664
1242304420248879104
1242291186783543301
1242289869168103427
1242288615687778304
1242548633993707520
1242520515115274240
1242519695393259531
1242517593975427072
1242494721211105280
1242494653783371776
1242494635651391488
1242493011365265410
1242491493354319873
1242490849574801409
1242490815961796608
1242490757140758529
1242490739021381632
1242490376964804609
1242490185213861889
1242489917294305280
1242485968885571585
1242485662714138625
1242476090955673607
1242471891626905601
1242466958135590913
1242466196055715843
1242466063717003266
1242465831084101637
1242460578221715456
1242458724725334016
1242458063698714624
1242453971505238017
1242453234918109185
1242451071202496515
1242441896682606592
1242437482215424001
1242436827585212416
1242436806362062850
1242421999491665922
1242421608406331392
1242420992305225728
1242418964140920832
1242415548132179971
1242412120324612096
1242412082915471360
1242411489249628163
1242411077096239105
1242410392753758209
1242409784881459200
1242409597601800192
1242408843373473792
1242408748322156545
1242408391298945024
1242408179134156800
1242407847230492673
1242407795950891008
1242407553109078016
1242407543089045506
1242406880091217921
1242331225261346817
1242327980124168199
1242324016955711488
1242321642816024576
1242313693964140544
1242303637952425986
1242551754312437760
1242540646969118722
1242539971690606593
1242539321887821824
1242530538616844288
1242521941631807489
1242498804890259457
1242492223066759173
1242480943450845190
1242472060384755713
1242469198997024769
1242468470647709697
1242467458134376448
1242467074468794370
1242464984749109249
1242462873600868354
1242448433811619842
1242443224129499136
1242442968495050752
1242441850973085699
1242441829473087488
1242440238557003781
1242437133811372032
1242433222253752322
1242433002644230144
1242428924681793536
1242427752038490114
1242426915253714944
1242422747780640770
1242408171290779648
1242402643399643136
1242392457469292545
1242377255931838464
1242376664115335168
1242363836843216896
1242361120196710400
1242356184272662529
1242353809961213953
1242353090742927360
1242339372407586816
1242335112907223040
1242333156734205952
1242332908020363264
1242330251461447681
1242328019257176064
1242327658504937474
1242327208980385794
1242325348395692033
1242325130740518912
1242325095885856769
1242324978906746885
1242324814343204865
1243752143254888449
1244312929836494853
1244241044767510530
1244513104676913154
1244827586779381760
1246155300299661312
1246437963958849537
1242568240364126212
1242565579216523264
1242548812909916160
1242548308033163264
1242548230014922753
1242548130194673664
1242547989735821312
1242542755131412485
1242542244734939138
1242538955632824320
1242536790218559488
1242534533209051136
1242534092706443264
1242533966621470721
1242531956186738688
1242531397824327681
1242530426805039104
1242527113661448194
1242525232344248327
1242525210256916480
1242524630490812416
1242523803982454786
1242523783078055942
1242523589548466176
1242522736154591239
1242521085569953793
1242520464607424512
1242520365018071042
1242518487710367744
1242518016459325441
1242516778783322114
1242512498890178561
1242511569101058048
1242510983588913153
1242510943038382083
1242510457811812354
1242510274424229888
1242509466840391680
1242508998605074433
1242508830656696321
1242507622772813826
1242507293721350151
1242505103195566080
1242504116057726976
1242503300022296577
1242502665533181952
1242502618548592642
1242502481646686209
1242502253950300160
1242501856636604419
1242501413818601472
1242501339810160640
1242500854357184513
1242499891403739136
1242499384199315456
1242499376305467398
1242498599457566724
1242498224406949888
1242497947163455490
1242496914114744320
1242496709604700160
1242496509108563968
1242496163405869056
1242495825864990721
1242495743673294848
1242495607052222465
1242495280747933698
1242495242932080640
1242494969165664257
1242494814492356608
1242494695181254658
1242494524896624641
1242494418046693376
1242494321070239744
1242494144661995520
1242492863935635459
1242492386460065794
1242492202552397824
1242492172391219200
1242492067424559105
1242490671216222210
1242490412448677888
1242490330538291200
1242490056842964993
1242489846561509376
1242489627346456576
1242489469753683969
1242489409653653511
1242488292970385410
1242487500708302848
1242485770553708550
1242485511102459906
1242484883039178752
1242484696648318976
1242484261824819202
1242481961509072903
1242480001510973440
1242479721792729089
1242479000326270976
1242478628387971072
1242477120921600001
1242473052849336321
1242472169524740099
1242470436740272129
1242470391957897216
1242470260034301952
1242400915241353216
1242386308619571207
1242859950142967809
1242784780380504064
1242729698041327617
1242726041665204225
1242713929060462592
1242713915403800576
1242704861063335938
1242698079234658304
1242692473173860352
1242684251692130305
1242683286700175361
1242681016264744961
1242679810347782144
1242676596583960577
1242665324463489026
1242658272651276291
1242656973239119873
1242653956934782977
1242651818603118592
1242650713529790464
1242650230169800706
1242645305969070080
1242623718435606528
1242609187000954881
1243036171388760064
1243033132883902465
1243599468731211776
1257515766280187904
1242489550993317888
1242478319842385923
1242475247988695040
1242474054696632320
1242472236499587073
1242471578912382976
1242470840513351692
1242469805153603586
1242468661039779842
1242466493100478471
1242465601060143110
1242465014360899586
1242464299492110338
1242463740684988417
1242625223482052608
1242427026616619011
1242408544785190914
1242890584332754945
1242876345731829760
1242803548514971649
1242798387247730688
1242792561908969472
1242764685432086528
1242763275248390144
1242750814629720064
1242739683324342272
1242739440495161347
1242735080792977413
1242734177759506433
1242694931665178627
1242683541265104898
1242678577000099840
1242664511229710336
1242664043833257984
1242655771633958917
1242613447130406913
1242536098154205184
1242523840544010240
1242521380559577089
1242518600486801408
1242518232399036417
1242514635783168000
1242512857494888449
1242511065440817152
1242509976725159937
1242507672139608065
1242505663701377024
1242503898293768195
1242503632215396352
1242503374202789893
1242502914830024704
1242502266386632704
1242500581438001152
1242500546528858112
1242497353258541057
1242495822031396865
1242493353456877570
1242492674780758017
1242492540391055360
1242490198102904832
1242489333266780161
1242488185952727040
1242487298094018562
1242486761046958081
1242486616385445897
1242485583630315524
1242485421373677569
1242485307817115649
1242485303031578624
1242485233447874561
1242484604969218049
1242484389977587713
1242481188381450248
1242480613317152768
1242477710015737857
1242473602013777920
1242473192058318848
1242472395899838465
1242472260834820096
1242471510469513216
1242471244340977664
1242471134534045700
1242470333984075777
1242469264956616704
1242468901126012930
1242467217477734400
1242462385564082176
1242461260731412480
1242460098267578369
1242459676312248323
1242456140010729472
1242454814392385536
1242452038459457538
1242451167126466560
1242450634160275463
1242450350931468289
1242449820603674624
1242449731202297856
1242446428707807234
1242446035043016709
1242442849125150720
1242439909878595584
1242430803411263488
1242430589522694146
1242429855876231168
1242427336332460032
1242425035983183879
1242424783637118976
1242422896871403520
1242418489190535170
1242412219142266881
1242409912560316417
1242408565765177344
1242407396804194306
1242399695235842048
1242394863686959105
1242386514492956678
1242382689983840261
1242381809859485696
1242381511145357313
1242379118605291520
1242374676585697280
1242374582088024064
1242373899452588033
1242369559828496386
1242711713297739776
1242690274201161728
1242642154633211906
1242640655786139648
1242617810271866880
1246534115341418498
1242571078536294401
1242570668484341760
1242548696501256192
1242548642709266438
1242548596630679552
1242548379885830144
1242548344750129152
1242548299799781381
1242548180392144896
1242548110271762437
1242544844020396032
1242540975550894081
1242537910206754816
1242535822756380678
1242535499576705024
1242533879363166208
1242532832918081537
1242532804694507523
1242531844433817603
1242531691262029825
1242525781227536384
1242526387572846593
1242506300103077888
1242506297083219970
1242465035944747011
1242464340722069508
1242461101867937792
1242454663909142528
1242451657520058369
1242428202221359109
1242422747684319235
1242405087839805442
1242402645555302400
1242389262357737474
1242383604186935296
1242380028580515841
1242376933691854848
1242375487609020417
1242375265830879233
1242374297412386817
1242366797744992259
1242364699531853824
1242353803480842240
1242353715576700930
1242353631883640832
1242353421472026624
1242352709673480193
1242351941046472704
1242351163208421376
1242350869737136129
1242350599414272000
1242350575724838912
1242350427770777602
1242350132458373122
1242350007765716992
1242349664759721985
1242349570354544641
1242349229395214336
1242349134947872769
1242348929833996290
1242348835394818048
1242346807981563906
1242346200449376256
1242336359647293446
1242249935904337920
1242526815434014720
1242523409440882688
1242515830337757184
1242513005679652868
1242511749431078912
1242508922331836416
1242503717691092992
1242502269796601856
1242491794484375555
1242487543410520076
1242482688423944192
1242482626759405569
1242480042401136647
1242478362351697920
1242476481781075968
1242476130772254721
1242468546094850049
1242466900170309635
1242464338050306055
1242462737235492866
1242461354809856000
1242458560455413765
1242457989187080192
1242457395927883776
1242457026308927488
1242456490591559681
1242455751609724929
1242455193452609536
1242454164526886912
1242453909186080769
1242449043550171136
1242448640167120896
1242448085118115840
1242447372975669251
1242447231069958144
1242446496441585664
1242445652451352578
1242444438380531718
1242444393505632257
1242442651225313280
1242442639057666049
1242441227309445120
1242441015421571072
1242440994282332162
1242440188283904000
1242439990560227329
1242438903216230402
1242438774497263616
1242438699574411266
1242438685762543617
1242437558480633856
1242437530697347072
1242434968820658176
1242434556440928258
1242433543113863168
1242432956364283906
1242431801060188166
1242425912907333632
1242425140635295746
1242421098148487171
1242421011871485953
1242419980412407809
1242419737318940674
1242419159662620673
1242418318004244480
1242417365934993408
1242415938093355008
1242415773362126850
1242414621870284800
1242413599194107909
1242413229331992576
1242412766453006337
1242412689554468865
1242412633484980224
1242412528115658752
1242412362407215105
1242411875041591296
1242409244114247681
1242409225738952705
1242405590367760385
1242398710836989960
1242397684557897729
1242389348969893889
1242388043501199360
1242385972760678402
1242385581285359616
1242382421900832768
1242381037591642112
1242380672850964480
1242371315987705857
1242368578025713665
1242367733053804544
1242365248637550595
1242364948434407426
1242361027762642944
1242360571980206080
1242359824958083074
1242359400850812928
1242359219715600384
1242358392972292097
1242358141213454336
1242356707784904710
1242355050107686912
1242353034501505024
1242352156910292992
1242349019432505344
1242347179177431040
1242345567436435456
1242345383587528709
1242345093480230912
1242344570051936256
1242344097634873344
1242343431042564096
1242342322982903808
1242342153453527041
1242339036573741057
1242335540340330496
1242335042879152128
1242330336727453696
1242330303240105985
1242330014697193472
1242329793544085505
1242327343458168832
1242327320544694275
1242325314891546624
1242323948483645441
1242322528074436614
1242322507555880961
1242320436345495552
1242319472452456453
1242319448339554305
1242319213487939584
1242319198480510983
1242319028477018112
1242319005232201728
1242318871379324928
1242318843864698881
1242318070934319110
1242317571380187138
1242314262757773312
1242312358443147264
1242312096580349952
1242311267391426560
1242310974226534401
1242306744061214721
1242305876305694720
1242305582255583232
1242305289124229121
1242305144408035330
1242293598021976065
1242293325907935239
1242291868135645184
1242290147678273537
1242790270070112257
1242760282901864449
1242755811908050945
1242752851316629510
1242738456201052162
1242726425704009728
1242687203609886721
1242686773664219136
1242685447957917696
1242680717382791173
1242660877691568130
1242646848143126528
1242636721222610945
1242632622720733185
1243238661925240836
1243154400241004545
1243043470236889101
1243042557266821120
1243029474851139585
1244651557011861504
1244449279336255488
1244579787416285184
1246839859270103042
1256594564451676160
1242523333276479489
1242516708050341888
1242501315894235137
1242497448318095361
1242497384476594181
1242489136105132032
1242478271775686658
1242477650565718016
1242476176863449090
1242476170286747651
1242475682740858881
1242473463144525828
1242470053208969216
1242469571195318273
1242467616276414470
1242466723028013059
1242457157129228289
1242456530965934089
1242449520366997509
1242446944976293888
1242440463111426050
1242433204419809283
1242433047833784320
1242432726495453185
1242431352403877889
1242429528506589185
1242421176313372672
1242418420051668992
1242412028301541376
1242402318110175232
1242399601992204288
1242399325021335554
1242399160860651523
1242399074772324354
1242395775612534789
1242337282771677184
1242371873884831744
1242331241665331202
1242320164181270529
1242291547653025793
1250676555174629376
1251127415994085376
1242325124348403712
1242365405806628864
1242362190180388864
1242361671420542976
1242360315922100224
1242360188532736000
1242358170158125056
1242354542550884352
1242353580587118593
1242353576673865728
1242352914938523648
1242351847865643008
1242350659761889280
1242349963541016576
1242349598829465608
1242348015349882880
1242345963815084032
1242345033547649024
1242344413814087680
1242343953828999169
1242343741412630528
1242343300130013184
1242342867500072960
1242341335492726785
1242340776295772160
1242340499807039488
1242340248341766144
1242340153596628993
1242340141319868416
1242339110439665665
1242338936610938883
1242337521679437825
1242335518471245825
1242335157006135301
1242335065113165824
1242334771444772864
1242334595405635584
1242334485653245953
1242334358364540928
1242333769576529925
1242333257837862913
1242330585986519040
1242330219035402240
1242328715234701312
1242327195344703488
1242326656888393729
1242314126380204032
1242306741175533569
1242297178623639552
1242291207641931778
1242290045433696256
1242289304753147905
1242282735349248001
1242282293600718848
1242280250664353798
1242264312913080320
1242261104018907141
1242258195923394561
1242794571089596417
1242720004027580416
1242699667801927681
1242698469862711297
1242683740851060737
1242669535938768897
1242668641486688259
1242658202627354625
1242654396208431104
1242653912538071045
1250068239524286472
1243230432524513281
1243222204613001217
1243117798588649472
1243028243239841792
1243023570147540995
1243020803316146177
1242990936050679808
1242987628183445504
1242318069990481920
1242482653103677444
1242468796473827329
1242295526076235776
1242293067098607617
1242508916770004994
1242470837782888451
1242465081880768515
1242327172225716224
1242406026441179137
1242405897944485888
1242405097428013058
1242403203603255296
1242402748093435905
1242402607655563265
1242399504780783617
1242397571332489217
1242397377878585344
1242396825337745408
1242395621086171136
1242391907335979008
1242389103557017600
1242384962860408833
1242384376152961024
1242382821718519809
1242382536245833728
1242381528497299456
1242379941708050432
1242375606299275264
1242375025547776018
1242374594687795203
1242373287109226496
1242373234210697216
1242373142149881862
1242372071423741952
1242372025605210114
1242371897490198528
1242370050805231617
1242368846402433025
1242368737941938176
1242367407219331075
1242365965037232129
1242365330053189632
1242365016747028480
1242363421145706496
1242362778712567808
1242361863486095360
1242361340800319495
1242360677278216192
1242357207439536128
1242356717075095557
1242356633277050880
1242354394122706944
1242354303282470913
1242352768595050501
1242348794965921794
1242347779197894656
1242347385969201152
1242346971643297792
1242342724205809667
1242341715526078465
1242339661311348736
1242339016285904897
1242338389048741888
1242335979555323904
1242333603209646080
1242272939140984833
1242577950672740354
1242554240507105281
1242548362945028096
1242546387675308032
1242535856042201088
1242535414579097601
1242534939939065856
1242530870583533572
1242530758771658753
1242526829660884992
1242526719006748672
1242525093932052480
1242524656097095680
1242524426148577280
1242523879786110979
1242523844851535872
1242521731660574720
1242519205351690245
1242519000539713546
1242518567209189376
1242518289160400896
1242517270208880646
1242515306582589440
1242514893435285504
1242514887173013504
1242514420196159494
1242514172098691072
1242513933455458308
1242512407458492416
1242511984538447878
1242511734751072256
1242511462326775813
1242510852240146432
1242510566498824192
1242510195613409280
1242510164726554627
1242509595005812736
1242509128305524737
1242509124207661056
1242508168229339136
1242507960867151872
1242507483643432960
1242507234929770496
1242507206974726153
1242507012484648960
1242506240120545292
1242505771541082114
1242505540657385474
1242505350609113088
1242504570791747584
1242504296798838785
1242504202397437952
1242504185838354432
1242504144155369473
1242503880476221440
1242503766802219008
1242503723022073857
1242502957129662465
1242502730477760512
1242502278428295168
1242502140142268416
1242501965243772928
1242501953852235776
1242501551048007680
1242500962134024193
1242500841820618754
1242500818554589186
1242500800385032192
1242500595329761281
1242500502773882880
1242500437934145536
1242500408569769984
1242500360574402565
1242500306648182784
1242500303510880258
1242500134367145987
1242499820280930305
1242499486993113089
1242499207568609280
1242499125544771587
1242499055437012992
1242499005344444421
1242498973639704576
1242498872934424577
1242498498236264449
1242498478476890112
1242498399376556033
1242497965303816194
1242497930067492864
1242497785338843139
1242497707874246656
1242497665738223617
1242497475702743040
1242497410426793984
1242497360644767744
1242497345742241792
1242497314284900352
1242496998055559170
1242496816005795841
1242496783642574851
1242496636351209472
1242496426527141889
1242495973860896768
1242495929153916933
1242495367624581120
1242495293897109504
1242495235986522112
1242495051743330305
1242494189293703169
1242494036906315776
1242494021047652353
1242493981075873800
1242493905305772035
1242493483388153856
1242493433853460480
1242493313321558016
1242493061180952576
1242492915235995648
1242492594963152898
1242492522766598144
1242492519683895297
1242492491531784193
1242492336849842176
1242491901254615041
1242491292895989760
1263351325791866880
1242587395389706241
1242531923399860224
1242524188717412352
1242488799021559808
1242480281677774848
1242480166036701184
1242478970819379201
1242476738375868419
1242471605038538753
1242464426696962052
1242447902741368832
1242444869613715456
1242419905225314305
1242392218486243329
1242392047086002176
1242391726913810438
1242390719794278406
1242390362460762112
1242388180961095681
1242386825034911744
1242381864494456833
1242381560613126144
1242381052376543233
1242379040431820802
1242372711466360837
1242372699407683585
1242372686732550150
1242370343169228802
1242370020425924608
1242369576391737344
1242369433869275136
1242366507016794114
1242366356332244992
1242365791770566656
1242364366281789440
1242364318370291712
1242364249902436352
1242364204859789313
1242363517979594752
1242362699809345536
1242361930846633984
1242361821450780672
1242360098934022144
1242357844550094848
1242357655718387713
1242356235971616768
1242356015070208000
1242355822870450176
1242355678771118080
1242353919650443264
1242353241611841538
1242349088592535552
1242349055390502912
1242349030170034179
1242348990403883008
1242348274939359235
1242347739238690816
1242347279517798400
1242346912461631488
1242346711936192513
1242345343468986368
1242345251391463424
1242344956305367040
1242343218144055296
1242342329932853248
1242341726443819009
1242341635003805697
1242341427079716864
1242341134216519682
1242340375622107137
1242340370047852544
1242339968464252929
1242339756815466498
1242332333841059841
1242318506571390981
1242519567328366592
1242515680315895808
1242482201322590208
1242463826848526336
1242448998075531265
1242403999183241216
1242315528393224192
1242257506975408128
1242527297573236736
1242523458711334912
1242517703425839105
1242509338251382784
1242456305182240769
1242440278419492864
1242439474061197312
1242420362249289728
1242387863896862723
1242376433948712960
1242371167849197574
1242367208564523008
1242363351696642048
1242362887672217600
1242362688233025538
1242362560227069953
1242349796167258112
1242347499152527361
1242346803078418432
1242345018066530304
1242334423221186562
1242331987504812035
1242330364254793730
1242324724975169536
1242323401148006402
1242322974809763840
1242320606344822784
1242320059424440320
1242319532112269312
1242318271128334337
1242317929162604545
1242317592548626432
1242684107844444163
1242523644883943424
1242523304549744641
1242522037509181440
1242521713734086656
1242520035983126528
1242519302063833088
1242518306755674112
1242517118718967808
1242515359413833728
1242407586650927108
1242407532787716096
1242406830577352704
1242406511470465026
1242406092178485248
1242405928088915968
1242405803010797568
1242405700556296193
1242405370997411840
1242404687569203202
1242404627057758208
1242404290573914112
1242404080330276865
1242403836859273217
1242403481018744832
1242403177741213696
1242403035264897024
1242402701033390081
1242402581181128704
1242402504643473410
1242402032415174656
1242401435628851200
1242401128362299392
1242400968408432640
1242400854532952070
1242400338704887808
1242400238826119168
1242400238335377408
1242400088082636802
1242400030130085888
1242399885497794561
1242399641217294338
1242399508904005642
1242399339508572161
1242399327135227904
1242399259913113600
1242398824863166466
1242398639642701824
1242398398126456834
1242398297832034304
1242398262578929664
1242398221902598144
1242398193788153856
1242397714693799936
1242397683135827968
1242397661057220610
1242397352712794112
1242396822359789568
1242396721834950657
1242396315809693698
1242396311116111873
1242395573644414976
1242395492392132614
1242395175034421248
1242644199566184448
1242640394212397056
1242639775728717824
1242481771343532033
1242481507043688455
1242481052238536705
1267742004093558785
1256142725012914177
1242456993094193157
1242456933375848450
1242456901629038592
1242455053270577152
1242454815940075522
1242450877480394753
1242450753332998146
1242449754237407232
1242448842345164801
1242447948618690562
1260166030741168128
1267741994022993921
1242599928876036097
1242522697772322816
1242522622987915264
1242512547439185920
1242511748135075840
1242511490222977024
1242510399200780291
1242509334896152577
1242501446135734273
1242499585395716098
1242499298475913218
1242499232499556353
1242498769637294080
1242498146711646209
1242497767563390976
1242496833038905345
1242494947598544896
1242492667893813248
1242491452720132097
1242490773079232512
1242489633071456256
1242488200074899457
1242487560678412288
1242486564787310597
1242486523414474752
1242486419878109185
1242482984898318337
1242482543213109248
1242479552573530113
1242479299162042368
1242478222417096713
1242477884721131521
1242477470294532099
1242477260105367552
1242475799900536835
1242475743084306435
1242475335855116290
1242474512160968705
1242473095937445888
1242471647027716096
1242471262036713473
1242470282029219842
1242469085205557252
1242468928162430976
1242468573747929089
1242468036797325312
1242467791489216515
1242466546863095809
1242466522221535233
1242466101876813826
1242464645329256450
1242464084454526979
1242459906868948996
1242458741712224256
1242455094509088769
1242454792191934464
1242454610800807937
1242452928494886916
1242451152005816320
1242449598670458880
1242449484841250817
1242449140832858113
1242448998947909646
1242445202427498496
1242443833691918336
1242443771913973761
1242442940280008705
1242438832630280193
1242438282941591553
1242432712645853185
1242431864272490497
1242430627212750848
1242425046364119041
1242425044250181632
1242424250276823040
1242424157926641664
1242422434025922560
1242417865308794883
1242417307223089154
1242414118310739969
1242413115721080834
1242410775253151746
1242409749506740225
1242409028807884805
1242407308576976896
1242406140580728838
1242404794842533888
1242404108696293377
1242404051515404288
1242402832914845696
1242401907009716225
1242398526270623744
1242398354631299072
1242396834259259394
1242394772456833024
1242392741360865280
1242392695357632512
1242391828822921216
1242380727628582918
1242378155022843904
1242373774596386817
1242341850733637633
1242278163440209920
1242804428106686464
1242778498382483457
1242773559753052161
1242767300253515787
1242740037571108866
1242734831387029506
1242719527986532352
1242712963355729920
1242704812493373443
1242702986129833984
1242695687336165376
1242695659276439552
1242683634164715520
1242675659517779968
1242649837637529600
1242649437610094592
1242647926960250880
1242645965883887616
1242644970789433344
1242643396180635648
1242640504207994880
1242636947782320128
1242634961909252096
1242633890365349892
1242630250187509760
1242630221687214080
1242628897218363393
1243171927750873088
1243171858041561088
1243042395500867584
1242473453417947136
1242467936066891780
1242820303907991553
1242777771371376640
1242775375303901184
1242732702760988674
1242647892239585280
1242453108736667648
1242480239663411200
1242473886702170112
1242466770725646344
1242461800718831616
1242451667196362752
1242390301991297025
1242363468277219329
1242361702043152385
1242360084635643912
1242347842754113536
1242336538408747008
1242331896006115328
1242329802750779393
1242323746423070720
1242322529953472514
1242316596955107328
1242316203797786624
1242265270544031744
1244019033135091712
1242535839915110400
1242520104153133058
1242502269657968640
1242501361696231429
1242500930597081088
1242498598408880129
1242489560262639616
1242482495473381377
1242480592903499782
1242460368577933314
1242453678914596865
1242452256722530305
1242450003185946624
1242449882863923201
1242444647491747840
1242443725474676736
1242440850774192129
1242440395922915328
1242440050253520896
1242440018863386624
1242439507552514050
1242893413504057344
1242676342249918464
1242617400010223617
1243106354463518720
1242462903820673024
1258791016536010752
1262956350902079489
1242490256068231168
1242432543993090049
1242432521087803392
1242427330913419264
1242421896064331777
1242402519319334914
1242389760288514048
1242382215943786498
1242377794341879814
1242367966684909568
1242366122982117382
1242365258355769346
1242364682104496129
1242363799899738113
1242360627424714752
1242359269296492545
1242353493253349376
1242344129062821889
1242330754794700800
1242330736771751936
1242330477320491011
1242330379408642048
1242329409429872640
1242323179017662465
1242318997091049472
1242312620067008512
1242307567121883136
1242276991962767360
1242743961917124608
1242701667751034882
1242690403192705024
1242683577952694273
1242556817399398400
1242519159776227328
1242512469186105344
1242504101465747456
1242503010992832512
1242427211573010433
1242425955378839553
1242394937527681026
1242382147639488512
1242380969392263169
1242380798558232576
1242375942972084225
1242374979951267840
1242372735344525312
1242369402541985792
1242368222311206915
1242367907469770752
1242367637549510656
1242367457446072321
1242367428878667776
1242367114196860928
1242366891768737792
1242366817441644544
1242366645676519429
1242366277689040898
1242366110395011073
1242658760943751168
1242642519160045568
1243861617500012545
1247689681426243584
1242557598538190848
1242529247484432384
1242524546990628864
1242522200759889922
1242521761024888832
1242520503027290113
1242519718314967040
1242519162951327744
1242511943753056256
1242511236421443584
1242509036764794880
1242507076825276417
1242499057206980609
1242497256445464578
1242494092681965568
1242493866613374976
1242490894080589825
1242485149607948295
1242484813099139072
1242483582817296384
1242483210744815616
1242481400294457352
1242477869969752064
1242477599428730881
1242475366431612928
1242474453193437184
1242474031904768000
1242472507631742978
1242472333664587782
1242468712214659072
1242466761733103618
1242465382180347916
1242464993800380417
1242463820116684801
1242463766698065922
1242463508194709505
1242462714041004032
1242413829209772033
1242892893225758720
1242797253678391296
1242777217148444672
1242762225460211717
1242761677507969025
1242737810504704001
1242731943394856960
1242727773829050369
1242720435587944449
1242719425159147521
1242717893143363586
1242716201022656513
1242711915547090945
1242698095256723457
1242698000649965568
1242685820231802881
1242682708565938178
1242680071619596296
1242679349192474625
1242676263170363392
1242675428013174784
1242668663376711680
1242665314728509441
1242663858101194752
1242662920921550849
1242662472206520322
1242660552457031683
1242658875087540224
1242656229916209152
1242647140515475456
1242646766417313794
1242645140294025216
1242643810523336705
1242642470493499392
1242619277909188614
1242616196156948480
1242610316774535169
1243089803307962368
1242594315429244928
1242577809492586496
1242571995771854848
1242563394189709312
1242560826516463617
1242558338254008320
1242544346139934725
1242534591593730048
1242534211099209729
1242534014419951624
1242532392532770817
1242531801102299138
1242530353673170944
1242530310719328257
1242530299990257664
1242529747181006848
1242529214558900224
1242528698290429952
1242528504132112387
1242527645826457600
1242526764259139584
1242526745280069637
1242526585607069706
1242526485988040704
1242526347458732034
1242524541034713088
1242524364437745664
1242522504289120257
1242522475763621888
1242521725289586688
1242521533437730816
1242521228759298048
1242521211059335168
1242521071703584768
1242520256356085760
1242519592267702272
1242518733534277632
1242518388536045568
1242517955084038144
1242517922121015296
1242517510026678272
1242517456322732032
1242517358402367490
1242516950594404352
1242516523962392578
1242516347579293696
1242516239815069696
1242516107426025472
1242515983962492929
1242515744480321537
1242515742886473728
1242515510543040513
1242515066454528000
1242513601753010177
1242513010364534786
1242512997840334848
1242512898204696577
1242512747956330496
1242512406766448640
1242512020525559808
1242511619852132354
1242511568409067522
1242511425572143106
1242511348157669378
1242511223243104256
1242511222836064257
1242511211117318145
1242510975489560576
1242510947413090304
1242510928639168512
1242510788494909440
1242510111085453312
1242510100750675968
1242509476978020352
1242509134894780418
1242508903478202368
1242508182368518146
1242507632314707968
1242507584936042510
1242507547174522881
1242507505197932544
1242507347420942338
1242507320732430336
1242507289334026240
1242506462858850304
1242505387800027137
1242505302659850241
1242505002045845504
1242504757467582466
1242504506400624640
1242504378197524480
1242504161519788038
1242503792643334146
1242503677069234177
1242503548039880706
1242503513856290816
1242503357542985729
1242503050545135618
1242503013308051456
1242502965111304193
1242502882798137344
1242502611112255489
1242502526911553536
1242502451070148608
1242502376679858176
1242502330626400257
1242502311731015681
1242502300809084931
1242502269477605376
1242502211604639744
1242502111956357120
1242502083904864256
1242502013088399371
1242501993244930048
1242501981299716096
1242501976211869696
1242501970750894080
1242501922700972032
1242500962188550145
1242498673386254343
1242497111309971457
1242487062130855941
1242485655931768832
1242483155346403329
1242478885624623104
1242477142534787073
1242475336480083969
1242468267026862082
1242467258623918083
1242465696757379075
1242401765775020032
1242480373327523840
1242390170453700609
1242309619734601734
1242593504418615296
1242524022698459136
1242523999566872576
1242523975466405889
1242522952588873728
1242520703204610048
1242514699641446400
1242513730195181569
1242511184286212097
1242509957720727552
1242509067022565388
1242507315422433281
1242504723829309441
1242504382555369472
1242488342312153088
1242486260771385344
1242474727135838209
1242470065724743681
1242470046229659648
1242469741354090499
1242468269337899010
1242468263365238785
1242468259208691712
1242468256276819970
1242467900088172546
1242466872206880771
1242466857451323395
1242466709065220100
1242466514415931394
1242466155094134784
1242463578071818241
1242461486200442885
1242460988797939712
1242459325299404800
1242458372428840961
1242457107682799618
1242456979567562752
1242456857211555841
1242456791939723265
1242447799691522048
1242447633374986240
1242438687704506368
1242433639679393794
1242397335000420352
1242397181509865474
1242397043215216641
1242379394913636355
1242372161689374726
1242370182573625344
1242365971425361920
1242363525177245696
1242363343148646400
1242363060456697856
1242362828360749056
1242360501553618944
1242359096831082496
1242346861471518720
1242345537996718081
1242342353429565440
1242341108052414464
1242337812545810432
1242337510836977664
1242333439841447936
1242333305120440320
1242333069400555520
1242331789038764032
1242331514492211200
1242330533125906437
1242329170094555138
1242329144207310849
1242329122409517061
1242327748107878400
1242327307752050690
1242327254023061506
1242327204291153920
1242327156945866753
1242326867618623489
1242324538794192896
1242324434280570880
1242313503194501120
1242313362077134848
1242312837319372806
1242312699347963905
1242312639423877121
1242277732660084736
1242640479935594497
1242633876113100807
1242631009587216385
1243208384201007105
1243545417096351744
1243393669190672389
1242435219220652032
1242593792307290117
1242532784964423680
1242532322852962305
1242531610206986240
1242519963379757058
1242519039080927232
1242518961981292545
1242512030235410432
1242510558500286466
1242510167050268672
1242499199540723712
1242498008966516737
1242497441099706368
1242494446291181568
1242493991964172289
1242489742119206912
1242487112718356482
1242486281566744576
1242483769715478529
1242483247667265540
1242482734204735488
1242482533251473408
1242481730826563584
1242480806288699395
1242476726585659393
1242476617852567559
1242472213967601668
1242469560847986690
1242468430168469506
1242468149582278657
1242467908518694912
1242467811504451584
1242467182925082626
1242465609134170113
1242465027111694336
1242464362859614217
1242464223369646097
1242461742329769984
1242295316067553280
1242293144919531520
1242743760187985920
1242654701629214720
1242599839713521667
1242585698655506433
1242562935035052032
1242557580615942144
1242551241080737797
1242549961457143809
1242548990903644161
1242546385599119362
1242541975670149120
1242539771198459904
1242534056098590721
1242532453295652864
1242532286605582337
1242526843720196099
1242526744487366662
1242525346903158784
1242525337965060097
1242521368207425536
1242521115437776896
1242520737304457225
1242520683441049600
1242519876943650818
1242519136066064384
1242517921278001157
1242517863140818945
1242517610882723840
1242517087907528704
1242517016751116289
1242516983385481217
1242515904556122116
1242515731142430721
1242515660204158977
1242515537713750016
1242514994886889472
1242514597862490112
1242513927683977216
1242513512611614724
1242513166740762624
1242512670533664768
1242512347970723842
1242512141346717697
1242511798596706305
1242511782389764098
1242511645965987840
1242511624541310977
1242511593096675328
1242511336292208640
1242511143974899712
1242511084801503233
1242511023707312129
1242510906539405313
1242510872309682176
1242510859215106048
1242510793587011584
1242510718668177408
1242510573734170624
1242510348881727489
1242509877710188544
1242509435240476672
1242508174847963139
1242507933373460480
1242507520201162754
1242507338411630592
1242506838907604992
1242506580320563207
1242506318008573952
1242506264296349696
1242504087561617408
1242504001318318083
1242501451986829312
1242501188823568384
1242501015825289217
1242500925354201089
1242500618121441280
1242500436755484679
1242497676383531011
1242496830291587073
1242496080442318848
1242495736446681092
1242494765683408898
1242494253898420224
1242494224156823554
1242493349338050562
1242492473831653376
1242492052136325120
1242491854303592448
1242491045696290819
1242490480295702529
1242489254665547783
1242488153568677888
1242487934026002434
1242486707359862786
1242486287874940929
1242486088939143168
1242485574562275331
1242484487130238977
1242483723653623810
1242483184446529536
1242481655719153667
1242481230332846086
1242481133234925568
1242480467791589377
1242479085923766272
1242479070757019649
1242478817488207872
1242477774662594563
1242477710791684097
1242476840456835072
1242475811543732225
1242474770064527362
1242474310402441216
1242472705821196288
1242472610153123840
1242472570575663107
1242472392636669953
1242472053686423553
1242470744707051523
1242470263712673792
1242469294279016454
1242468587333226497
1242467936746590211
1242467881490644994
1242467579760742403
1242467070811328516
1242466910580527105
1242466782234857477
1242465925091061760
1242465623151480834
1242464906940526592
1242464457395032065
1242464041622073345
1242463744904638469
1242463492818341893
1242463194804822017
1242462760853798912
1242462733276024833
1242460980891668482
1242460830974619650
1242460387745779712
1242460285375520771
1242458343572029440
1242458175439343616
1242458111220125698
1242457921688088576
1242457719656910853
1242455549892890626
1242455269264822273
1242454993271238657
1242453806945718272
1242453495753523200
1242453045860085761
1242452579079999493
1242452512604483587
1242451993727078402
1242451878996140033
1242451741007732737
1242451696636162048
1242451660640628736
1242451659441065984
1242451434878185478
1242451413751361536
1242451391349534721
1242451292544356352
1242451211426521088
1242450712870739969
1242450683720167424
1242450558335758336
1242450228403290124
1242450058018263043
1242449868637036546
1242449659404013568
1242448281516388353
1242447724676444163
1242447632158449665
1242447012286492672
1242445418618712064
1242443907150958593
1242441214764314624
1242439813191458818
1242433928247398400
1242433175827218437
1242432799811833856
1242432429681307649
1242432393358655488
1242432370218692608
1242431928214511617
1242431479830863873
1242430462997311489
1242430265101651974
1242429038552944640
1242428008104747009
1242427561050812418
1242427101694722050
1242425978606907393
1242424588782297088
1242424221428400135
1242424133096329216
1242424068068032512
1242422356603047936
1242420516700295169
1242420185350340618
1242420021424521216
1242419438701277186
1242419401606885378
1242418662427910145
1242417417269039106
1242417044357656576
1242415740826738689
1242414418274570245
1242414045086375936
1242413926429712385
1242411080523091968
1242408771474743297
1242408511008419841
1242408003023728651
1242407809683042304
1242407791899193345
1242407756679839744
1242407123180572673
1242406171270623233
1242405331944247297
1242405243352051713
1242404656916992003
1242404288988688385
1242404079977893888
1242403210876387329
1242403084589989889
1242403010321367041
1242402753126649856
1242402656028463105
1242401950143922176
1242401560161914882
1242401216048427013
1242400383139336192
1242399965063897088
1242399605641203712
1242399397889146880
1242398517508722688
1242398391679586309
1242398223693578240
1242398040092073985
1242397840321785856
1242397704761663488
1242397345687285760
1242396597218131970
1242396537151463424
1242396033713233926
1242395923033944064
1242395921981280256
1242395253925187584
1242395150581551104
1242395088254382083
1242395073007849473
1242395036492402689
1242394991994912770
1242393849407754240
1242393788091228160
1242392434761490433
1242391946582085633
1242391661445087232
1242391384557903872
1242390911847260160
1242390509462536192
1242390196932489216
1242390031345389568
1242389689375449088
1242389538061848576
1242389422655434752
1242389296176193536
1242389229876830208
1242389072188002306
1242388231716364288
1242387925041590274
1242386014032867331
1242385964107845633
1242385694430912513
1242385097816453120
1242384857944264706
1242384731099893761
1242384359501357057
1242384060061609984
1242384024351518722
1242383877819097088
1242383555621081089
1242383542702596101
1242383087121485824
1242383047896354816
1242382989180493826
1242382341818863616
1242381697603088387
1242380998932742144
1242380565073944576
1242380074231296003
1242379805871366144
1242378105802706944
1242377574182862848
1242376632037339142
1242376306945191937
1242376124434280448
1242376029483589633
1242375905877483520
1242375329114492930
1242372101933334528
1242371301316030466
1242371223968985088
1242370857814478850
1242370850977767425
1242370601106329600
1242368477920280577
1242368403215544320
1242368208629194752
1242368200949379072
1242368179566854146
1242367832609841152
1242366620623724544
1242366388267659264
1242365625181200384
1242365198133936128
1242364671337754627
1242363798926684166
1242363746279804928
1242362778288963584
1242362495433461760
1242362245301989376
1242355464303562752
1242355367469658114
1242353860439506945
1242353857608310784
1242353144895504384
1242351422898765824
1242350671417839616
1242350041945100290
1242348417457807360
1242347495914721280
1242346363083341824
1242345508640673798
1242344671562645504
1242344321694584832
1242344081608466433
1242342794691149824
1242341834342318080
1242341569233027072
1242340674663370752
1242339273136693249
1242338130339876865
1242337668547014657
1242337584551841793
1242337569108422658
1242337432739012609
1242336939786637312
1242335909325836288
1242335525589020673
1242335154703667201
1242333819102842885
1242332151233671168
1242332141108649984
1242331696080367617
1242331643085336576
1242331463413936135
1242331207896985603
1242327636673613825
1242327063110938624
1242326236635910144
1242326120038465536
1242326052539527170
1242326001163497472
1242325957513379840
1242325534555516929
1242325063581327360
1242323260210950145
1242322969721856001
1242321124316364800
1242320576493916160
1242320167436193792
1242318242909229056
1242317903891963906
1242314910920392704
1242312942378348544
1242312932785938432
1242312685368119298
1242312380035391489
1242311714558771202
1242311588586991616
1242309352062476288
1242308486869860352
1242308245848354817
1242307929941790720
1242304009639038976
1242303719796023296
1242303667488858117
1242302825075322880
1242302420199198721
1242301074221838338
1242299926307979265
1242299737086152704
1242298970090561538
1242296130299289600
1242295681043197952
1242295459986788353
1242293468161904640
1242293380719112193
1242292463491928065
1242292199917621249
1242290822894088193
1242284978060263426
1242272947986812928
1242267914591322112
1242263967575068673
1242895471883866112
1242862393736048642
1242862112809955328
1242858451564285953
1242832949420015617
1242825739994419206
1242806019329339392
1242794828150108162
1242768428705996801
1242767871870189568
1242765068858580992
1242764112045715456
1242752978546655232
1242738870497796096
1242735046840254464
1242727104875200513
1242723138921611265
1242717149271072768
1242716935894294528
1242715933954543616
1242709748467691520
1242708280968802304
1242705866685628417
1242705426334068737
1242702449992925184
1242700865808379904
1242696028685348866
1242692487870918656
1242684105608687616
1242683624492695554
1242683087902801920
1242682023778455553
1242676070945447937
1242675075301535746
1242674308834623492
1242671788942741505
1242668193115590661
1242666295264284672
1242661111159087106
1242659852394082304
1242657615563370497
1242655970850988032
1242655906157883392
1242653175204712459
1242652590304722945
1242649291656593414
1242648672594083840
1242647651289423872
1242646775183233024
1242646648993411074
1242645757984989186
1242642603603947521
1242639831206727680
1242637514973876229
1242634746569666560
1242634197312962560
1242622749358452736
1242622468411609088
1242618375840227329
1242604419713093632
1242542159296901122
1242541392175468544
1242536001878163457
1242532818141368320
1242531162913796096
1242530422992408582
1242530334446501890
1242523681164681218
1242522108858478592
1242519182115082241
1242518495826309121
1242517179075092482
1242515006878445568
1242513776525471751
1242511531318734849
1242511441300566016
1242509951559442433
1242509329464471552
1242508481208279040
1242507523489480710
1242506785396793347
1242504827206156288
1242504763763077122
1242504421499498496
1242504005235789824
1242502906810531840
1242501016211181568
1242494381527117829
1242493678116954113
1242492247754473472
1242492015679397888
1242491937162027010
1242488702007308289
1242486298134237184
1242475278162464769
1242472212164161543
1242471108491661318
1242470845487833090
1242467012179144705
1242466730410012672
1242455662967189504
1242451116094341120
1242448336550072321
1242448210183872514
1242446619540205568
1242441666394329089
1242438434578284544
1242434145361342466
1242434044656156675
1242433866704576513
1242433300251082752
1242432827951587329
1242431758634795009
1242430425420697601
1242430384987488256
1242427665119928320
1242424526098427905
1242423084922986502
1242419353330409472
1242408174004498432
1242407293938999296
1242407152171376641
1242406884809691138
1242404654287163392
1242398351078772736
1242395949751828485
1242395696801525760
1242393353666228225
1242388432665456640
1242388181749764096
1242387515442704384
1242385807022813184
1242385202619371527
1242384428204163072
1242384277909594112
1242383985365286913
1242380701007335424
1242376918260834304
1242375256083324928
1242372334893305856
1242365309996208128
1242354748768030720
1242354603573694466
1242349072414961665
1242319172958224386
1242307704229482497
1242292895794622466
1242292274706305025
1242251522789879810
1242860015636996096
1242832622612623363
1242814547158642692
1242812441760653312
1242798022788026368
1242787433332310016
1242784631507709952
1242774950588469248
1242725355426852864
1242719990991794178
1242697110463496192
1242668981095448577
1242667921848946688
1242666096127135745
1242663120289456129
1242661484372455424
1242660878551412736
1242659800644714498
1242657913790795776
1242655356007772161
1242654172065005569
1242650723831017472
1242650066415845376
1242647413669662720
1242620071781924864
1242477620853260290
1242477117977374720
1242475012541394944
1242474377985187840
1242471845363716096
1242536452090499072
1242520265201823744
1242503142199222272
1242494627300737025
1242494565770199042
1242493550354255872
1242489341701574657
1242483230596575234
