id
1235388998136352768
1235390848465920002
1235393919287844864
1235396032453922816
1235400381938663424
1235409076231823360
1235410015969832960
1235410154121768960
1235410293385134083
1235410388868640769
1235410980995239936
1235411415474810885
1235412024869490689
1235412103499898881
1235413071058710528
1235413247739781120
1235413428669464577
1235414960420855808
1235415909654827008
1235416267097505793
1235418593665396739
1235420543689490433
1235420563796946945
1235420671628308480
1235421382848032768
1235421439399845888
1235422196635402240
1235422602757201922
1235422755870343174
1235422849701117953
1235422914813382656
1235422967820980224
1235423103179776000
1235423217579417600
1235423236164206592
1235423241486897154
1235423399872086016
1235423450883174400
1235425489302544384
1235427103501430786
1235427298960199680
1235428253520687106
1235428344784711680
1235429038497374208
1235429867824377856
1235430272230993920
1235431193509801984
1235431230805430273
1235431263416147971
1235431328494940160
1235431786324398080
1235432232061460480
1235432267415269376
1235433486443397122
1235433757265596416
1235433967773462530
1235434295788834816
1235435138051235841
1235435597826863105
1235436237298831360
1235436549464080384
1235436735267344384
1235437141255245824
1235437253008044033
1235437276177424384
1235437719582658560
1235437964231979008
1235438051607732224
1235438562134208513
1235438838673215488
1235440570362925057
1235440912982929410
1235441798513938432
1235442053590417408
1235443793429696512
1235444189057282049
1235444293050998790
1235444602993356805
1235444629337595904
1235444694588354561
1235445321708318720
1235445395632934914
1235445612759273477
1235445653473554432
1235445999553961984
1235446015563530246
1235446259386920961
1235447013581508608
1235447047572070400
1235447671114133504
1235447959954821120
1235449393974857728
1235449842383679488
1235451193356414978
1235451242291306496
1235452088739598337
1235452991446056960
1235453267351678976
1235453375308656640
1235453883704459265
1235454783328342016
1235455104800550915
1235455247511883776
1235455248753479680
1235455351178358784
1235456455165149184
1235457829013581824
1235458064569913345
1235458651516735488
1235459150391308290
1235459312715169794
1235459852467449856
1235459907983466497
1235459980188413953
1235460062119890944
1235460258484625408
1235460364751564801
1235460393402871810
1235461024444305408
1235461250085089281
1235461338261934080
1235461618298847232
1235461857638522880
1235462288255184896
1235462366759751680
1235462431230636032
1235463066743197697
1235464356730744832
1235464376469110785
1235464458467602432
1235464514667241473
1235464549370916864
1235465809566158849
1235466036293574656
1235466073371111424
1235466080417714176
1235466442641936384
1235466444751728640
1235466772767215618
1235467505554120704
1235467550340853760
1235467748437786624
1235467877072990209
1235468304539693056
1235468384927653889
1235468634090360837
1235468642269245440
1235469020108746752
1235469175218475009
1235469349848309762
1235469388528181250
1235469397600473088
1235469401501155328
1235469616324853761
1235469702689886208
1235469798307442688
1235469953697972224
1235470245118324736
1235470845868494848
1235470906392293376
1235471446778023937
1235471595394613249
1235471723493052416
1235471754589396992
1235471882859708416
1235472286594953219
1235472368631345153
1235472594960289792
1235472883599671296
1235473079070887938
1235473459158962176
1235473684355145728
1235474190926573568
1235474293162733568
1235474663616241664
1235474685934125056
1235474994597163008
1235475022619308032
1235475684912328704
1235475886255857669
1235476315148558337
1235476678245330944
1235476758926888961
1235476892356161536
1235476939386671105
1235478124684398592
1235478530273796096
1235478606958211072
1235478701661356035
1235478775636340737
1235478776823394304
1235478790249287682
1235478795026563073
1235479302948483073
1235480829771603968
1235480967361335296
1235481002400575488
1235481069367037952
1235481359860338689
1235481584440143872
1235481820264665088
1235482379864674305
1235483029818224640
1235483096398663680
1235483145606008832
1235483177516441600
1235483813842685952
1235483927671738369
1235484211785666560
1235484334003564544
1235484526157193216
1235484645061517312
1235484911466930181
1235484932002197504
1235485310026276864
1235485511239811072
1235485602444980225
1235485637173641217
1235485919098163200
1235486041697550336
1235486841354280961
1235486942613114880
1235487105121423362
1235487187988287489
1235487377914654722
1235487380032884739
1235487749756592129
1235488257368092672
1235488311634022401
1235488604199284736
1235489103266885632
1235489266974814208
1235489287522615296
1235489627684757504
1235489630880841728
1235489816734765057
1235490237230415873
1235490581855551488
1235491219142324224
1235491874946928641
1235492130044489729
1235492834763038723
1235492885686030336
1235492939008180224
1235493102816620545
1235493486419275777
1235493901093310464
1235494171789668352
1235494343005306881
1235494532885516288
1235495848110415873
1235495858575151105
1235496921365540866
1235497362455490561
1235497457104162817
1235497678911332354
1235497951356547073
1235498122706423808
1235498166432264192
1235498549514776576
1235498868722126848
1235499195529719808
1235499322587914240
1235499434370359296
1235499603715174400
1235500332500815872
1235500693819215872
1235500916947791872
1235501092470915072
1235501841712115712
1235503161479024641
1235503939501453313
1235504088206454784
1235504555313356802
1235505288511459328
1235505412834656257
1235506000548904960
1235506755368452096
1235506933810987009
1235507367783133186
1235507594757881856
1235508063630655488
1235508084996534273
1235508088049995776
1235508238201884672
1235508289405927426
1235510174800109568
1235510696810512385
1235511061924610049
1235511096007634945
1235511387818004481
1235511490683207681
1235511701547757568
1235513120094851078
1235513192232751104
1235513289431539713
1235513540271800320
1235513895516868608
1235513924725936133
1235513950571134976
1235514645974302720
1235515448764108802
1235516800772825088
1235517930319855620
1235518226559373312
1235518733617152001
1235518867478204417
1235519893090578432
1235520111328604160
1235520447862763522
1235522102561828866
1235522315586240513
1235522560684478466
1235522984569221120
1235523122192883712
1235523240442728449
1235523278904659973
1235523605183655936
1235523843772633093
1235524007824437248
1235524249487540225
1235525893734330368
1235526366487105536
1235526859464589312
1235526983188205568
1235527334310154240
1235527790482649089
1235528047937425410
1235528519251263489
1235529112250388481
1235529599125032960
1235530215062937601
1235530708224884736
1235531283809423360
1235532016864518144
1235532473850900481
1235532716210147329
1235533242674982912
1235533657441435651
1235535015225720832
1235535591942615040
1235535716605734912
1235537321522577408
1235537659193200640
1235537690793332739
1235537848322805760
1235538003717652480
1235538065533194241
1235539007183843335
1235540353295560711
1235540920738754562
1235541124162428933
1235541497396613120
1235541656402898944
1235541706335903744
1235542084834054147
1235543480409010176
1235543740997083137
1235544066584121344
1235544809684824065
1235545493075189761
1235545538252156930
1235545825872211968
1235546854969864194
1235546997873991681
1235547643692097536
1235547724503814145
1235547775389126657
1235550465682812935
1235550648504115200
1235551426383880192
1235551440707387392
1235551928916086785
1235552067030261761
1235552923548975106
1235553460579217408
1235554649790431232
1235555508582518784
1235557071946272768
1235557114032132097
1235557307901251589
1235558258728996864
1235558482620768256
1235558587830845440
1235559062726561792
1235559457263726592
1235559560313782274
1235559564063453189
1235559780661555202
1235560228210569218
1235560303645134848
1235560577935847425
1235560657912819715
1235560687813955587
1235560689445584896
1235560714049187841
1235560861919588352
1235561339621388288
1235562711876071430
1235562844646592512
1235563376132132864
1235563404439543810
1235565274646142976
1235565955582836739
1235566778991783938
1235566968930877441
1235567109092110337
1235567219117080577
1235567328282243074
1235567480153792513
1235567523103457280
1235568387977351169
1235568477303451649
1235569701834682368
1235569786135941120
1235570763442335745
1235571189747052544
1235572776964165635
1235572857951916032
1235573040999612421
1235573246222721025
1235573431011135490
1235573611706175488
1235573988862177280
1235574127471341569
1235574291548327936
1235574348196352002
1235574698961862656
1235574771297005574
1235574806805803008
1235574835797012481
1235574894957559810
1235575047961448448
1235575415709851649
1235575468188930049
1235575699030724609
1235575734925697024
1235575750742487041
1235575874080198656
1235575930627579909
1235575936516489216
1235575990723768322
1235576279057002496
1235576317569048576
1235576946916016130
1235577311040241667
1235577487716827136
1235577595606880262
1235577806697844736
1235578018871095296
1235578331522711553
1235578386925457409
1235578691821821954
1235578902719889411
1235579108358098945
1235579506959794181
1235579540665184258
1235580016877957129
1235580378171224064
1235580659684569088
1235580696351014915
1235580726071799809
1235580776516923394
1235581055681335296
1235581076631883777
1235581170546618368
1235581640128098306
1235581814871191553
1235581958463213568
1235581959289614336
1235582259224137729
1235582316266864640
1235582446810345472
1235582856161681414
1235582863191334917
1235582947215933440
1235583041793384448
1235584015287058442
1235584137500778496
1235584207642079233
1235584344380657666
1235584556033507328
1235584567760863238
1235584689412476929
1235584755296501760
1235585244562165761
1235585294293966855
1235585623760801793
1235585645348900864
1235585713959243777
1235586152100397057
1235586506615672834
1235587458127007745
1235587502439882753
1235587909106925569
1235588799939428353
1235589315494678528
1235590093701865473
1235590195510206464
1235590405011447808
1235590738508906497
1235590765876834306
1235590880758763520
1235590912379703297
1235591230060474368
1235591313346576384
1235591520797024258
1235591740003741696
1235591836363821056
1235592135740502016
1235592729746444289
1235592924886380544
1235593059389366272
1235593157712269313
1235593287752232961
1235593434955644928
1235593537707823107
1235593559052636161
1235593629810544642
1235593770269175808
1235593903790649344
1235594063149232131
1235594275494207488
1235594560631459841
1235594771604922369
1235595302331199489
1235595419008237568
1235595864703242247
1235596533720059905
1235596571275862016
1235596688498319360
1235596865908936704
1235597054166122496
1235597061824880647
1235597067021676549
1235597086701338625
1235597322442047488
1235597852744839169
1235597931291594755
1235598269952245761
1235598301359042561
1235598814330982400
1235599173925376000
1235599440783826944
1235599558773596160
1235600049092071424
1235600195347456002
1235600829039730697
1235601090248200194
1235602013515325440
1235602062253137920
1235602092938498048
1235602233116459009
1235602247138062338
1235602431091896320
1235602542572290050
1235602730074247168
1235602763331010561
1235602991350247424
1235603089693999104
1235603141669904386
1235603150045839368
1235603169134161921
1235603267545182213
1235603318644322307
1235603353918414848
1235603450760769536
1235603489285382144
1235603496977797120
1235603544004231168
1235603629266042881
1235603680788963328
1235603763974385664
1235603859466326018
1235604057051394048
1235604598749941761
1235604617997713414
1235604949423108096
1235605000522330112
1235605465687613442
1235605578174599168
1235605610948775936
1235605674484207616
1235605861839654915
1235606044530876425
1235606239704485891
1235606245626781702
1235606386270179329
1235606575794057223
1235606596404690944
1235606619515490304
1235606676637655043
1235606769516199945
1235606808938635273
1235606966321303552
1235607206688669697
1235607323835600896
1235607699007602688
1235608004046671872
1235608044249255936
1235608067363844097
1235608382259814400
1235608645582417920
1235608836603613186
1235608942128046080
1235609149221806081
1235609427413291009
1235609932831035393
1235610013348933632
1235610054499409921
1235610076611674117
1235610564598038528
1235611032539803648
1235611033240129537
1235611039812792330
1235611142401265664
1235611229319819266
1235611247510458370
1235611859656552448
1235611868036837376
1235612149755580417
1235612312045621248
1235612351069487104
1235612559316791297
1235612624752193537
1235613040088932353
1235613376870363137
1235613463633965058
1235613868241465345
1235613918799843328
1235614252087398401
1235614340134236160
1235614357364412416
1235614358434205697
1235614401727590401
1235614551208587270
1235614820671664128
1235614971226214400
1235615020198834177
1235615141972062209
1235615381240209408
1235615424060043269
1235615547498401792
1235615577110204416
1235615635339649024
1235615713668272131
1235615721826267140
1235615832924803076
1235615865611010049
1235615993776529409
1235616098503909376
1235616128464031746
1235616158000336896
1235616235863388163
1235616332411998210
1235616417304711170
1235616553330028544
1235617431491457024
1235617635305287680
1235617829853986822
1235619141207445506
1235619239496687616
1235620716596297728
1235621050509123589
1235621183749369856
1235621216284635137
1235621371830366208
1235621774768902144
1235621913034018816
1235621950728409088
1235622000321851394
1235622198670266368
1235622746278612994
1235622772610666496
1235622855158579200
1235623014290644992
1235623526478082052
1235624129015017472
1235624610042916872
1235624793279549440
1235625099170066432
1235625549298462720
1235625732119777280
1235625793679691776
1235626224900354048
1235626415934058497
1235626674810732544
1235626936438853632
1235627583561240576
1235628175683735553
1235628670779260928
1235628791122268160
1235628907556220929
1235629433664475136
1235629741408845826
1235629990290522118
1235630217546420231
1235630407086936064
1235630510463791105
1235630996323622912
1235631042431574017
1235631049155268611
1235631528777936896
1235631609040105472
1235631709502287877
1235632269282471937
1235632642806013954
1235632859395866624
1235633677050056705
1235633768507023360
1235634606453350400
1235634724145524736
1235634741707071494
1235635278334889990
1235635613799460864
1235635638990495744
1235636646730698758
1235637824680058881
1235638184064806912
1235638458531508226
1235638610818412544
1235638723687206912
1235638734336507905
1235638861365198853
1235639286390755331
1235639309652365312
1235639636619390976
1235639636887650305
1235639716994785283
1235639753229438976
1235639872007757825
1235639911253979139
1235640186647781376
1235640352599502848
1235640442546532354
1235640492664033280
1235640975189594112
1235641145805467648
1235641228743577602
1235641504166797312
1235641578779074561
1235641821600059399
1235641991171633154
1235642291165020161
1235642413437390848
1235643109976846336
1235643267292819456
1235643887538122753
1235643961588494336
1235644089955225603
1235644166656249856
1235644343920271361
1235644582102061056
1235644779003817984
1235645291719618561
1235645682028916736
1235645895871430657
1235645993074315264
1235646658190487552
1235646847043108865
1235647407884468224
1235647411399184384
1235647516261191681
1235647627611553792
1235647923095887872
1235648117296508928
1235648269549592577
1235648326885916672
1235648747834654720
1235649097106894848
1235649098000273409
1235649216439074816
1235649755344261121
1235649926962589699
1235650063696883713
1235650100162187264
1235650238330933249
1235650596822224897
1235650958626918400
1235651532776968197
1235651631288659968
1235651879658455042
1235652045681700866
1235652605512224769
1235653362617651202
1235653545879273473
1235653644084801536
1235653885169188865
1235654017763758080
1235654072553922560
1235654311943622656
1235655140646019074
1235656099472130048
1235656378167029762
1235656589421555713
1235657455155245057
1235659247247142913
1235660002246807552
1235660150519648256
1235660745460690945
1235662686987464705
1235662992089337856
1235663030584832020
1235663632349839361
1235663827171037185
1235663915276627969
1235664279568879617
1235664362238443521
1235664951437455360
1235665126964920320
1235665314085588993
1235668459314438150
1235669138506256385
1235669658075885586
1235669696810283015
1235670183898906627
1235670664578822150
1235670882275799042
1235671071145316358
1235671500063207428
1235672409388314633
1235673045756506121
1235673618178338835
1235674141740552194
1235675060268134401
1235679859256504327
1235680705134264321
1235680776844447744
1235680917903077383
1235680931106746376
1235680945417711619
1235680965793419264
1235680978586267659
1235680992263892992
1235681157083168768
1235681563758608385
1235682993915793411
1235684552456245248
1235685101939429376
1235685152237502465
1235690447822966784
1235691560982974470
1235694047886336000
1235701230103490560
1235701419229032453
1235702375110914048
1235703021448790016
1235704909271633920
1235706502423277568
1235708923577069569
1235710020324487168
1235712093568913408
1235720719662813184
1235724971235618818
1235729199924568064
1235730746624675840
1235734414073552896
1235740460414615552
1235741523586600961
1235743721137868802
1235746392728993792
1235748325070168069
1235750102779564033
1235751766861508613
1235757635045134337
1235758145093464064
1235760810552635392
1235763140513738752
1235765371828871168
1235765697055203334
1235767256342310912
1235769495937060864
1235770242850328577
1235770841184587776
1235771191547367425
1235771480954277890
1235771664065015808
1235782235619459073
1235784795013156865
1235785774865489922
1235789763157819394
1235789974395633664
1235790353132896256
1235801151989309441
1235803976722837505
1235808026424037376
1235811671102222336
1235811748520685568
1235812302194003968
1235812527314894850
1235812924083466240
1235816974912868354
1235818352108429313
1235821532514881538
1235826874569207808
1235827338652176389
1235829056244838400
1235829161588973569
1235829184456343554
1235833547929182209
1235834683507609600
1235842619151798274
1235845829597859840
1235846308541247488
1235847429003476994
1235850802540892162
1235851479019188226
1235852852263698433
1235854979232968705
1235855478464249856
1235858393060933633
1235858639606276098
1235858663438344192
1235859640329490432
1235863292846829569
1235864322716229632
1235864557240725504
1235879857315368961
1235881943197196288
1235897091609825281
1235929785198612480
1235979936948682752
1235987111699873792
1236073567164522497
1237245407169785857
1237370589180039168
1238907329325740032
