id
1249137240162349057
1249152061234647041
1249152474306527233
1249153971098394628
1249158915935408128
1249159803521380352
1249162546864623616
1249163399768035328
1249164109016432643
1249165170045313026
1249165621356564482
1249167767045058560
1249167823143866368
1249167841389096964
1249168036772413440
1249169905603284993
1249170480914927624
1249170619205332992
1249170873426350085
1249170933299982338
1249170977013018624
1249171209843023873
1249171873046421507
1249172381416992768
1249173090522869760
1249174349690658817
1249174542020419588
1249175235812884485
1249177531569274887
1249179244992827397
1249179560194854915
1249179993810391047
1249180195942252544
1249180208051236869
1249180561995968513
1249180587673468930
1249180600025694209
1249180757869899778
1249180810953007105
1249181391687991298
1249181444913672193
1249182160839458819
1249182277529210886
1249182426712231941
1249182476217573376
1249182686759051267
1249182822188945408
1249183393532776449
1249184561440923648
1249184779746119681
1249185284652249089
1249185408166084608
1249186111722786816
1249186978043658241
1249187073640235009
1249187962203639808
1249188592603353090
1249188711427956743
1249189152664453120
1249189222004723712
1249189676323352578
1249189981681340416
1249190157556776961
1249190216365150208
1249190704959586304
1249190745388584961
1249191418591154182
1249191488103342086
1249192105748189184
1249192435189678085
1249193461116534785
1249193645493891074
1249193804135088128
1249194536510914562
1249194552478576642
1249194611286867968
1249194633151893505
1249194726777028609
1249195197805854721
1249196882544529410
1249197485643444225
1249197795094990848
1249198065728270337
1249199555280846850
1249201760889188352
1249201781269319682
1249202232907706375
1249202523505864706
1249202789898686464
1249203030563663872
1249203203129966599
1249207203321516035
1249207293327159297
1249207515721728000
1249207724300271619
1249207804470198273
1249208306897485825
1249210970335051776
1249211717260902403
1249212409836945411
1249212729228840961
1249213629930459136
1249213756971900929
1249213903575408650
1249214145125326849
1249214220106940416
1249214935969611782
1249215249074597889
1249215752315510786
1249218478541664256
1249218730027966464
1249218799275896832
1249221375367073793
1249221538584227840
1249222602255519744
1249222647377850368
1249226162833772546
1249227141394268162
1249227184935321600
1249227784804691968
1249228681223921664
1249229000028737537
1249229719867772928
1249231719854563329
1249232792816218114
1249232832246898689
1249233007652659201
1249233093392617472
1249233197381996545
1249233385572061184
1249233435467476992
1249233456128610309
1249233625582723072
1249234506378141696
1249234633935294464
1249234871081410560
1249234886042386433
1249235647803490304
1249235850707308546
1249235905367293952
1249236334092279808
1249236844857843712
1249237242918264832
1249237376632643591
1249237537379373056
1249238266244673536
1249238345386995713
1249238802339483652
1249238855451992064
1249239121584771072
1249242599375794176
1249243097390665728
1249244160785362946
1249244524989140993
1249246532714586117
1249247995092013056
1249248617505763336
1249248783054991362
1249248955281506304
1249248995542622208
1249249061829349376
1249249192339365888
1249249230780157955
1249249546208591873
1249249708272320512
1249249821883432960
1249249832146894848
1249249834885763074
1249250225119608834
1249250259580022785
1249250515839373312
1249250562421358593
1249251044384624640
1249251499294654466
1249252041127534592
1249252375170146304
1249252403838201859
1249252777710108673
1249252849940189184
1249254469755236352
1249255692721991680
1249255931269066752
1249257136258867206
1249257179431030784
1249257411308736513
1249257597485477894
1249257805804003328
1249257868261392384
1249258073031446528
1249258498816241666
1249260205721845762
1249260278295871488
1249260954967105537
1249262438198829056
1249264388646653953
1249264522730201090
1249265098478080000
1249265833638899712
1249266887617212416
1249267497703890944
1249267785986760704
1249268008708497408
1249268713070538753
1249270297594712065
1249270493288398848
1249271031165935619
1249271342140030976
1249271400629555204
1249271881569464321
1249277165402591232
1249279089468268544
1249279331689512960
1249279508399579136
1249279904694312963
1249280031462797314
1249280192905752576
1249280553825603586
1249280784747257856
1249280876065648640
1249281611138392069
1249282568748273665
1249283143619637250
1249283580657684483
1249284016290672640
1249284336219607044
1249284704110391299
1249286944627937283
1249287187692126208
1249287250036195328
1249287919073783809
1249287927676506113
1249288145033555968
1249288163316490242
1249290194810843137
1249290802024435722
1249290837193703425
1249291009650880513
1249291341961388034
1249292776061071361
1249293086645051393
1249293411305189385
1249293580205621248
1249293673419821062
1249294562654171137
1249294724357189632
1249294895174389760
1249296128832491520
1249296272059592705
1249296312094175233
1249296364091002881
1249296387302248448
1249296599970230273
1249296678806421505
1249297010198364161
1249297037775867904
1249297048240717824
1249297108332449792
1249297135339618304
1249297784223629312
1249298053917544448
1249299479578238977
1249300190806175744
1249300462638993416
1249300520289718273
1249300649981800449
1249301183648301056
1249301592735539202
1249301702479695873
1249301811241955329
1249301849674412035
1249302275975045121
1249302321374396418
1249302489809195008
1249304297784741889
1249304578148843520
1249304694607859713
1249305090076241921
1249306151021211651
1249306255828508672
1249307127132323840
1249307950855774208
1249308288736301058
1249308381925408771
1249309159368970242
1249309705609940997
1249309749964705792
1249309888003502082
1249310115859030016
1249310753116438528
1249310991982243840
1249311694838358016
1249311822273970183
1249312022556073984
1249312109294313481
1249312286948220929
1249312332607418368
1249312349070082050
1249312594516529152
1249312896229625857
1249313012961271808
1249313513140412416
1249314383252971526
1249314601788788738
1249314760962609153
1249315140916269056
1249315441698168834
1249315620287471618
1249315765670440961
1249315824998834177
1249315917345034249
1249315995757338624
1249316365506244608
1249316609971195904
1249316724727377921
1249316919036895232
1249317482420006913
1249317628042080258
1249318176480841729
1249318447017635841
1249318588348903425
1249318973918736394
1249320765524078594
1249320886940782594
1249321382246092800
1249321845649584129
1249321946887491585
1249322740034588677
1249322826038833152
1249322960193613824
1249323009296314373
1249323115106021377
1249323502462590976
1249324611109408769
1249326028993875969
1249326288789069824
1249326361073745923
1249327687941763073
1249329778139648000
1249329988706299909
1249330448393588739
1249330813650391041
1249330881702924291
1249331383266234373
1249332212056625152
1249332337575256067
1249332551983890433
1249332765767557125
1249332879944896514
1249333317729566720
1249335345490964485
1249335574944608258
1249335705844629504
1249336029120614400
1249336224596160512
1249337073284218883
1249337137432006659
1249337982194053121
1249338566074748929
1249339567569661952
1249339931769569282
1249339943006003201
1249340130218795010
1249340240893968384
1249341824436768772
1249342526600785920
1249342733535215618
1249342754208935936
1249342801508065282
1249343480159035392
1249344129051455488
1249344169706844162
1249345222724575232
1249347714552180737
1249348611978059776
1249348725689815043
1249349109544153095
1249349184097882112
1249349188543897600
1249349546829733889
1249349668334534657
1249349707815456770
1249349814258561025
1249349876241944577
1249349914850504706
1249350005611270144
1249350257739091969
1249350541752201217
1249350705053192193
1249350964517076994
1249351048336044037
1249351164862156800
1249351251608961024
1249351497097326594
1249351699732418560
1249352246795448320
1249352331562323968
1249352676619341825
1249353022439735296
1249353417794830336
1249353437029920768
1249353567309201409
1249353908763279360
1249354264624783361
1249354725121609731
1249355285077975040
1249355595783659520
1249355613957574659
1249355630290194432
1249355668026355712
1249355697642323975
1249355705934438400
1249355730794287107
1249355735370096642
1249355791687020544
1249355792655904774
1249355795956789248
1249355830794706945
1249355838935818240
1249355863048876032
1249355869726232577
1249355895730892801
1249355908162809860
1249356048189632512
1249356082452910081
1249356099213385729
1249357145239244800
1249357768777064449
1249358587190595585
1249358721257373696
1249359266223276034
1249359424222679042
1249359456724385792
1249359883574464517
1249359918357856256
1249360919731122177
1249362061571710976
1249362833336229888
1249362872351641601
1249363636159537159
1249364101748240384
1249364797998510081
1249364977980289024
1249365070607290368
1249365558237093888
1249365630395924480
1249365676432617479
1249365779520225291
1249365842325729280
1249366023792242688
1249366343473696768
1249367754370502657
1249368837675462656
1249369022967111681
1249369046245445632
1249369078831013894
1249369144161480704
1249369228148215808
1249369251124621313
1249370385390252033
1249370587023069184
1249371001822928896
1249371077475627008
1249372246528819200
1249372356650258432
1249372391836250112
1249372909698600961
1249373982739984384
1249374965893230593
1249375160307605505
1249375844394385410
1249376097700990976
1249376203988852736
1249376433207533570
1249376779543830528
1249377477790588928
1249377714466729985
1249378040783634432
1249378250683342848
1249379474451259394
1249380424456925185
1249380553746497536
1249381486853124096
1249382229194592259
1249382988212654082
1249383342769758209
1249383524236275717
1249383765861961735
1249384712457670657
1249385540023025665
1249385566530965504
1249386306574024704
1249386363528466433
1249386399435874305
1249386473545027590
1249386611957092353
1249386645423415296
1249386884259708929
1249387615385726986
1249387663632695296
1249388018143596544
1249388370398081025
1249388655476477952
1249388855800651776
1249389129541906432
1249389363764400132
1249389557683896320
1249390109784330240
1249390581463179264
1249390658684514309
1249391047248994305
1249391084699934721
1249391518177046528
1249391565849554944
1249391587337154561
1249391758082887680
1249392486994210816
1249392552454709250
1249392582527864833
1249392710361870337
1249392852200652800
1249392867430162433
1249394241727418368
1249394654811836416
1249395466606751749
1249395507585142785
1249396071878529027
1249396648649752576
1249396703385407488
1249399227974733826
1249399535647875073
1249400707641298944
1249400730907074561
1249400849278709760
1249401088534609925
1249401466822877185
1249401473558953984
1249402187727302656
1249402556712759296
1249403038353113089
1249403057579802624
1249403610179362816
1249403610720395265
1249403760842919937
1249405157651017728
1249406421021515776
1249407838813708288
1249411930113970176
1249412960872591360
1249413832625143808
1249418400046047233
1249426201833168896
1249429507997667328
1249431690956533761
1249432281565089794
1249434486346887168
1249434591846375426
1249436987460743173
1249442032646385664
1249449779106435078
1249451003813847042
1249452287090733056
1249465149439660034
1249489752786489345
1249489771396616194
1249503049904607233
1249503439228268544
1249516669887791104
1249517133052014592
1249520905539088385
1249524978212409345
1249525394253864961
1249529843529789441
1249533336617283586
1249535257453293570
1249538512325685248
1249545566943473672
1249554849772912641
1249556815127252992
1249560367274938368
1249560376280145920
1249568346334310400
1249571728084238337
1249587522373632000
1249597328278749184
1249597483337920514
1249603428935823360
1249612363185045506
1249618377737269249
1249618407734931457
1249619501441638400
1249622388209147906
1249622478420238339
1249637276226695168
1249654294971691008
1249680280194932737
1249685140860579841
1249685475087937536
1249740920343289856
1249882044483514373
1250148555051790336
1253064571058864128
1254413204911984646
