id
1246235030763892737
1246239815567278087
1246240056508960773
1246241390213775362
1246242500039196672
1246243111673757699
1246245675068612609
1246245919655202816
1246246821648834561
1246246951990902784
1246247128021602311
1246247679539023872
1246250842350477312
1246252786246811648
1246254152159653889
1246254989124587521
1246256827853086721
1246257888219271170
1246258298015244290
1246258550529130496
1246260076676972544
1246260572334616578
1246261860942393344
1246262050608693248
1246262272005201925
1246262381367320576
1246262519712317441
1246262794233643008
1246262913914015754
1246263001209917441
1246263540656173056
1246264661277732868
1246264857243992065
1246265170709622791
1246265788534681600
1246265860064301056
1246266886590889986
1246269296075886595
1246269368784146432
1246269375369211905
1246269687907803137
1246270082751164417
1246271460890402816
1246272458065211398
1246272753008652288
1246272938719866880
1246273665429192704
1246273738959491072
1246276376790855681
1246277101797273600
1246277255677882368
1246277745799073797
1246277759875178496
1246278907126378497
1246279140681998337
1246279313059536896
1246279797078028288
1246279868553113601
1246279877403140096
1246280093128785921
1246280406594281472
1246280583031869441
1246281311414652928
1246281335649390594
1246281943508905984
1246282143707226114
1246283615891144704
1246283698888040448
1246283706123169793
1246283923371380736
1246284205757067265
1246285213350543361
1246285324956979200
1246285784505651202
1246286206180048897
1246286652693041153
1246286672108511232
1246286843500310531
1246287033024339970
1246287193833865217
1246287330463363072
1246287688551911424
1246288230703460354
1246288575789858816
1246288988161236997
1246289339044081664
1246290430494302210
1246291782461091840
1246291922853015553
1246292395055919110
1246292832865800192
1246293006224777216
1246293515207753728
1246293870188478466
1246293891407462400
1246294357918904321
1246294774367182849
1246295426476597248
1246295712188362752
1246296603633172480
1246298764999921668
1246298785946300417
1246299059947573248
1246301418371215366
1246301926687305730
1246302381299486726
1246302564406005760
1246304670177357824
1246304787798220800
1246305032565182464
1246305480214859776
1246306673720868864
1246306848744951808
1246306909642051587
1246307082367688706
1246307200756092928
1246307306754588673
1246307330121138176
1246307355983142913
1246307368079478784
1246307380159102976
1246307390057631745
1246307404301479936
1246307425814081536
1246307437306474498
1246307446114508801
1246307480285544448
1246307832275685377
1246308905489063936
1246308919984734208
1246309066152062976
1246309551353122816
1246309582105788416
1246310128430616583
1246310269699026946
1246310396702539776
1246310441107591168
1246310536901345281
1246310690589048832
1246311138985267200
1246311416350437376
1246311561875996672
1246311811248349185
1246311867020193792
1246311930676908032
1246312028387422209
1246312211699494912
1246312267320180739
1246312365978574848
1246312398014705672
1246312512015847424
1246312532236595202
1246312685190316032
1246312724050481152
1246313354211127296
1246313783275843584
1246314286684594176
1246314737572421633
1246315020796833792
1246315607860998145
1246316127363330048
1246316174645714945
1246316226000764928
1246316279377494018
1246316302764892162
1246316373409591296
1246316393034743814
1246316572366397440
1246316591278481408
1246317301701509120
1246317374074056704
1246317474808655873
1246317845010509828
1246317881010171905
1246318504879386625
1246318660982943744
1246318799638405125
1246319003682746369
1246319563173552129
1246319890157326336
1246319895534432256
1246320141861675008
1246320938225811456
1246321023928004608
1246321145080500225
1246321305005240320
1246322118909808641
1246323279901556736
1246324167181393921
1246324409461166080
1246325116381704192
1246325385270161408
1246325519005581312
1246325761755082753
1246325959738798080
1246326096808689665
1246326146230353920
1246326611386892289
1246326625534263296
1246326718618427392
1246326759198351366
1246327239857147905
1246327328944226304
1246327657786032128
1246327662856921088
1246327776325423110
1246327798119034881
1246328195852283904
1246328220422533120
1246328310268743680
1246328501512224768
1246329311340007424
1246330540573093889
1246330970845794304
1246330977787318273
1246332788090892289
1246333341160243200
1246333823647764480
1246333967269105666
1246334728732467200
1246335375548637185
1246335544541335552
1246335631598354432
1246335754013306880
1246335915754000384
1246336265152126976
1246336739850858496
1246337079342059521
1246337490744569860
1246337724358905856
1246337785994215424
1246337842168492033
1246337951253942273
1246339259314782209
1246340477047181313
1246340743687335936
1246341189176975360
1246341212300165120
1246341443033022466
1246341481322835968
1246341617780432897
1246341654354653185
1246341837171777536
1246342579232239616
1246343070796271616
1246343493552754688
1246343615716052992
1246343818649030663
1246344516707074051
1246344532016283648
1246345160318783488
1246345269471395840
1246346240150982656
1246346494535294976
1246346559668674565
1246346797385015296
1246347088872407041
1246347332217532416
1246347708660461569
1246348636356665344
1246350576994013186
1246351468543619073
1246351511891791874
1246352218233507841
1246352510605905920
1246352521964048387
1246352884024791043
1246352986789404673
1246353029617471494
1246353125016883201
1246353435240181760
1246353499023003648
1246353599065518080
1246354652733394945
1246354732026757120
1246355840107294720
1246359079842242561
1246359175946362881
1246359317206294528
1246359516192468998
1246359715187003392
1246359770556030977
1246360310933417986
1246361445945622528
1246361599784316928
1246361923261591552
1246362219392036864
1246363559442796546
1246363907301584897
1246364030450585600
1246364519762296832
1246364699836305409
1246365188195905536
1246365228004069376
1246365327509749760
1246365408875159552
1246366919831064576
1246368024241807361
1246368413426921473
1246368473640390657
1246369448145178625
1246369664097120257
1246369808276320257
1246369999003869186
1246370415154348032
1246370441754587136
1246370528534753280
1246370559899758592
1246370817832652800
1246370955590393862
1246371467052244993
1246371758749302785
1246372123943157760
1246372195506352128
1246372238229528576
1246372315031408642
1246372341216468992
1246372343250747393
1246372679260631041
1246372788358676480
1246373110799990784
1246374152551854080
1246375007682510850
1246375628166909953
1246375707053191168
1246375868684849154
1246376685936603136
1246376701564563463
1246376811757330433
1246377138040659970
1246377162308902912
1246377249760145408
1246377353074184192
1246377667005317120
1246377892000321536
1246378395820126208
1246378475050557440
1246378545078661120
1246378806979391488
1246378902907260928
1246379056569806848
1246379148072726530
1246379430248759297
1246379439555932160
1246379543251701761
1246379558909198338
1246379820474232832
1246379922316288000
1246379966750552064
1246380260167303168
1246380588077989888
1246380703706542082
1246380849362161664
1246380944652550146
1246381293547540481
1246381462040928256
1246381909359247360
1246382587569831936
1246382748811399168
1246382751755857920
1246383215935275011
1246384267849916418
1246384778661642241
1246385049047613442
1246385325129129984
1246386136055836672
1246386372576829440
1246386568941539329
1246386971875790848
1246386988061585408
1246387051504623616
1246387605542928384
1246387964952735751
1246388635462701057
1246388736788582400
1246388759794315265
1246389002078310401
1246389131476733957
1246389352046841857
1246389395722129408
1246389879396802561
1246389952012673026
1246390557468844038
1246390921001750530
1246391179668672513
1246391356815097859
1246391603565973507
1246391648021405698
1246392254576689153
1246392278601437184
1246392324466171906
1246392588996771844
1246392601231552512
1246392798300893185
1246394393528922113
1246394790645608449
1246395642307477504
1246395999251095552
1246396631223652352
1246396665122025473
1246397827103608834
1246398081253457920
1246398087356198912
1246398231078039552
1246398428172521473
1246398753386295298
1246398831220027392
1246398917089972225
1246398931732295685
1246399033163354113
1246399187899437059
1246399277242273792
1246399403218239489
1246399582424055811
1246399782483943424
1246399855217397760
1246399974394511360
1246399979310075904
1246400004484300800
1246400042539175936
1246400100793896961
1246400502062964738
1246400713795571712
1246400716815527938
1246400880372371457
1246400910466486274
1246400928992735232
1246401094739087362
1246401207179993088
1246401501020295169
1246401625779929091
1246401884086104064
1246402112356888576
1246402525105811457
1246402596136345600
1246402647390687233
1246403432103047169
1246403443259871232
1246403880889417728
1246404174226456576
1246404190571651074
1246404646983405568
1246405377731604485
1246405890111987712
1246406046291124224
1246406249303834624
1246407879340331010
1246408012836696066
1246408116817678336
1246408955271589888
1246409426438774784
1246409681121071105
1246409893436780544
1246410619730845697
1246411030508388354
1246411119427608576
1246411209517096962
1246411450584723456
1246411611184566273
1246411932023672833
1246412020313808897
1246412214707187712
1246412479371964416
1246412529506512903
1246414570454790144
1246415025536827392
1246415062224388096
1246416962646933504
1246417124974661632
1246417289819242503
1246417490478952448
1246417547991207939
1246417602416541698
1246417744762777600
1246417791818690560
1246417883464269825
1246418013235998720
1246418366073454592
1246418615043153920
1246418651760037889
1246419062361448450
1246419447817990145
1246419854845816834
1246420152180039680
1246420239492907008
1246420519194247168
1246421445120385024
1246421775241687040
1246421900408033280
1246421919785615360
1246421964417163264
1246422002451091461
1246422291371700229
1246422752518483970
1246422868419694592
1246422909255639041
1246423678943813632
1246423680617312256
1246424181190709250
1246424477237268481
1246424683752435713
1246424867383074816
1246425167095422977
1246425466744893442
1246425467223072768
1246425904219226112
1246426098893754368
1246426101208899586
1246426198760013824
1246426383389081602
1246426513735593985
1246426679259672588
1246426961246912512
1246426986479620097
1246427057837338625
1246427464131198976
1246427586671996928
1246428565534642177
1246429291329409025
1246430094395994114
1246430154798202881
1246430267381649410
1246430279649988608
1246430484109770752
1246430549910024192
1246431734326906880
1246432427926360065
1246432714938626050
1246432967552983046
1246433044711366656
1246433498677665794
1246434597174480896
1246434917933711361
1246437565202182147
1246438076521410567
1246438180548513794
1246438259443421185
1246438562381180929
1246439336003776512
1246439379284836353
1246439928071729152
1246439980165033984
1246440025065230336
1246440261825081344
1246440283257982977
1246440328380297216
1246440372022022146
1246440463722143745
1246440491681320960
1246440517484687361
1246440692173291521
1246440827708047361
1246440857907027974
1246440888106020867
1246441294127403008
1246441623313174531
1246442283429330950
1246442382616195073
1246442512589307905
1246442553479548928
1246442573373177856
1246442606776614914
1246442822284111873
1246442934397841408
1246443243182501888
1246443269564719105
1246443413437890561
1246443911741976580
1246444259139444736
1246444561951600641
1246445039581945860
1246445200177795072
1246445665837694977
1246446188712189955
1246446518938169344
1246446763386392576
1246447016382619649
1246447102525181952
1246447319127474176
1246447811907866626
1246447991960920065
1246448120562503680
1246448378122080256
1246448418454507520
1246448482413449216
1246448501862445057
1246449257109811201
1246449436064006144
1246449451373195265
1246449719435341824
1246449809906716673
1246450666974765056
1246450744930250752
1246451193049518083
1246451376785248256
1246451583887364098
1246452137330012160
1246452713409220608
1246453327149314048
1246454015069585409
1246454058388357120
1246454282343174145
1246454285069455361
1246454949636005888
1246454970267791360
1246455030128885762
1246455336174682113
1246455661350748161
1246456014372622336
1246456377918119942
1246456624765493248
1246456916743573505
1246457417660952576
1246458203551887360
1246458243188060162
1246458664023515137
1246458833259520000
1246459090034806785
1246459442230513665
1246460418995806209
1246460591440416768
1246460688836562947
1246461052797120516
1246461290324692994
1246461572915924993
1246461741086752770
1246461802164047872
1246462291471511558
1246463226423865344
1246463276260528129
1246463556314267649
1246464039581937664
1246464607956303872
1246465179384045568
1246465320363216897
1246465597602324480
1246466629958950912
1246467343439384577
1246467782734155776
1246468533480910848
1246468594499645440
1246469202279411714
1246469313495625729
1246470053119184901
1246470268974817280
1246470287782080513
1246470288537079808
1246470937563631616
1246471083668041729
1246471101841944576
1246471215130112001
1246471491023040512
1246472573627453440
1246473434407854081
1246473572576415747
1246473992388534273
1246475387376291841
1246476017272684545
1246476360974864385
1246477579491479553
1246477593978605568
1246477814460813312
1246477959491235843
1246479109133185025
1246479931887849472
1246480355122499584
1246480631011217410
1246480866433351685
1246481277542260737
1246481419880128512
1246481666174058500
1246482138423160832
1246482447635820544
1246483350606344197
1246483691548925953
1246483881789804545
1246484049465470976
1246484071351377920
1246484166301978624
1246484187718119425
1246484492094595072
1246484591441051648
1246484881888038914
1246484927673028608
1246485330028564481
1246485418092007424
1246485710858682368
1246486294668013568
1246486948148989952
1246487080655400960
1246487130991259648
1246487224146771970
1246487393013600257
1246487454003200003
1246487502405251072
1246487560597078018
1246488055973703680
1246488963612696577
1246490126072438784
1246490222386274304
1246491521488048130
1246491930361335813
1246492887493136384
1246492907747463168
1246493032322494466
1246493234106228738
1246493422317228033
1246493728522420224
1246494028519993344
1246495272517029893
1246495281174040577
1246495469674450945
1246497271878782978
1246498243782930433
1246504426694569985
1246505573207736327
1246505842540716035
1246505910882582528
1246506128210444289
1246507196126396416
1246508574248824832
1246509580743368705
1246510142528479232
1246511155171991553
1246511843633319936
1246513717715423232
1246514097639657472
1246516397036826626
1246517249592053760
1246517467142217728
1246519517079048199
1246519542861438976
1246519554383081472
1246520225568141312
1246520287778099200
1246521696875503616
1246537694508994560
1246538249004171264
1246568191616110592
1246608358557118464
1246610982740176896
1246620950428372992
1246624152280133634
1246626049183510533
1246626106741911554
1246637561163812864
1246637605598289920
1246638126904119296
1246638503548424192
1246642571415138306
1246646358959775744
1246647201159213057
1246653113945083906
1246655190280876032
1246660588937179136
1246660622260948997
1246660652896116738
1246660686412787714
1246665541109968896
1246669055945146368
1246670858887647238
1246680125879525381
1246680164345344002
1246680303956971521
1246680549143396352
1246681994378899456
1246682073726717952
1246682111622316032
1246683647270248448
1246699098943582208
1246702884949024768
1246716375894085634
1246728883593854976
1246732063459311617
1246735150949388292
1246755532880244741
1246761985586253825
1246764392705708032
1246768365428830210
1246770679564734464
1247426294624604162
1247490503865593857
1247752140824563712
1248544545622478850
1248877949488521216
1250368898941087745
