id
1251686351121989637
1251687201945063425
1251687235218538496
1251688607821320192
1251688664951697413
1251692651264356352
1251693936978145281
1251694476726165504
1251695958641049606
1251696090161635328
1251696232336027648
1251697521916874752
1251699710894563328
1251699824686030850
1251705493296312320
1251706443171913730
1251707540506841092
1251709716092215297
1251713375907659777
1251713986615226370
1251714137845088256
1251714264550633472
1251714840504262664
1251718652237242370
1251718847410954240
1251719088281276416
1251719389260349440
1251719501256650752
1251719553064853504
1251720447282069506
1251721332586209281
1251725855358726145
1251726936637755392
1251727054971654144
1251727361407516672
1251727462662373376
1251727795488583681
1251728056810496000
1251728386335977472
1251728395617972225
1251728412420407303
1251728506192490497
1251728915133054977
1251728951577206785
1251729165826420736
1251729321015816192
1251729332281552896
1251730098400694272
1251732281418346496
1251732397927907328
1251732748768702464
1251735377947193344
1251736112449511424
1251736919110586369
1251737092360732673
1251737876632494080
1251739687552643074
1251740462874071043
1251740602032676865
1251740741640040448
1251741430998921216
1251741451878187008
1251743086872596482
1251746249147105281
1251746331145711623
1251746637757759489
1251747845939453952
1251747877921206273
1251747944778231809
1251747958464417792
1251748061539377155
1251748114362400768
1251748136743247875
1251748370898706433
1251748379572400128
1251748568357994497
1251748629368299520
1251748720489771008
1251748773358964748
1251748810684055559
1251750216786722817
1251750369291497472
1251750415894343681
1251750427877535745
1251751907401650177
1251751922299817984
1251755697382936577
1251757393966297088
1251758616723456001
1251759281667338240
1251760394625937409
1251761225626681344
1251761462529478656
1251761499858784256
1251762227348152321
1251762275108761600
1251762444902555649
1251762672858566662
1251762680161095680
1251762926375100419
1251763364042354688
1251763434720501762
1251763835150782464
1251764195013603328
1251765995095687169
1251767829344382977
1251768449124012032
1251769865771368448
1251770068654002176
1251770823980888069
1251771745565986816
1251772572338999298
1251772666949906434
1251772790165864450
1251773275459465216
1251773281583222784
1251774195131805698
1251774395355475969
1251774447826219008
1251774809052024832
1251775769920995329
1251778394913533952
1251778494721167361
1251778553936478214
1251778676213121024
1251778856106684418
1251779382005334016
1251780636119105536
1251781287297331201
1251781674091704326
1251781819042758656
1251782803483774978
1251784051867844608
1251784614122848256
1251784661426155521
1251784970869321736
1251785072849686528
1251785162209329161
1251785712023883776
1251785743174733824
1251785929708105734
1251785958422220800
1251786163666538496
1251788610317107202
1251788921823883269
1251794224892133376
1251796935935029250
1251797104231514113
1251797567970541568
1251798651111976960
1251799166868742145
1251801075721605122
1251801400004292609
1251802524006268934
1251805483234742272
1251805528273170432
1251806446246912001
1251808527598989312
1251812195685498880
1251813017068670977
1251813038153502720
1251817561685196807
1251817725434818560
1251817870499000320
1251817886768926720
1251818244320530433
1251818451028586501
1251818952730177537
1251819087472340992
1251819522018902022
1251820152477437954
1251820245498486785
1251820483340668928
1251820575976275973
1251820936376049664
1251820941002317825
1251821187262341120
1251821286629822464
1251822211402514432
1251822598574538752
1251823582944137217
1251824972072435712
1251825293632966657
1251825367658070016
1251825715974037506
1251829021836406784
1251830514320891906
1251830804960825344
1251830951828754432
1251831104526483456
1251831212152324097
1251831486514294784
1251831566344564742
1251831651379929090
1251831699643813888
1251831832003428352
1251832104041644032
1251832123876683776
1251832136782491648
1251832305347428357
1251832390579716096
1251832497555550213
1251832810895224836
1251832864372482049
1251832974003318790
1251833241629159426
1251833341323759616
1251833496596705283
1251833717187702787
1251833876470812674
1251834023883702272
1251834185809092608
1251834487752650753
1251834531079806977
1251834660591742976
1251834804145807360
1251834860282490881
1251834875943870464
1251834980256235525
1251835383576313858
1251835501268529152
1251836063208796161
1251836380415582208
1251836782607392769
1251836786499878913
1251836920059113474
1251837850678591488
1251838259744985089
1251839710269509633
1251839710995111936
1251839833615589376
1251840394607972352
1251840673990361088
1251840800624967680
1251842677332721664
1251843291378708480
1251843365727019009
1251844129081851905
1251848830502436865
1251849603579645954
1251849967209189376
1251850029410615298
1251850088965529600
1251850107437428741
1251850366821564416
1251850532228083712
1251850567921655808
1251850590461837313
1251851470594547712
1251852722229280771
1251853199637647361
1251854232501788672
1251854416652627968
1251854770047987714
1251855073237319680
1251855251616837633
1251855776567578624
1251855938757234688
1251856762522734595
1251857463449534465
1251858796735070210
1251859081058332673
1251861793930166280
1251863386880532483
1251864587688910848
1251865004686573575
1251865349621862400
1251865920785522688
1251867666161123328
1251867995934093318
1251868868521279494
1251869911934214146
1251870276964495360
1251870670029500418
1251870895116673030
1251873387149836289
1251875237819346944
1251876510165762049
1251876727879393281
1251877001440505858
1251877667663761410
1251878940760616960
1251881401449713664
1251881521457311746
1251882110580744192
1251884384443080707
1251884821804126209
1251885064524165121
1251885381735403523
1251888971895930882
1251890160297553920
1251890669343277056
1251891097086783497
1251891343506448384
1251891553380888576
1251894054025035776
1251894457684746240
1251894465251250176
1251894797385654274
1251894824384581632
1251897463419502594
1251899386394587137
1251900389500338176
1251902327176323073
1251903013683294209
1251903127017553921
1251903670091788288
1251903735296598017
1251905214908694530
1251905573513072641
1251906142915170307
1251906200888885249
1251906212075114503
1251906967133655043
1251907092346257408
1251907453437931522
1251907817176522753
1251910346597699585
1251910770532769793
1251911597154611206
1251911661839097859
1251911753627324416
1251912579410165763
1251913964960854018
1251916152944484353
1251916432436330497
1251916486534410240
1251917009983602690
1251917080896495616
1251918085008830475
1251918213589303296
1251920485417271297
1251922754799980545
1251924031311355905
1251925673662222336
1251926305248960512
1251929016988250112
1251929286057000966
1251929852439154688
1251934308786335744
1251934892897656833
1251936422388543490
1251938062780817408
1251941927638966272
1251945254590181376
1251950160030162946
1251959942531203074
1251969392918892546
1251981651372118016
1251993215252566016
1252001768327839747
1252077766498902017
1252092495569223683
1252092501965582337
1252092505409159169
1252092514460368897
1252093213663518725
1252093261298237443
1252093267690299392
1252102809207488513
1252103199122690048
1252135174214737921
1252163098779279361
1252181391367962625
1252212331716784128
1252216680266129408
1252216923284074497
1252249284466089984
1252260947810549761
1252818795946668032
1253156939053195264
