id
1254579955725303816
1254580459096272903
1254590665230561281
1254590789100830721
1254591196816723968
1254592080048992258
1254592341593161729
1254593277774315521
1254593527779954688
1254594312878292995
1254594830719647744
1254594987548803074
1254595406094389248
1254596249006878722
1254596568809865217
1254596969143640064
1254597019722821632
1254597321930743808
1254597345095725056
1254597467007520774
1254597857736343554
1254597998522314752
1254598159923392515
1254598989074358274
1254607181795618822
1254607191849476097
1254607208060317696
1254607510218170373
1254608832489275393
1254609288833781762
1254609550398894082
1254609742325936129
1254609862237065218
1254611048268738561
1254612862955220992
1254613651895377920
1254613758892101634
1254613949905080322
1254614096189816833
1254614358279274496
1254614387656138753
1254614596180008961
1254614669907472384
1254614841303629824
1254614841685422081
1254615397942169601
1254615555794845698
1254615828294709249
1254615833009160194
1254616111988928517
1254616491133145091
1254617649566355458
1254617853895929856
1254618068199837697
1254618306729795584
1254618480009248769
1254619606720929792
1254619820399755269
1254619844475052032
1254619871591071744
1254620119411470336
1254620177246777344
1254620340711337984
1254620684342317056
1254621002685796352
1254622999950422018
1254623027439890432
1254623293715480578
1254624476332847105
1254624578858409985
1254626130012897281
1254626309461798914
1254626868768026624
1254627443173810176
1254627526015479810
1254627546844577795
1254627575495823360
1254627788348223489
1254627864886030336
1254628540751835136
1254628622490615808
1254628658355957760
1254628939261247488
1254629030936170496
1254629060472451072
1254631036337532929
1254631448528723970
1254631558125883395
1254632894540075008
1254633500277424129
1254633532040916992
1254633592183021569
1254633713759027200
1254633743245103109
1254633777646784512
1254633809938702337
1254633840490012677
1254634070744674308
1254634099182129152
1254634157021503490
1254634169466003458
1254634186369126407
1254634197198798853
1254634208951177217
1254634222578536450
1254634249790951429
1254635550918598656
1254638374155104256
1254638869326200834
1254638897067429888
1254639080475934721
1254639128261603329
1254640294408212480
1254640340201615362
1254640589074825216
1254640853743734784
1254640860756611072
1254642125301526529
1254642625442791425
1254643718075842561
1254644416230219776
1254644491925049346
1254644542856286208
1254644794996822020
1254645184807219202
1254647666421587968
1254647932478877698
1254648764062728193
1254648845469966341
1254650098182569984
1254651679246614528
1254653992187109376
1254654506421420032
1254658291189329921
1254658356394053632
1254658464606912512
1254658540033187845
1254659220831645698
1254659267719827456
1254659282244718593
1254659620301406208
1254660123227815937
1254660650892062720
1254661663044841472
1254661890120318982
1254662069804314626
1254665001404522496
1254665845810364416
1254665871068246017
1254666419381448704
1254666674143444997
1254666763792351237
1254666921422794752
1254667026796351489
1254667029476372480
1254667093653417985
1254667139350315008
1254667350617362432
1254667412772777985
1254667433383788544
1254667612195295232
1254667635200950272
1254667649746743297
1254667868475494400
1254668493682642944
1254668782796263430
1254668915491340288
1254668927873015808
1254669284711825408
1254669285529718786
1254669295621156866
1254669447555506176
1254669957297852416
1254670355165134849
1254670448006234113
1254670509708644352
1254671202204803072
1254671404907352064
1254672089027493890
1254673536175575040
1254673961427841030
1254674244308553728
1254674358271762432
1254674680599863298
1254674700481056768
1254674781946867713
1254674837173424128
1254674876792598528
1254675316150280198
1254675364347023361
1254675538855116802
1254675987100385280
1254675991391203329
1254676727608930304
1254676793514053632
1254676832454094848
1254677197748465664
1254677259576700928
1254677713731727360
1254680001267429376
1254680730749169665
1254681007254536193
1254684613743525888
1254684930895904768
1254686701294780416
1254686879179345920
1254687123048824834
1254688272091095040
1254688611603058688
1254688712874582017
1254689387612377094
1254689484911886336
1254689533574012929
1254689707751079937
1254691059562459136
1254691334306349056
1254691459070152705
1254691526988443649
1254691592016977920
1254691914865160194
1254692091688517632
1254692480035020807
1254692679310442499
1254693053287153664
1254694115884892160
1254694142451552256
1254694551035363328
1254694681763631104
1254694948647174145
1254695051097108480
1254695782751535106
1254695873570902017
1254695932651884546
1254696115443773441
1254696279881342976
1254696312232120320
1254696757478424578
1254696791087308801
1254698135823306752
1254699297389641729
1254700366932791296
1254700406300688384
1254700496461410304
1254700512437510144
1254700523787337728
1254700772589211649
1254700835591917571
1254700853170184193
1254700863081328641
1254701819789316096
1254701906657591296
1254702335315644417
1254702611703439360
1254702618955390980
1254702653323558912
1254702792528269313
1254703294137749504
1254704467800281088
1254704765679910917
1254705140159963138
1254705566318026752
1254705651495792640
1254705772417527809
1254705963514257408
1254706822595915776
1254706874555006976
1254706951943909377
1254708792928985088
1254709917258141696
1254710310214283264
1254711374846013441
1254712018868764672
1254712546864574464
1254712851949912065
1254713054190845954
1254713483263913985
1254713571914719233
1254713810025398272
1254714255754047488
1254715384596496384
1254715634925088769
1254717366342017024
1254717566825758720
1254717634911670273
1254718133925031942
1254719189773737984
1254719240365637632
1254719666926153735
1254722744924717061
1254723057958207494
1254723505964249088
1254723739603918851
1254723944411590656
1254724813786173441
1254725407678423041
1254726660332482562
1254726881791954945
1254728044595613696
1254728242755506177
1254728553968611328
1254728682242859009
1254728878339194880
1254729210201071616
1254729282418618368
1254729325502332928
1254729678880862213
1254732242825482241
1254732449239592960
1254732779188817920
1254733391712452609
1254733586835615745
1254734518327619584
1254735678883020801
1254735766351011845
1254737245623341057
1254737927835226113
1254737976233353216
1254741030907322372
1254741058165985280
1254741668999262210
1254741953175904257
1254741966128021505
1254742111468969986
1254742290855231489
1254742891538214912
1254743046241112065
1254743093292777474
1254743178218856451
1254743576891863040
1254743835328090114
1254744044732899329
1254744869291032578
1254745024866074629
1254745055035678720
1254745078410534912
1254745451288502274
1254745689046880258
1254746002030026755
1254746109962043392
1254746644295245826
1254747296748769281
1254747463875002368
1254747963277971456
1254748909186007040
1254749140891824130
1254749516181303296
1254751127280553984
1254751305051996162
1254751462514515968
1254751516897849344
1254752433932247041
1254753487021158409
1254753801895997441
1254754253760917505
1254754316969263104
1254755948477812736
1254757721238155264
1254758186873044993
1254760411276042240
1254761799909404678
1254761902934286338
1254762078625239045
1254762398860206080
1254764099746951168
1254764509996044289
1254765312852951041
1254765544982511616
1254765720337956864
1254766641386119170
1254768655151161350
1254769183310503939
1254769301740851200
1254770241185304578
1254771079182049280
1254771697233739778
1254771997550080008
1254772832006881285
1254773571827585031
1254773971133689856
1254774046945800193
1254774083859832832
1254775096507392003
1254776448927191042
1254776543957487616
1254777082480963592
1254778474503434241
1254779217562136576
1254781619568668676
1254781623783944193
1254783181103874051
1254783257528242178
1254783896744390666
1254785063507521538
1254785315832647681
1254785329925513219
1254785606338482177
1254785645546844160
1254786260561825792
1254786581417738241
1254786796342218755
1254786912906166278
1254787557977554952
1254788316588724227
1254788936804651013
1254790590476062721
1254790708361216000
1254791988903317504
1254794499466891264
1254795449472446465
1254795631085920257
1254796956250992640
1254797784693211137
1254797823570313223
1254798416858673152
1254799451731853312
1254799910290980864
1254802522729897986
1254802527088005120
1254806543444271105
1254806558686543872
1254806699770331136
1254806726953570305
1254807238755180545
1254809280324173825
1254811439761506305
1254811963500245000
1254813327001366529
1254813817973997571
1254814277069766657
1254815168397291522
1254816719245213704
1254816811696062464
1254817522966134784
1254819466996854786
1254819723193221120
1254822096552648704
1254829725907746825
1254832493364035584
1254832968905953282
1254833059377016832
1254834326761623552
1254834389621620741
1254835745174556673
1254841287133605888
1254843157641981953
1254844502289809408
1254847165282869250
1254857416820195328
1254858100923707394
1254858809572356096
1254896339894374402
1254897441934958592
1254936088885571585
1254936405530349568
1254937665616711680
1254938227628298244
1254949125654806528
1254953996692754433
1254966596055052289
1254975694037225473
1254979912429076481
1254987178200850433
1254989278955941889
1254989382857240578
1254989394349559808
1254989464176340999
1254989584678694913
1254991299033411585
1254991368646246402
1254991433444048897
1254991581230350336
1254991681176379393
1254999982739988481
1255015865516515329
1255034387000963072
1255034398740819968
1255040995198033921
1255077992633470976
1255078039978831873
1255079645004861441
1255084017860427788
1255092717887111168
1255093590705016832
1255117447440396288
1255118090842464256
1255118135394308098
1255118210271023104
1255119126198210560
1255119850336391170
1255119898411491328
1255119964341768192
1255183901238218760
1255189046667681792
1255505325895159809
1255505570431406081
1255509918821597188
1255553489419173892
1255642217886085126
1255642365978529793
1255642929659383808
1255644626565730306
1257259305155395585
