id
1246606266085957632
1246620681581645824
1246621500070739969
1246621684842418176
1246621781185581061
1246624054619979783
1246624357377597440
1246624476575326209
1246624984266461184
1246625662116319238
1246625715660795906
1246626035270995968
1246626506010316802
1246628254921797632
1246628455136907269
1246628610984689666
1246628716546949120
1246628835384164353
1246629593429102592
1246631306093420545
1246631637351190530
1246632055804325888
1246635145706299392
1246635221535068160
1246635884654612480
1246635909597900801
1246637161404751872
1246637285874925569
1246637361015844864
1246637376572493824
1246637403705454595
1246637442918019072
1246637519866753025
1246637666986156033
1246639344502202368
1246640603342897154
1246641036761239552
1246642145072578560
1246642361553154048
1246642446882099200
1246643205145153537
1246643905799442433
1246643935067308032
1246644005233819649
1246644100935200768
1246644253322645504
1246644723441266689
1246644921030692865
1246645479762509826
1246645859481047041
1246646278357798915
1246646591357775872
1246646999690006528
1246647021055836161
1246647466394406912
1246647536481267712
1246647622678405121
1246647844129222657
1246648575276093442
1246648967003164672
1246649021336178688
1246649073060311041
1246649298470633474
1246649454016360450
1246649677514039296
1246649679875420160
1246649906858610696
1246650488138932229
1246650870537822208
1246651244547952640
1246651371643760640
1246651760610951169
1246651800674918400
1246651888977637377
1246652655532773377
1246652891978444800
1246652979954016256
1246653410423824384
1246653441423757312
1246653861407772673
1246654924668039168
1246655002409484289
1246656098313965569
1246656480503267332
1246657898005975040
1246658440962818048
1246658443257057280
1246658631350636545
1246658959575932933
1246659122923106312
1246659209749336064
1246659297146257408
1246660066637254657
1246660459656167424
1246661238089592833
1246661264643780608
1246661680299249664
1246661938093981698
1246661972004929541
1246662004439257088
1246662039604322305
1246662680577892352
1246662823591251969
1246663238617403392
1246663393999716352
1246664123649126400
1246665133314543616
1246665372037677056
1246665936548950016
1246666461260574720
1246666570161516550
1246666599676833792
1246667220077309958
1246667522989903872
1246668306502668298
1246668585440698369
1246670517957840896
1246670677022617601
1246670802839146496
1246672269465837568
1246672285647245313
1246672802448420864
1246673460987924480
1246675860142223361
1246676997830410241
1246677144995909632
1246678518802419713
1246679196161589248
1246679780734296064
1246680207341146112
1246680452737290240
1246680567128547328
1246680724700139520
1246680927905841152
1246680952362819584
1246681010659454978
1246681110949408768
1246682222054092800
1246682356578058240
1246682436576006144
1246682489977880576
1246682707532189696
1246687643858907136
1246687851854454785
1246688256386666505
1246689471342333953
1246690608934260738
1246691109255786496
1246691287559860224
1246691536236134400
1246691626606624768
1246692062189109249
1246692410437984256
1246693159150616576
1246694711118577667
1246695073884114947
1246695396488839168
1246695675535831041
1246695692392775681
1246696063282475009
1246696408154927104
1246696435728302081
1246696585792073729
1246696727005908999
1246696790214103040
1246696870597951489
1246696942492499968
1246697007298707456
1246697110981849088
1246697148667723776
1246697194976980992
1246697234919387138
1246697237020729344
1246697250618617856
1246697280389795840
1246697284491833344
1246697312958550016
1246697423772078080
1246697479908651009
1246697846302060545
1246697938211856384
1246698182299406336
1246698346648965121
1246698485027463168
1246698711540887552
1246698950519713794
1246699035471130625
1246699140312006657
1246699263221846016
1246699337016463361
1246699586955051010
1246700625796034560
1246700746852020224
1246700815332470785
1246701003224674304
1246701073328254976
1246701092391374850
1246701097743454208
1246701354271162370
1246701430880079872
1246704122906075136
1246705223994753024
1246705660546424832
1246706434403786752
1246707018074710016
1246707311688560644
1246710088921788416
1246710397865873408
1246710419432984577
1246711500351275008
1246712875743240192
1246712930940395520
1246713075379494912
1246715633242238976
1246715795154980864
1246716707084763137
1246718946461376512
1246719620171497472
1246719708490948608
1246719879824072705
1246720279981613058
1246720563495616512
1246720675743543296
1246720903217475586
1246721201382154241
1246722656830779392
1246723031562510339
1246723123321454594
1246723887158550534
1246724212678520832
1246724300645654530
1246724760832098306
1246725136809488384
1246725409225330688
1246725593107853312
1246725733545697282
1246725820749459456
1246725952308015105
1246725952467423232
1246726065747197953
1246726462012403713
1246726786181771264
1246727054650773504
1246727343403446273
1246727393642860545
1246727567190585344
1246727665077252096
1246727755011461120
1246727780403793920
1246728030648700928
1246728070859337729
1246728078149259264
1246728145799196673
1246728162139967489
1246728548322177029
1246729018319097857
1246729100565209089
1246729522218557441
1246729746630578176
1246729789060182016
1246730633528803328
1246730895400173569
1246731289429827585
1246731463434747904
1246732056148594688
1246732081973071872
1246732637403631621
1246733637011132416
1246733771656687616
1246733862807339008
1246733896093290496
1246733953328771073
1246734068143640576
1246734426295250945
1246734806290817026
1246735037795450880
1246735073317019648
1246735107097939968
1246735283086819330
1246735834344075264
1246737342427058176
1246738096810385409
1246738176342966274
1246738508212887557
1246738744457097216
1246738940700135424
1246739349359562752
1246741522306830336
1246741707095302146
1246741721922154497
1246741872594145286
1246742516876996608
1246742772607934464
1246742849174921216
1246742970503778305
1246743008554303489
1246743075826700288
1246743078502674433
1246743600727285766
1246743615432306690
1246743721397432320
1246743886770233345
1246743910543581190
1246744005305454592
1246744118895632384
1246744414258675712
1246744471812767745
1246744584513884160
1246744938412302337
1246745007932862464
1246745100232753152
1246745573253881861
1246745618749337601
1246745625141506050
1246745627997794304
1246746574845288448
1246746578217357312
1246746590724804610
1246746628347723777
1246746656231624708
1246746704843386883
1246746784711376896
1246746905222295554
1246746978018406400
1246747010784346112
1246747034209505283
1246747066635706368
1246747281157550080
1246748440966475776
1246749326702833666
1246749587135553537
1246749674867847168
1246749690495827968
1246749758841995264
1246750120609079296
1246750175130877952
1246750236971802625
1246751433103269888
1246751571834273792
1246751607745703943
1246751727430311937
1246752868339560451
1246753451716956160
1246753466111815680
1246753763798417409
1246754072427814912
1246754084528373761
1246754122591698944
1246754556316250112
1246754580320227329
1246754709790027777
1246754786755502081
1246755014619459585
1246755426227511297
1246755936695250945
1246756166979522566
1246756511642046466
1246757258840535041
1246758313930264577
1246759351458512897
1246760079015079937
1246760716784119809
1246761335913721861
1246761490629058565
1246761796624474112
1246762142105141255
1246763060943032320
1246765575763681280
1246765596424855552
1246766417891823617
1246766665150291969
1246766816136794113
1246766845102665733
1246767304265752576
1246767392434208768
1246767602581401600
1246767622391099392
1246767913756798977
1246767993209536512
1246768067566170112
1246769537099239424
1246769573791072258
1246770417798266887
1246770427222872064
1246770518113599490
1246770582856724480
1246770653023232000
1246771048923557888
1246771659459063809
1246772615148003328
1246772621389246465
1246772710098612225
1246772827165847553
1246773085413359616
1246773437378392064
1246773636251258880
1246775590566252545
1246775924835495937
1246776182013448193
1246776226087186432
1246776933842477057
1246776976641110016
1246781051147436033
1246781706973122561
1246781937445769218
1246782083231395841
1246782916325036033
1246783235679371265
1246783443507097601
1246784642226638854
1246785083391934464
1246786307281436673
1246786790540763136
1246787481451679744
1246789178446118913
1246789744761155585
1246789777338380290
1246789819742605315
1246790423256780802
1246790478898425856
1246792777192493060
1246792849837805575
1246792855110045699
1246794262563323904
1246794270071115778
1246794800155656194
1246796596504702976
1246797820230692866
1246797826010411008
1246799114886475776
1246799117793103873
1246799122914349057
1246799231165161473
1246799611982831616
1246799925507227649
1246799979298996225
1246800257490374657
1246800423689879555
1246800457185411074
1246800571190906880
1246800578518241281
1246800636152180743
1246801270049914880
1246801721218736131
1246805026120413185
1246805534142910465
1246805892990783488
1246806657813950465
1246806771080900609
1246807249873506305
1246807505126203393
1246808140772978688
1246808555698524160
1246811219144523778
1246812138318020608
1246814074895077382
1246814138766110720
1246814962074308608
1246815297807339520
1246816293015126016
1246817061034029057
1246817148242030593
1246817449221160960
1246817492296560642
1246817503201746945
1246817783544811522
1246817917229871110
1246818078425399296
1246818172960772097
1246818735404380162
1246818754257809408
1246818769948659712
1246818888978853888
1246819944358195200
1246821954864078849
1246822792516911111
1246823123728515072
1246824579869192192
1246824788317765634
1246824834803224583
1246825216568786944
1246825865431756800
1246825931060047874
1246826108965638145
1246826432489086976
1246826927345651712
1246827270863544326
1246827587961122817
1246827623981797377
1246827650372362240
1246827744417075200
1246827818949808128
1246828071405174785
1246828120969117698
1246828189122359297
1246828243769888768
1246828302737633283
1246828322723524608
1246828329115713536
1246828378386096128
1246828460447682561
1246828479062183938
1246828483407253504
1246828510993244160
1246828664957751298
1246828684708732928
1246828758008352768
1246828793441816576
1246828801205522437
1246828829210841090
1246828851533144067
1246828918985781248
1246829151308283904
1246829247651430401
1246829520729935873
1246829724547944449
1246829820572397570
1246830181190270976
1246830316032897024
1246830465496965121
1246830590340419585
1246830637517963264
1246830647181635584
1246831086019047427
1246831702200078342
1246831730117337088
1246831793598160902
1246831829291864064
1246831881712091137
1246831885860229120
1246832342137802752
1246832409066106880
1246832457984294912
1246832591837081600
1246832663765245955
1246832709579747334
1246832722913320961
1246832786930982917
1246832839271694342
1246833075998228486
1246833077327781888
1246833140816941057
1246833218629730305
1246833388285128704
1246833397470646272
1246833406219968519
1246833411815165953
1246833419738181632
1246833476185100288
1246833499685806080
1246834226378313728
1246834256925437953
1246834274394750978
1246834300286201857
1246834364836544518
1246834529693609986
1246834539994980361
1246834998834892801
1246835070544932866
1246835327504764928
1246835356529389568
1246835461471043584
1246835544455131136
1246835715041714179
1246836002045308928
1246836087529459713
1246836186489839617
1246836398407090180
1246836443424514049
1246836547254542336
1246836696278118400
1246836780826910720
1246836855380873217
1246836909659156480
1246837013573013505
1246837057416089600
1246837340787453954
1246837401814630402
1246837942921736195
1246838415997403136
1246838781321216001
1246838813877395456
1246838982303830018
1246839204086079489
1246839888432922624
1246839977574424576
1246840070151131136
1246840261965041664
1246840360828977154
1246840404172877824
1246840623870521344
1246841212104888321
1246841448189685761
1246842062571335685
1246842574402244608
1246843680486567937
1246843861554479106
1246843883776028686
1246844048549261312
1246844075510202369
1246844194255036416
1246844305899008000
1246844878312488963
1246845011653619718
1246845032465715200
1246845540253474816
1246845621690081280
1246846654415659008
1246847129361862657
1246847137138139136
1246847213549961217
1246847647672963079
1246847809967382528
1246848296804474880
1246848774816727040
1246848915376197633
1246849095815196672
1246849290372149248
1246850186271289344
1246850350344101889
1246850911487442947
1246853156169895936
1246853621230137344
1246855125177487362
1246855306623086592
1246858141603475456
1246858162180775936
1246859212904267776
1246859431700082688
1246859536570265600
1246859987529449472
1246860048770519040
1246860609590718464
1246861251390521345
1246861346827718656
1246861904305254401
1246862544326635524
1246863242707648512
1246863780912320512
1246864230785089536
1246864617898266624
1246866939063840769
1246867553168785408
1246867580465213440
1246868054278942720
1246868364523237377
1246870764264886272
1246871093039648768
1246871203412725770
1246871261927469056
1246871331783577600
1246871462201323520
1246871468027170816
1246873194494971904
1246874868257296385
1246876608356474880
1246877381517701120
1246878078187352070
1246882519749816320
1246883051382034432
1246883055957970945
1246889049639403520
1246890935746564097
1246892596401750016
1246956431397367808
1246962131582349313
1246966501820661763
1246967569992450049
1246968471188951040
1246970137262952449
1246973192230416385
1246974926805823488
1246975980964425728
1246977596836859905
1246977894913413120
1246978224929857536
1246979244099432448
1246980650831241216
1246980893371060224
1246982428213690368
1246982556890746881
1246982799631863812
1246982921212157952
1246983623351263232
1246983731845320704
1246984197106831362
1246984205004726272
1246986535632654336
1246986712678465538
1246987163289268224
1246991571549073409
1246991855285223425
1246992170336129024
1246992801188872193
1246993532880957440
1246996166891323398
1246996185115537408
1246996620287389704
1246999272891060226
1247004045606178816
1247005718806319105
1247007995365449728
1247015865087717376
1247016157749506050
1247016407713214465
1247016955610980353
1247017732769320961
1247018168830160896
1247020555087138824
1247021261760262144
1247021342039261184
1247021974439612416
1247031920795381760
1247034503006052352
1247035985470173185
1247039166778499072
1247040984048959488
1247041000138248193
1247041949699211269
1247041952450838528
1247046967408001025
1247051938832637953
1247053702126424064
1247058170108727297
1247062119578611712
1247062603244769284
1247062752692064256
1247063039267889157
1247063509059301376
1247063606111293440
1247064214247575554
1247065785060577280
1247094856238817281
1247096510153662466
1247098562011254785
1247126469437829120
1247129084443774976
1247132097040400384
1247158428851515393
1247179012494872576
1247186846561341440
1247187580308742146
1247188572769120258
1247209398314778624
1247209618813509632
1247225651003883522
1247241721936621568
1247344871771267075
1247413471546732545
1247751469375217672
1247914144117870594
1247914756679188480
1248493919194591232
1252244384948649984
1252619894610329610
