id
1286813811454902273
1286815048153944064
1286835262769827844
1286843136782761996
1286847587660767234
1286855123449282560
1286860127673425922
1286869028422725633
1286875850403545088
1286875916216352768
1286878178875777025
1286879783603888130
1286882693049974787
1286882870896672768
1286883285084364800
1286883424066850817
1286884382645641217
1286884460093411328
1286884581510189056
1286888587934474242
1286888910673465344
1286888913001381888
1286889188416077829
1286891246125035520
1286891361980026880
1286891436970061830
1286891529638944768
1286891706953105410
1286892257841422342
1286892519037566976
1286893555320000512
1286894208092188672
1286896164835676160
1286896736342929409
1286896799840473089
1286899288757489665
1286902326553387008
1286902493595734017
1286902514248376320
1286903681972080640
1286903876826935298
1286905081225519104
1286905580221878273
1286906144938696704
1286907148639907841
1286907411249463296
1286907604241772545
1286908312538296320
1286908515026690048
1286908719301787648
1286909153328484353
1286910209282146306
1286910877732667397
1286911332617396226
1286911445528125441
1286912306027401216
1286914359566962689
1286914764384473088
1286915339259981826
1286915395111268352
1286916413228187648
1286917281847574528
1286917546365652992
1286917714280423425
1286917945860534274
1286918036746899456
1286920365810360320
1286920400044265472
1286921219497955328
1286922590779580417
1286922655732555776
1286923121577132032
1286923851906129920
1286924276650541057
1286924872178905090
1286925434618249218
1286926659795337219
1286927087794872322
1286927173140525057
1286927707574599681
1286928713456799744
1286928716099198976
1286929166047358976
1286929327016349702
1286929425817272320
1286929792571408386
1286931783724830721
1286932028114575361
1286932390284341248
1286932616223035393
1286932891465908225
1286933091672440837
1286933160689729536
1286933868784881665
1286934374001377280
1286934850088439808
1286934863967387648
1286934959014453249
1286935593860071424
1286936024250294272
1286937154497720320
1286937402934734848
1286937965697077261
1286938014954991623
1286938174745391104
1286938537456291841
1286938883431829504
1286939012742156288
1286939714927431680
1286940567654604800
1286940576718426113
1286941223153008642
1286941269806198787
1286941747663327233
1286942601447260161
1286942859694878720
1286943098615062528
1286943208048656384
1286943377007824896
1286943503059243009
1286943929670279169
1286943983579602944
1286945235533168640
1286945798316412929
1286946770828898306
1286946935841132545
1286947073586270211
1286947076102918145
1286947575078289409
1286947647346167809
1286947895040761858
1286948256342323200
1286948258602979329
1286948260922494976
1286948262981795841
1286948264823185415
1286948344930148352
1286950624014274560
1286950846119456768
1286950849999142913
1286950852499054592
1286950874611425280
1286951469015539714
1286951791658180615
1286952016476925957
1286953512354689027
1286953534173347842
1286953857004822528
1286954001146286080
1286954248148856835
1286954326544588800
1286954370341515267
1286954416864669696
1286954570933927936
1286954888841367552
1286955066059096065
1286955335392145409
1286955515780771840
1286955803958812673
1286956987947810816
1286956991349391360
1286957325371285504
1286957429897465856
1286957545727426560
1286957668314353664
1286957799684149250
1286957838837977088
1286958351105110016
1286958564184137728
1286958615258169344
1286958758304849920
1286959278969020416
1286959327547404288
1286959334606372866
1286959376180207616
1286959666581446656
1286959891349987328
1286960115539742720
1286960569858363392
1286960709813837826
1286960813706813440
1286961346807029761
1286961504118616064
1286961711052972032
1286961864874786818
1286961890971836417
1286962157066887169
1286962342891315203
1286963355819925504
1286963510086336513
1286963768518479872
1286963900659900418
1286964393624981504
1286964451154042881
1286964465829842945
1286964480614834176
1286964806591930368
1286964952352329728
1286965086591098882
1286965404171198465
1286965704290381830
1286965775039959040
1286966143903764480
1286966577238355968
1286967759704907776
1286968176069292032
1286968367576997893
1286969949299376129
1286970006111162368
1286970295186849792
1286970369170190336
1286970998940737538
1286971259495088129
1286971425186816001
1286971710214934528
1286972030072520704
1286972238487359489
1286972266174185474
1286972490808532992
1286972657116864512
1286972713232302081
1286972825455165441
1286973657001197568
1286973702849077249
1286974312159772673
1286974346427355142
1286975195916492806
1286975809970941952
1286975893399900161
1286976223898488834
1286976357403066369
1286977038277136385
1286977273040646145
1286977420667518976
1286977497746284544
1286977567631781888
1286977696766070784
1286978222069080064
1286978240641466368
1286978246081478657
1286978269938688002
1286978344551096320
1286978384753377280
1286978465753784320
1286978872731471872
1286979122389016576
1286979386416275458
1286979827585646594
1286980206314618887
1286980332349251584
1286982333032271872
1286982376875155456
1286982447889027072
1286982515706732545
1286982904099278848
1286982980586491904
1286983377749508096
1286985185918177280
1286985340180402176
1286985348510351360
1286985350083153920
1286985351777718278
1286985353493204993
1286985355120566272
1286985356735389696
1286985358358515714
1286985359897907208
1286985361466576897
1286985363077115904
1286985364704563201
1286985366302531584
1286985367862861824
1286985369452457984
1286985371033706497
1286985372736552962
1286985374296940544
1286985375945293824
1286985377555927042
1286985658649763840
1286985680212635649
1286986017321488390
1286986118437756928
1286986822992756737
1286986824603373569
1286986826226565121
1286986827828809736
1286986829431005184
1286987477643862018
1286988048400515072
1286988662090141696
1286989026625490944
1286989355664515073
1286989664839184386
1286990926875942913
1286991421657026565
1286991785898782720
1286992132440383488
1286994644769935361
1286996334633979904
1286996685281996802
1286996807164329986
1286996964970831872
1286998832753135616
1286998951921692672
1286999430760210432
1287000393403203584
1287000489884884992
1287001635399639040
1287001696162455552
1287002169518981120
1287002838875492352
1287002891245387776
1287002982920355840
1287003250147889158
1287003565425340416
1287003751677558784
1287004681793806336
1287004744842526722
1287004868964765697
1287005366094618624
1287005478514499584
1287005925321121795
1287006048327553025
1287006090056609792
1287006754140590082
1287007471920451586
1287007481693175814
1287007800162422784
1287008374018707456
1287008560061149184
1287010464824799232
1287010533925937152
1287010948386099201
1287011436632264704
1287013015758372865
1287013414334799875
1287014308069748737
1287014796345462784
1287014818290040833
1287016471793672192
1287017653568241664
1287018075691323393
1287018095224250372
1287018106066538496
1287021362046001153
1287021767257661440
1287022299863023618
1287026957696356357
1287028232580030466
1287029541563772928
1287031842328190976
1287032264405254145
1287033041848868864
1287034139569459202
1287036282380652545
1287036882514325505
1287037042917089280
1287037155575988226
1287037562108948480
1287037820918468609
1287038076880027650
1287038317649854465
1287039062952509441
1287039259267018752
1287039731579133952
1287039916845731841
1287040269821579265
1287041003006955521
1287041086909808642
1287041553329016834
1287042464877076480
1287043684333215746
1287044108608065538
1287048472277987330
1287048574405050372
1287048903997698048
1287049417183428608
1287050567601332225
1287050678062518273
1287050803140866049
1287050894559703042
1287050943750647808
1287051086801457164
1287051187817259009
1287051507666432000
1287051707902353410
1287052012673269760
1287052230575755265
1287052373706317831
1287052430975406080
1287052621891678208
1287052805983928322
1287053272709124096
1287053588464840705
1287054630027960320
1287055850469756929
1287056024785084416
1287056127935623169
1287056362330095618
1287057078243274753
1287057528820572160
1287059041898962945
1287059439737020419
1287059863554621440
1287059945926598656
1287059996140871680
1287060045369311233
1287060088667201539
1287060136280850432
1287060183659798529
1287060229033795584
1287060304493502466
1287060375058427906
1287060418008154112
1287060464279617536
1287060508844216320
1287060554071322626
1287060599940276226
1287060637689020416
1287060648682229760
1287060681100005378
1287060741464428544
1287060787538919424
1287060823681245184
1287060842954084352
1287060867847200768
1287061291228684288
1287061541649604608
1287061669248528386
1287062065312563200
1287062437250777088
1287062695355863040
1287063496950194176
1287063957820366848
1287066972002365440
1287067288106151938
1287067317017497600
1287067533913268230
1287067550157807617
1287067939267653634
1287068362334404609
1287068372883124226
1287068373633896448
1287068497709862912
1287068879760642048
1287069084723695617
1287069293918785538
1287069487066472448
1287069560684843011
1287069569568387075
1287070047706517507
1287070647550644225
1287071351103250432
1287072309094895619
1287072604029964289
1287074590112587777
1287074907298369539
1287074941142261761
1287075399541895173
1287075563299942400
1287076608956923904
1287076862305406976
1287077720191569927
1287078301383696384
1287078352650678272
1287079680336629760
1287079975598739459
1287080140615200768
1287080740971261955
1287080750571872257
1287081613164195841
1287081781095731201
1287081853682360320
1287082194691858432
1287082300589694982
1287082359595073538
1287083593223806977
1287083672353542145
1287084073878421512
1287084118489128962
1287084962643087363
1287085480262148100
1287085753160421376
1287086419203301376
1287086568520523778
1287089995451453441
1287091415940464640
1287091513214881795
1287095134056861698
1287095177421651969
1287095195356495873
1287095530527563777
1287097598797664256
1287097681698062340
1287097787192971264
1287097791139938309
1287097815806533637
1287100193964466176
1287102558121713664
1287104042842431488
1287104811410874374
1287105500417490944
1287105837383573506
1287107090239152133
1287108372794413056
1287109075998834688
1287111553163104264
1287114555978420225
1287116253187002376
1287116373789941760
1287116817325084680
1287117573184729089
1287118292960849922
1287120670640549889
1287122492138586114
1287122996130467843
1287123867698450435
1287124128890261504
1287124205528584195
1287124435401617412
1287124771130544132
1287125109891891200
1287125134311137280
1287126095909838848
1287126257990328322
1287126847407489024
1287127122838990849
1287133270946111488
1287133921621282821
1287134583172075521
1287135598453633025
1287136561864343552
1287141890526240768
1287149868474146817
1287149979228921856
1287159039810514946
1287162474832199680
1287163173305491458
1287165535713722375
1287167251263692810
1287167367852830720
1287180292013400067
1287185393666928640
1287185547010744320
1287188816931979271
1287188817317900288
1287192669383344128
1287215360287088642
1287231786481745926
1287237195263365123
1287239845060980736
1287240786887745541
1287241808511152128
1287243229725970435
1287244481184575490
1287244711543992321
1287247451817205760
1287253364682743808
1287256514554671105
1287257653090103297
1287257743418634242
1287259562056323072
1287259891292397574
1287277368327970816
1287278818626019328
1287280300054151169
1287283215603060737
1287285017564110848
1287294355598966785
1287309795846950913
1287317562720747521
1287318577482260480
1287325751105134592
1287327388787806208
1287349979313512448
1287353073350909952
1287383355927994372
1287393363419774976
1287395269345239042
1287399139836342274
1287416750296969217
1287447504527785984
1287509073152421888
1287677696521183235
1287690936739401728
1287692955927695360
1287692975640911872
