id
1284658113644298241
1284659545781018624
1284680499131293698
1284684563101384704
1284686115719401472
1284687585667887104
1284689782442950657
1284690387060260864
1284702505063112704
1284703585268269057
1284707189257637888
1284707772853030912
1284707931443929090
1284707949999423488
1284708411679158272
1284710016033992705
1284710825903693824
1284712469882118147
1284713744195399682
1284714584541138944
1284715094534914048
1284715405832065025
1284718825057943552
1284718863658225665
1284721135469293570
1284721193220632577
1284721458095312896
1284721487413481472
1284723486871687180
1284723574998216709
1284727751258316806
1284727996147007508
1284728174580989959
1284728508019879939
1284728876464308225
1284729173605588993
1284729535729143809
1284729683796426753
1284729684781969413
1284730348371349504
1284730382609534978
1284730537110835200
1284731009683148801
1284731085889429510
1284731725566935040
1284731782353563648
1284732047056044032
1284732132728897536
1284732511428452352
1284732834419281920
1284734048473092096
1284734049051914242
1284735061745598464
1284735150954287105
1284735404172808192
1284735571445854208
1284735636939972608
1284735925226999809
1284736306493435905
1284736512618356736
1284736558436962306
1284736572823412738
1284736906660651008
1284736920589864960
1284737007508389891
1284737872579432448
1284738377565245442
1284738499619557377
1284739123706814464
1284739433221193739
1284740187776589825
1284741082710970368
1284741293965443072
1284741532730433536
1284741847554895872
1284741889716105216
1284742173913735169
1284744781772488705
1284744889314488320
1284745767639486464
1284745820491972610
1284745851919884294
1284745856168624128
1284745957121433601
1284746389503737856
1284746556814630913
1284746664000053255
1284747645571993601
1284748266307907584
1284748654616678400
1284748761336557568
1284748775957958656
1284749168175710209
1284749214795399168
1284750591437213709
1284751075631788033
1284751638322970627
1284752241774264328
1284752703000907784
1284753392741445632
1284754910354059266
1284755868781879296
1284756664994988032
1284758825770287105
1284758905168502784
1284759894147637248
1284761062487842816
1284761369586348032
1284762249450659840
1284762754738458625
1284763377374568448
1284764506003038210
1284764718851293184
1284765163074224128
1284766386817060864
1284769507458928642
1284769792357011456
1284770858427392001
1284771603801419776
1284771698106159104
1284771964108906497
1284772884368576512
1284773376435814402
1284773487199092736
1284773618954706944
1284773855693885440
1284774302483656705
1284775211368423425
1284775459566354432
1284775920608464896
1284776214415265793
1284776250318479361
1284776445336784898
1284777162332090369
1284777246893514752
1284777359896387584
1284777844435017728
1284778114577395713
1284778235683889152
1284778670050152448
1284778804817416192
1284778985851953152
1284779018512982022
1284780544669122561
1284782470634799104
1284782975838814209
1284782980087582720
1284783244748165122
1284784397519126528
1284784834049605633
1284787579662065670
1284787786302795777
1284787978297053186
1284788034194608129
1284788330358607873
1284788555856916483
1284788712388333568
1284789213813145600
1284789882137739266
1284789888718700544
1284790353430749185
1284790673963659269
1284792063184244737
1284792713561415681
1284793755791392768
1284794851150696448
1284795024597712897
1284796917382352896
1284798582164348928
1284798996087738369
1284800584021942272
1284801086306553856
1284801222323601408
1284801720137252864
1284803098196795392
1284803161321070592
1284803239989448704
1284803340006817792
1284803652570566656
1284803654604722182
1284803700570107911
1284803920351698944
1284804291300122625
1284804448129298434
1284804605940031488
1284804787335307266
1284804854133805057
1284804854918062084
1284805183516618752
1284805257827094528
1284805510823321602
1284805694454140928
1284805786217185280
1284805968346447874
1284806599475957760
1284806848193888257
1284806902808039424
1284807243746213888
1284807357814497281
1284807503323201536
1284807679047872512
1284808009470943232
1284808159018786818
1284808721915416584
1284808915079901184
1284809118751043584
1284809256445902850
1284809852775268353
1284810063371173894
1284810408201682945
1284811169098801152
1284811450201055232
1284812621800185856
1284812823407652864
1284813579905048576
1284814200611708928
1284814506158444550
1284814529042554880
1284814667609780225
1284816262443474945
1284816528098103297
1284817279449010176
1284817328933416960
1284818070637346817
1284818146415783938
1284818495713300481
1284818834327822343
1284819603185709057
1284819742289793029
1284820286324436992
1284821296329744384
1284822146242543616
1284822371141144577
1284823207778889730
1284823551715889153
1284823615985377280
1284827805457485825
1284829576741429248
1284829849341833216
1284830792309452800
1284830830385418242
1284831011675811841
1284831492011696128
1284832184336093185
1284832536712163334
1284833709355663366
1284834220511199237
1284834669301837835
1284834884561797120
1284834904040144896
1284835969317900289
1284836531086282756
1284836542956089344
1284836969223204865
1284837068636659712
1284838423577202689
1284838602640371721
1284838840859951104
1284839080581369856
1284842353648377856
1284842632229912577
1284843062095564803
1284843072795414533
1284843567517544449
1284844009580625922
1284844365341429761
1284845064796221440
1284847461048229888
1284847479532527617
1284848356016128006
1284848549763653632
1284850481102127105
1284850563465781248
1284850730319388672
1284851332848005120
1284851501106692099
1284852291279949826
1284852589323059207
1284853791884541952
1284856516022075394
1284856813222068231
1284857557132214278
1284858191814307842
1284860296167862272
1284861540403867649
1284861737804627970
1284862495405088773
1284865578726043649
1284866557747900416
1284867244787478534
1284867274252443648
1284868652102299648
1284869448323694597
1284871900972408832
1284872058296504321
1284872643045470209
1284873128510922759
1284873760299003904
1284874900247846912
1284874906757402624
1284875236014465024
1284875584800198656
1284876384616304641
1284877474871091200
1284878061465477120
1284878108982738945
1284878370816262145
1284878431247896576
1284878711347707904
1284879513608949761
1284880428894162944
1284880589640925185
1284880939429044229
1284882303446126602
1284883306123792385
1284883517055414273
1284884528155299840
1284887188304527364
1284888342736384007
1284890729198891008
1284891028038746112
1284891043922681858
1284891975930523650
1284892122148155395
1284892613942874119
1284894369850556416
1284895221109665792
1284895778645831681
1284895961467228162
1284897828456878080
1284898386743889920
1284905056760762368
1284905417592668162
1284909053454495746
1284909465704239104
1284910876961550336
1284911303170174976
1284912242341928967
1284915965050880002
1284916015676129280
1284919952953225216
1284921261529931779
1284921302122401792
1284922994654089216
1284923035879964672
1284923404655702024
1284923833871486976
1284926595803811841
1284929612632530944
1284931413012357120
1284937726861746176
1284937869501632514
1284938725957472263
1284942787553746944
1284946638088409088
1284946655859609605
1284947726384365568
1284952399677923336
1284963125759037440
1284964902294233089
1284965205055864832
1284965472874704899
1284965962698182657
1284967672447488008
1284969613747462147
1284970886429380608
1284978438525407232
1284994411538141186
1285031925678084096
1285042855229059072
1285044193799344129
1285053869622546433
1285075326524104705
1285088454590771201
1285114889909002241
1285124666059706368
1285165201042608129
1285201024421171200
1285217514826469376
1285252130299875330
1286084412493398022
1286161821825630208
1286493385101053952
1286556552590237701
1287951520693133313
1289110450450440193
