id
1288625862783500289
1288629969942347777
1288634592086446080
1288651230177361922
1288656234866827264
1288665317972029445
1288677156378173449
1288677234434166785
1288677305762680833
1288679031882297344
1288679459298725888
1288679655520706567
1288679722227044353
1288679735879327745
1288679860467109888
1288680654087962626
1288680689290838018
1288680758496780288
1288680968585449474
1288681031705530368
1288682469764419586
1288682536458022912
1288682735385575424
1288682858651975681
1288685857726181378
1288686213524750336
1288688866195656704
1288689914695966722
1288689992458366977
1288692798254972929
1288692882396844033
1288693004614668289
1288693126098374656
1288693167815036928
1288693208617226240
1288693787934433280
1288694481575976960
1288694558704963584
1288695019600216064
1288695042656403456
1288695092140703747
1288695171119448065
1288695306847244289
1288695811019350016
1288696210677792768
1288696229833183237
1288696780604014597
1288697145147764737
1288698044951789568
1288698108197699584
1288698358299791361
1288698592136294401
1288699442678439941
1288699566850744320
1288699703270477824
1288699785696940034
1288699843335131136
1288700060591697920
1288700276363362305
1288700850995511297
1288701101785485314
1288701172954599424
1288701494292877312
1288701652980072448
1288701747276517377
1288701770995322880
1288702040458375169
1288703028984414211
1288703473043877888
1288704155486507010
1288704222767218688
1288704242279165952
1288704257814925318
1288704727153291265
1288704961749057536
1288705280969191424
1288707269144846339
1288707331988037632
1288707679817474048
1288708663516049409
1288709127741603840
1288710922501070854
1288712015444430848
1288712273041784833
1288712278909562881
1288712505649504258
1288712598846943232
1288712718493593601
1288712874425188353
1288713175001640960
1288713567664037888
1288713622986936321
1288713628133269504
1288713895570477062
1288713898338770944
1288714428117135361
1288714924726743040
1288714950198796290
1288715256546590720
1288715277757284354
1288715651155210240
1288716003745107968
1288716105608048640
1288716236122193921
1288716790546280454
1288716966367318018
1288717084269129729
1288718345093566469
1288719046742081536
1288719304289116160
1288719306516201473
1288719308756062210
1288719310525997056
1288720848665423872
1288721306180034561
1288721702713729025
1288721757071974400
1288721769310887937
1288721959711174656
1288721998236004353
1288722030649466880
1288722400528543745
1288722928448790528
1288722995800944641
1288723518901846018
1288723709293932547
1288724228859035648
1288724851180568576
1288725516359356416
1288726304494432256
1288727214142488576
1288727349513551873
1288727854528724992
1288728074683584512
1288729635568713728
1288729990855630848
1288730212956610561
1288730509162553344
1288731551950405634
1288731662008954880
1288732067442954243
1288733313562226688
1288733786650353664
1288734552077357056
1288734595375128576
1288734660999221248
1288735417353691136
1288735584169504768
1288735804697849856
1288736714543030272
1288737445874405377
1288738034964340736
1288738109866291202
1288738350644461569
1288738750785355776
1288740229856231424
1288740653917245441
1288741202163048448
1288742201971879936
1288744486848405505
1288744595954774017
1288744791782699008
1288745257992101889
1288745947460251648
1288746607467474944
1288746775344537601
1288747126781087746
1288747234234900480
1288747260776525827
1288747625056002048
1288749778101309440
1288750837842534401
1288752037665165313
1288752113036562433
1288752197358952448
1288752470362120192
1288753039034257408
1288753242277425152
1288753251114987520
1288753264482299905
1288753268689174528
1288753271658741761
1288754320268304384
1288754446416203776
1288755588290228225
1288756498177327104
1288758571207987205
1288759319538929664
1288760257385308160
1288761253725315072
1288761587348774912
1288761978765418498
1288762099523608576
1288762297922596864
1288762689972580353
1288763635767050240
1288764017285173248
1288764226497019904
1288765111495208961
1288766233047859200
1288766478792175618
1288766513550434305
1288766916992086016
1288767276498460672
1288767326318473217
1288768779200192512
1288769375751864320
1288771509566279680
1288771824092758016
1288772699809034240
1288773284432150531
1288773421598294017
1288773489579761664
1288774351085613059
1288774984010272768
1288775016692224000
1288776348031430661
1288776589333929990
1288776746632912897
1288778827188113409
1288779163445407744
1288780459405713408
1288780628037644290
1288780874272702465
1288781867425173504
1288783496505372673
1288783522526892032
1288783789108404224
1288784041383206912
1288784285655339008
1288784479285321730
1288785106304409601
1288785988714725378
1288786099159076864
1288786669286699008
1288788965709971456
1288789183721623552
1288789762988560385
1288790227931279367
1288790552683720704
1288791777084932097
1288792261204029441
1288792485666254848
1288792621310251013
1288793700861186049
1288795110117974016
1288797593410166784
1288798475405197314
1288798867597778945
1288798870219128833
1288798872173785100
1288798873960448000
1288799504918097921
1288801364382871552
1288801366496940032
1288801486881738753
1288802255450386432
1288802489261850626
1288802847048577024
1288803103668568064
1288803143128690694
1288803277979746304
1288804414480883714
1288805261960871936
1288805723183472640
1288806081699831810
1288807584212934657
1288807916024324096
1288808440123588610
1288809634933997569
1288810252792729600
1288810712182263810
1288811676792426496
1288813674241626112
1288813899475820546
1288814133731823617
1288814171426037760
1288814260924092419
1288814697547014144
1288814767302418432
1288814931287121921
1288814958181056512
1288815016641257472
1288815053613883392
1288815130394927106
1288815273542377473
1288816140563685381
1288816609088417792
1288817042716594181
1288817074597498881
1288817898497114112
1288817900917317632
1288818011680448514
1288818417458450432
1288819976158281728
1288820121050513408
1288821062768222208
1288821848000483328
1288824172257345537
1288824901378375680
1288826679725449217
1288827071817486336
1288827130504192001
1288827478509854721
1288829015814541312
1288829093010640896
1288829950087376896
1288830369928818689
1288832687810260992
1288833026001117184
1288833056711868416
1288833114563850240
1288835050646179840
1288836925382635522
1288837125648068611
1288840327021957121
1288843811591016450
1288846438970073090
1288847135820177409
1288847279466610689
1288849718085394435
1288849989226168322
1288850142167273473
1288851025445691393
1288852430436864001
1288855315040149505
1288855748584382466
1288855794801356801
1288855848824057856
1288856289012064258
1288856671947599872
1288856689555341312
1288857058465456128
1288857115612897280
1288857352859455488
1288857411089047555
1288857536251088899
1288857560435458049
1288857569163915273
1288857584045379584
1288858212696023040
1288859907006046216
1288860532859195392
1288860617651228673
1288862796688621571
1288862952263688192
1288863619720118273
1288864284722835456
1288865799353044992
1288866470320103425
1288866738130608132
1288867188330422278
1288867820789538816
1288869679935692801
1288869950397054976
1288871796322729984
1288872550253158401
1288872815526137856
1288873665321488391
1288874388390137856
1288874899671482372
1288875014905901056
1288875084124434438
1288875631716061185
1288875980967350278
1288876136735346689
1288877630905819139
1288878351843762179
1288879706859872256
1288879905732796418
1288880608454807559
1288881038975021057
1288881710579552259
1288882019930263554
1288883401945231362
1288883752270204929
1288883812265603074
1288883890468392961
1288884732512440322
1288884745330458624
1288884799428534273
1288884900372918272
1288884920769810435
1288885159857725440
1288886203513745408
1288886760039239681
1288887800662818818
1288888334950043649
1288888826480463874
1288889405248114688
1288889924779991041
1288890368612761600
1288890806179368963
1288891726845935617
1288891865127780352
1288895445117345795
1288896095859494915
1288896190180986882
1288896425032658945
1288896878164217856
1288897438405799940
1288898850036625413
1288899112579080195
1288900695857537024
1288903142940213250
1288904362450989057
1288905164620017667
1288908690062561281
1288909212475686914
1288909442701033473
1288910529923371008
1288910614908338179
1288911133030543360
1288913681556942849
1288913779074510850
1288914523391434753
1288919142251335681
1288920407681032193
1288922925135998977
1288923235585859584
1288924095611121668
1288924491662479364
1288924862216536064
1288925640616550406
1288932988592574471
1288934203665666060
1288934816604459008
1288935648230072320
1288936679785537542
1288938726761136128
1288941568498503680
1288942756249980939
1288944128026435584
1288946937446699008
1288948520494542858
1288949981290717184
1288949991688622081
1288952406097768449
1288952822260793345
1288954733173121026
1288954854912798720
1288957670976782336
1288957780381110278
1288957827499929602
1288958836636884994
1288959064123285504
1288959473806118914
1288959853352763392
1288959931421462529
1288960722982932480
1288963345425539073
1288963511150944256
1288963529349967878
1288964063599513605
1288964208764301312
1288965527885492230
1288969488549982208
1288970646077296640
1288973868015722498
1288975296302133249
1288978769336832007
1288985728530219008
1288988017575768064
1288988707568136192
1288992807928168448
1288998173348900864
1289002348359159820
1289008314446237697
1289016941148098560
1289017649662500864
1289019050966896640
1289028589434937345
1289028684784033792
1289034438714818560
1289043591055265793
1289045198488600577
1289048499670126593
1289049591296323584
1289052498884517888
1289060260515385346
1289065575315013636
1289074655534501888
1289080113867431941
1289085565149814786
1289088109976489985
1289088287697772544
1289088747234103298
1289092363231678464
1289099646191767552
1289104167148179456
1289104372031459328
1289105481814781952
1289109052262424577
1289110103891808257
1289110744210927617
1289111462527610880
1289114746055208961
1289117774284042241
1289125329177583617
1289127636351016960
1289145415410032640
1289151503031132161
1289163047907422211
1289168881303445504
1289174487229853698
1289178153164746752
1289186732395515904
1289187031059316736
1289204406756487169
1289213248890232832
1289214424453005313
1289218110407335937
1289221202746265604
