id
1279203517786398725
1279203582122889217
1279205976198045696
1279206813892820994
1279207454153363456
1279208049639645184
1279209653373677568
1279213334525403138
1279218368461991936
1279230445876633603
1279231424973942785
1279235324661698560
1279237356579520513
1279242629654425601
1279243271458480132
1279243323425935361
1279243435636113409
1279243649704964102
1279243684630986757
1279243723604459520
1279243892202889216
1279244002831859713
1279244169471422465
1279244350124371973
1279244662474182656
1279245107368202240
1279245202688000000
1279245783599067141
1279246073974984705
1279246301499207685
1279246407313043458
1279246727250350080
1279249274660958211
1279250157486276608
1279250338470658048
1279250581308223488
1279251371666157568
1279251465576554498
1279252009833684994
1279253536929452042
1279254271763058688
1279254849494843392
1279255192811311110
1279255407064756224
1279255725966049281
1279256019080790016
1279256605767368704
1279256606065164289
1279256662075826177
1279257917636644864
1279257922829238272
1279258680291135488
1279259222614695936
1279259647497691136
1279259941191254017
1279261023791230980
1279261206348431360
1279261332307619840
1279263143810740224
1279263501782048769
1279264521408970753
1279264646067879936
1279264696495935488
1279264880697077760
1279264929908834305
1279265042689597441
1279265872713076738
1279266105698156545
1279266434544214017
1279266930394836992
1279266997386297355
1279267491429199872
1279267694341169152
1279268534812577792
1279269163018735621
1279269217498431494
1279269892533805057
1279269946371928066
1279270267370569729
1279270639635959808
1279272390212685830
1279272512061411330
1279273098295074820
1279273489464254464
1279274277804453889
1279275338237968385
1279275591519387648
1279276160413818880
1279276511665762304
1279277074570674179
1279277212047421440
1279277785819697153
1279278366890262529
1279278672717975552
1279278765919608833
1279278766687023104
1279278795950657538
1279278827299053569
1279279362467119107
1279279565869928449
1279279568285827074
1279279763836801025
1279280157719777282
1279280356672364544
1279280370811363328
1279280413152808960
1279280453598445568
1279280517343514624
1279280523744104448
1279280568388038656
1279280773925871616
1279280965664346113
1279281111970037762
1279281410881327105
1279281894220169217
1279282346462674947
1279283491675439104
1279283843929976832
1279283992399765504
1279284695423909889
1279284704345194496
1279284795181318149
1279284845244489728
1279286155176038402
1279287171761999872
1279287433184624640
1279287447348670465
1279287691260108800
1279289324262043649
1279289436727959553
1279289662205341701
1279290016137691138
1279290630607450113
1279291959312560128
1279292360527052805
1279293331072311296
1279293696018649089
1279293866147897345
1279293895839494144
1279293995894669314
1279294262547529729
1279294398824660992
1279294982608822277
1279295397291266048
1279295410977325056
1279295469072445446
1279295589667106816
1279295734349611009
1279295764569550848
1279296281144446976
1279296472471621632
1279296526817378304
1279296676772016128
1279296791708446720
1279297493604466688
1279297628287700992
1279297699901321216
1279298235530719238
1279299355439181825
1279299969288151040
1279300375523348480
1279300742982107137
1279301247049150465
1279301374564421634
1279301414829752320
1279301648368754690
1279301745722744832
1279301839477829632
1279302295885316096
1279302490480152576
1279302901714878464
1279303673588350976
1279303796200550400
1279303971849601025
1279304135808921601
1279304183133462529
1279304294093803522
1279304642158047232
1279304648000540672
1279305456050212864
1279307369940430848
1279307840985935873
1279308107118714880
1279308454927183874
1279309271818211329
1279309520599220224
1279309529239433216
1279309690086862848
1279309719497256960
1279310032165916673
1279310078835818496
1279310344154951683
1279310609364979712
1279310631477432321
1279310777149775873
1279310956233883648
1279312316643893248
1279312351397916672
1279312393131220993
1279313938652573696
1279313951449325573
1279314247374254080
1279314766570434560
1279315197673512960
1279315267986821121
1279315283472191489
1279315296306765824
1279315499751559168
1279315601622806529
1279316068599828483
1279316435286863872
1279316484242751488
1279316597857976320
1279317077803831296
1279317115225456640
1279317119801470979
1279317363482144768
1279318007626584064
1279318016006721536
1279318065063354369
1279318081702187008
1279318111188123648
1279318347251777537
1279318449194274818
1279318559575900160
1279318723149602817
1279319109675749381
1279319215837548544
1279319225488850949
1279319334456750081
1279319520184799234
1279320017771757569
1279320023618764800
1279320122407235584
1279320451613933568
1279320692706758656
1279320767646351360
1279320914778349568
1279320965751717893
1279321288327213058
1279321296346677249
1279321421798391809
1279321474231304192
1279321483324645376
1279321486453604352
1279321551708532742
1279321681874563073
1279321758173212674
1279321885801615360
1279321892441260034
1279322154820132865
1279322473373356032
1279322562930016256
1279322658010734592
1279323093958299649
1279323219116412928
1279323728778797056
1279324025404166144
1279324617249820673
1279324818610028545
1279324950684409856
1279324953167486978
1279325512301764608
1279325642044162049
1279325661564407808
1279325896453873664
1279326224595202048
1279326729421668352
1279327388942426113
1279327649849114624
1279327887804510209
1279328030234685440
1279328212758212609
1279328564513435648
1279328736421306368
1279328744612737025
1279330045979328513
1279330214045118469
1279330220714196992
1279330297557942273
1279330498188390400
1279331439729881089
1279331613944528896
1279331862675152896
1279332209783169026
1279332337751412736
1279333018147131392
1279334132699541504
1279334313440555008
1279334811354660864
1279335338402623490
1279335407034011650
1279335928260186112
1279336283660324864
1279336669330567169
1279336682198794245
1279336843482447872
1279337203613732864
1279337220021915648
1279337256428453888
1279337714618454016
1279339033701879808
1279339403966636033
1279339424019550209
1279339476045778945
1279339518991249408
1279339765578584064
1279340396158619648
1279340429058756611
1279341910281392134
1279342223864315904
1279342271754838016
1279342731358330880
1279343744752500737
1279343805347610625
1279343902613536768
1279343983563603968
1279343999107596289
1279346091272679425
1279346355232813057
1279346639262461954
1279346655851151360
1279347311139868672
1279347557320192000
1279348002730192896
1279348067771150337
1279348134225854467
1279348429605548032
1279348500761735168
1279348618537742336
1279348729414406146
1279349989655879681
1279350221374447617
1279350597561573377
1279350624170237953
1279350727253594114
1279350979507478534
1279351510707642368
1279351796868276225
1279352220115283968
1279352630230298625
1279353678772736000
1279353869924020236
1279353985414189056
1279354167463739392
1279354324657803264
1279354855388299265
1279355021994405888
1279355439323525122
1279355518209925120
1279355618420293632
1279355710829219840
1279356168570372096
1279356986707136513
1279357049005105157
1279357123806277632
1279357679379656704
1279357904055910400
1279358038097432578
1279358146507616262
1279358185233625088
1279358407024263168
1279358435025354752
1279358441862160384
1279358538100477952
1279358611194441729
1279358808943407104
1279358920138596353
1279358987134218245
1279359190364979201
1279359322061967368
1279359974695669764
1279360002461962245
1279360064902569984
1279360198524747777
1279360427332440066
1279360471318044673
1279360505606537216
1279360567237541890
1279361287282196480
1279361988376899584
1279362104143892481
1279362179750379521
1279362553727143936
1279362936834842624
1279362969403613185
1279362980895952897
1279363153130856448
1279363164522655745
1279363177868939265
1279363332483551233
1279363366365155328
1279363390071324672
1279363422174543873
1279363451547246597
1279363463676964864
1279363805471019008
1279363847577407489
1279364084530581505
1279364608302682113
1279364617974755328
1279366619345686529
1279366927190802432
1279367342238154758
1279367910998360064
1279367961069920258
1279368015734284288
1279368567973195776
1279368987185483777
1279369224608190464
1279369343286030336
1279369367713730560
1279369388655853570
1279369468599250944
1279370192712282114
1279370927998992387
1279370955001860097
1279371123059195904
1279371338092855297
1279372082258890753
1279372493434892289
1279372771378761728
1279374211765743616
1279374299569090561
1279374559746146306
1279374638406144001
1279374899241463809
1279375459558600705
1279376153489346560
1279377025703325704
1279377630693937152
1279377784767275008
1279377823510286336
1279378209755332608
1279378308833181696
1279379241222561795
1279379255768616960
1279379450182791170
1279380163084660736
1279380475757375489
1279380539733168128
1279380768662401025
1279380957963968512
1279381128814776320
1279381187853799426
1279381344510976000
1279381712494092290
1279382381754044416
1279383351334449152
1279383495429718016
1279383696416653313
1279384287649898496
1279384769630023680
1279384784930824198
1279384877155192833
1279384921040093189
1279384937783844864
1279385027453820930
1279385179614859265
1279385265082118144
1279385275446288389
1279385362394161152
1279385619999928320
1279385673573810177
1279385703730819072
1279385731404894209
1279386101476741120
1279386237946781697
1279386239720882177
1279386767406387201
1279387949923274754
1279387976846508033
1279388076188499970
1279388322905968641
1279388447132790784
1279388519048282124
1279388654704766982
1279388861181952001
1279389282772418561
1279389414439829505
1279390015454404609
1279390048534888449
1279390176733794305
1279390306979512320
1279391175204646912
1279391896675053569
1279392186786693121
1279392244114485248
1279392297629687809
1279392548335816704
1279392611145482243
1279393350739779585
1279393661663555584
1279393880283152384
1279393944426684417
1279394429141495813
1279394441799831552
1279394743730962432
1279394945242148866
1279395113714814977
1279395148619821059
1279395344510484486
1279395393479065601
1279395764570075137
1279395766679805954
1279395913593749504
1279396409549168640
1279396801167208449
1279397045061615616
1279397296774381570
1279397703445811203
1279397712652390406
1279398045461950464
1279398068035731456
1279398084951375872
1279398240312573953
1279398738662998016
1279399958886510592
1279400049068265473
1279400587625410560
1279402046798659586
1279402334263693313
1279402394703593472
1279404796638830594
1279405187090743297
1279405351926935554
1279405635549966343
1279406088748662784
1279406182067851264
1279406407671058432
1279406801855930369
1279407111873708032
1279407168907874310
1279407276382699520
1279407345777475590
1279407387867258881
1279407603567800320
1279408453883170816
1279408600184688643
1279408893832167425
1279408972827590656
1279409415398076417
1279409579089178625
1279409861013487616
1279409994866274305
1279411133892431872
1279413229203177480
1279414661369131012
1279415013342449664
1279416112917200896
1279416454606184448
1279417065141612545
1279418111184306179
1279418248220549122
1279418822219272192
1279420036596273153
1279420058238943233
1279420188434354176
1279420306772418566
1279420528009322496
1279420995443589120
1279421008106135552
1279421751991119872
1279421849122807810
1279422422735818752
1279422899607285762
1279422911368114176
1279424027791110144
1279424195013853186
1279424284386099200
1279424367445884928
1279424749798653953
1279424764529053697
1279424822439804929
1279425196655628297
1279425339576537088
1279425627549040640
1279426697352413184
1279427649924931591
1279427668711219201
1279429312622538753
1279429766592913413
1279430486255902720
1279431287753891840
1279431537298202624
1279432373768278022
1279432411927867392
1279432454562967552
1279432546086989825
1279434290342907909
1279434590885515264
1279434867630133250
1279435384221511682
1279435645233106944
1279435962582470658
1279436088746979328
1279436430780096512
1279436433170796547
1279436435800625154
1279436438053019656
1279437444052647937
1279439095119458304
1279439438775451648
1279440921671741440
1279441085589188609
1279441191956873216
1279441509620822016
1279441629707997184
1279442035464945664
1279442266826784768
1279443919286263813
1279444254612471809
1279444636768100353
1279447149592432641
1279448040902967296
1279448183840612352
1279448333837316096
1279448359053529095
1279448445292621827
1279449302251835393
1279449631479431169
1279449725889138690
1279449912762040320
1279450279252054017
1279451507910414337
1279451694548619265
1279452051211268101
1279452094156558336
1279452136154304515
1279452276638322689
1279452737000869889
1279453570673397763
1279453582530494464
1279453793286062080
1279453828912422912
1279453847652622337
1279453982486925312
1279455443832766466
1279455558442127360
1279458109354913795
1279458222747811840
1279458314628276229
1279459389431255045
1279459617442062344
1279459891539849218
1279459961500655618
1279460137728725001
1279460164190572544
1279460176374964230
1279460289587679234
1279460299297480704
1279460531557072897
1279460740097880064
1279461304214921222
1279461828096032768
1279462865028526080
1279463071937748993
1279463180809502720
1279463198870114304
1279463273310666753
1279463741596274689
1279463872014016514
1279464443785682944
1279465080766242819
1279465969476349957
1279466022391762944
1279466253028122625
1279466359571845121
1279466814104272897
1279467536053133316
1279467540402655233
1279468653445029888
1279468687154712576
1279469492024860678
1279469910045995009
1279470492412411904
1279472257988001793
1279472293320720389
1279473033250516994
1279473161147428864
1279473195960107015
1279473497979445248
1279473504283504642
1279473632683712513
1279473649490239493
1279473750589784064
1279473885700853760
1279473945423474688
1279474169093263360
1279474170749804544
1279474274554777601
1279474300681142272
1279474399184326666
1279474574157967360
1279474598384369664
1279474600229982208
1279474678508269568
1279474758694973440
1279474794342174721
1279474822028943360
1279475014287257600
1279475057312567298
1279475062689509376
1279475279170277378
1279475627029037056
1279475764555943941
1279475787121471488
1279475895321997312
1279476630528892929
1279476989028708352
1279477185049513984
1279477696620363776
1279477779474583554
1279477863880822784
1279478149538033664
1279478368149397504
1279478586680971265
1279478608650788871
1279478612631130112
1279479599785705473
1279480277803454464
1279480503473668096
1279480570473443330
1279480676933345281
1279481592520507396
1279481600380678145
1279482099653849093
1279482115537735680
1279482160823623685
1279482248912347138
1279482269946839040
1279482284832362496
1279482395398471681
1279482397126516737
1279482417540214787
1279482454177431553
1279482553234264064
1279483324025769986
1279484025091035137
1279484252229427206
1279484889419575296
1279485569714868224
1279487115764662272
1279487292323831808
1279488864051236866
1279489218574778369
1279489287063552006
1279489716430049282
1279490633653276673
1279490765966716930
1279490774045020161
1279491092040298503
1279491202014797825
1279491275788619776
1279491704756867072
1279491722859380736
1279492038669541376
1279492675167834113
1279493015141339136
1279494967610806279
1279495034853826560
1279495075030941696
1279495217083756544
1279495381575962626
1279496265512910854
1279496584993087488
1279499247168237568
1279501124131868674
1279501184341086208
1279501272140394498
1279501819409043456
1279502752213655552
1279503215608946690
1279504623825534985
1279505099761606657
1279506727193411585
1279507104768942083
1279507872775393280
1279508056120930305
1279508069131546624
1279508298266542080
1279508496959111168
1279508841009479680
1279510210764247040
1279510230318096384
1279511044956852225
1279511233427898370
1279512824084148224
1279513272610369548
1279513557047091200
1279513558548709377
1279515869463416833
1279516122186944512
1279516337132449801
1279516574920118273
1279517149623656449
1279518439212830720
1279518518891823104
1279520265358237696
1279520861473722374
1279521237769879554
1279522156070789120
1279523413325942785
1279523672806567936
1279524229776637952
1279524422790021123
1279527113033482244
1279527323868581891
1279527826719485955
1279529452075180032
1279532727369375750
1279546456261775360
1279548659013578753
1279555659189694470
1279556334090883072
1279561074262630405
1279564010837340161
1279566011554021384
1279570245775233024
1279570334287609857
1279573758475370498
1279575992282091520
1279579180963901440
1279579832494497793
1279580530607087616
1279587379096031234
1279589507390746624
1279594653105471488
1279594670000156672
1279600169391194112
1279601725318598657
1279604359228198912
1279606958224441344
1279607556961234944
1279612160444899333
1279615172987031553
1279615886568181761
1279616734715142145
1279618036161536001
1279618689457729537
1279620547677208577
1279621847689158656
1279623588820197377
1279625266613104643
1279626494478880769
1279626963766910977
1279630181750071296
1279638913926287360
1279641741310689280
1279642319361376256
1279643603711787012
1279645204182642688
1279648420693762051
1279649556175732736
1279649836648796161
1279655446094254080
1279656071993405446
1279657326304276480
1279658704367947782
1279660285092126720
1279663159188602880
1279666137463209984
1279666647222177795
1279668558792921090
1279669453454704640
1279670121913614336
1279671276307656705
1279671448777392128
1279672774752165888
1279675268731473920
1279677421239832577
1279678963841929220
1279680470591160320
1279681623685050368
1279684452235558912
1279686819194507264
1279690091045191680
1279690545468760066
1279692441948389376
1279694513838186496
1279695072947249152
1279695861254172673
1279697049722564608
1279698755034533888
1279702549117972481
1279705632820457473
1279715733744824320
1279717768611401728
1279718065639501824
1279727334053076997
1279731651006906369
1279733618609356800
1279734245364244480
1279739108013703170
1279744022219837442
1279744649008164865
1279745014059466753
1279745096171139072
1279751247747338240
1279753637418467330
1279769016626810881
1279785825333583873
1279804046724018177
1279807871182651393
1279812663724441603
1279833099048759296
1280013868790681601
1280024155379970048
1280024198233153536
1280031241476202501
1280085484711170048
1280085512326348800
1280090041054826496
1280090069286686720
1280105343125766144
1280187157697658883
1280382497977765889
1280402034689261568
1280482215982497792
1280576046027411461
1280780586907586560
