id
1288996800146345984
1289000158366228481
1289015422918983680
1289016792237715457
1289019323588268032
1289019432967249921
1289019446250569738
1289022253208870912
1289032401071611904
1289033396413399040
1289033730963705858
1289037316540047361
1289037844049047553
1289037924370014210
1289039051715215360
1289040355753635840
1289041028712931329
1289042654911696899
1289042706531065858
1289044441437810689
1289044942317162498
1289045008461389825
1289045425610207242
1289045590278537219
1289046082551517184
1289046175769755651
1289046260624760832
1289047402075131904
1289048138569981958
1289048498462175232
1289048643610312704
1289049809735897094
1289050278315130885
1289051913338716160
1289052010352906240
1289054723723726849
1289056704664018944
1289056730383556609
1289056793172246528
1289059601472802817
1289059793081192448
1289060764377120768
1289062375539257344
1289063115955609601
1289063611294527488
1289064878578302976
1289065112024866817
1289065509284204544
1289065665681391616
1289066279861723137
1289066876375650304
1289067198850510848
1289067627902578688
1289068551014354946
1289069286015881216
1289069298162360321
1289069601947607041
1289069626303840256
1289070212306866176
1289070581237919747
1289071693063954432
1289072551566749697
1289073680488726528
1289073883924926464
1289073900735922178
1289073958827036674
1289073959011586050
1289074004201033729
1289074359227887616
1289074424881315842
1289074787109789697
1289074991452094464
1289075009365966849
1289075556336709633
1289075803091853312
1289075837912977408
1289076027176689669
1289076413870505984
1289077039987818498
1289077256447578112
1289077367290376192
1289077852017754113
1289078056976560128
1289078195707355138
1289078341157261313
1289078402167853056
1289079763420708864
1289079873491873796
1289079970481012737
1289080088194154497
1289080151821750273
1289080277722107905
1289080332529160193
1289080582035705856
1289080727481524225
1289080755675635712
1289081120588533763
1289081405180346369
1289081523640184833
1289081548881317888
1289082843663147013
1289083361735127041
1289083795749167104
1289084624015167491
1289084668990480386
1289084799718584320
1289085090019127296
1289085140224954368
1289085303010070528
1289085449303027714
1289085946802167808
1289086348033433601
1289086350269075456
1289086352185860096
1289087084528099329
1289087220708544514
1289087370847907840
1289087377701343232
1289087764252811264
1289088764359389184
1289088893116186624
1289089776340140035
1289089825258307585
1289089933987270656
1289090194898124800
1289090258748026880
1289091919562317824
1289092158910275586
1289092617318182914
1289092688743149568
1289093439301259265
1289094287993589761
1289094456319389697
1289094491383660544
1289094496102363141
1289094499570982912
1289094893906919426
1289095987223379969
1289096005594394625
1289096179528204288
1289097399735136258
1289097401966436354
1289097463912116224
1289097622704345090
1289098056256958464
1289098093787516928
1289098135365652483
1289098610353856512
1289098676250566657
1289099336882757633
1289100799096901632
1289101927633031168
1289103121344413696
1289103208065818625
1289103559431258112
1289105339749748736
1289105461061603328
1289105499263246336
1289105832374870023
1289106870024777729
1289107487266922496
1289108075203497985
1289108318561107971
1289108976144187392
1289110404141064193
1289110857004310529
1289111284043132930
1289111481234194437
1289112065270001664
1289113213913554950
1289113760536375297
1289116086013747200
1289116182507933700
1289116315786137600
1289116636516102144
1289116755479199744
1289116779055386624
1289117830454161409
1289118090534498306
1289118768493453313
1289119509949931521
1289119627101044736
1289121294194225152
1289121960388173824
1289122629148966912
1289124072161513472
1289124125974368256
1289124516271140865
1289125461600198657
1289126190528241664
1289127410982481922
1289128491087257606
1289130010557788161
1289131712321118208
1289131958207942657
1289134197131677696
1289134843536629761
1289136978940895233
1289137349243179010
1289137886185611265
1289137980070866944
1289138033673961472
1289139760829796353
1289139762901721090
1289139766630506496
1289140011695210496
1289140031987372036
1289140213172895744
1289140351031103493
1289140800991961089
1289141227062022145
1289141250973671425
1289142584259104769
1289143646739206144
1289144482038980614
1289145582167228416
1289146038322954245
1289146408738664448
1289146844371722369
1289147507390517248
1289148162565955584
1289149111183314945
1289149178820665345
1289149205831979008
1289149716123590656
1289149980247314435
1289150136451567616
1289150164645683202
1289150296661168129
1289150596839243776
1289150613691998208
1289150799252250624
1289151345539182592
1289151484874182659
1289151560098840576
1289152258882416641
1289152271746347009
1289152418253434880
1289152657182072832
1289152676547067904
1289152707802984448
1289152754808545280
1289152865269841920
1289153198477807618
1289153472554610689
1289153559192363008
1289153983177777153
1289155175639261193
1289155671892488193
1289155821239037952
1289156355144777730
1289156461512126465
1289157199135150081
1289157658893676547
1289158232259387394
1289158368943210496
1289158466389413888
1289159264628613121
1289159446652837888
1289161080833368064
1289161693608595463
1289161948475449344
1289162313501741056
1289163433175322624
1289163451328126977
1289163551639138304
1289164149365379072
1289164329586229250
1289165810699829248
1289167522026016769
1289171329954902018
1289171531260669953
1289172082178134019
1289172889665642496
1289173044657704960
1289173099301150720
1289173107719065600
1289173186936893441
1289173318008893440
1289173457482129409
1289173506828062721
1289173516848230400
1289173657315549184
1289173678433828866
1289173979916169216
1289174088863236098
1289174369051131904
1289174441105043462
1289174713000837121
1289175052282245121
1289175241923559424
1289175531930279936
1289175669365080065
1289177629971460097
1289177976945270787
1289178043362062337
1289178267077861376
1289178409327763456
1289178610792673283
1289179706932125698
1289180136818925568
1289181627818491904
1289181779925114880
1289182582823964673
1289182957052112897
1289184035214770178
1289185112492347393
1289185254360530945
1289185302997635073
1289185970680717314
1289187808951693312
1289188115668557824
1289188361534607360
1289188639256109056
1289190758919045120
1289192028069195777
1289192945921544195
1289193563834798080
1289194250010124297
1289194394290135047
1289195547786506241
1289195767534686213
1289197721916776450
1289201768115527680
1289204394299256834
1289204686516625408
1289206036037922817
1289206794766520322
1289208023576006657
1289212340429180930
1289212472516210691
1289213293819768832
1289213404754989057
1289214214352113672
1289214540060729349
1289214563733233669
1289215250697293826
1289217982732701696
1289218880502509569
1289219707719913472
1289220137594150912
1289220361243037696
1289220444260667401
1289220546467684358
1289220800227110912
1289220945069002753
1289223787788017664
1289223796113543169
1289224986356363265
1289225398660796417
1289225732460146691
1289226101462462464
1289226506065940481
1289228083803770882
1289228342160322561
1289228635652546563
1289229064847257601
1289229192651915264
1289230554164936704
1289231268920451073
1289231514513764352
1289233081740570625
1289233913626279936
1289234507246100480
1289235484854456320
1289238845901254656
1289238851748106242
1289238895138238465
1289239070837678082
1289239606576189440
1289240052740939777
1289240080188469248
1289240333809664006
1289240383965167616
1289240635371708416
1289241175375794180
1289241510521614338
1289241744270221312
1289242642597937154
1289243275543449600
1289244972533706759
1289244984793686016
1289247377891590147
1289247814493470720
1289248206774317056
1289248267448905728
1289250007200043008
1289251132590764032
1289251324836503557
1289251751644848128
1289251927801249792
1289251998232186880
1289252101130989572
1289252788791255040
1289254007958052865
1289254104384995329
1289254543083986944
1289254626508681216
1289254769140391937
1289256095144464384
1289258065028460544
1289259340017278976
1289260419882708992
1289262954689359877
1289265157038776320
1289265567208050688
1289266086240632832
1289266834995154944
1289267535049711616
1289268982541742081
1289274590510772224
1289274941775388676
1289278302247477248
1289278358954496000
1289279035931938817
1289279821365809153
1289280162505269248
1289280759090393088
1289280888862195712
1289282119076732929
1289282176454860800
1289283424126214144
1289284466829955072
1289289619540807681
1289289661807054850
1289291013895237632
1289293835172851712
1289295234933940224
1289296545863610368
1289300459316842496
1289329501118164992
1289336690914418689
1289338236330885120
1289345095041523717
1289346957618470913
1289348194485379074
1289349738798682112
1289350097516593154
