id
1287188271471235073
1287224491790213126
1287226670961680386
1287228180907122689
1287230905304723457
1287231415055155202
1287235037952385024
1287236952798961665
1287237349701689345
1287238940076851200
1287240445450477570
1287241923346993152
1287243799928942592
1287245888457506817
1287248240262381569
1287248476095623169
1287248818216431619
1287249157812629506
1287251300556693505
1287251396539101184
1287252142047338496
1287252622882340864
1287253384219758598
1287253730245644289
1287254095468929024
1287254125097484288
1287254255490011137
1287254433810853888
1287254503192961025
1287255287980855301
1287255560509960198
1287256554404827136
1287256645114920960
1287256811331035136
1287256960472096768
1287256973596151808
1287257005401530369
1287257012141785089
1287257118173794304
1287257321178124290
1287257972205408258
1287258130431332353
1287258170130403328
1287258848324018176
1287259724136583175
1287259942743871488
1287260517522976770
1287261352181084160
1287261485849358342
1287261717181980672
1287261955774918656
1287263176267046912
1287263476709285888
1287263591058624513
1287263594795630593
1287263957259112449
1287264263439097857
1287264388215439360
1287264404971585537
1287264583326019584
1287264614531596288
1287264651580002305
1287265118229848065
1287265969518317568
1287266363460001792
1287266398293635075
1287266899768815617
1287267990224896002
1287269109944725505
1287271371731546112
1287271629513527297
1287272174131335169
1287272174848532480
1287272361893535744
1287273052489822208
1287273948338511873
1287275735061798918
1287276207885688832
1287277211939213313
1287277798789386240
1287278730004574208
1287280948418154496
1287280975244926976
1287281949787258881
1287281978191024129
1287282544430505989
1287282555566395393
1287282562159845376
1287282583299149824
1287282590882369536
1287282949738520577
1287283036250243072
1287283172154265600
1287283404967497733
1287283560790011906
1287283662145359873
1287283813740163072
1287284145002090498
1287284741574664194
1287289047258288129
1287289327794364416
1287289658150391808
1287290784564355072
1287291672343216133
1287291852589338626
1287291909237604353
1287293277692035074
1287293373574008833
1287296789029294081
1287298616198144000
1287298641967763456
1287299416915877892
1287299832885981184
1287300559532437504
1287300862654676993
1287301488033910791
1287305623042916358
1287309385639788544
1287309495937507328
1287309681938112512
1287309755095166976
1287309896124452865
1287310579133186048
1287311674634985474
1287311697817022464
1287312149933588480
1287312671512104961
1287313817567997952
1287314192043855872
1287315697668947968
1287316250369064961
1287316262008369152
1287316429029683200
1287317446098063360
1287319021574971392
1287319246293233664
1287319479869939712
1287319543002562560
1287319586455588869
1287319675911704577
1287319786914025472
1287320092766855168
1287320809627947008
1287321817099776000
1287322205156773888
1287323378211344384
1287324304821166083
1287325186597953538
1287326796078145540
1287326863879217153
1287327108382031872
1287328438735560705
1287328935768993793
1287331883756527617
1287335138687320064
1287335962851377154
1287336548132954117
1287336931064533000
1287337086819995648
1287337498763550720
1287338196490244096
1287338338702233600
1287338481304379397
1287340298969001984
1287340341088210944
1287341389051723776
1287341661182480384
1287341777180135424
1287342453104795649
1287342602014973954
1287342634554597376
1287342747792310273
1287344438960885762
1287345758996504578
1287346309381468160
1287346356122787842
1287346385508093952
1287346637203857410
1287346791961309184
1287346876937691136
1287347003635068928
1287347062103654400
1287347846669389825
1287348580496347136
1287348824638287873
1287348825854627840
1287348931572137984
1287349213102313472
1287349213282668544
1287349310972100610
1287349804092125184
1287349881594621952
1287351427443064832
1287352498559254528
1287352869214195713
1287353154871451648
1287356598353047552
1287356998938324992
1287357805465415681
1287358344114720769
1287361345113845761
1287361744667586560
1287362224013664256
1287362476334514181
1287362612733370368
1287362678755737600
1287362706039701504
1287362934923055105
1287363020985966593
1287363512566677504
1287363648567074817
1287363794751152129
1287364421610807297
1287364552640696326
1287364755821223937
1287364853930262533
1287365610414931969
1287366451658027008
1287367585965789186
1287368036899487745
1287369551773147146
1287370090095271937
1287370267002626050
1287372136277925889
1287372224496902149
1287372534984450048
1287372981954588672
1287373539331526657
1287373639432667136
1287374141851607043
1287374150621958151
1287374879847833603
1287375004414488576
1287375072974589953
1287375147117289474
1287375220802805761
1287375264490684417
1287375378030493698
1287375476915412992
1287375562537934848
1287375723506937856
1287375869682397185
1287375908177928193
1287376496676536322
1287376503064469504
1287378213023485953
1287378266442084352
1287378942081540105
1287379476033265664
1287380658948657153
1287381534400565248
1287381666416283649
1287381898084462594
1287382112925110277
1287382202649583617
1287383133969690625
1287386249892900866
1287386816287514625
1287387197587496962
1287388090194173954
1287388252811472898
1287388815938609152
1287389037439979522
1287389091311517696
1287389155559972870
1287389392517107713
1287390180538753026
1287390901996859392
1287392040263852034
1287392385723441152
1287392664564961281
1287393136440774657
1287393435591344128
1287394639180451840
1287395019691823111
1287395355794038787
1287396653935276034
1287397302324396035
1287398474959532033
1287399051776815107
1287399753312096258
1287400374861733889
1287402300479352834
1287402315931160576
1287402361795891200
1287402545585913859
1287402876621422603
1287402986222825474
1287403062785605635
1287404128709246976
1287404729014857730
1287405069487439873
1287405773795078144
1287405809656311809
1287405962933018625
1287406068822233095
1287406074174349312
1287406257415114752
1287406377086984193
1287406709917528067
1287406950523822082
1287406974095826944
1287407153980952576
1287407286407835649
1287408413870366721
1287409145709289473
1287409303129935872
1287409448047316994
1287409844023107592
1287410363831586816
1287410581696372738
1287411302156193793
1287411341461008385
1287411708202553347
1287411927199682560
1287412765867507712
1287412798889353217
1287413538332520459
1287414531099172864
1287415485433339904
1287416249241276416
1287417125657698304
1287417293408997383
1287417518336946177
1287418402819256322
1287419082187382784
1287419316103675904
1287420442211278848
1287422089381715969
1287423057666203651
1287423178227187713
1287423185168801793
1287423396867866625
1287423582218465280
1287423604641202178
1287424120809029633
1287424989927485441
1287425414474772480
1287426517627293698
1287426736100192257
1287428381601038337
1287428446747066368
1287428740809711617
1287429388389228546
1287429591020138497
1287429874462883841
1287430302890110978
1287430474306994176
1287430647766810625
1287430741622751234
1287431345623298050
1287432495793950722
1287433559490400256
1287435290701737984
1287435729107406848
1287436597420593153
1287436915034251265
1287437506284261381
1287437555210825734
1287438036805079042
1287440056207257602
1287440922536546305
1287441016690216961
1287441397709180930
1287447595745337344
1287447857390333952
1287447969332105218
1287448014068633600
1287448073107644416
1287451364080181248
1287451550642851840
1287451834433642499
1287452290891177984
1287453561354366985
1287453827256393729
1287454454162378754
1287456012363063299
1287456456380493830
1287456474118213632
1287458760084959232
1287459241469661187
1287459494646210560
1287459946204889088
1287462825003229192
1287462980997840896
1287464880296140803
1287466920028012545
1287468077039390724
1287470792117084161
1287471475503632384
1287471564330536960
1287471597306216450
1287472823443894272
1287474907786416128
1287475445055852544
1287482097796554753
1287482313354498049
1287484869749112834
1287486048466018305
1287486852782608389
1287489749352153088
1287490229306372097
1287490845432840192
1287492481664159744
1287497923815772166
1287502956829450240
1287504329319108608
1287505229941022722
1287511996041232384
1287522629549580288
1287532321357418499
1287532873101312018
1287532914490695680
1287533586590179329
1287543663011287045
1287543665519468546
1287567956554199041
1287572371520413697
1287572830154977280
1287573920263045120
1287577817132273665
1287584455918419970
1287584679332208640
1287588205638844417
1287621420244185089
1287627120789917696
1287637282606858240
1287642340824420353
1287669593310453760
1287670417700859904
1287686101591875584
1287693348753616897
1287697112948510720
1287744025928314880
1287756842635059201
1287772001931862016
1288032335057883136
1288183668360519681
1288318068393795587
