id
1272332672400949248
1272332707830198272
1272332943520755713
1272335447386132481
1272336928310882304
1272337194808537088
1272337419040288768
1272338566727651328
1272339239699542021
1272340655268704256
1272344589077102593
1272346469203275777
1272346623096414214
1272347142229651457
1272347190829015041
1272347464406720513
1272347633785294850
1272348564887347203
1272348782043164673
1272348833784029185
1272349620111159296
1272349669599911946
1272350705307639808
1272350769585373185
1272353936163262466
1272353990743740416
1272354082431225856
1272354433783848960
1272355596788875265
1272355662954024961
1272356285099290625
1272357690925150209
1272357709501743104
1272358909043372032
1272359491376279552
1272359516575657984
1272360333164679168
1272362026623361024
1272363543195561986
1272364275638525954
1272364801541332992
1272365746270531584
1272366683886243840
1272367369160024075
1272368283019165697
1272368333711523841
1272369109754249217
1272369267300851713
1272372103535198210
1272372623205228544
1272374096714588165
1272374231964286976
1272374353359847425
1272376561157586944
1272377111727071232
1272377838579052544
1272379618062827520
1272379713135181825
1272379848229416962
1272380120473333762
1272380245622980608
1272380257992167427
1272380312782168065
1272380647160508419
1272380663086239744
1272381134727286786
1272381221113225216
1272381409122869252
1272382621520064512
1272383988376592384
1272383996291252225
1272384421279068160
1272385543687385088
1272385726915604480
1272386650316800000
1272387044912709632
1272387382000541697
1272387947824738304
1272387997099409410
1272388028883845120
1272389197882707969
1272389736179482624
1272389833294352385
1272390837561724928
1272392563660447746
1272392693604167680
1272393209272922114
1272393553189105664
1272394519757983745
1272394548409298945
1272394647692664832
1272395017152106496
1272395351148781568
1272396009365106688
1272396329478586369
1272397997662326784
1272398136196001793
1272398706889777152
1272400537313402881
1272400816104603648
1272402871531626497
1272402881572823041
1272403014792343552
1272403970154041345
1272404033316126720
1272404605456924672
1272405516468314114
1272405738275721217
1272406003305365505
1272406428804759552
1272407577578463233
1272407972426199040
1272408555287531520
1272408732031258626
1272409165068042240
1272409662197923840
1272410038192050177
1272410440740421633
1272411256738025473
1272411363575336961
1272411400028090376
1272411567842181120
1272411666882326529
1272412459513507840
1272412507857027073
1272413398634917888
1272413527580397569
1272413955336650752
1272414155224436742
1272414287634423808
1272417668830617601
1272419826053439488
1272419966315196416
1272420466519465984
1272422065480429569
1272422709842960384
1272422798301028352
1272423296449933313
1272423485722091527
1272423654920540161
1272424098652708874
1272425336525910016
1272425394533097472
1272426213101801474
1272426454572101632
1272426467964538881
1272427669796253696
1272428040203591687
1272428342348673029
1272428870537535488
1272429032370343938
1272429321592827905
1272429421840879617
1272429874595028993
1272430695013421056
1272431145062330369
1272431445412175872
1272431761541091328
1272432347858612224
1272432373653630976
1272432613567770627
1272433452206313472
1272433501271285760
1272434253553254400
1272434814839222272
1272438289614745601
1272438398892949504
1272439790621741057
1272439836545253376
1272440430500577281
1272440958915719169
1272441039022850049
1272441425129385984
1272441528103796737
1272442705151275008
1272443748018876416
1272444669612314624
1272446434537639938
1272446809642696704
1272447562369253376
1272449382818803714
1272451888265326592
1272453315700248576
1272453854685130752
1272454297721040896
1272456450921529346
1272456559306498049
1272457415493967872
1272457730125516800
1272458134322176001
1272458213993013250
1272458833781116929
1272460612778352640
1272461175427444737
1272461373855772672
1272461512658083840
1272461901310521345
1272463119474982914
1272463672909144064
1272464134559301637
1272465694320242689
1272465773269708801
1272466729558409218
1272467490266853376
1272468879902535680
1272468920184778759
1272469167883472896
1272469559857930240
1272470429349773313
1272470740009283586
1272471552110415873
1272471572876414977
1272471834886172672
1272472992765755393
1272476049343787008
1272477890370658304
1272477916383739904
1272478269175033856
1272478567968866304
1272479002175782916
1272479074305232896
1272479548865536000
1272479736543903744
1272480674105057281
1272482247401242625
1272483237823082502
1272483751860137984
1272483915437993984
1272484308955967488
1272484379588038656
1272484525080064000
1272485195082424320
1272486228357640192
1272486231381663744
1272486313715888130
1272487543724883971
1272487748050411521
1272488420862947331
1272489119159947265
1272489566184718337
1272490180734144513
1272490218273136640
1272490244336648198
1272490519541604352
1272490792972505088
1272491161182187523
1272491651215179776
1272491654042140673
1272491721968857089
1272492277542330368
1272492571130904578
1272492686344364038
1272492803403243528
1272493302093209601
1272493372884672512
1272493389309636613
1272493820966387712
1272493925144489985
1272493939090534402
1272495053315817473
1272496366753771521
1272496606290440192
1272497549446807553
1272498787743748096
1272499102106783744
1272500373413036034
1272501514205093890
1272501747236220928
1272502955430862851
1272503300219236353
1272503636195594240
1272503868761358341
1272504245770649602
1272504859925741574
1272505063181815809
1272505321949286401
1272505400013643778
1272505854848368641
1272506006556286977
1272506291144056833
1272506303479525378
1272506325910593537
1272506338065690625
1272506752802701315
1272506766413176832
1272506779105202176
1272506790480142339
1272506863087583238
1272506921489072130
1272507225383112704
1272508304296562688
1272510090793250817
1272510105234182145
1272510861639204867
1272511556463603715
1272513338031906816
1272513774579093504
1272514115051745281
1272514531294502914
1272514695711395841
1272515551659606017
1272515941281271808
1272516994592628736
1272517826297753601
1272517840529063936
1272518256704712705
1272518756749602816
1272519318320734213
1272519733074509825
1272520368205553668
1272520423813419008
1272520474619269130
1272521726124056581
1272522393949548545
1272522430565801984
1272524636878757888
1272524646664081408
1272524658160676866
1272524770261827591
1272525720938520578
1272526793988341767
1272527310336516103
1272527738990219264
1272528292957114368
1272532932222046211
1272535057085820928
1272535295850770432
1272536082211418113
1272536194056744960
1272537362006859779
1272537624901677058
1272538370669830145
1272538392337592320
1272538656415326210
1272539146280558592
1272539880262754304
1272539952174120961
1272540641830961152
1272543932841209856
1272545649871876103
1272545717333241856
1272546087459487744
1272548149752508418
1272549209049161728
1272549396618506240
1272549676068204544
1272549900736053249
1272549966234267650
1272550330371239938
1272552150489608192
1272552185625055233
1272552507600859137
1272552981087621121
1272553065879531520
1272553537877073926
1272553807201865734
1272553821441454087
1272554118142287873
1272554948052561920
1272556064970588160
1272556181270212608
1272557076619964416
1272557498604625920
1272558547952209920
1272560458889924610
1272560847886389248
1272561800496599042
1272563260332670976
1272563742664867840
1272564793472241664
1272565220318171144
1272566176422350850
1272567694563237893
1272568391572701184
1272569318396448768
1272570233274765313
1272571848664834048
1272574445450694656
1272575305379508224
1272578712349753344
1272580073195888641
1272581331441061891
1272582637475880961
1272587462422835200
1272587574410805253
1272587835569172480
1272590718029070341
1272597221607800832
1272635255443382273
1272718659627016192
1272720619092602880
1272720681780817920
1272726339473178624
1272739358320148480
1272746204330209280
1272755086926606336
1272766207754563585
1272769562094653441
1272788130748174336
1272788191183900672
1272806881023541249
1272817139192225792
1272837474302095365
1272878875979051009
1272894871133659145
1272898304360185859
1272908096550178821
1273150340213374976
1273155589569482753
1273165663394242565
1273170425749610504
1273185272973398017
1273185542436511744
1273544277788749825
1273559212543471616
1273804825646387200
1273805334453325826
1273854808336691201
1273867022472888320
1273926481861726209
1273928610890436609
1273929276245413888
1273959489876582403
1275016817895854080
1275494697826283522
1276035692200513538
