id
1274865539639279616
1274866652270800903
1274871034714472450
1274873994710220800
1274875238895939586
1274875652584484864
1274876963706920962
1274877704441982976
1274881094635016193
1274881379927502849
1274881781448073216
1274882842514714624
1274883177128099840
1274883522218491904
1274883923529609222
1274884746825232384
1274887240376709120
1274887478374133761
1274889874282213377
1274890211621613569
1274890346506276864
1274891986756005893
1274892029563027458
1274892549421846529
1274892694041456641
1274894421557776386
1274895108760940544
1274896510862233600
1274896820989071361
1274899873813299200
1274900743900676096
1274900970271457280
1274901557843128320
1274901807504867328
1274902040259342338
1274902150741516290
1274902302449479680
1274902645107421187
1274903553702674435
1274903569997524993
1274905439373627392
1274906401526042624
1274906593130209280
1274906735619133441
1274908182918266881
1274908852945858562
1274910963750154241
1274911659501383680
1274915080514093056
1274915793579290626
1274916001562284033
1274916573438828545
1274917176713949184
1274917830375256064
1274918074479591426
1274918134231609344
1274918240842420225
1274920096989712385
1274920307715792897
1274920540801650689
1274920712470327297
1274920785149231105
1274922517208027137
1274922925322199041
1274923611170594817
1274924054995103745
1274925897863147520
1274925945787314176
1274926644516421634
1274926654138150914
1274928592636399616
1274928855778656256
1274928931351625731
1274929057180733441
1274929498752868354
1274929624770703361
1274930464764030976
1274930485483847680
1274931556688072706
1274932043336437760
1274932233774592000
1274932587547389953
1274932911284711424
1274933330870296577
1274933883943833601
1274934468793585664
1274934715628187650
1274934807626039296
1274935394061017088
1274936251607474177
1274936417001410562
1274936443216027650
1274936458755706881
1274936680089178112
1274938293335932929
1274938523989073922
1274938569920921601
1274939608099241984
1274939833517871105
1274939865235361793
1274940225555316736
1274940296908828672
1274940471094079489
1274940485392457730
1274940855107727363
1274941142757302272
1274941255940665344
1274942013310242816
1274942309457473539
1274942438763753472
1274943513147215872
1274944224962605057
1274944242431844353
1274944276409929729
1274944339731337216
1274944607231422464
1274944666744401920
1274944678622752769
1274944731919708160
1274945896153665536
1274946319623192576
1274946560279937025
1274946656123760640
1274946877318815744
1274947174627868672
1274947688203608066
1274947703969943552
1274947729790128129
1274948099216076800
1274948163447615488
1274948199233409025
1274949098089508865
1274949121636352004
1274949937973719040
1274951063095795712
1274951761845825542
1274951927218888704
1274952116327444483
1274952166638104576
1274953240983908354
1274956684436201472
1274956718330372096
1274956870831071232
1274957741715369985
1274958394395209729
1274958478662971394
1274959762480746499
1274960274697617409
1274960534320713729
1274960896717021186
1274961361903030277
1274962182808072192
1274962387527860224
1274962786234306560
1274963666677272582
1274963834143301632
1274963963659214848
1274964273437925376
1274966704603488256
1274966756465930240
1274968018137694209
1274968880826290176
1274969238910844928
1274969404099321857
1274969719414513665
1274971353926361092
1274971517336432640
1274971571061309440
1274972141805424640
1274972430797160451
1274972519305547790
1274972999758704640
1274973035380891648
1274973298992922632
1274976830471036928
1274978320392675328
1274979591401033729
1274980683379888128
1274980747514744832
1274980767462854656
1274981095310716931
1274981489696894976
1274981545858617346
1274981633456660480
1274982131790254081
1274983239652761600
1274984072901611530
1274986301205299200
1274987154515456000
1274988180706484225
1274988397447151621
1274988405802151936
1274990157054148608
1274990407529541636
1274990851056209920
1274990967997599750
1274991622481080325
1274991807802138625
1274991915784531968
1274992594955583488
1274993226219323394
1274993360143409152
1274993769775947777
1274994136009957378
1274995256488914946
1274995297991745537
1274995856194691073
1274996118573715458
1274996184944242689
1274997451515064320
1274997634185302016
1274997670113927170
1274998261850320897
1274998432449495040
1274998474413494274
1274999344626728960
1274999858596741121
1275000165984690177
1275000217901821952
1275000585490554880
1275002001705713664
1275002091635748865
1275002287153274886
1275002866042724353
1275002871054917632
1275005024528027650
1275005611831439367
1275007386156056576
1275007934150242304
1275008786910949376
1275008935615840257
1275008971909107713
1275009078448680962
1275009159050584070
1275009292026822656
1275009750178992130
1275009756130762753
1275009991733198848
1275010076529446913
1275011193413877760
1275012148465242112
1275012819054759938
1275013159783264257
1275013665343717377
1275013953987334149
1275014003723386880
1275014072119857152
1275014571602915329
1275016816817889282
1275016924842229760
1275020037128982528
1275020286702673921
1275020860558987264
1275021117703372800
1275021408939229185
1275021719841804291
1275022520169582592
1275022827205177346
1275025217425825792
1275026566007779329
1275027386438840322
1275030542686142464
1275030904159625218
1275030928234954754
1275032500444655616
1275034770020249600
1275034781630164993
1275034799615307777
1275034811300626433
1275034822373552134
1275034833345896448
1275035068541489152
1275035080604258304
1275035106659323904
1275035108429332480
1275035116985708544
1275035128419332096
1275035467944128514
1275037784743358465
1275038091032489984
1275043357753053184
1275043358919065601
1275046410149261315
1275047911831646208
1275048657658601474
1275049045614981120
1275050306271772674
1275050517371052035
1275050590783983619
1275050710778802178
1275050798779559939
1275051423764381696
1275051750773252096
1275052308796076043
1275052337384419328
1275056246752555012
1275057812607889414
1275058072893788161
1275058320190005249
1275058346064666624
1275059058555285504
1275060773031538690
1275062898935517184
1275063122563235841
1275063424309850117
1275064017241796609
1275064521514614785
1275067919198613509
1275068151575633928
1275069257210970120
1275069587436875783
1275069690226683911
1275069936763670539
1275070053755453441
1275070619768385538
1275070873653751809
1275071235781611523
1275071392589901829
1275071710534885384
1275071826553520129
1275072892506484741
1275073386717143041
1275073718247546881
1275073808840314880
1275076945080758273
1275077463312220168
1275080022861074432
1275083420415201281
1275084592781750272
1275085276247982086
1275085574802571265
1275087200661630980
1275087264750514176
1275087634990153729
1275087914515361792
1275088284218089474
1275090543005990917
1275092062430392321
1275094212782915584
1275095806727426048
1275097268463403008
1275097860162215936
1275097944480346113
1275098178434416640
1275099101453934608
1275101700278218753
1275106485815537664
1275110308843941888
1275112567984144387
1275112884150824960
1275113762702282752
1275114065552044033
1275116121419440129
1275116139803062272
1275120670372851712
1275122080908886016
1275122687191314437
1275123429989945345
1275126295706263552
1275128059759169536
1275130407776686080
1275131075321159680
1275146414973050880
1275159880559714305
1275166946514874370
1275205372534349825
1275233606730870790
1275240176793473031
1275261346326577152
1275267906025091072
1275290976353804288
1275298237595783168
1275308775201574915
1275308944009736193
1275309063698395137
1275309180513955841
1275309221832056836
1275309261589893120
1275310575468179456
1275310626701631490
1275310771895820289
1275310871061729282
1275310931036135425
1275311011998789632
1275313979959635968
1275313996908781568
1275314071298961408
1275314088269078528
1275314138101583873
1275314206015754240
1275333641858510848
1275335336659316736
1275340249292406787
1275348338032799744
1275396364713603072
1275498176972120064
1281424264210464768
