id
1267985004245573632
1267991009230647297
1267991572018196481
1267993757841907713
1267994548493410304
1267995066020188161
1267995314859855872
1267995340940038145
1267996765426348033
1267996995475484674
1267998140465963008
1267998409136340992
1267999171467833345
1268002778686779392
1268004676282114048
1268004706699276289
1268009377509699584
1268010951011229697
1268011074852401152
1268011450305560576
1268011453358895104
1268011949054242818
1268012780344369153
1268013069185224705
1268013186051014657
1268014805475975169
1268014921146527744
1268015161823989767
1268015311082516486
1268015352304136192
1268015374190047232
1268017152516165632
1268017514824388608
1268018325096808451
1268019187789688833
1268019466031505411
1268019613696049153
1268021094377639936
1268022725764759552
1268023497969635334
1268024520457113600
1268024718562488321
1268025182972592129
1268025639140855808
1268027184406573057
1268027534630809600
1268028204599533573
1268028725251108865
1268033897641603072
1268035294642630656
1268035612650561537
1268037346324180992
1268039162071887872
1268039427453906944
1268040241413156865
1268040669374734336
1268042537106698241
1268043689936347136
1268043798669484032
1268044416016478208
1268045300628729856
1268045325178036224
1268045747213053952
1268045988423438337
1268047067609350144
1268048484235653122
1268049093978275840
1268050217582108672
1268052287349379072
1268054258164707331
1268054850454974464
1268055247420825600
1268057791274483714
1268059290293526528
1268059776337932288
1268060596399824901
1268062829422108673
1268064906911367169
1268065467219861506
1268067622731436033
1268067760015175682
1268072317910835206
1268072978299990016
1268075111770251264
1268075220092551168
1268075425369997312
1268075812990775296
1268076727076401152
1268079130232291328
1268079309761114112
1268080622892769280
1268080809631641601
1268081262813605888
1268083032449150976
1268083821309685760
1268088406329917440
1268088562341142528
1268088871071281152
1268088953032200194
1268091633792360449
1268091770593636352
1268091916136050689
1268092553481588737
1268092976909021186
1268093362755776512
1268094298936889347
1268094372949528577
1268099646749986816
1268099956516065280
1268101348094021633
1268103041258909701
1268104006653620229
1268104808701005826
1268105316350128128
1268105906664833024
1268107332963012609
1268107396490031105
1268108372404043784
1268109550625808384
1268110128068194304
1268110389608251392
1268110570672328704
1268110575445217280
1268110603136065536
1268110965007998977
1268111610649796609
1268111872957415424
1268112358339039239
1268112921332076544
1268114099960864768
1268115024301576194
1268115547692036096
1268116028279537664
1268116080314118144
1268116172450353152
1268116198438268928
1268116239034904576
1268116372984193024
1268116601972256768
1268116869459980288
1268117795583098881
1268117835592527872
1268118515786997760
1268120345644433410
1268121805459353602
1268121901613772801
1268122224948424709
1268123325735174144
1268123527137263623
1268123873972641792
1268124691438288896
1268126591843856385
1268126627931668480
1268127380679258112
1268128866465247237
1268129374768820224
1268129752168099841
1268131442833281024
1268131510944579585
1268132371930337280
1268132610946949123
1268133280592695296
1268136688930283521
1268137864619069441
1268138435048423427
1268138816423878657
1268138845217775618
1268139265885704195
1268139892380319744
1268139961938665472
1268140767064678401
1268141168736432128
1268141294762639360
1268142293699006471
1268142575665496069
1268142620083027968
1268143806358056961
1268144124227514375
1268144716450656258
1268146331823923201
1268146882838097920
1268147080423489536
1268147787746758661
1268148201833537537
1268148455836315649
1268148590645411843
1268148680714051586
1268149364968566786
1268149554626482176
1268149657802178565
1268149686050803714
1268149996727054339
1268149996982898690
1268150290366128129
1268150372540968962
1268150802218012673
1268153292330119169
1268153661139464192
1268153977306136578
1268154333142454273
1268157013478879234
1268157067304435712
1268157195398471680
1268158630790074370
1268160313242894336
1268160388824133632
1268160515387256832
1268161035263004674
1268161047568936960
1268164793912844288
1268167062079197185
1268167100591267840
1268167465642545153
1268167699181363200
1268167804605263872
1268169047616770049
1268169763622211584
1268169852201517056
1268169874766848001
1268175453002424321
1268176108253569025
1268176505013547008
1268179180992126978
1268179204769828865
1268179324726722561
1268179488875048961
1268179719524175884
1268179744962613249
1268179807470116869
1268179973686214656
1268180143773814785
1268180384249978880
1268180523798667265
1268180908298797056
1268181188360974345
1268181878433091591
1268182240850259969
1268182376678592512
1268182539644133378
1268182599593193472
1268182615997235200
1268183530221105152
1268184262760517633
1268184537672093698
1268184912630341632
1268185097578049536
1268185444891705344
1268185579088252928
1268185636772577280
1268185708872650752
1268185837658877954
1268186252920176641
1268186855557627906
1268187676550676480
1268187969418117121
1268188210498166785
1268188264558706693
1268189509977423873
1268190211550265344
1268190345990291457
1268192353036013568
1268192772512718848
1268193283307499522
1268194234021994496
1268194730891808772
1268195147432579072
1268195423665172480
1268195710895194113
1268195949425262599
1268196229596368903
1268196460107051011
1268196904329834496
1268197086056476672
1268201495905710081
1268202273194127361
1268203642361974784
1268203699035201537
1268204080406691841
1268206063343501313
1268208052093825035
1268208200945479688
1268209623024062466
1268211128259219457
1268212783247585280
1268214234535485440
1268217354929893376
1268217680479182854
1268218779135139840
1268219132358520832
1268219503986397184
1268223636625817600
1268223980260913152
1268224058581270530
1268225178112319490
1268225283393384448
1268225350229614592
1268225750093697030
1268226645128708098
1268227922906673153
1268227930364182533
1268230335294173184
1268230665884938240
1268231201858433024
1268232420916105218
1268232905047683072
1268233778314412032
1268237646184275972
1268240280194396160
1268242404508868608
1268242493935546368
1268251142057795584
1268252147914694656
1268262208611516417
1268266342517358593
1268273736156733441
1268281622027055104
1268287514504310787
1268333746760986624
1268335839559299073
1268336024729423873
1268352673142767619
1268355072876044288
1268358957845757953
1268360757839671296
1268360963989868544
1268364221705867272
1268371329469878273
1268375005210963968
1268382223943819265
1268382347281367040
1268388057201311744
1268395032437944320
1268395955021180930
1268397951451193345
1268400197089947648
1268401135762632704
1268402522974302210
1268402744856948737
1268404425468416000
1268407045822099457
1268413768096153603
1268429111594278915
1268473839601635329
1268499703911464962
1268507383216476162
1268520012861501440
1268520048039092229
1268520050635362304
1268520056180191233
1268556240940085249
1268566754734649344
1268567258676072449
1268587451230101507
1268620877488242689
1268642732865552384
1268739063550369798
1268763086099320832
1268766328904544257
1268768628691709952
1268768653404602368
1268768686531244033
1268768701957865473
1268809733063860226
1268924099763605504
1268967482380955653
1269259565377314823
1269861570252660737
1270006785202626561
1270627354436489216
