id
1267615095246532611
1267621830027735040
1267633056921387008
1267633247590195200
1267634658352566274
1267636024882102273
1267637804294701058
1267637910305509377
1267641397999476738
1267642143327129600
1267643012722470913
1267643962166145025
1267644707254886400
1267646314348609537
1267647092358610945
1267647346151550977
1267647850948657153
1267648677864017921
1267649915964047363
1267650029646307330
1267650783207731200
1267652336932937729
1267652596765913090
1267653076552310785
1267653803467247616
1267654028722241536
1267654540066603009
1267655656183492608
1267656730881650689
1267659482579927042
1267659554927505408
1267659701413691397
1267659705620496384
1267659769537376258
1267659788072243201
1267659932846833664
1267659997930029056
1267660035578105857
1267660085678837761
1267660134542643201
1267661118090162176
1267662255153283073
1267662695353982977
1267662920693035010
1267663001928126464
1267663797491130369
1267664002726813696
1267664548066201602
1267664698234683399
1267664914765791233
1267665657212141568
1267666438023786498
1267666655489822720
1267666839464628224
1267666921853464576
1267667385667817473
1267667779186016263
1267667883980730368
1267668500090441728
1267668623432155137
1267668628230377473
1267668726117281793
1267669198035181570
1267669695357808643
1267669934089388034
1267670009201012738
1267670377276174336
1267670412445376512
1267670672878288896
1267671480826986497
1267671686217732097
1267671830531366912
1267671861795545088
1267671983879147520
1267672179837206529
1267672501661794305
1267672514869805056
1267672571039940608
1267673384143347712
1267673490246660096
1267673695675285505
1267674503636635648
1267674707932790785
1267674906239684608
1267675011084693504
1267675276084867072
1267675278697992193
1267675434080071680
1267675694311473153
1267676064337125376
1267677082433265664
1267677200611864576
1267677249878159362
1267677412847951872
1267677487770804224
1267677510772219911
1267677528845701121
1267677824967729152
1267678309577396224
1267678727388921860
1267678961632292864
1267679249927995393
1267679459106123777
1267679680510914560
1267679680557199361
1267679925248626688
1267680100323078146
1267680113212055552
1267680686640713729
1267680829934727168
1267680937900249088
1267681067391057920
1267681218327281665
1267681310883016704
1267681651854684165
1267681692895985664
1267681708901429249
1267681739482300417
1267681825591353344
1267682262063054848
1267682834677809155
1267683002282319872
1267683008988844032
1267683292817641484
1267683565866594305
1267683595017228289
1267683691460878336
1267683980297621506
1267684170815463424
1267684401959317510
1267684415615889409
1267684472977149955
1267684603562733570
1267684799273144320
1267684849214566400
1267685036842721280
1267685178190618624
1267685187594289152
1267685516670980096
1267685838042923011
1267685853129777153
1267685992237985792
1267686004842008576
1267686155954401280
1267686161088237569
1267686224132575233
1267686426369392646
1267686507919413248
1267686612944723969
1267686864305053697
1267686918944206848
1267686962804199432
1267687632777228288
1267688215332491264
1267688320550617088
1267688351538180097
1267688387776925696
1267688432110915585
1267688587585183744
1267688691733942272
1267689082714390528
1267689096966803457
1267689532834451456
1267689658105937927
1267689937786171394
1267689990236123143
1267690109027131393
1267690111409537026
1267690506022256640
1267690746410184705
1267690961053908992
1267691282421264384
1267691462923300864
1267691479591510017
1267691554698784768
1267691770755727361
1267692123278606336
1267692600615743488
1267693385676025857
1267693451631448065
1267693515233832960
1267693598948175878
1267693823188066304
1267694146510340096
1267694212058759168
1267694263703179264
1267694447187292162
1267694596370444291
1267694711738789889
1267694797034119168
1267694922070663168
1267694969126445056
1267694984813260801
1267695039049654272
1267695323272511488
1267695435658833920
1267695437269438465
1267695719231750144
1267695843278123008
1267695932558249990
1267696009691480065
1267696407424761861
1267696571920945153
1267696868072534016
1267696921570754561
1267696939455283200
1267697434106290177
1267698776766111744
1267699037135765504
1267699039329554433
1267699087358390272
1267699169340391424
1267699208003321858
1267699420436586496
1267699486085660677
1267699555740585984
1267699904282890241
1267700188849729536
1267700246299041792
1267700999298396162
1267701003630985216
1267701782840410114
1267701801265946624
1267701865837363203
1267701897026252810
1267702262463422465
1267702557935190016
1267702709794136068
1267703027567169537
1267703209042337793
1267703250922336257
1267703307465682944
1267703437501829126
1267703454245490688
1267703598458138624
1267703634785075201
1267703710068568066
1267703794730536960
1267704241868754944
1267704280078671872
1267704304040685568
1267704418905944064
1267705074106552321
1267705487581036544
1267705499249545217
1267705698541899776
1267705745996345346
1267705770948177921
1267705794461646851
1267705807195365376
1267706253310152706
1267706340467589121
1267707041570791424
1267707208743243777
1267707483696619521
1267707589967532032
1267708163744165888
1267708336004198401
1267708590950715392
1267708657078280194
1267708661834616832
1267709148210307075
1267709454683791360
1267709967949234176
1267709969173897216
1267710315476770818
1267710673531727872
1267710749880619008
1267711490854801409
1267711775031656453
1267711944879796224
1267712038211424257
1267712117697728512
1267712148664270848
1267712272601960451
1267712312808312832
1267712657219518464
1267712740035985409
1267712741248241666
1267712782146945024
1267713085290274817
1267713086871478277
1267713345462980609
1267713625327833090
1267713720144166913
1267713982481281026
1267714019386949633
1267714211582341120
1267714456244510720
1267714506416779266
1267714577581703173
1267714646787702784
1267714771484196864
1267714883786661888
1267714957212364800
1267715005165629442
1267715187341049861
1267715433550852096
1267715569102405632
1267715668046000128
1267716170762813441
1267716773077377026
1267716827624484864
1267716849434873856
1267716856883757057
1267716914165383168
1267716947724075008
1267717017802596352
1267717186681843713
1267717531185188866
1267717663163158529
1267717780872130560
1267717827554729985
1267717957875937280
1267718396076003329
1267718520764198914
1267718724204802048
1267718791875756032
1267718850998460417
1267718983664439297
1267719043949170689
1267719087087480833
1267719131949744131
1267719359205707776
1267719607663464448
1267719622729572353
1267719788903743488
1267719837910028289
1267720076821553158
1267720330971406336
1267720426710544396
1267720730793443329
1267721102677159937
1267721417287761920
1267721419506487297
1267721432219308036
1267721626428141569
1267721728828063746
1267722619790462976
1267722657723584514
1267722708504031233
1267722981914161154
1267723210277216257
1267723329382699008
1267723426325725184
1267723521637199876
1267723831365550081
1267723839460515840
1267723881315471360
1267724036210962433
1267724108453773314
1267724440034594820
1267724505734090752
1267724653893693440
1267724938250645504
1267724980915187712
1267725067053666304
1267725088830263297
1267725203829927938
1267725293265059840
1267725392913281026
1267725519857963008
1267725536761184256
1267725799114735617
1267725973539246087
1267726000957222913
1267726199872241665
1267726228976517121
1267726356676214791
1267726727847055360
1267727003903356931
1267727470276612097
1267727487490052096
1267727809650159617
1267727823852064769
1267727893972561920
1267727979649499136
1267728188890849280
1267729051537506305
1267729223726313472
1267729325391876100
1267729533433638914
1267729633522249728
1267730019675254784
1267730316397027328
1267730430398050306
1267730560702701570
1267730710602952705
1267730978283368450
1267731113608282112
1267731142721056768
1267731920479117312
1267732403453415425
1267732714653876225
1267733536754118657
1267733573148315649
1267733593167626240
1267733594442616837
1267734337971122176
1267734468799991810
1267734950821933057
1267734981465591808
1267735202048159744
1267735541614690304
1267735675098427393
1267735893499994114
1267736407453233154
1267736623124381697
1267736918290137088
1267737184204992514
1267737197379088390
1267737466036989959
1267737861584850944
1267737892270469121
1267737967663222784
1267737998797369346
1267738023980003330
1267738185540435970
1267738347302084608
1267738593516122112
1267738684989640705
1267738700613648386
1267738744465100800
1267738774928146432
1267738876560490501
1267739091207991297
1267739415914385408
1267739578351456256
1267739792218836992
1267740332940124161
1267740621768441856
1267740669835018241
1267740680794902529
1267740993979207681
1267741257595379712
1267741477398069249
1267741722643034113
1267741931200638976
1267742104102600707
1267742129763373056
1267742179449020420
1267742202098143234
1267742302388105216
1267742342850764802
1267742647701078016
1267743008964960256
1267743448137756672
1267743472674418689
1267743785984778240
1267743894889873408
1267744265343385600
1267744363410423809
1267744483078074369
1267744559561347072
1267744606483079172
1267745170897977345
1267745476062801920
1267745750479405056
1267745752303861760
1267745871313219587
1267745883514458112
1267745969371705344
1267746014489980928
1267746078314491905
1267746160602537986
1267746177010634753
1267746868433321984
1267746878935855104
1267747230502416386
1267747455631794178
1267747645608656897
1267747773497012224
1267747884977524736
1267747913523802113
1267748100946493441
1267748239329001472
1267748277870526465
1267748342244749312
1267748466698129414
1267748547279171586
1267748822366564352
1267748898950373376
1267749021260578816
1267749669632909312
1267749679061766144
1267749708199456769
1267749923354824705
1267749951460835328
1267749966086209541
1267750205568548864
1267750223134298113
1267750225982230528
1267750302134022144
1267750353853792256
1267750588210647041
1267750630078242817
1267750845459750912
1267750890804477954
1267751164600291329
1267751279578673152
1267751698988032003
1267751858602250240
1267752116958814208
1267752212446343168
1267752458618408961
1267752540344471552
1267752584644886528
1267752653922025477
1267752829260726273
1267752987960635392
1267753861391024128
1267754014352891905
1267754029993660416
1267754060179927041
1267754082686472193
1267754430985760769
1267754595121577984
1267754597445021696
1267754802781413376
1267755426604617734
1267756057113227264
1267756788214116352
1267756885307822080
1267757055450009600
1267757105097801728
1267757105769046016
1267757167437910016
1267757202296549376
1267757233582092288
1267757340008296450
1267757476809711619
1267757537249636352
1267757554152570882
1267757570237833218
1267757627536179203
1267757730271571968
1267757928364335105
1267758235294945280
1267758408310153216
1267758687940214786
1267759048688050179
1267759330910179328
1267759423906181120
1267759534275268609
1267760265593942016
1267760791270416391
1267760883536523264
1267760916378116096
1267760938528026624
1267761256339030021
1267761266606723074
1267761566084141056
1267761616302551040
1267762142817644544
1267763863006507008
1267763916974821382
1267763965032984576
1267764638655152134
1267764923855065088
1267765380145188864
1267765836510568449
1267766107835740162
1267766555275919360
1267767083971915776
1267767104037548032
1267767595614105600
1267767610948694022
1267767794365599745
1267767905275523072
1267767993322307584
1267768055607640064
1267768238865182720
1267768352614711298
1267768529098379264
1267768565681143814
1267768586443132930
1267768604906283009
1267768611134898176
1267768686938484737
1267768706102222848
1267768762213646339
1267768831474188289
1267768881596203009
1267768912772505600
1267769005789634561
1267769600856387584
1267769604589355010
1267770006424567808
1267770078679969794
1267770225874759680
1267770350722355200
1267770525721391105
1267770548836171778
1267770733637206016
1267770750481489920
1267770784283611136
1267770825270267905
1267771090836865026
1267771245602451457
1267771345321910273
1267771358760579072
1267771420542525442
1267771820431810560
1267771971363729409
1267772032160346112
1267772324624740352
1267772428018581504
1267772510327599106
1267772512013705217
1267772623280373760
1267772872132452352
1267773161300516864
1267773477039362050
1267773802433228801
1267773889557393414
1267774023359922177
1267774321629335552
1267774412406824960
1267774651674947585
1267774995020873733
1267775031163133952
1267775042630283265
1267775323967381505
1267775557191610371
1267775916169547777
1267776015595638784
1267776079458074625
1267776372698566657
1267776380395192320
1267776431024529414
1267776469071249415
1267776568207663105
1267776641717207040
1267776759728128001
1267776839289909248
1267776855807070208
1267777005145264130
1267777135692873731
1267777336214261761
1267777357114339329
1267777547955138560
1267777738963738624
1267777749890019328
1267777940705570822
1267778196432285696
1267778243878440961
1267778245459685379
1267778828082057216
1267779004213362689
1267779040838062081
1267779267762536448
1267779350683779072
1267779508922433536
1267779604539793409
1267779612538556416
1267779685678641152
1267779696684646401
1267779735678971904
1267779831938215943
1267779905363771394
1267779986594787328
1267780003531350016
1267780044614705158
1267780182716354562
1267780352082239489
1267780500657016832
1267780501500129280
1267780511205699584
1267780706047897608
1267780728772800513
1267780985938042880
1267781065520885761
1267781234240831488
1267781403581706240
1267781404353495042
1267781459521110016
1267781788140630016
1267782062574051328
1267782363418783744
1267782404585988096
1267782631367667713
1267782829108269057
1267782862553505792
1267783463064788992
1267783759681609730
1267783773422223362
1267783893161316352
1267783984496414723
1267784088749961216
1267784305691906048
1267784339904847873
1267784759557709826
1267784878373781505
1267784959239970819
1267785396412248065
1267785490683424770
1267785706891554819
1267785751988592640
1267785836860526592
1267785946289672193
1267786188389142528
1267786738803412992
1267786802418585600
1267787286621503488
1267788000391544837
1267788061917634560
1267788147187806208
1267788444908040193
1267788625174949888
1267788892616318976
1267789011269021696
1267789039848964103
1267789083323052033
1267789196070027270
1267789200365023241
1267789294673907712
1267789357739466754
1267789737869410305
1267790378419335169
1267790419477385219
1267790502197293056
1267790513261821952
1267790569847259139
1267790801628774407
1267790883895689217
1267791291917594624
1267791409576321025
1267791585908940800
1267791667114831872
1267791774048645121
1267791896543453184
1267792030043799553
1267792166841090049
1267792462308761601
1267792558006120448
1267792748750336005
1267792893470740480
1267793005244801024
1267793018783805440
1267793042364182528
1267793324745744384
1267793346174443520
1267793356240887808
1267793649280090118
1267793827668078593
1267793948199641089
1267793989501149184
1267794299133059073
1267794305994948608
1267794529563873282
1267794576535957505
1267794662514778112
1267794854471446535
1267794921106182149
1267795097535553546
1267795149968388104
1267795211490656264
1267795494215933952
1267795591951761411
1267795601351151617
1267795854942863360
1267796100200583169
1267796102637486085
1267796424542076931
1267796496033824768
1267796888536756227
1267797002978357251
1267797253286170628
1267797485520596998
1267797812789620736
1267797821173805056
1267797938857598976
1267798246497419265
1267798282488643585
1267798454123794433
1267798488735199232
1267798811612594177
1267798842457624576
1267799035168976897
1267799266249957377
1267799361544544257
1267799858045468678
1267799926664310787
1267800093039702017
1267800099826122757
1267800104381157377
1267800129182056448
1267800219778834432
1267800309243547649
1267800361173168135
1267800938321899521
1267801591798792193
1267801910834163712
1267801914298601476
1267801921378676736
1267802011833155584
1267802353006260225
1267802378478247937
1267802490193534977
1267802642450956288
1267802788244881414
1267803013269291008
1267803579378806786
1267803602887651328
1267804195299618816
1267804220536881154
1267804273330577408
1267804503446900743
1267804572615168003
1267804738982154242
1267804760008163328
1267804879944404996
1267804910533443586
1267804922596261888
1267805074459365383
1267805131652976641
1267805190842978306
1267805253715582976
1267805285843742724
1267805297717981187
1267805424256004098
1267805721372082178
1267806172125560834
1267806260356804611
1267806307672702978
1267806567015088128
1267806613244530688
1267806683457187840
1267806769570557952
1267807053730287616
1267807170655129600
1267807316482482177
1267807581788975104
1267807597433966592
1267807648616976384
1267807718368313346
1267807749112565760
1267807882449489922
1267808225023361026
1267808228806668289
1267808389771354113
1267808433144643585
1267808938394824704
1267808961849249797
1267809159191224322
1267809184000569344
1267809416545472512
1267809430222942216
1267809569914286082
1267809960538202112
1267810268072964098
1267810867233472513
1267811238798438402
1267811764185387009
1267812279048785922
1267812336271687690
1267812366856536064
1267812469214343170
1267812494585720833
1267812535106863104
1267812600118562816
1267812617503961089
1267812658343899136
1267812712412614656
1267812733975531520
1267812754645069827
1267812791362043906
1267812829609906176
1267812854599544832
1267812912967479299
1267812962925858823
1267813195525193729
1267813228995698690
1267813249786904577
1267813305915068416
1267813458134700038
1267813625470709763
1267813735365836800
1267813743217405957
1267814284890787842
1267814517217431552
1267814558032252932
1267814800681086979
1267815193364402178
1267815578938380289
1267815592192401411
1267815612736135168
1267815661079683072
1267815736447127552
1267815782458646530
1267816031419949057
1267816184273084421
1267816358445637632
1267816420588437504
1267816445280268292
1267816476821426179
1267816568391479296
1267816910130802694
1267817069258485762
1267817125260914694
1267817166625099781
1267817378160578560
1267817390848348165
1267817412843368456
1267817416819478538
1267817572637880324
1267817699477909510
1267817730914177024
1267817856630059009
1267817869150023681
1267817969167396867
1267818123450699776
1267818246469677063
1267818255340589057
1267818510576570368
1267818903838703625
1267819258559344640
1267819626584395776
1267819809560883208
1267819945863208968
1267819977983135748
1267820053707190274
1267820069318389762
1267820124825767938
1267820158480822276
1267820176117907459
1267820200759451650
1267820325825163264
1267820600866639872
1267820691342016516
1267820721251643392
1267820782215782401
1267820882874916871
1267820929612017672
1267821666949672968
1267821903701409794
1267822050673954827
1267822107531988992
1267822237639311361
1267822518250819585
1267822997722677251
1267823060448538624
1267823144619741186
1267823252853800962
1267823499600465921
1267823780077826048
1267823807877668868
1267823830942093312
1267823968859254787
1267824041890439171
1267824081446920196
1267824090011676672
1267824095627890690
1267824218512617472
1267824275630641158
1267824277153185799
1267824336729075712
1267824500000710660
1267824502580211720
1267824548285575168
1267824654112055303
1267824733594124290
1267824869405679618
1267824876900855808
1267824879379730434
1267824973428649985
1267825015556198400
1267825018039185410
1267825023735042048
1267825114634018819
1267825134145921025
1267825194812338181
1267825199212191751
1267825240156954625
1267825401247621120
1267825413473988610
1267825445723967492
1267825581552361478
1267825584148643840
1267825632458600448
1267825650678640642
1267825699303206915
1267825777506004999
1267825858393198597
1267825909228163083
1267825916127789062
1267825945538248717
1267826005437116420
1267826280218554371
1267826291618672642
1267826309310214148
1267826321788289035
1267826375353708548
1267826447567056899
1267826474934923264
1267826496246132740
1267826498959900674
1267826539841765376
1267826631936102403
1267826678048292881
1267826717818621953
1267826898458951680
1267826940821422082
1267827042696916995
1267827046668894209
1267827060946292738
1267827285828046849
1267827338609192960
1267827645602869257
1267827675806097408
1267827712623644675
1267827731640668161
1267827870962876418
1267827874972622848
1267827987337994249
1267827992606019588
1267828257015005189
1267828270369615876
1267828283359428609
1267828288220626944
1267828290779136012
1267828298576302080
1267828309561208835
1267828328594935808
1267828336681615361
1267828348517969923
1267828378670784513
1267828450397585408
1267828544303886337
1267828625190969345
1267828628949090304
1267828730082148353
1267828842770526208
1267828995115999234
1267829013130534914
1267829154797334528
1267829223718191108
1267829264876879877
1267829301434449923
1267829356245598208
1267829429662650375
1267829488223531010
1267829560181002242
1267829586034745345
1267829623762481156
1267829654057975811
1267829658206138378
1267829705262034946
1267829817296121858
1267829820802494470
1267829827953782785
1267829936108089350
1267829945604005888
1267830120405807108
1267830120485552128
1267830247774273546
1267830340631969795
1267830392259620864
1267830393597595648
1267830426652954624
1267830440770990082
1267830451814699008
1267830515605794824
1267830525856604161
1267830547331477504
1267830735278206976
1267830756887461889
1267830768564269057
1267830820439392260
1267830821060136961
1267830918980354048
1267831084017790977
1267831114158096387
1267831261805940739
1267831289215881216
1267831304785035264
1267831305862963201
1267831419373416449
1267831507197890565
1267831560167813121
1267832021277003778
1267832028025651203
1267832131255820288
1267832136096153601
1267832163824631809
1267832271660146688
1267832291662970880
1267832326462902274
1267832344850857985
1267832478204657667
1267832544646426625
1267832553773215746
1267832555396632577
1267832565408436224
1267832572668604416
1267832596257333248
1267832623944081408
1267832658186375170
1267832706496204800
1267833043395305472
1267833060059422721
1267833073971990535
1267833334907854854
1267833426180296705
1267833516336840704
1267833549815758848
1267833636130361344
1267833677930733569
1267833721127763968
1267833807534723072
1267833899469533185
1267833900329558019
1267834012619411458
1267834101274497030
1267834203636293638
1267834636475854848
1267834671229857793
1267834774497918976
1267834801672732672
1267835071341289472
1267835112768626690
1267835136827183105
1267835150739689472
1267835168141783042
1267835184038260737
1267835196956708866
1267835197145432064
1267835223762505728
1267835239843467265
1267835246596091906
1267835265827160066
1267835277973884929
1267835319036137473
1267835323330985984
1267835326678138881
1267835345716084738
1267835360832376833
1267835410408931330
1267835429916741632
1267835442344443911
1267835500099969024
1267835508140449795
1267835532891033601
1267835537915699204
1267835571554091009
1267835610359902210
1267835644677505025
1267835679704260612
1267835682367705089
1267835725665366017
1267835750688657410
1267835751200428033
1267835760205606920
1267835768187150336
1267835776357801985
1267835787384520709
1267835789360205826
1267835821157203968
1267835883140464642
1267835897942163459
1267835938710880257
1267835954712186880
1267835984990724098
1267836100502061059
1267836107548495876
1267836118193635330
1267836135021015040
1267836135054557184
1267836159297835009
1267836213572112386
1267836246975545346
1267836282648100867
1267836286594953217
1267836298041180167
1267836315720019968
1267836321411641345
1267836344912482305
1267836344920944640
1267836362406785026
1267836374809481219
1267836382875021312
1267836420728614912
1267836437615034371
1267836559245492224
1267836614652411905
1267836728204824580
1267836835486748676
1267837010749935616
1267837031381696512
1267837089107894272
1267837146582278144
1267837167641870337
1267837217344380928
1267837278904373253
1267837301289373696
1267837366523367425
1267837376719728641
1267837531174973441
1267837532085026820
1267837538464600065
1267837559423373317
1267837576439672833
1267837657826148360
1267837701388152833
1267837819604684800
1267837907051712512
1267837914706087938
1267838026228609024
1267838083388641282
1267838098869714944
1267838099054161920
1267838266796945409
1267838271427469314
1267838297751027713
1267838315358646272
1267838403703267329
1267838440382570500
1267838462360612864
1267838490898608129
1267838540433457152
1267838574805815296
1267838752463953921
1267838810202664967
1267839024640724995
1267839156379463682
1267839210729414657
1267839219000651776
1267839295710130176
1267839355705417728
1267839379193630721
1267839418150326273
1267839424571768832
1267839436441694208
1267839444985409536
1267839449276317701
1267839463025147905
1267839473305387015
1267839483451518978
1267839497221410822
1267839816286134272
1267839968891658241
1267840023220682752
1267840086281986052
1267840097770024962
1267840219497168902
1267840245321601024
1267840330604466180
1267840443825434625
1267840466596347906
1267840481083473922
1267840578802323458
1267840664055799812
1267840761900306439
1267840802652164097
1267841044000804864
1267841258799628289
1267841289455906816
1267841422616481793
1267841435887263744
1267841450642862080
1267841553248194560
1267841721263677443
1267841757657489408
1267841776552833025
1267841802058584066
1267842038940291073
1267842144460472328
1267842160730222592
1267842184994263045
1267842282125955079
1267842376392998913
1267842409934848000
1267842468738932737
1267842610871271429
1267842634422329347
1267842679997530112
1267842760645636096
1267842809345847303
1267842958071599107
1267843043568152577
1267843057099042817
1267843209029443585
1267843227115290624
1267843269314129920
1267843318710444033
1267843332925009920
1267843350968885248
1267843354445963268
1267843355960135680
1267843371164413953
1267843377506201603
1267843401254342657
1267843412428021760
1267843420552409088
1267843453075021824
1267843459131551745
1267843473987833861
1267843498528702466
1267843541541289984
1267843811608342538
1267843836149215235
1267844029976379394
1267844030215458816
1267844102986612737
1267844117557473281
1267844145537781764
1267844187422105601
1267844304992645123
1267844331190312960
1267844368213463040
1267844509423075328
1267844584396087302
1267844621784121350
1267844802688753665
1267844862386323458
1267844933223940096
1267844947564269569
1267845030565249025
1267845091584028675
1267845212430372868
1267845264124948481
1267845341791105024
1267845363542618118
1267845421793230849
1267845468660420608
1267845756087607298
1267845773485584384
1267845815642451969
1267845929127772161
1267845934634823680
1267846022220279809
1267846116323651585
1267846149378998276
1267846186259660802
1267846283257053185
1267846763613786114
1267846767090872320
1267846782806978566
1267846804973842436
1267846826444517378
1267846869314666498
1267846882316955650
1267846973471809536
1267846999904321539
1267847005688287232
1267847013359669248
1267847021609857024
1267847054644183042
1267847107349811202
1267847117504163840
1267847142745522182
1267847176987738112
1267847248592994319
1267847339798073345
1267847437365972992
1267847467711766528
1267847490952282112
1267847553862828035
1267847566730891270
1267847576923103233
1267847604685193217
1267847612138430472
1267847668090404865
1267847707697336322
1267847759144595456
1267847804300546052
1267847842833588224
1267847872612990976
1267847883463639041
1267847893848928256
1267847899448213509
1267847939260420096
1267847979823742987
1267847988862427136
1267848001759952896
1267848063374315520
1267848137630236672
1267848223105802242
1267848267204890628
1267848278059692033
1267848319629512704
1267848339321573381
1267848437283815427
1267848475879845892
1267848502689832966
1267848522554105856
1267849186411765760
1267849187976187906
1267849269400219655
1267849316640702466
1267849390133260293
1267849410488209408
1267849460681490432
1267849476502360069
1267849710850711554
1267849713199403009
1267849751313047552
1267849768115466241
1267849827582447616
1267849873090461696
1267849925766705152
1267849943605080065
1267849994188369920
1267850083640410115
1267850362582687745
1267850373751959553
1267850450876784640
1267850492295753728
1267850502768746499
1267850514521300995
1267850528328802305
1267850538990931970
1267850545382871041
1267850573002362881
1267850586457640960
1267850591776182272
1267850636994863104
1267850681752236032
1267850693936853000
1267850713637388288
1267850842259877890
1267850976242872321
1267851009734279169
1267851104139661318
1267851263984746498
1267851267797377028
1267851433296244737
1267851449985368064
1267851562086313984
1267851668181442561
1267851691350790150
1267851693724536832
1267851697298141185
1267851710942216192
1267851741858459649
1267851757662527488
1267851837920563200
1267851866932568071
1267851891167252480
1267851902747738112
1267851905482588165
1267851914646917123
1267851958825693184
1267851990706593792
1267852016270798849
1267852182507814913
1267852193094344706
1267852196084805632
1267852238828892160
1267852291132055552
1267852299667337218
1267852356735004673
1267852376515346432
1267852534875590664
1267852577414303747
1267852599882993664
1267852636746772480
1267852649111662595
1267852679973240835
1267852747925315584
1267852765306458113
1267852768007593987
1267852774458474499
1267852830884474882
1267853053991907328
1267853093284327426
1267853133805490177
1267853206291386368
1267853234649120769
1267853260666236933
1267853288512163840
1267853334104477697
1267853479801876481
1267853543035322369
1267853590820864002
1267853711491002370
1267853718600536065
1267853758404292615
1267853780260753408
1267853805019975682
1267853837429116933
1267853841522802688
1267853872694849537
1267853888268337152
1267853912427634690
1267853928835751937
1267853939006795776
1267853940969832450
1267853947076841475
1267853970963341314
1267853983948800006
1267853996762574851
1267853997458821123
1267854002730958853
1267854030157594626
1267854048654286848
1267854058573967360
1267854060734033921
1267854073929269248
1267854081764311042
1267854089498615808
1267854090240835589
1267854098109513730
1267854223967948800
1267854241013673986
1267854268511318016
1267854268876435458
1267854335691698176
1267854351248261120
1267854355073339392
1267854467325722625
1267854475273932800
1267854537332793344
1267854658623754240
1267854662901907462
1267854673572179968
1267854686666792965
1267854697584566274
1267854782871502850
1267854845991682049
1267854954632482823
1267854958298357760
1267854971048824832
1267855025570607106
1267855117761601537
1267855243603214338
1267855346674143232
1267855355020824579
1267855423132110849
1267855440999845890
1267855513909428224
1267855640271052800
1267855684722397185
1267855798316814342
1267855811717607424
1267855868508475392
1267855895725256704
1267855901802799107
1267855902486466562
1267855969968668672
1267856235967082496
1267856266229100546
1267856771596595204
1267856841549033473
1267856942552113152
1267857015558123520
1267857072319758337
1267857080427384834
1267857187629457408
1267857234018500608
1267857284476153862
1267857356970315776
1267857385592369152
1267857389392400393
1267857450235056129
1267857555512049665
1267857561534910471
1267857753965379585
1267857832860418050
1267857902456524800
1267857958848749568
1267857979195490306
1267858178571730947
1267858180643540993
1267858238713683969
1267858537700524039
1267858578590720001
1267858645154435074
1267858777706881024
1267858784937897985
1267858817909481475
1267859341140348928
1267859641708445696
1267859870696570880
1267859886068637697
1267860242001326080
1267860537850896385
1267860674308440073
1267860719317299201
1267860780155899912
1267861108670554114
1267861251528495104
1267861273724649473
1267861283086442496
1267861565451239427
1267861656282988546
1267861888353710083
1267862379183865858
1267863714969071618
1267863881512292352
1267864303517892608
1267864329816117248
1267864346253811719
1267864424980705281
1267864514277474304
1267865052977086464
1267865192563707907
1267865285383671809
1267865513259970563
1267865668004859904
1267866005658693632
1267866133501116416
1267866386241474562
1267866499160649732
1267866742862172160
1267867039613497346
1267867513553108998
1267867781980094464
1267867815542915073
1267868254585982976
1267868303915008000
1267868524833312774
1267868807764164608
1267868898784800773
1267869086010281985
1267869095413846017
1267869107208232963
1267869117123567617
1267869130130104321
1267869139982405632
1267869141123375104
1267869142675329024
1267869144772341760
1267869158173179905
1267869237097328640
1267869401765818369
1267869735284207616
1267869865911574534
1267869944055816193
1267869946345709569
1267870155570282506
1267870548123680774
1267870663374585856
1267870819801317382
1267870844476436481
1267871081404133376
1267871224811536384
1267871226363437057
1267871661853818881
1267871825117286400
1267871966322724865
1267872109080035330
1267872445442265088
1267872527939821568
1267872608999129088
1267872701303029760
1267872738716405761
1267872751680778245
1267873077351907331
1267873098445004800
1267873199892492288
1267873535235633153
1267873825875623936
1267873842480832512
1267874244836409350
1267874332363165697
1267874447953985539
1267874540895395840
1267874700723707908
1267874868474703873
1267875244498247680
1267875308226506754
1267875312848605185
1267875324122984448
1267875341864820736
1267875361167048709
1267875607855026177
1267875619712323587
1267875795952971778
1267875824050622466
1267875937619714048
1267876113113628673
1267876134613475328
1267876439787012098
1267876595269804033
1267876626383228930
1267876794771763200
1267876804167073797
1267876810370531329
1267876817177804803
1267876901684744192
1267877203968176129
1267877206979575813
1267877321308078081
1267877427386048512
1267877630688194560
1267877674678202368
1267877708345696257
1267877713827770371
1267877724321972226
1267877727207473153
1267877845923033088
1267877869838987265
1267877989787860992
1267878041507827724
1267878159627796486
1267878207363178502
1267878452998406145
1267878561265967104
1267878802023157761
1267878933791297538
1267879027391385600
1267879067170340866
1267879254076862466
1267879262159278083
1267879404274716672
1267879597179363333
1267880937729265666
1267880963398344704
1267881197188919297
1267881339929452545
1267881711771119617
1267881745484886017
1267881936485150720
1267882211778236416
1267882519011168256
1267882666524905473
1267882837375479808
1267882976542670848
1267883095920951297
1267883233137418243
1267883243908370432
1267883283569926146
1267883361256628224
1267883398422425601
1267883679268900870
1267883701410516992
1267883707672653824
1267883759656935424
1267883784654876672
1267883859221385219
1267884069053923331
1267884133394481152
1267884144459157507
1267884168240943107
1267884286163718146
1267884297790291970
1267884298952216576
1267884354073776131
1267884365989711878
1267884390920658947
1267884446830727171
1267884447015337989
1267884549624737793
1267884565101604864
1267884928995393541
1267884945206317057
1267885096075325441
1267885508379553793
1267885593062768641
1267886046555013120
1267886053555347460
1267886171172061184
1267886343599906817
1267886577906114560
1267886711910158338
1267886983617015808
1267887421300998144
1267888147653771264
1267888218508148736
1267888518224728064
1267888794176573443
1267888915358248961
1267888921846956041
1267888933813145601
1267889016386531329
1267889053346791425
1267889083944071168
1267889309916381185
1267889389453131778
1267889650284126208
1267890072118009857
1267890537731813376
1267890563795292160
1267891470574342145
1267892620505649152
1267892710985236482
1267893002262855680
1267893089370345473
1267893154197331968
1267893290826899456
1267893611573567490
1267893628677971968
1267893897549709312
1267894548572880896
1267894615895572480
1267894954967265281
1267896886456758273
1267897148470935552
1267897209321734149
1267897408572227585
1267897506974728192
1267899740001198080
1267899755151020032
1267899796263563265
1267899810377396224
1267901513545940992
1267903172355526660
1267903578049523713
1267904849649135616
1267905168470753281
1267906228937617408
1267906439420370944
1267906578889523200
1267907188766527488
1267907322103369728
1267907428441559045
1267907926259380224
1267908351511244800
1267908468192808961
1267908696962719750
1267908706664136705
1267908784837537792
1267908846447669256
1267908901439184900
1267908901544103936
1267908990807179266
1267910268429844480
1267910290663813121
1267910314370060288
1267911075703341057
1267915070916325376
1267917662807564291
1267917875576266753
1267917945910558726
1267918181798154242
1267920364346249216
1267920850633834499
1267923842674110466
1267924056252145664
1267926407558189057
1267928939948838912
1267930010804944896
1267931787017191429
1267935557742727168
1267938005269966848
1267948262230683648
1267953907910635520
1267965422525124609
1267970808942596096
1267971010726330375
1267971034025725954
1267976022378655745
1267976975148363776
1267978519377784833
1267978982131023872
1267979022232719360
1267981271008980992
1267981648005435392
1267985799800410114
1267985855899197443
1267986018436878341
1267986037424500736
1267986218186346496
1267986239212457984
1267986268035731457
1267986280639606784
1267986299589451777
1267986314043023361
1267986646428864513
1267986684215427074
1267986744978354177
1267987555963695104
1267987764651470856
1267988137373990912
1267989033482772480
1267989161933516800
1267990317124349953
1267991419727122434
1267992281346445312
1267992324832968705
1267992434115559424
1267992475496415232
1267992617347940353
1267994605536129027
1267995190188482561
1267995694108827649
1267996377084096513
1267997498892677120
1267998681334116352
1267999012105252865
1268000179967234048
1268000750719823873
1268001526691307521
1268004249620803584
1268004327618199558
1268004593348247552
1268004711644479489
1268005262734102534
1268006304250986497
1268007026325676032
1268008106451070983
1268008976022679559
1268009006112489473
1268010192530268160
1268010985819947008
1268011033513213958
1268011520509779970
1268011863192764416
1268011865566740480
1268012384364433414
1268014219280121862
1268014264486432769
1268014404064342016
1268014753219305472
1268014785163137031
1268015172351819776
1268015656357814272
1268015846506606595
1268016883669676032
1268017167544565760
1268020318624350208
1268020333040279561
1268021577871917058
1268022780374781954
1268025810352574465
1268027186847420418
1268027483435216896
1268027633297547267
1268027670954041346
1268027682547044353
1268027691963346944
1268027707192782848
1268028508443488258
1268028518929227779
1268029102373601281
1268029155750432770
1268029220309086209
1268029275459989506
1268029349250269184
1268030300824600576
1268030315609550849
1268030331421995008
1268030675015401475
1268032020954873858
1268032831386726400
1268033037838794752
1268033374666571778
1268033670763425792
1268034361875709952
1268035691562315776
1268037023677341696
1268037974664441858
1268038833435631616
1268038982883049472
1268039031993991168
1268039653103489025
1268039707595698176
1268040467771318272
1268041021121630208
1268041165242159104
1268041227816955905
1268041309186490373
1268041337598689280
1268041352312287232
1268042564193546241
1268043173286350848
1268043224150503424
1268043590569099264
1268046084288503809
1268046836302045184
1268047234593062912
1268047357213577216
1268047800358645763
1268048488132235264
1268050390249070592
1268050821784076288
1268050884568559617
1268050898879561729
1268050904848064513
1268050917170925569
1268050928529141760
1268050936187875329
1268050997298921472
1268051012121583617
1268051026742964225
1268051041871736832
1268051048574316545
1268053242820415488
1268054025645285378
1268054486288924674
1268055143037243392
1268055370922102784
1268056408676683776
1268057638366896129
1268059966256152576
1268060473410240512
1268060530121400320
1268060620248793088
1268061596091207693
1268061735354683392
1268062083045703681
1268063279596761088
1268063449164087297
1268065793096314880
1268065996721586176
1268069033993048065
1268070238433787911
1268070354309840896
1268072191108608000
1268073167672598529
1268073479393308673
1268073546254651392
1268074343088574465
1268074679375261698
1268074840960856064
1268075007197888512
1268075054069215234
1268076464131448834
1268077606882009088
1268077747206631424
1268077764877279232
1268077779058176000
1268077800088498180
1268077928820047874
1268078013511462912
1268078029248425984
1268079065728253952
1268081167456239616
1268083795233832962
1268084946784137216
1268087681625591808
1268087691834466304
1268088047951888385
1268089082657243137
1268090018184286210
1268090612609437697
1268091214416445445
1268093578405916672
1268093622441988096
1268093664800227331
1268093749147701248
1268093759507570688
1268093790398619650
1268093961337536513
1268094155491872771
1268094184868720640
1268094227017318401
1268094414993469440
1268094661115207686
1268096990518394880
1268097175495544832
1268097221205078017
1268098992157704194
1268099932935712769
1268100912423358464
1268107219356102658
1268107239509954561
1268107405960843264
1268107417402978304
1268107453021016075
1268107697435615232
1268109056750678016
1268109802296635392
1268110133902495744
1268118368143527943
1268120664147460096
1268136316404826112
1268136334897504256
1268136547465015297
1268137751351660547
1268137793038856193
1268137813628694528
1268137836571586560
1268137876669083648
1268145903514169345
1268146954870984704
1268147098077114370
1268147681265934336
1268148790537719809
1268151996529274883
1268154795388526593
1268160749333032960
1268160858842071042
1268161682318245890
1268161788568309760
1268162052285235200
1268162077727875072
1268162468725043203
1268162753845436417
1268165462929489920
1268165571872542722
1268166049146515457
1268166336984821760
1268175066761748487
1268186079938691079
1268189466537017345
1268189476112658435
1268194670443626497
1268194703310290944
1268194727943233537
1268196061144743938
1268198749580529664
1268198910251630595
1268198960998596608
1268207824783409156
1268210888965795840
1268219168874213377
1268222861048758272
1268237965139955712
1268257455311663104
1268288617178226688
1268348751967641602
1268372207895375873
1268372867831349249
1268383948649848832
1268393387541045255
1268401175054807040
1268401751389990913
1268403820050051073
1268409583082639360
1268411001998684160
1268415650827026433
1268416989984370688
1268419526816866310
1268421222687268865
1268424275662450690
1268424602264506369
1268434275889790977
1268442079962771457
1268442152058736640
1268445785319804928
1268445808208211968
1268455677162172416
1268459105154265088
1268462070502129664
1268462298827378688
1268462424522256387
1268462479190790144
1268467587660369920
1268471961585192961
1268472590974271490
1268480866197688320
1268487774975516673
1268493594601508865
1268498900391878656
1268525828553371648
1268531846901530624
1268544201651822595
1268545497507258369
1268565293321895944
1268571936856080392
1268577544472797186
1268578849589166080
1268578963493920777
1268578997333569539
1268579007274143744
1268579032964227073
1268579043286409216
1268579054518702081
1268579175025303552
1268579201910702086
1268579215475200001
1268579239768535045
1268579250610806786
1268584355464540160
1268602174851833858
1268619690336641028
1268630566523432960
1268731347796922371
1268736704849969152
1268743822311333890
1268756952101912576
1268757862358102019
1268757949796814848
1268810232580444160
1268810319100620800
1268825290324623360
1268828640344633344
1268847404301901824
1268849600896655360
1268850036999434240
1268861354498240512
1268883386883387394
1268884777198923776
1268886428567638017
1268886912904953858
1268936090796167170
1268970135055773696
1269009845316771841
1269118633688563712
1269246169437396995
1269497882710700032
1269498155575341057
1269504266949013504
1269997606408802308
1270015313480953857
1270015346456637447
1270039203401928705
1271357663025065986
1271358017041076225
1271631478548500481
1281495420414259202
