id
1273420103133073409
1273424006385938434
1273425408562810881
1273432556357087234
1273433931065556995
1273435109299941376
1273438714044112896
1273439161458950144
1273439436798214145
1273440799183667200
1273441219138383872
1273442342783954944
1273442982994128896
1273444298013343744
1273445065558355970
1273447107068715008
1273449396370149376
1273449797635108864
1273453855691255808
1273458009214074880
1273458122678386688
1273458369014059008
1273458905855651840
1273459027360583680
1273459250535124992
1273459712042962951
1273460161361764353
1273460635871744002
1273461235179065346
1273463127804309505
1273463734997000192
1273463946360446976
1273464301513175042
1273464499735949312
1273464653801115653
1273465490686394368
1273465642255966208
1273469316483018752
1273469627725570049
1273471103646785536
1273471188426088448
1273472347069050880
1273473356088532992
1273473806900711429
1273473971564900352
1273474851144007681
1273475082396917761
1273476064463826945
1273476854310072320
1273477274352914432
1273477905062871041
1273478353836597248
1273478668954697729
1273479045938679808
1273479385778028549
1273479610764754945
1273479762929807360
1273479926323146754
1273480269131952130
1273480511214612480
1273480541895942145
1273480624297455622
1273481015709691904
1273481100606574592
1273481302277337088
1273481350281117696
1273481452391288832
1273481480308547584
1273481703206449152
1273481938146168832
1273482199874957312
1273482810209308672
1273482893210210309
1273482974089162753
1273483045534720001
1273483073850613760
1273483387039363072
1273483543755337729
1273483716413673472
1273484060757594112
1273484313108123648
1273484418695520256
1273484642289479682
1273484908300656644
1273485579024359425
1273485737283825664
1273486220199202816
1273486451192131584
1273486624341454848
1273487126579953664
1273487348534136832
1273488018049990656
1273488252117254144
1273488362167361537
1273488546825814017
1273488710831464453
1273489884628434944
1273489890395615232
1273489914076844033
1273489982733217794
1273490132616622080
1273490229706420224
1273490304524406784
1273490900019101697
1273491552514473985
1273491623578447874
1273492068304695296
1273492112156180480
1273492211674386437
1273492293576622080
1273492410350202882
1273492443833360385
1273492621248229378
1273492720745504768
1273492732250472451
1273492792178642945
1273493149365596160
1273493181619818496
1273493264876756992
1273493364835446784
1273493547279249408
1273493612509028353
1273493923122384897
1273494062192947201
1273494151217074176
1273494152152403970
1273494339289743360
1273494438791110656
1273494536183046146
1273494875825209346
1273494943848263682
1273495442798436352
1273495755953565696
1273496020651917312
1273496357068697600
1273496512312471553
1273496676813008896
1273496813824163840
1273497857392164866
1273497859007094786
1273497933661368320
1273498014544351233
1273498153040240643
1273498177878978561
1273498205741858817
1273498214591639552
1273498313493491713
1273498673540771840
1273498767530983424
1273498863391760385
1273499090291064832
1273499231316312069
1273499250983235584
1273499250987397121
1273499480692645889
1273499577790763008
1273499919160995840
1273500181502332928
1273500809536380928
1273500815055978507
1273501008157503490
1273501073869639681
1273501331953770496
1273501390371991558
1273501489479036929
1273501931827343360
1273502209297137665
1273502253710667776
1273502343024095232
1273503732651585536
1273503918350163969
1273503992862011392
1273504339030503424
1273504562498768896
1273505027856822272
1273505064963829761
1273505277401116672
1273505288671223808
1273505982484606976
1273506056925097986
1273506077993127936
1273506673571713025
1273507140326612998
1273507639389900800
1273507832646656001
1273508966295678978
1273509347373580288
1273509519885287424
1273509669630365696
1273509674214555649
1273509780481609733
1273509791013449728
1273509804884013058
1273509939990986752
1273510005900300288
1273510204240531463
1273510401775300610
1273510479374110720
1273511003737579520
1273511126869766144
1273511232364965888
1273511303340937216
1273511643612233729
1273511717419565057
1273511949016289280
1273511987939426304
1273512275417067520
1273512327703379968
1273512646621270017
1273512684336513024
1273512886195728385
1273513143075930112
1273513177557286912
1273513681020567553
1273513899346653184
1273515023608852480
1273515052939702272
1273515062972440578
1273515827032023045
1273515844312526849
1273515858044710912
1273516338158288896
1273516395507191810
1273516442298707968
1273516581398568960
1273516834122108929
1273517179158355969
1273517291444015104
1273517501276549120
1273517867602870272
1273518030149095424
1273519057254273024
1273519229841534981
1273519512202047488
1273519874417934337
1273520053544275968
1273520381249425409
1273520615341920256
1273520683134287878
1273520692953264128
1273521166569758720
1273521218205835269
1273521252116774912
1273521849846992898
1273522559963680768
1273522705556336642
1273522812309757953
1273522929733718016
1273523110499749888
1273523332781047813
1273524123885584384
1273524204931960833
1273524207217815552
1273524394103418882
1273524478677413888
1273524573896470528
1273524711096324097
1273524863072825344
1273524907494629377
1273525472249315328
1273525673236152320
1273526123180306432
1273526492404695041
1273526528798646272
1273526543440990209
1273526564152463360
1273526718255390720
1273526926003408897
1273527109441318912
1273527322105143297
1273527393026805761
1273527706483744768
1273527870430654465
1273528336921227265
1273528387789713408
1273529733544722432
1273529930869964801
1273529942181961729
1273529951229108226
1273530305429700608
1273530447729999877
1273530460501610496
1273530472849604608
1273530562171396097
1273531153614540802
1273531253312983040
1273531400478699520
1273531487346884608
1273531509195051008
1273531573703446529
1273531938381475840
1273532190681374720
1273532283408887809
1273533407994224640
1273534694483808257
1273534905926905856
1273534959332888576
1273536811583717376
1273536969901916164
1273536996229541888
1273537123807752192
1273537195391938560
1273537210780798976
1273537275008299008
1273537518940483584
1273537531393400839
1273538684554366976
1273538707786620928
1273539186717593602
1273539236306681856
1273539465093341184
1273540287131013120
1273541569165967360
1273542014286458881
1273542680333541376
1273542702299111424
1273542906876477441
1273544047521492995
1273544598623866880
1273544650297610242
1273544670061031425
1273545244198371330
1273545938494054400
1273546866798592000
1273546960046260224
1273547525694210048
1273548261538754560
1273548271869480960
1273548671087284224
1273549037740965888
1273549183476064257
1273549547910967296
1273549813473333248
1273550712195039233
1273551115695480832
1273551570504802304
1273551874734452736
1273552041248350213
1273552413429911553
1273552497706037249
1273552739570573313
1273552858961506305
1273552865710075906
1273553304363155456
1273555308028313600
1273556432839774208
1273556774264532993
1273556872360935426
1273556933228859394
1273557922371366912
1273558208859082753
1273558217788846081
1273558220078845954
1273558442553180167
1273558448714719232
1273558729145737216
1273558934133956609
1273559158172684288
1273559316256210946
1273560429768278017
1273561599975055360
1273563059244732416
1273563781059055617
1273563990925312000
1273564075847376897
1273564299563327488
1273564759913160706
1273564901554839553
1273566697010737152
1273566704929562624
1273568809245278208
1273568829386289153
1273568928334180352
1273569215765549057
1273569606246907904
1273569683879481344
1273570049660301312
1273570085857198080
1273570177532047361
1273570343903346688
1273570452716179457
1273570652104974337
1273570814122590208
1273570869097332737
1273570992057540609
1273571828552708099
1273572059885400064
1273572247874138112
1273572769884598273
1273573290838114304
1273573686226763776
1273573715775651840
1273573783140397057
1273573979345653760
1273574907838738432
1273575288018960384
1273575599366258688
1273575696615346178
1273576087130275840
1273576477305389057
1273577684518334471
1273577777233444864
1273577854198968320
1273578162203443200
1273578303211757568
1273578405976576000
1273578893945876480
1273579006508462081
1273579242912186369
1273579346163351553
1273579499615948801
1273580068644679680
1273580088215265282
1273580643675279360
1273581089894752256
1273582174126686211
1273582959690428416
1273583422187831296
1273584229280931840
1273584618084556800
1273584805297283072
1273584927066386432
1273585128246251520
1273585244218683394
1273585272333021184
1273585554513248260
1273585704396664834
1273585722356723713
1273585782079578112
1273585880188534784
1273585970340921346
1273586171461939206
1273589283727847424
1273589775530733569
1273590011724619776
1273591272196894721
1273591351775379456
1273591712154218497
1273591855163363335
1273591868199251969
1273591928475566081
1273592094733545472
1273592606962774016
1273593528652718082
1273594400157757443
1273594793436876802
1273594897195360257
1273595684139069441
1273596242560339968
1273597463044042761
1273597843412934657
1273597864053075968
1273598485032431618
1273598902424367104
1273599354952179716
1273599482886791168
1273599570052669442
1273599756757942278
1273600290764156928
1273601021915197441
1273601050411483137
1273601480801411072
1273601508936871936
1273601532047642627
1273602092381290498
1273602885318737920
1273603122003275778
1273603453072203776
1273603692663418881
1273603745201319937
1273603829599072256
1273604040996253696
1273605230362533890
1273606316963987456
1273607002938388480
1273608388392267777
1273608562749530112
1273608976408539136
1273609763041849346
1273609993388883968
1273611023778320390
1273611231165927428
1273611308668268545
1273611334790373376
1273611434211987460
1273612179984445441
1273613126949171203
1273615149467746304
1273615159257432064
1273615283542876160
1273615463130390529
1273616232764207104
1273617273979166721
1273618174563377152
1273618205827686401
1273618224601391105
1273618553711718401
1273620077502496769
1273620352724328452
1273621310732566528
1273621515062280192
1273622183927898112
1273622813144952832
1273623470492901377
1273623965366272001
1273624067917004801
1273624338357383169
1273624465922904064
1273624844639166465
1273625237498675201
1273625436107313152
1273625744195772420
1273625755755245569
1273626058693083137
1273626754318348290
1273627068568178690
1273627321669316610
1273627618110107648
1273630098415992832
1273630209682464768
1273630679163494401
1273630897309315072
1273631233994559490
1273634091053834241
1273634128966103043
1273634215414755328
1273635630065451009
1273635644439318528
1273636091925426177
1273636179691343873
1273636752247287808
1273636937249636352
1273636951149686784
1273637031130705920
1273637117323653120
1273637179881779202
1273637263164035085
1273637347490361346
1273637361708982272
1273637422132150272
1273637455862788096
1273637526201200640
1273637699455340544
1273638120202866694
1273638123881156612
1273638125416230914
1273638230324174848
1273638234413662208
1273638398876475394
1273638408330473475
1273638735591223296
1273638765739814913
1273639216576999426
1273639275121324034
1273639348064235520
1273639505442926592
1273639743813632000
1273639846599208960
1273639943269564416
1273640258077257729
1273640280688717824
1273640368098009088
1273640430798876672
1273640435634724864
1273640493344317441
1273640536398684160
1273640768608055297
1273640917639901186
1273641369559433221
1273641512958668802
1273641617128226816
1273641872796184576
1273642473256972291
1273642580593512449
1273642660851376128
1273642727670820864
1273642742308995073
1273643341884690432
1273643353112891392
1273643446956245000
1273643538987708419
1273643711302447105
1273643716453060608
1273643746999939072
1273643755665424385
1273643784492982272
1273643847231266816
1273643936305815555
1273643972267618304
1273644466314739712
1273644561819033603
1273644587773390848
1273644725510127617
1273644739410014209
1273645024207503361
1273645176703946753
1273645294853316608
1273645331125637121
1273645390017904641
1273645465657991170
1273645571207618560
1273645620360654848
1273645979900604416
1273646226219528192
1273646255059562496
1273646336605224960
1273646371468242944
1273646417991491592
1273646841083527168
1273647301979000834
1273647768054034432
1273647841466974214
1273647850933477376
1273648056366272516
1273648228471201792
1273648489801474048
1273648586295783424
1273648794865766401
1273648879116808192
1273649130561130496
1273649319149629440
1273649327886397440
1273649328377102336
1273649387974144001
1273649392612806656
1273649455800041474
1273649505372532736
1273649506106531841
1273649678622396416
1273649853265063937
1273650321357709312
1273650432422760448
1273650479604494336
1273650652862803968
1273650819477368833
1273651123727917057
1273651224668041217
1273651287280644096
1273651424891731971
1273651450308988928
1273651619943440390
1273651853062881280
1273652049175953408
1273652184257789952
1273652484272058368
1273652562223222784
1273652627125891072
1273652659820453888
1273652686680809474
1273652797326544896
1273652841203167233
1273653915213377536
1273653957911429120
1273654082830430211
1273654267438489606
1273654733652312066
1273655322440347648
1273655619656904705
1273656036704940032
1273656057659826185
1273656098814193664
1273656335389741056
1273656450078965761
1273656536347275264
1273656823480897536
1273656898777083904
1273656968528330752
1273656989776666626
1273657109268369408
1273657224095625216
1273657435215982592
1273657463904940032
1273657500739477504
1273657535635943424
1273657625482166273
1273658065481609217
1273658164164976641
1273658214148530176
1273658436828319750
1273658583297617920
1273658629317509121
1273658643737489409
1273658721617342464
1273659299827310592
1273659351358533632
1273659393129631745
1273659469701042177
1273659694440038400
1273659951311798272
1273659957183868929
1273660010149494790
1273660469782306816
1273661201118113792
1273661257527128064
1273661361113849856
1273661415249735686
1273661442672087041
1273662075504431104
1273662514790719488
1273662517554757634
1273662660429541378
1273662931356409858
1273663037803814918
1273663052135583744
1273663172684242949
1273663222688538624
1273663247162445825
1273663424791302144
1273663588561977344
1273664199248379907
1273664333134704640
1273664471219597312
1273664495403978752
1273664594385317888
1273664737016901635
1273664797687418880
1273664805539209216
1273664855732609024
1273665058875125760
1273665062826176514
1273665063258255360
1273665179620741120
1273665181579698176
1273665530763767808
1273666102522818561
1273666551691055108
1273666669877972993
1273666719270174722
1273666767403970562
1273666772718125057
1273667049986969600
1273667383442305024
1273667468477599745
1273667635880681476
1273667646492258305
1273667747893989377
1273667848318021633
1273667875178340352
1273667892949602305
1273668032401833984
1273668074697371650
1273668566303244292
1273668728572370945
1273668744414285824
1273668809497296898
1273669121176006657
1273669122677592068
1273669570075619328
1273669660009918467
1273671096504651782
1273671223801597952
1273671755484127232
1273672971639377920
1273673070188748801
1273673140279730178
1273673226254782470
1273673279157362693
1273673572859252741
1273675017490857984
1273675360341643267
1273675483213946882
1273675695613448192
1273675824114233344
1273676006109437959
1273676219150503937
1273677004638846981
1273677230254653440
1273677791440130050
1273678461316431872
1273678471923785729
1273678488822673409
1273678546439815169
1273678565549072384
1273678901693349889
1273679171500126212
1273679238546157569
1273679252487958528
1273679274659049472
1273679415742828544
1273679495002681344
1273679571427012608
1273680049246400512
1273680063179837440
1273680099011817474
1273680274820222976
1273680301055565824
1273680497453838336
1273680537362862080
1273680537840844801
1273680576621379584
1273680713804472320
1273680831093944321
1273680863448797184
1273680874299510785
1273680910790074369
1273681035352395776
1273681162200690688
1273681163870035968
1273681212083601408
1273681264554303489
1273681287723638784
1273681387350921221
1273681404258385921
1273681545992081408
1273681752163303427
1273681861550563333
1273681929976418304
1273682025040371712
1273682236080918529
1273682913687568384
1273683208371146753
1273683248267145217
1273683531844194317
1273685207988625408
1273685317925527554
1273685666602369029
1273686608076853251
1273686719410233344
1273687070272192512
1273687175834398720
1273687710566199296
1273687980423643137
1273688426164834304
1273688577805672449
1273689081260605441
1273689280292904960
1273690994685341696
1273691283739951104
1273691883617701888
1273692502722179072
1273692784466243589
1273693952214880256
1273695996321697792
1273696236739198977
1273696873006546944
1273700276961075200
1273700621271605248
1273701167281901573
1273702274565578753
1273702793421959169
1273702984724238344
1273704173029089281
1273706620774572032
1273708047857102848
1273708082258800640
1273709091181883392
1273709346610917381
1273710801124114433
1273711102187061248
1273711130351812608
1273711376431828992
1273712688120705034
1273714286662053888
1273714624601427968
1273716498553384961
1273733550953558016
1273747081593679872
1273747320064978950
1273761264120901632
1273773599745286146
1273776751521366016
1273776802696015874
1273776824682610688
1273778018754850816
1273778133641031681
1273784345661067264
1273784580185534464
1273789220083994624
1273789869995638784
1273790038501781504
1273791453873897472
1273792229547503616
1273794120729784320
1273796943081340929
1273797359596531719
1273799220143640576
1273802738439053314
1273802800305025025
1273802860514295808
1273806367652933632
1273806429321859072
1273809991456022528
1273812216643563520
1273812236830748672
1273815760515690497
1273816663889043458
1273818033459351555
1273825200329625601
1273828439187808256
1273830638986989569
1273830939936747520
1273833427343556608
1273834652713627649
1273836550753681408
1273838347656417281
1273840580620021760
1273842318768930816
1273844136425086977
1273845498655301632
1273849515829678081
1273851757425119233
1273853510925180929
1273853824717987840
1273853892342829059
1273853892950781952
1273854512973754369
1273859055480537088
1273862188717928448
1273864079526866945
1273864146346323968
1273864702590738432
1273868073024569345
1273868101466173440
1273868365124141057
1273869307810729984
1273869999266906113
1273870439039684608
1273870541212889089
1273870545331707904
1273870700143497216
1273870762269536257
1273871274536693762
1273871325375807489
1273871894865838080
1273878937651773442
1273879006740312064
1273881274759827459
1273881282464759809
1273882137729499137
1273885458821312512
1273886310038532097
1273888802071666688
1273888855188336640
1273888883734765568
1273888889497767937
1273888895805976577
1273889400766656512
1273895385677860869
1273895403516289024
1273901757505040391
1273904452261429250
1273904469474852866
1273904626933235714
1273904691626287106
1273904723049852929
1273904745061609472
1273904774409154560
1273904858064498688
1273904982664769537
1273905169416110080
1273905499398746112
1273905570785792001
1273905637613645824
1273907133805813760
1273907791929868288
1273911510553759745
1273911603461644288
1273911650811146241
1273911669815537665
1273911677310742528
1273916378710327297
1273918126795616256
1273918755542687745
1273921169322676229
1273930193787224064
1273930212955176960
1273934614810095618
1273936008791248897
1273936157630320641
1273936192665341952
1273936264371134465
1273948954661699585
1273952531173920769
1273954295076065283
1273957946637123585
1273958216838373376
1273960099367628802
1273960108813283328
1273960120100089858
1273960154795372545
1273960240329797638
1273961584461672448
1273968782143176704
1273968837986144256
1273969025710559232
1273969280472637441
1273969557649027073
1273976161744216064
1273989672851648514
1273989726446419971
1274010263130275842
1274012282276605953
1274015261843046401
1274021019343187969
1274021037181505536
1274024990501789696
1274025135285039106
1274025181011271681
1274025195678822400
1274025210069479424
1274025227505156098
1274025242130710528
1274050803163189250
1274059618256171009
1274063581768712198
1274127671123795970
1274156828750987264
1274159385330081792
1274176068681900032
1274179860064202752
1274179869606178816
1274350230956158976
1274350842125012992
1274366667624079361
1274375474676809729
1274376281786703874
1274424237810429953
1274657428584443904
1274670755821821953
1274950569342332928
1275061411341713409
1275735007877718016
1275735016207577088
1275735027603566593
1275735047866212352
1275735128363249664
1275861712910999552
1276514287066812420
1276519115553796097
1276531004069445633
1276531945661329410
1276854068007206917
1276854085493243936
1276904604689547267
1277244366935875590
1279625630745649152
1279630411300327424
1279633937300467712
1279698182809825282
