id
1267969529461846019
1267972319122784256
1267981547904393218
1267985057391579136
1267986539033878529
1267986916147818496
1267990599384399872
1267994374039838721
1267997076845191170
1267997949251878912
1267998570285654016
1267999972517167106
1268000871784296450
1268004526750969856
1268005457345601537
1268005512425213954
1268006408592789506
1268006435834789889
1268006460660817920
1268006500892643331
1268006532123373569
1268006580944990210
1268006580986970114
1268006618354143234
1268008818086199299
1268008850143227905
1268009040048685058
1268009329182957568
1268009379917230082
1268009391334109185
1268009470317277185
1268009552252932096
1268009907057422337
1268009927949332481
1268010623075524608
1268011318721814530
1268013289285378048
1268013912999391232
1268014219347333121
1268014463833141248
1268014739411656704
1268016102149251073
1268018295401111553
1268019660735295489
1268020042479869952
1268020428112617473
1268020480935690240
1268020736871915520
1268020737123606529
1268020801573453824
1268020908616060928
1268021109309542401
1268021683190980609
1268022093192425472
1268022120568836100
1268022189309247493
1268022240819294209
1268022246196592641
1268022361225261057
1268022377734197248
1268022436836057088
1268022944401260545
1268023184370139136
1268023217270251523
1268023425802649600
1268023581277065216
1268023670238261255
1268023738798346240
1268023741897998337
1268023927223304193
1268023940263194624
1268023976426713091
1268024321701797890
1268024329004109825
1268024610735316997
1268024907620913152
1268025002156101632
1268025281627009025
1268025453660553218
1268025681281073153
1268025873338232839
1268026406396715016
1268027119369457664
1268027211694501890
1268027451499622400
1268027510668832769
1268027713282924545
1268027744983691265
1268027993051578368
1268028056561729541
1268028144553832448
1268028169715499008
1268028238028210177
1268028429703602177
1268028487882792961
1268028568816062465
1268028593386463232
1268028756167450625
1268029153736970240
1268029376236486658
1268029623184445440
1268029820778283008
1268029919180750848
1268029925451276288
1268030154992844800
1268030253840113665
1268030900652163072
1268031546285608960
1268031753941368832
1268031790649925632
1268032071173378048
1268032160059076609
1268033135264051202
1268033328214573058
1268033347785195523
1268033968013598720
1268034071789256704
1268034334285414401
1268034412022726657
1268034595515056130
1268035685254135811
1268035854989230080
1268036377616224257
1268036721137971201
1268036785201917954
1268037015507030017
1268037318104895488
1268037383527837702
1268037814207340544
1268038589474058243
1268039454847127553
1268039901175562241
1268039923682197505
1268039999741722624
1268040012488196097
1268040071195668480
1268040353443012608
1268040401228910597
1268040420254035968
1268040523614486528
1268040568191553540
1268040600730898434
1268040976443912192
1268041035084685315
1268042110038683649
1268042269312946178
1268042307867045888
1268042328523988992
1268043466937823232
1268043499074510851
1268043650262499330
1268043709800755200
1268043894501117953
1268044523940298757
1268044743671349248
1268044808095846401
1268045290461782016
1268045346648870912
1268046059869265921
1268046414162116608
1268046788692328454
1268047530325086208
1268048598995894272
1268048997001957376
1268049915009273856
1268050606213775360
1268053032446590976
1268053798359928832
1268054344559140872
1268054487345713152
1268054499756847111
1268054666673258496
1268054757232558080
1268055305151148032
1268055470801129472
1268056722775535621
1268056960621899776
1268057590753361923
1268058172175953920
1268058280720510976
1268058912827138050
1268059257179537408
1268059270098100224
1268059477372272643
1268059621215948801
1268059700400013312
1268060493278740480
1268060816412049408
1268060837916209154
1268061454902505476
1268061988250202114
1268061997431586825
1268062682336432128
1268062722186338305
1268062847197741063
1268063028425027588
1268063195098480640
1268063270382063616
1268063272990683137
1268063521172062208
1268063531804635136
1268063560959029249
1268063609378275329
1268064052766539776
1268064118025490433
1268064459991347201
1268064524847980544
1268064671598366720
1268065377868640256
1268065563185516546
1268065625068404737
1268065761312100357
1268065931697090562
1268065943139336193
1268066330806124546
1268066842410512384
1268066853949145089
1268066925688414209
1268067308968140800
1268067338277883905
1268067398726246400
1268067425611845632
1268067535875948544
1268067600447176706
1268067888763527169
1268068045907509249
1268068277533773824
1268068500947341312
1268069152666931201
1268069200322535424
1268070284847804416
1268070335779418112
1268071068377313280
1268071363392258048
1268071495898730497
1268071553243045888
1268071797678899200
1268071827084939266
1268071869707501569
1268071910442762243
1268072189112320002
1268072244435021825
1268072296297762816
1268072436190371846
1268072989632770048
1268073386346856448
1268073608372465664
1268073708268158977
1268073750152568833
1268073861670551553
1268073926359420928
1268073974480633856
1268074255612166144
1268074486018048000
1268074512517525504
1268074645208682497
1268074651504087043
1268074704394387456
1268074731833622530
1268074809436655616
1268074971928113157
1268074999480541184
1268075042593632259
1268075064148152320
1268075160197685248
1268075281404870658
1268075373708955653
1268076157238480896
1268076335240544256
1268076610575572993
1268076759565492225
1268076831627862016
1268077121131425799
1268077471032696834
1268077537688616960
1268077584862064641
1268077623860539397
1268077752139214848
1268077760569675776
1268078162333876229
1268078432564305920
1268078599124537344
1268078741219147776
1268078817517670400
1268078904373174272
1268078921708441600
1268079079456034816
1268079091942477830
1268079092253016072
1268079467748044802
1268079667812106246
1268080255371292673
1268080314997518336
1268080729939984386
1268080795328999425
1268080982134947840
1268081084052516864
1268081864008400902
1268081905968320512
1268081980706639872
1268082100399476736
1268082101431173120
1268082328267522059
1268082520417079297
1268082587567783936
1268083084970385408
1268083482263248896
1268083777936515074
1268083849034153986
1268084011609419776
1268084170086998016
1268084246394126336
1268084347514449921
1268084648044752897
1268084657930854400
1268084831084257283
1268084855503327233
1268085105161048067
1268085272840769541
1268085354306945024
1268085455150440448
1268085788333322240
1268085842054086656
1268085861545017344
1268085903768973312
1268086023243866112
1268086263405375488
1268086419672588289
1268086428099117056
1268086517605548032
1268086732202934273
1268087485583757312
1268087524150444032
1268087702060257281
1268087732984782850
1268088080713617408
1268088630469246977
1268088746861363201
1268088862603128833
1268089136428331008
1268089238546833408
1268089436593704963
1268089892556374018
1268090244722683904
1268090814099451912
1268090845330313216
1268090920026636290
1268091236918923265
1268091346964942849
1268091763517947907
1268092899834695680
1268092958026248192
1268093629131825153
1268093648521981952
1268093709482000384
1268094275226607616
1268094350526943237
1268094371750203393
1268095269545086977
1268095271986253826
1268095576622727168
1268095658659110912
1268095742264127488
1268095807133110278
1268096152353767424
1268096224365813761
1268097039474266112
1268097284748849153
1268097422183608320
1268097590702362628
1268097950238093313
1268098863363174400
1268098993571037184
1268099214736850945
1268100140134367232
1268100178659078144
1268100257734410240
1268100651415932929
1268101036369199105
1268101428519882753
1268101675291512832
1268102480904089601
1268102916285460480
1268103047156293635
1268104212937834498
1268104272031494144
1268104989051965441
1268105220837367808
1268105335430098947
1268105581916798977
1268106039486005248
1268106050156195846
1268106685379272704
1268106938560241665
1268107323899338752
1268107706293989376
1268107715529842688
1268107782508740608
1268107991464570881
1268108101489737729
1268108178555908097
1268108212009496576
1268108246113562625
1268108451437314054
1268108678550433792
1268109077508493312
1268109403657396225
1268109627935375360
1268109702421811200
1268110182149693440
1268110297992171520
1268110359551827968
1268110388366725120
1268110515307454465
1268110549063053313
1268110631778959361
1268110767481516032
1268110779234037760
1268110867989553158
1268110990094159872
1268111015360598022
1268111159292542976
1268111182810021889
1268111207124201472
1268111442001006592
1268111648201551872
1268111730296664065
1268112009394106368
1268112137270034438
1268112176700669952
1268112885764390912
1268112918823858176
1268112939980066818
1268113017327153155
1268113042723803137
1268113114333155328
1268113240275509248
1268113346378649600
1268113387743051777
1268113452784115713
1268113774180855809
1268113779352457216
1268113937784025088
1268114155682197504
1268114499451580417
1268114534172000256
1268114587112652800
1268114834664689665
1268114894651457538
1268115102386884610
1268115279558717440
1268115597369511936
1268115626058559488
1268116509303418880
1268116644926115840
1268116700743917568
1268116795681935361
1268116903878426624
1268117299698917376
1268117977716731904
1268117994649071616
1268118013309521920
1268118344223395840
1268118572854849542
1268118776857296896
1268119665433247745
1268119791707066370
1268120008892112897
1268120089246814208
1268120132427157505
1268120166023467008
1268120329777557504
1268120499579650048
1268121098320637953
1268121829236826112
1268122477324046337
1268122884502773761
1268123501694578688
1268124413427429381
1268124583762309120
1268124806203035648
1268124922729005057
1268125219962617856
1268125221669781505
1268125291538350080
1268125744879726592
1268125899301494785
1268127102160830466
1268127148281192448
1268127601446531077
1268127791700226049
1268127899900686336
1268127923820691456
1268128267241914369
1268128314994184193
1268129143864152066
1268129145416015872
1268129226290532353
1268129237451538433
1268129867251539979
1268129885324746753
1268130182990348293
1268130258135379969
1268130381087170560
1268130391799418880
1268130499739836417
1268130883699163138
1268131923454390272
1268133857544425472
1268134463755575296
1268135228335362048
1268135413853704192
1268135725381214208
1268135788170133504
1268135840246460418
1268135844680028161
1268136355713945600
1268136430196404225
1268136854928441344
1268136871676334080
1268136931369660419
1268136957000982528
1268137040505421826
1268137356990824448
1268137960525803520
1268138113815261184
1268138249882685440
1268138280605769730
1268138344975724546
1268138427632906240
1268138449137283073
1268138696403849217
1268139055197204480
1268139150567448578
1268139465383518208
1268140383558647808
1268140525091160067
1268140740128972803
1268140749163503618
1268141959648088065
1268142302196912130
1268142889214701569
1268142903399874562
1268143074376548352
1268143157213933569
1268143444934963200
1268143950985981952
1268144973779738626
1268145182912008192
1268145474369990657
1268145942378819584
1268146059664113664
1268146490167496708
1268146687975063558
1268146767821824001
1268146847656394752
1268146863422812161
1268147015000735746
1268147070826885123
1268147103185940482
1268147201978429442
1268147369054478336
1268147475178815490
1268147561040433155
1268147699024617473
1268147831451250689
1268147888594522113
1268148430611742721
1268148618474782725
1268148795277221888
1268149108277227521
1268149215382794240
1268149871435042824
1268149949948022790
1268150107431632901
1268150417302515712
1268150539101048837
1268150844836458497
1268151785589542913
1268151884151472128
1268152668310114310
1268152752602935296
1268152815215673346
1268153700058628096
1268153917155786753
1268154182353256450
1268154278587367425
1268155056962129921
1268155124016283649
1268155598039908352
1268155725412478976
1268156447109586945
1268156683773239296
1268156943006183424
1268157859210113026
1268158032413896704
1268158265864658945
1268158296583741443
1268158304246784000
1268159145305350146
1268159670704898049
1268160764952678401
1268160985992327175
1268161001096122371
1268161317531254785
1268161464013029377
1268161656783343618
1268162448697278466
1268162768269717505
1268162822606897154
1268163719470645259
1268163966380806146
1268164209226981376
1268165390976327682
1268165409485668352
1268165615837036546
1268166424465465344
1268166426868809729
1268166457621278723
1268166653235417089
1268166927937126405
1268167090629775362
1268167152709914625
1268167523918200834
1268167830794633216
1268167838193209345
1268167963099758592
1268168153496006661
1268168342386417665
1268168744838127616
1268168746797019136
1268168848236138499
1268169033557381122
1268169724187283463
1268170090266218496
1268170163125248001
1268170279798398976
1268170404201402369
1268170653628162049
1268171021674336256
1268171219834150913
1268171302692483073
1268171634550149120
1268172122037399553
1268172133710118912
1268172746044948480
1268173304231276544
1268174775584784386
1268174833533190146
1268175107501035525
1268175193496829958
1268175824659910657
1268175840338153472
1268176090612281344
1268176267905392641
1268176275438477316
1268176322066558978
1268176340613771264
1268177008313450502
1268177132418748418
1268177663190945792
1268178206017892352
1268178476210819077
1268178633241157632
1268178849583362048
1268179295811145729
1268179434584133632
1268179871630454786
1268179966946091009
1268179973438873601
1268180031278202880
1268180055001268236
1268180168201457664
1268180181262491651
1268180210777763841
1268180249402994688
1268180251126923266
1268180263449825280
1268180352528379904
1268180409906577409
1268180487555756042
1268180535089627137
1268180639586512898
1268180665993801735
1268180729483100162
1268180814052749313
1268180870004789249
1268180926581944327
1268180928758603776
1268181145302249476
1268181178466496512
1268181201107292160
1268181528049221633
1268181742973669377
1268182256226451456
1268182508446736385
1268182703238766592
1268182857098420226
1268182955089747968
1268183048513900545
1268183072543068160
1268183215224717313
1268183252868759552
1268183252969246720
1268183259302768652
1268183445341007873
1268183563977003008
1268183635217317888
1268183750858420236
1268183784249192449
1268183836879282178
1268184417765339141
1268184470672347136
1268184608320786433
1268184655808868353
1268184839867396096
1268184907060314113
1268184931097874432
1268184969635127296
1268184998965841922
1268185109720522754
1268185280785326082
1268185340516478976
1268185416580005891
1268185459714392065
1268185464634105866
1268185484079104000
1268185579193159680
1268185658704777216
1268185724681150471
1268185724748267521
1268185817060528128
1268185822261587971
1268185855048536065
1268185896290906113
1268186123299442689
1268186216152825856
1268186615769415681
1268186804278132740
1268187224333520902
1268187296467087360
1268187303513653248
1268187447579439104
1268187673971359746
1268187752010375168
1268187752786546689
1268187783224365056
1268187800685314054
1268188098988576768
1268188140654788613
1268188205360136192
1268188399124520971
1268188766914691076
1268188784794853383
1268188912800980992
1268188921063759872
1268189419573518336
1268189430763978753
1268189444168876043
1268189534363291649
1268189560908873729
1268189626851713030
1268189965227184128
1268190336003633153
1268190409974571008
1268190462151667715
1268190507815092224
1268190803815542785
1268190843107598342
1268191075203678209
1268191105763475457
1268191162445119488
1268191707008512001
1268191814097477633
1268192062320652292
1268192244906983426
1268192296664739840
1268192682016256000
1268192851143405570
1268193068043448323
1268193108476428289
1268193164751405056
1268193223589019653
1268193232443359236
1268193322562191361
1268193349774827522
1268193453583654913
1268193537641701377
1268193620995248128
1268193719540420608
1268193770673233920
1268193952978665472
1268194080988598273
1268194659098152966
1268194663040720897
1268194734339743744
1268194922605228035
1268195012086509569
1268195071716765696
1268195178633924609
1268195307080253440
1268195308313481217
1268195557316722689
1268195618750697475
1268195679576432640
1268195770169204736
1268195871490895874
1268195884577239042
1268195930332954628
1268196049828687873
1268196061622996992
1268196805969248257
1268196930959572992
1268196948613509120
1268197410167193602
1268197414252490753
1268197463510396928
1268197673246568448
1268197701239427072
1268197896324775937
1268197897897676806
1268197935147171840
1268198066886189057
1268198369639444480
1268198512489115649
1268198621339680769
1268198755695767554
1268198848310194178
1268199227303346182
1268199621555359745
1268199633886433280
1268199686218952706
1268199889013370885
1268199918574936066
1268199994634297344
1268200201317048322
1268200273400532992
1268200762997342213
1268200808241299467
1268200810225315841
1268200880697831424
1268200965141864448
1268201171317121025
1268201188476030983
1268201270504042499
1268201445569884160
1268201524179722240
1268201541393096704
1268201572149821451
1268201619830665218
1268202201421426688
1268202281087926279
1268202355666767873
1268202474348797953
1268202542158295042
1268202792952508419
1268203006748528640
1268203036536692736
1268203078353903616
1268203095634436096
1268203198285660162
1268203324001546240
1268203329953435648
1268203511583518721
1268204100702871552
1268204182567178242
1268204523236909056
1268204526613532673
1268204929291821056
1268204960195448833
1268204974267338753
1268205009272881153
1268205180543283200
1268205213166567425
1268205603916328961
1268205829913751552
1268205964487950336
1268206013301370881
1268206019655565312
1268206104355332096
1268206109199708160
1268206255996203008
1268206289680764928
1268206533411774465
1268206536020484098
1268206658368528391
1268206827117973504
1268206997901623298
1268207488882692099
1268207967503073280
1268208184939905028
1268208252975710208
1268208276262531078
1268208279823491073
1268208522161991685
1268208610892558339
1268208736973262849
1268208934332108801
1268209273198313472
1268209330022645762
1268209360100098051
1268209585657016321
1268209853102686208
1268209990558351361
1268210098658111488
1268210146334760960
1268210534454824961
1268210605057507331
1268210754743828481
1268210846951407617
1268210853754667008
1268210896117075971
1268210917298384903
1268210988135804928
1268211073678626816
1268211394324738054
1268211448867520512
1268211571093835779
1268212014255652873
1268212031359864832
1268212093351653381
1268212444226375680
1268212507098992641
1268212648887365632
1268212782270279680
1268212815237709824
1268212843003994113
1268212895499915270
1268213201889398784
1268213239449628673
1268213312317243393
1268213422555979776
1268213617763258368
1268213772851662848
1268213829206339584
1268213882503360513
1268214106663923713
1268214137554825218
1268214208019050496
1268214388365971459
1268214463372681217
1268214595774185481
1268214830428680194
1268214850968326144
1268214917414322177
1268215170016227329
1268215272948805632
1268215281257758725
1268215331576782850
1268215530546225157
1268215650310221824
1268215667859222528
1268215946398912512
1268216047875710977
1268216108672258048
1268216271360966658
1268216579394805762
1268216652035952641
1268216663591313408
1268217282167111680
1268217366984392705
1268217543702933504
1268217555593945088
1268217567924981760
1268217653002334210
1268217751295987712
1268217781906018307
1268217909546893313
1268217949778829315
1268218198165319682
1268218295133626369
1268218857820389376
1268218905853485062
1268219138327093258
1268219279117352961
1268219292589404175
1268219306418016258
1268219350235803648
1268219547536052224
1268219605711032321
1268219714288914432
1268219714393669632
1268219881239052289
1268220118938640385
1268220404553916417
1268220492927795207
1268220801381093376
1268221378911784965
1268221426756210688
1268222030874398721
1268222051031998464
1268222337125453825
1268222368826212353
1268222480130310144
1268222585973678081
1268222647155884038
1268222740047093760
1268222837325656065
1268223077315379202
1268223178129788930
1268223420006793221
1268223478999642117
1268223522373017600
1268223890003812359
1268223966231113732
1268224156157517826
1268224168350437377
1268224397812301825
1268224441600716800
1268224490871406595
1268224583900913664
1268224797902729216
1268225424162684928
1268225594082365441
1268225779512606722
1268225782364745733
1268226024443166730
1268226336436322305
1268226562740101126
1268226570755477507
1268226608034451458
1268226941183643648
1268226999178362885
1268227461382197248
1268227541426307074
1268227774201896962
1268227787741106188
1268227805671591936
1268227886978383879
1268227974991679490
1268228463040790530
1268228492623298561
1268228978487132161
1268229079297212416
1268229593334513665
1268229673626095619
1268229690319388677
1268229707373449227
1268229834049806337
1268229940245217280
1268230061984972800
1268230111045672960
1268230244139331584
1268230458464239616
1268230785464754177
1268230804670500867
1268231041044475904
1268231071398854656
1268231168488550406
1268231228504899584
1268231564896301057
1268231603664322566
1268232796134391813
1268233094655619072
1268233394040668162
1268233806261170181
1268234219152642049
1268234242426888195
1268234996713697280
1268235202255601666
1268235595328950272
1268235748869881856
1268235952801173511
1268237465971838978
1268237811423027201
1268238796186935298
1268239247032664069
1268240690540015616
1268240786899865602
1268241219173392386
1268241357547753472
1268241924693069824
1268242422833778691
1268242534867795968
1268242657278677001
1268243374986932225
1268243460571762690
1268243478930227202
1268243491647377408
1268243774238490625
1268244265089421312
1268244708083535873
1268244867559247873
1268245030399094785
1268245811353268227
1268246636792360961
1268247629231620096
1268248585818300417
1268248951116853248
1268250079758110721
1268250082316554240
1268251039490285571
1268251122969399296
1268251498468659201
1268251872785096704
1268253068946296837
1268253588436013058
1268253763657256962
1268254057917026306
1268254170114555905
1268254211516628992
1268257748086427649
1268259855086743552
1268260042559467520
1268260918095462403
1268261804943294467
1268261892868407297
1268264600711180288
1268266158270091264
1268269355902685187
1268271707464368130
1268273430056632320
1268274391755833344
1268277251247751168
1268277937352192004
1268279978266726400
1268280461513633794
1268281547045527552
1268284997263405057
1268288336625614850
1268289802790567937
1268290709045473280
1268296008150048768
1268296020611313664
1268296216254672897
1268296238861963266
1268296403542925313
1268296435562250242
1268296453740322816
1268296917135450112
1268297186254573568
1268297639419711488
1268297665726439424
1268297705224204289
1268297764074471424
1268306971188498433
1268328877908254722
1268329034963968002
1268334079268646913
1268336947715547136
1268338565882109952
1268340897747308544
1268345005850017793
1268350771558526980
1268351441107857409
1268354339946586113
1268357298960977931
1268360088562970625
1268361247034167306
1268361993871740928
1268364309886722049
1268364985480159232
1268366393809842177
1268366909000433664
1268368062744576001
1268369373653278721
1268370316595691520
1268371172141350913
1268371632298450946
1268372838471176199
1268372937041682432
1268373034332635137
1268374017494274048
1268374871077040128
1268375019802877952
1268376428191629313
1268376943478661121
1268377085485162497
1268378627638517760
1268379065091796993
1268380324742017029
1268380629307207682
1268381055792361474
1268383054252384256
1268383427545436161
1268383581874860033
1268384208411451393
1268385828163792896
1268386241252339712
1268388045029552130
1268389100069048320
1268389727444631554
1268392175282208770
1268392318089990145
1268392494066253824
1268394852166905857
1268395109604827137
1268395994145681408
1268396441346719744
1268397704188760064
1268397888029278208
1268401220001034240
1268401536893194240
1268402727937286148
1268403560989036544
1268403960081088512
1268404480124559360
1268406601834278920
1268406712203018240
1268407522890854400
1268408633248739330
1268408862765232128
1268408944118153218
1268410953604804608
1268411407592312832
1268411583476248576
1268412128232431616
1268413321415479296
1268413532510523399
1268413547798769666
1268415096184692736
1268418516392296450
1268424379937021957
1268425234325147648
1268425368844845056
1268425437463666688
1268425476932075520
1268427251802165249
1268428898628284416
1268430923328040961
1268431769029787649
1268433910469292032
1268434791399129088
1268438514284150785
1268441631331684360
1268441877864423427
1268444599896420352
1268445224377831424
1268445530817835013
1268445601156358144
1268452589789745154
1268457542474137601
1268458287315509250
1268460273691553793
1268461369122123778
1268463533609680896
1268466147944394754
1268466741656653824
1268472783417364486
1268474055541260289
1268475140997668864
1268475488558657537
1268476999078723584
1268493066081579008
1268497061491675136
1268498659911450624
1268498795584565248
1268499372733497345
1268504196279529472
1268507542407098370
1268510995359698950
1268518759880409090
1268520490995380224
1268526238928257024
1268533305525309441
1268533757960740866
1268533858036744200
1268538244582510594
1268540895604936710
1268546161016791048
1268559275347116034
1268560106599313408
1268578575113949185
1268594788137304066
1268617368852246528
1268738541816877056
1268738591561256960
1268830524086210560
1268841809435746304
1268889618658627585
1268918803418812416
1269110666079531009
1269117060392587272
1269137008024141825
1269137477987561472
1269287600499671040
1269288836405788674
1269315096515411969
1269332476884733953
1269447924095815681
1269669701833175040
1269895445775552517
1269999941297954817
1270223841936236545
1270354067173277696
1272352652718817280
1273050832393527296
1273852773981925381
1276514686360358913
1286129314690342917
1289122939615363074
