id
1269791683937329152
1269793335142580229
1269802694140735489
1269804504511401984
1269806859273277440
1269810042108329987
1269810873079644164
1269811663911387136
1269813350415781888
1269817660214177793
1269818206169919494
1269818272922419201
1269819637858029569
1269819710616543232
1269820200511090690
1269820537183719424
1269820808274145288
1269820892403707906
1269821242716164098
1269821660795977729
1269822220391481344
1269822235449028608
1269822288561532928
1269822535509524480
1269822850426458112
1269823652188442626
1269823831662714881
1269824459353067524
1269824968159682560
1269825152205930496
1269825660651896833
1269825900587122688
1269826656593514497
1269827590614810627
1269827606125309953
1269827809851015170
1269828393048125443
1269829043123257346
1269829552139677696
1269830193079697412
1269830497892536325
1269830592599855104
1269831072436629504
1269831401911627777
1269833500494102528
1269833829696536581
1269834026015064065
1269834137096998913
1269834273835515909
1269834867417780224
1269836883351097345
1269837438236725250
1269837621737467906
1269838067168247808
1269838799565139968
1269839121830367244
1269839397354004481
1269839870966370305
1269840276207529984
1269840439407980544
1269840509486403584
1269840551576133632
1269840594110644225
1269840596547624960
1269840734074667015
1269840972659200002
1269841516601544704
1269841765910982656
1269841820898361346
1269841867157524481
1269841984220348416
1269842021063122951
1269842027530706945
1269842037009985536
1269842200512389120
1269842308532441089
1269842336445587457
1269842819851534336
1269843230046203904
1269843542156902400
1269844454535385091
1269844565537816576
1269844824523370496
1269845281396277249
1269845317538549765
1269845908667023365
1269846065919848448
1269846956723048450
1269847262093430785
1269847655552704512
1269847679565209601
1269848361772834816
1269848418123464704
1269848438394347521
1269848546150236160
1269848731500916739
1269848931409645568
1269849157029642240
1269849238504116224
1269849449875927041
1269849548240744448
1269850026051764224
1269850199305801728
1269850262216286209
1269851261286801408
1269851458427596801
1269851648664444934
1269852173069807616
1269852234302369793
1269852919081230336
1269853234912362499
1269853260690513920
1269853282522009600
1269853961848225792
1269854262378594304
1269854451097055233
1269854922951942144
1269855139030016000
1269855145992617984
1269855163621220353
1269855240427393029
1269855460212924417
1269855668556705793
1269855746759340032
1269855750614126592
1269855785464614912
1269856043242098688
1269857019629989888
1269857354629218304
1269857610951516160
1269858802301636608
1269859512346869762
1269859567929827328
1269859715749687297
1269860058927517696
1269860205879193601
1269860573782687744
1269860799264292865
1269860932970336259
1269861141452390401
1269861202043248640
1269861266811752450
1269861637634260992
1269861644827455490
1269861734505840641
1269861753657098241
1269861779510681601
1269861914949156865
1269861966006214658
1269862265177534464
1269862320056020992
1269862387689144322
1269862442139451392
1269862802870730754
1269863012455706624
1269863375359684609
1269863654431719424
1269863842269540353
1269864358600798208
1269864421389594624
1269864488909578242
1269864517137100801
1269864828945854465
1269864838282440707
1269864895266394113
1269864975415128064
1269865110039719936
1269865159704539138
1269865168814686211
1269865274775343104
1269865561292447745
1269865760609853440
1269865795812646913
1269865839622189057
1269866624347070464
1269866876840087555
1269866881562710017
1269866988404260864
1269867155782172673
1269867415661248513
1269867851420057605
1269868021083975680
1269868132912562178
1269868274151383041
1269868455743766534
1269868582923616257
1269869045211377665
1269869134784782337
1269869159715921920
1269869322559606784
1269869779675832323
1269869795597365251
1269870047310249984
1269870054771838976
1269870193884397570
1269870359420993537
1269870525607804934
1269870534935838720
1269870962704605185
1269871165696143360
1269871389978157057
1269871436534910977
1269871526188158976
1269871613702402048
1269871646518710273
1269871992137629697
1269872257788268544
1269872509865693185
1269872829924859905
1269873354829332480
1269873407811715072
1269873676494737408
1269873748565389312
1269873798582435843
1269873819549761537
1269873890983120896
1269874013712629761
1269874060332355584
1269874442710052865
1269874455209222145
1269874582934007808
1269874759476498433
1269874804422668288
1269875079837560832
1269875231436550146
1269875935500808192
1269875997823950849
1269876351600713728
1269876448745185280
1269876666353868803
1269876815386075138
1269877378479783936
1269877439792132096
1269877472151011328
1269877483639156737
1269877578581475328
1269877738128670720
1269877964692480003
1269878193529458690
1269878330708328451
1269878451676368898
1269879121376694272
1269879195791839233
1269879233834336258
1269879591470010369
1269879714447069187
1269880211341864961
1269880253918457857
1269880366288035840
1269880505358413824
1269880573402640384
1269880595527503872
1269880828055531520
1269881128267075584
1269881154506641408
1269881265504890880
1269881373889900551
1269881558346854401
1269881767814672389
1269881782846894082
1269881783425826816
1269881864678002688
1269881885968089088
1269882112687181824
1269882113169350656
1269882262209925121
1269882321303408641
1269882502077956098
1269882547913326593
1269882698723553280
1269882780655202306
1269882837848797186
1269882852184739841
1269882884602630144
1269883520094285824
1269884018897465345
1269884213257474049
1269884291556745217
1269884318261936129
1269884409571770368
1269884437145153537
1269884977778429952
1269885094296088576
1269885619632775169
1269886312917512192
1269886624315236352
1269886726656462848
1269886727486930944
1269887644554555392
1269887904190476294
1269888061749559297
1269888127629312000
1269888128162181121
1269888328179970049
1269888418302930945
1269888421843079168
1269888662155624449
1269888809350684673
1269888991484170240
1269889011750854656
1269889026170863622
1269889055308820480
1269889119607566338
1269889302072135685
1269890514637205504
1269890945627144194
1269891156428513281
1269891242646798336
1269891313241133056
1269891584746614784
1269891644628725760
1269891772970422272
1269891794608680961
1269892107025543169
1269892111618527232
1269892543631720449
1269892590616424449
1269892658794827778
1269892809001074688
1269892813791133697
1269892942799310849
1269892945768898560
1269893015134367744
1269893113251758080
1269893282974195713
1269893647908012034
1269893767198367744
1269894042558427137
1269894072690491392
1269894192853061632
1269894674799628288
1269895924618313728
1269896073541152768
1269896478585245696
1269896886401372160
1269896910380298243
1269896935575609344
1269896997278027778
1269897085643612163
1269897739036438534
1269898242550104064
1269898390046863360
1269898464910995457
1269898698433064961
1269898719836737536
1269899620777373701
1269900021194874880
1269900986262466561
1269901122983956480
1269901234129035264
1269901332040818689
1269901648736014337
1269901651864956933
1269901753266376707
1269901832781918208
1269902016655921152
1269902037979971584
1269902190774112261
1269902455522775040
1269902685685321730
1269902782250835970
1269902832028680192
1269902941030199297
1269903053693628417
1269903275454685185
1269903353393434624
1269904161967128576
1269904251452522498
1269904254321537024
1269904742643314690
1269904896448487425
1269904965209735173
1269905726735921152
1269905778560958464
1269906275942400000
1269906502325809153
1269906562291826688
1269907352293179392
1269907390503235584
1269907479690743808
1269907493469257728
1269907756154327045
1269907900241084416
1269908631245504512
1269909366666416128
1269909601496989696
1269909692991582209
1269909998940811266
1269910544204603393
1269910627339796481
1269910687888728065
1269911290836893697
1269911477441486849
1269911889418629121
1269912410015412230
1269913476258037760
1269914073350705152
1269914172386467840
1269914298756870144
1269914719919448064
1269915811562561536
1269915884283326464
1269916389982081025
1269917174027612160
1269917697221033988
1269918443358294018
1269918540280131587
1269918549763448833
1269918600166604801
1269918678335750145
1269918706299256832
1269918709562343424
1269919130833973249
1269919398204256257
1269919484707516416
1269919735644254209
1269920127035662338
1269920231658360833
1269920307306917892
1269920545262333953
1269920606650236928
1269920648132022273
1269920765664780290
1269920894543171585
1269920984255127553
1269921204086943744
1269921439060234243
1269921865302110208
1269922267238150144
1269922689210351617
1269923041913405441
1269923491878334464
1269924041059561473
1269924125180477440
1269924293107826688
1269924420652580865
1269925493215723522
1269925743514943488
1269926151885070345
1269926605272444928
1269926828057165825
1269926983414284288
1269927080311037952
1269927160166387712
1269927261777649669
1269927457836105729
1269927635213258752
1269927768634134533
1269927899613855744
1269927945335828481
1269927985068433408
1269928734519427073
1269928812285812736
1269928973728964608
1269929058894139393
1269929272082235393
1269929312087465990
1269929312804835333
1269929473941614598
1269929939307868161
1269929984245850114
1269930303319011331
1269931022659002370
1269931632930230272
1269931657689280518
1269932303330889729
1269932508830814208
1269932897378512896
1269933033467109382
1269933125250904064
1269933602625609728
1269933845605781504
1269933874752053250
1269934115794681856
1269935193126694913
1269935531682480129
1269935645465559040
1269935724758839301
1269935763623305216
1269936321692196866
1269936326830424064
1269936408237608961
1269936662697533441
1269936891807199232
1269937175711354881
1269937259475697664
1269937424374915072
1269937434923462656
1269938212643848192
1269938274258296837
1269938357926313994
1269938442751766529
1269938802027401216
1269939154944577536
1269939669803757568
1269941028045365250
1269941097393909763
1269941155447181312
1269941435215654913
1269941566623252481
1269941820533825536
1269941865396285440
1269941879732203521
1269941930923667456
1269942008203800577
1269942074545016833
1269942180929560578
1269942198541389827
1269942620559532032
1269943147280228352
1269943211172167691
1269943423672303617
1269943531633868800
1269943746487029764
1269943858307174400
1269944064566112257
1269944251250429955
1269944561310154754
1269944691736236032
1269944801732034560
1269944881427800064
1269945112458432513
1269945444483776513
1269945587769569280
1269945905844613121
1269946275970945024
1269946564941922306
1269946824862756864
1269947065422843905
1269947207958122501
1269947396408193024
1269947608526659585
1269947731759501313
1269947813909037056
1269947931852804096
1269948022106066945
1269948151944769538
1269948211570946048
1269948231435251712
1269948392253337601
1269948844420132864
1269949231244050432
1269949289159000066
1269949463071580161
1269949594084884480
1269949692558770176
1269949702390157312
1269949743435833344
1269950033836867596
1269950126329442306
1269950200891600896
1269950309511528450
1269950414595776512
1269950729059360768
1269950948438241280
1269951005933793283
1269951090407202816
1269951107805016064
1269951501629222914
1269951893742080000
1269951975107461121
1269952118518976514
1269952252816404480
1269952744632143879
1269953205808463879
1269953320195551232
1269954372567355392
1269954614197010433
1269954756828516352
1269955001750654982
1269955233981087749
1269955463501635584
1269955483240022016
1269955621530591232
1269955644544573442
1269955684264624129
1269955836396228611
1269955850237444097
1269955868495314944
1269955891161255937
1269955917610487808
1269955921020506113
1269955976288972803
1269956159726747648
1269956185043595264
1269956387519500289
1269956441370243072
1269956816001273856
1269957460145700865
1269957685560000512
1269957710105071617
1269957738559389696
1269957972303597568
1269958380577329153
1269958555605450757
1269958630473752581
1269958814754672646
1269958986817851395
1269959193232134145
1269959359183728640
1269959451894833152
1269959710331097088
1269959766802968576
1269960480170401793
1269960858521624578
1269961055897366531
1269961071856680961
1269961089799852034
1269961174143037440
1269961460525830144
1269962469176418304
1269962556157816840
1269962716330045441
1269962968436891650
1269963733490700288
1269963865879490560
1269964163532460034
1269964285096017922
1269964319388655616
1269964363726614528
1269964383569862662
1269964403832586240
1269964852660858880
1269965337371406336
1269965398155440130
1269965496625115136
1269966001984192513
1269966094888042496
1269966180283908096
1269966368981618691
1269966792719392770
1269966867138899969
1269966885916864516
1269967096185790466
1269967111188672512
1269967128557281281
1269967353615273984
1269967399337422849
1269967695241338881
1269967764870987778
1269967977446858753
1269968007423500288
1269968054487785480
1269968654785019905
1269968710044987394
1269969663095484416
1269969989500416001
1269970049315540994
1269970486433382401
1269970627894620161
1269970697981440000
1269971774025994240
1269971794523553792
1269971897065693185
1269972621363261441
1269972694759378945
1269972786765721600
1269973465823666180
1269973848117530624
1269973960965476353
1269974066364063744
1269974559907872773
1269974993342885888
1269975131557957635
1269975608500432897
1269976034155417603
1269976095375257600
1269976608846131204
1269976886215671809
1269976908806176770
1269977071964483584
1269977237903880199
1269977392379920386
1269977552564547586
1269977628116647936
1269977824997175296
1269977839123783687
1269978153969049600
1269978366679019521
1269978399994511363
1269978446752448514
1269978590399037440
1269978628185624579
1269978637681545217
1269978660951343105
1269978668991799298
1269978689850109952
1269979067891081216
1269979340583944192
1269979377770602498
1269979377867128832
1269979960048943104
1269979967770820614
1269980010502402052
1269980203402407937
1269980257651585024
1269980339059019778
1269980490473316353
1269980668496404481
1269980710040813569
1269980862919118848
1269980882267328512
1269980955571191809
1269981019047817216
1269981047732789249
1269981095220527104
1269981127860682752
1269981353585467392
1269981361210826754
1269981480261791747
1269981687716491264
1269981764870643712
1269982090889588739
1269982172611567616
1269982300902756353
1269982639919788032
1269982760153866240
1269982996289015808
1269983057790058497
1269983182641750016
1269983239520780288
1269983269409284098
1269983296731127808
1269983551753277441
1269983730757627904
1269983740383629312
1269983770813190144
1269983783639412736
1269984117967532032
1269984151391875076
1269984349908340737
1269984467571150848
1269984641706049537
1269984732814565385
1269984739039076352
1269984825781489665
1269984841187155970
1269984863358246912
1269984893599125504
1269984903002800133
1269984948691152896
1269984970413617159
1269984994908426246
1269985046368264200
1269985079159390210
1269985314061389825
1269985366012055554
1269985435209486338
1269985624074981376
1269985658480865280
1269985737279188992
1269985799757496321
1269985834733907978
1269985900332584960
1269986010407923714
1269986048786018305
1269986243422674946
1269986687792353280
1269986717177610240
1269986738589622272
1269986817157128195
1269987234595381248
1269987257169010690
1269987406960373760
1269987429919993857
1269987545267556352
1269987576913334272
1269987846003122180
1269988097732882433
1269988158390886402
1269989228252971008
1269989933348876293
1269989961551409152
1269990292247113729
1269990378981203971
1269990612264194049
1269990986593296388
1269991036241219585
1269991091824029696
1269991255712415745
1269991513779400704
1269991542011330560
1269991808827785219
1269991974687383554
1269992053976391680
1269992703669854209
1269992719293779971
1269992747567636483
1269992821647446017
1269993233708269568
1269993265987645442
1269993285428195328
1269993366416130050
1269993467737866242
1269993730297094145
1269994108464123909
1269994578070962179
1269994609574322176
1269994708618506240
1269994760858513409
1269995296680890369
1269995332491816961
1269995436787396608
1269996462210813953
1269996690666336256
1269996738149888003
1269996909436923904
1269996964910821377
1269996993264275457
1269997089976725510
1269997333724323841
1269997369497497600
1269997394382315522
1269997400866709504
1269997409108664326
1269997446177816577
1269997462246133761
1269997547860430848
1269997783290806272
1269997851213467649
1269998158274351110
1269998198023770120
1269998386423328769
1269998511153721345
1269998722185867265
1269998735788068875
1269998786610376706
1269998799281442817
1269999063677755393
1269999156099080192
1269999176605069313
1269999406222204928
1269999619183915010
1269999695264284672
1269999714562236422
1269999758023839744
1269999773886500864
1269999786234527745
1269999803783471109
1269999841486106626
1269999905650556928
1269999988291100673
1270000006863314945
1270000039096733697
1270000085045297153
1270000093391753218
1270000162740436992
1270000198601838595
1270000202557071362
1270000218482683911
1270000240335060993
1270000323596152832
1270000352058724352
1270000377044361217
1270000377920806912
1270000401564098561
1270000493243351040
1270000632947064832
1270000692699082752
1270000784160088065
1270000898354212865
1270000947490631681
1270001088800964609
1270001126423871488
1270001161089642496
1270001163174281217
1270001415717482498
1270001421178548227
1270001605505462272
1270001606545641473
1270001623041859584
1270001627311640579
1270001632088973314
1270001635645730818
1270001863023382535
1270001867284676611
1270001875425902592
1270001889623420929
1270001984733470723
1270002385360842752
1270002513656365056
1270002850370916359
1270002851276820480
1270002861280296961
1270003023679545346
1270003024635686912
1270003128541290497
1270003177283346432
1270003518355759104
1270003523246125058
1270003690506772481
1270003747691868163
1270003822769737730
1270003886846164994
1270004173216464897
1270004434232172544
1270004638604017664
1270004676969345026
1270004883714908160
1270004890815750144
1270005012710797319
1270005124564422656
1270005247088328710
1270005420384387073
1270005461773725696
1270005562592428033
1270005595094110211
1270005625469038592
1270005887453691904
1270005979573190658
1270006013601742848
1270006080060289025
1270006088604229633
1270006370486681604
1270006449960189957
1270006464199917569
1270006480893292545
1270006582785515520
1270006837035839488
1270007154037207040
1270007409529049097
1270007429548306433
1270007479385174017
1270007499316277250
1270007571882049537
1270007706548666370
1270007877080690694
1270007934513295361
1270007942801047552
1270008079015448576
1270008149005631490
1270008190021718017
1270008219033726978
1270008229074960384
1270008379189030912
1270008532734062592
1270008723432488961
1270008724967403520
1270008735809896449
1270008783394140162
1270009014525366272
1270009015980834822
1270009066085945344
1270009147925430276
1270009225763098626
1270009264963121152
1270009388464553986
1270009476100300806
1270009714189848576
1270010397274238976
1270010475489746945
1270010721967804422
1270010789999640576
1270010829564338176
1270010914264186880
1270010975366770688
1270011057306832896
1270011140584636417
1270011239293386753
1270011357300240385
1270011418365091840
1270011471402012672
1270011598917308416
1270011630819184642
1270011634690342913
1270011816467288065
1270012030523670530
1270012086035214336
1270012254407266305
1270012260870750208
1270012315119673345
1270012332786069505
1270012415112028167
1270012479226220557
1270012597304209408
1270012625523544064
1270012726736302086
1270012805207461888
1270012937122480130
1270013123177504770
1270013274931617793
1270013300386955264
1270014000525217793
1270014094637182977
1270014148689178625
1270014476985618433
1270014504131276800
1270014507620818947
1270014771811794949
1270014851637600256
1270014987499704321
1270015047406743552
1270015086493462528
1270015541613379584
1270015669568929794
1270015708437581824
1270016149783281664
1270016188723191810
1270016238551543816
1270016308583768065
1270016329710473218
1270016636607705090
1270016984046948352
1270017009376358401
1270017030679379968
1270017066393837569
1270017457437110272
1270017536499875840
1270017869883928576
1270017984124211201
1270018106484822019
1270018157084901376
1270018180858220545
1270018267881500674
1270018726767648768
1270018739916980229
1270018816442011648
1270019103248363527
1270019145636155393
1270019327144497152
1270019564546523136
1270019639179907078
1270019651645440000
1270019661304905729
1270019692674125826
1270019815894159361
1270020008479879173
1270020023759679489
1270020060577488896
1270020110489616390
1270020153884004353
1270020598152847371
1270020667656728577
1270020725588422659
1270020769033129989
1270020942526382081
1270021320017731584
1270021466382381056
1270021470291283969
1270021528898301953
1270021611626860544
1270021643000336390
1270021813087678465
1270022042566316039
1270022214461652994
1270022259458129920
1270022296598503431
1270022548265156608
1270022638258118657
1270022807619923968
1270022994790961155
1270022998511292418
1270023694845382656
1270023746854612994
1270023785198960641
1270023849057284096
1270023917168664577
1270024581391085568
1270024646448967682
1270024929656872967
1270025306267627522
1270025402631798786
1270025796124434432
1270025804689309702
1270025988672372741
1270026046419566593
1270026255849582593
1270026472518868993
1270026599509880832
1270026637380182017
1270026691587510277
1270026710969282566
1270027086837813257
1270027100326518785
1270027163698450434
1270027185869295616
1270027195751202818
1270027316949741572
1270027350453805056
1270027680398934018
1270027845033619456
1270028178107613184
1270028428511674378
1270028890002485249
1270028927411482624
1270028949234552832
1270028985678868483
1270029046433398785
1270029083565420544
1270029214738071552
1270029332627419136
1270029346116268033
1270029363052867591
1270029380123672576
1270029428597256194
1270029433462829056
1270029446095859712
1270029477926416385
1270029527612141568
1270029645182722049
1270029690112143367
1270029705039589376
1270029735532228614
1270029759645278208
1270029792608317440
1270029812669669376
1270029826867392512
1270029841509703680
1270029853912264708
1270030058493624320
1270030084343136259
1270030352140996608
1270030398580355072
1270030451424419840
1270030605925810176
1270030800671604736
1270030807575351296
1270030833559068677
1270030843453595648
1270030893390852097
1270031063188779008
1270031332333273094
1270031341891944448
1270031497563533314
1270031679516745729
1270031866670854183
1270031897415102468
1270031910006218752
1270032223232684037
1270032771352686599
1270032952013975552
1270032976424792064
1270033025242259457
1270033084348428289
1270033352918102016
1270033373365448705
1270033456236392449
1270033753604345856
1270033757500780555
1270033925390426112
1270033993807822848
1270034056965763073
1270034102201339906
1270034215980216322
1270034262998343680
1270034350223081473
1270034480795959302
1270034492179329029
1270034511632363523
1270034599138095104
1270034630423351296
1270034661016694784
1270034677781454849
1270034860321705984
1270035039925841920
1270035146801057792
1270035184096813075
1270035522585423874
1270035758976397314
1270035766618587137
1270036081287688192
1270036092776054784
1270036196857729033
1270036312276570112
1270036489532047363
1270036490689576964
1270036894806609922
1270037249493696513
1270037337242771456
1270037390002810886
1270037476711608321
1270037577660162048
1270038019936940032
1270038045459447809
1270038090145394695
1270038148165165057
1270038407901704192
1270038489137119233
1270038567008399362
1270038593730490373
1270039247043489794
1270039298193014784
1270039312071946240
1270039396478320640
1270039411728584704
1270039573129822208
1270039849463136262
1270040242909851648
1270040395204849673
1270040567934857216
1270040737409794050
1270041039164903424
1270041146975121408
1270041202373488645
1270041236523671552
1270041343318949888
1270041569601748994
1270042068057034752
1270042148218400770
1270042325809594368
1270042339931820032
1270042368323002372
1270042380243214337
1270042484291371011
1270042550229962754
1270042694241288192
1270042724276854786
1270042743516082179
1270042762025590787
1270042862453809152
1270042863011868679
1270043090192076802
1270043129496793095
1270043359235670016
1270043535425835020
1270043559870238722
1270043747124785152
1270043944353591296
1270044137421598720
1270044270469226499
1270044474492755968
1270045001393692672
1270045137758896128
1270045387479379970
1270045660058980355
1270045821132664832
1270046036988493826
1270046552057417728
1270046809138835457
1270047518705975301
1270047596472606720
1270047599278473216
1270047620392681472
1270047789100261377
1270048109498961924
1270049348706021389
1270049540754649088
1270049864576118784
1270049955214917642
1270049956112392192
1270050103307333632
1270050204381851648
1270050919540023301
1270051385728434180
1270051633498595329
1270051990513479680
1270052116833480704
1270052361189367809
1270052470190936069
1270052684863692800
1270052879009820673
1270053095167463430
1270053184413859843
1270053408205090816
1270053932140814337
1270054034968154113
1270054483083526144
1270055210480799747
1270056583028854784
1270056664146853889
1270056961258725378
1270057788274696192
1270059235519483906
1270059887058456576
1270059888748552192
1270059902208102400
1270060192617488388
1270060335081242629
1270060363376144384
1270060391117119495
1270060860363309056
1270060978860744704
1270061150252589062
1270061452565463040
1270061917034307584
1270062034814525442
1270062374599327744
1270062777718263815
1270063162344083458
1270063685319286787
1270064020939104260
1270064694162853893
1270064828367790081
1270065359220023297
1270066033034956802
1270066315160666113
1270067750417858566
1270069686734958592
1270071928401932290
1270072491814400000
1270072645929893889
1270073361448734721
1270073658531176448
1270073831667924993
1270074061935333377
1270074609631744005
1270074722915684352
1270078480718401542
1270082327448743937
1270082781163520000
1270083523601248256
1270085870490615810
1270088872387633157
1270088906030137344
1270092395569467393
1270095608045543425
1270096895764021248
1270098911701729281
1270099230124720133
1270100309076070407
1270103327200686087
1270133455842693120
1270147431825641484
1270147947695681536
1270151576972398594
1270153579328724992
1270156875837911041
1270158152219025408
1270163721294434304
1270167136883871745
1270167963153453056
1270168745961500673
1270168836726292480
1270169358589923330
1270170470218780673
1270170623629766659
1270175135400636416
1270175806375948288
1270178391329665024
1270178728673529857
1270178838664921088
1270179326802051072
1270179687252103171
1270180260844384256
1270183992227135500
1270184120694583296
1270184583682801666
1270184843528138752
1270184875224514561
1270184902193868805
1270184911928823808
1270184948419293187
1270184967046262784
1270185009920401408
1270186446813618176
1270187611961909249
1270188736085540864
1270188842507624448
1270190178183737346
1270193791727734784
1270193993087885318
1270196170283823105
1270196597792452609
1270197654262296577
1270198192450211840
1270200495223656451
1270201473218027521
1270201480260313089
1270201649613561856
1270203310927200258
1270203847852646400
1270204176191062017
1270204991819702276
1270209181493100544
1270209295829790726
1270209996135923717
1270212717081698305
1270213162558582786
1270215316551856130
1270215597012299782
1270217665492054016
1270218019420110849
1270219787835191296
1270221048097751041
1270222497971986432
1270223796713201664
1270223821883219968
1270224796995817472
1270226884073316353
1270227331492179969
1270227367743676416
1270227479404449792
1270229039903621121
1270229124888625152
1270240009505763328
1270241782899630080
1270242400573837314
1270245608800964608
1270245617093062656
1270245692842229765
1270245871666507776
1270246889993064448
1270246978211835904
1270248934317801472
1270249072566300673
1270249338061684736
1270249590676008961
1270249632950390784
1270249665313767424
1270249725879558144
1270249844465176576
1270250230596993027
1270250578938073088
1270250819364028421
1270250842604568577
1270250877006286848
1270251529166036996
1270252780427640832
1270252803076894721
1270253336009355266
1270254829684666368
1270257313702699008
1270260157516263424
1270262240457846786
1270262730881069057
1270262872824664064
1270266609458954242
1270266792313679873
1270268598771052545
1270270806141042698
1270272205604237313
1270273011153866754
1270274995487412224
1270277441609560065
1270278934014222336
1270281404438343680
1270283497559785472
1270295208668921856
1270295702095134721
1270304053474533376
1270307099059380225
1270309273994620929
1270309525401358338
1270314790926368772
1270314819065991169
1270318274077736962
1270319874380713985
1270325571054997504
1270327872121643009
1270343017447243778
1270350818403856385
1270369188763308034
1270369823797608448
1270370138748002307
1270371831006941184
1270371920983273472
1270371937584402433
1270375276149649408
1270378010127077385
1270387267891232769
1270389379907928065
1270391445980053504
1270395047280881666
1270419786388783104
1270427672179441665
1270456011812462593
1270475627230105606
1270480624764121089
1270549402529062913
1270572693516148742
1270575520393158656
1270614447120400385
1270629623886254080
1270752305944690688
1270953483961696259
1271042343278383105
1271122238008262656
1271390206357311490
1271390586059345920
1271390805605978114
1271391596332765185
1271393351699509248
1271394729629007875
1271481822904324097
1271508752244473857
1271627567578087424
1271730206357647362
1272063649675264001
1273929267571593216
1284027090250035202
