id
1271975170467442688
1271985054604910592
1271987784002256897
1271987947500273664
1271988159136632832
1271990425847382016
1271992635926835201
1271993393061617665
1271993545142857729
1271994213463285761
1271995892225073152
1271997074561593344
1271998034424061952
1271998139273076736
1271999454405509120
1272001157930467328
1272001343276740608
1272002369740394497
1272002422655774726
1272002432424239105
1272004315947962371
1272004477122310145
1272005650814349312
1272006583564644352
1272006656298106887
1272007750214488065
1272008256735440896
1272008359542091776
1272008751071916032
1272011171407618050
1272013224704016385
1272013229028335616
1272014280544534533
1272014791926706176
1272014874319572997
1272015440881963008
1272015573078036486
1272015940750696454
1272017778774429698
1272018682026184705
1272018766381985792
1272018855863308288
1272019335897325569
1272020049809731584
1272020246547902464
1272021586569134080
1272022630824960001
1272022986485190656
1272022989383467008
1272024319808253952
1272024887486410752
1272024938484871170
1272024965458432010
1272025343092756481
1272025655614439424
1272025940831289344
1272027264054484992
1272027458246545409
1272028019222331392
1272028464741257224
1272029436557381637
1272030325212930050
1272030490917105664
1272030835391098880
1272030996066635777
1272031009626705920
1272031955165429761
1272032358573596673
1272032457815019520
1272032592158572544
1272032608109490176
1272033137367736325
1272033154623127552
1272033547075776514
1272033552721305600
1272034604023574530
1272035124909989890
1272035180312588289
1272035385879572481
1272035480108797952
1272037120429842432
1272037254383276032
1272037339846639616
1272037589965344769
1272037746434080768
1272038762952835079
1272039264339898368
1272039440785891328
1272039618632749057
1272039625830227969
1272039712375504896
1272039961697480709
1272040274311516160
1272040555548037121
1272040624837951488
1272040819747254272
1272040912135184384
1272041066431053825
1272041173540933632
1272041264746299392
1272041628295786496
1272041684855975937
1272041707945639936
1272041775331282945
1272042662481166337
1272042932342624256
1272043455171031040
1272043667696480261
1272043954058358786
1272044366568124416
1272044386197495808
1272044386893746177
1272044398696488961
1272044552103374848
1272044876553568259
1272045064546594816
1272045228157878273
1272045262530154497
1272045388447354880
1272046109251309575
1272046148107112450
1272046417012338689
1272046852628557825
1272047005272092672
1272047658123788288
1272048124748595200
1272048190020182017
1272048370446528513
1272049395265966081
1272050454931705856
1272051895369035776
1272052027489570817
1272053116418973696
1272053149998526467
1272053657429671942
1272053673602867200
1272055704686194688
1272056136317861890
1272056364550942721
1272057179470802944
1272058288671162370
1272058606775484422
1272059097664413706
1272059185576898560
1272059600380981250
1272060306592878594
1272060718112632832
1272060978717265921
1272061207520968704
1272061628800856067
1272061637290151941
1272061778625654784
1272061937224953858
1272064099946393600
1272064679875981316
1272064779029549056
1272065335038898177
1272065567210405888
1272065734697345026
1272066469963149313
1272066820367716354
1272068270942642176
1272068346473783296
1272068494931058688
1272068760329805824
1272069024638091264
1272069160575528961
1272069306663276544
1272069461495832587
1272069563111350272
1272069590592430080
1272069630421426176
1272069886814990336
1272069992121430016
1272070275304046592
1272070494708252672
1272070958090608640
1272071113405681665
1272071205462261760
1272071382143242241
1272071469376266242
1272071658782638081
1272072050664861696
1272072388524441600
1272072459244765185
1272072520288608256
1272072658574651393
1272072768146731008
1272073010569023495
1272073482688327680
1272073928039477248
1272074063578648579
1272074070880747521
1272074354923372548
1272074543578796033
1272074887687884801
1272075690813190144
1272076307958886401
1272076357590298624
1272076582857867265
1272077301006495744
1272077356077727744
1272077689420120064
1272078118845468673
1272078189888565249
1272078395304632320
1272078404532072448
1272078612288716801
1272079215588859905
1272079240507174913
1272079767919972354
1272080071453478913
1272080592117485568
1272080682731225088
1272081970059554817
1272082462353633282
1272083227901956096
1272083594689736705
1272083856796135426
1272085046728560646
1272085390443384833
1272086131325259776
1272088015595122688
1272088201574793216
1272088291987214338
1272088763783471104
1272088967408574464
1272089157452492801
1272089218450247680
1272089560005017601
1272090177633087488
1272090316498239488
1272090570698051586
1272091283608092678
1272091508569567233
1272091930848112646
1272091953727893507
1272092007889088512
1272092300148170753
1272092458591989761
1272092721637810176
1272092981563027456
1272093535487942659
1272093658037157888
1272093665134026752
1272094141992730624
1272094203036569600
1272094242333024256
1272094688791552000
1272094802167820288
1272095483545161728
1272095761384247296
1272096629974347776
1272096782047014912
1272096865266229253
1272096908526317568
1272097157537910785
1272097431686021120
1272098481683849216
1272098810383097857
1272098955904651269
1272099076088066051
1272099127342428160
1272099520390680576
1272099671893176321
1272100239831265285
1272100473751760896
1272100485361590273
1272100848080842752
1272101098396848128
1272101407303143427
1272101691958063106
1272102127989428224
1272104668123062273
1272105156239224832
1272105348636147715
1272105414088249344
1272106133084188675
1272106526820364288
1272107349763858438
1272110396736974853
1272110416630476800
1272112444660314118
1272114275314614274
1272114511672156161
1272114579422638080
1272114591154216960
1272114784465379328
1272115389070180352
1272116767788130307
1272116848218083331
1272118507929403393
1272118723050999814
1272119634930667521
1272120295562842112
1272120311102820354
1272121336320520192
1272121605406121986
1272122353095372804
1272123600745594880
1272124349797896198
1272124533210832897
1272125540472770561
1272125730147663872
1272126575316578307
1272126824219205632
1272126995133018112
1272127782164848642
1272129154960556032
1272129940230737921
1272131189847977985
1272131998396690432
1272132268006363136
1272137310486708224
1272138093122981888
1272139770500542465
1272139897449504770
1272142127871508482
1272144466606841856
1272145061573038080
1272145595407298560
1272145663086624768
1272146752125071361
1272147198206046213
1272147227884916737
1272147607998074881
1272148187399065600
1272148419381825537
1272149178865651714
1272149961614876672
1272150056380977155
1272150090245799943
1272150348564660225
1272150519788851200
1272150534259200000
1272151792579559424
1272151978030686209
1272153693580820483
1272154712331223040
1272154846217375744
1272155213915283457
1272157134940180481
1272157345041113088
1272157908508176387
1272157952778973185
1272158245247946754
1272158299257884678
1272158619056787456
1272158823621341184
1272159478104952833
1272160113105621001
1272160210887442432
1272160426176868352
1272160833154367488
1272161489768464386
1272162019903508482
1272162543943983105
1272163122296451072
1272163317843443713
1272164735778054144
1272165097096372225
1272165449623638017
1272165533018927104
1272167031467413504
1272167280613265408
1272167346254123009
1272167426944163840
1272167443138400256
1272167808328011778
1272167842360684545
1272168005510684673
1272168487381696512
1272168538854191105
1272168682186108928
1272168789015134208
1272169101989797888
1272169374565236737
1272169756167008256
1272170173005365249
1272170190558674955
1272171231803068417
1272171246239784960
1272171280587018244
1272171414255071233
1272171450863022080
1272171638314819585
1272171828199387136
1272172349287088129
1272172652866789377
1272172884668977152
1272172921285304320
1272173207777185792
1272174167203463168
1272174453691015171
1272174700773269505
1272175201246040064
1272175274428432385
1272175339746332672
1272175363821457408
1272175504284504064
1272176685425680384
1272176910936600576
1272176963835146243
1272177026712006656
1272177034672865282
1272177263878868993
1272177412936044544
1272177487888265216
1272177675415588866
1272177778314498049
1272177975748726785
1272178055469871104
1272178171798908928
1272178223279824897
1272178553287737350
1272178609633910789
1272178782946725888
1272178972881641473
1272179445218992128
1272179556103774209
1272180311141396480
1272180483502346240
1272180681964023809
1272181055160643590
1272181188442992640
1272181209922072577
1272181288569499655
1272181447407874048
1272181751532658696
1272181879454629888
1272182006818967552
1272182177275486208
1272182396897673218
1272182498588385287
1272182770840690688
1272182797948469248
1272183252971708416
1272184129447026689
1272184204453806081
1272184446523863040
1272184739907006466
1272185568575676418
1272185813523206144
1272185814504534016
1272185855822594052
1272186129668689920
1272186396527087618
1272186500927479813
1272186529545244675
1272186570183897089
1272186802640523264
1272186814959239169
1272186848337510400
1272187623793217543
1272187722447323147
1272188088056524802
1272190474007089152
1272191242051321857
1272191510298189829
1272191590656651264
1272191630070525952
1272191784114782211
1272191832579928069
1272191979200278528
1272192056094408706
1272192148536823808
1272192154824138752
1272192216593608704
1272192238404005888
1272192284956561409
1272192516247285761
1272192613177647104
1272192643657695233
1272192980997287936
1272193086202896384
1272193107799314433
1272193183716261888
1272193220018008066
1272193268307107843
1272193348443365377
1272193362313932802
1272193380957646856
1272193661829132288
1272193936157786113
1272193965509378048
1272194208154206209
1272194286843551745
1272195035933446144
1272195071845097482
1272195115923079175
1272195349482860546
1272195581029613570
1272195865059315715
1272196041790504960
1272196069732966401
1272196168974360577
1272196179338694656
1272196316714749955
1272196581291220994
1272197026478845952
1272197196679536646
1272197504382185474
1272198147637313536
1272198242529275905
1272198343062511618
1272198357851820032
1272198568766365696
1272198730872025089
1272198975546769414
1272199117154869254
1272199231021830145
1272199371833012225
1272199372353073152
1272199397502148608
1272199447301087240
1272199687118843905
1272199861798985728
1272200040572956673
1272200109996929026
1272200708213936134
1272200921855012869
1272201457710874625
1272201716222406656
1272202388749705216
1272202630052233218
1272202662436433920
1272202692794834944
1272202880913571841
1272202915512381440
1272202928384815104
1272203065844621318
1272203476785942535
1272203636450291713
1272203657220485122
1272203833301581824
1272203841753067520
1272204322072408065
1272204558819667968
1272204590616698880
1272204599034695681
1272204840400064514
1272204848537038853
1272204893378408448
1272204939901587457
1272205131921027072
1272205429611745280
1272205465791823873
1272205542614634496
1272205575946821635
1272205970232483840
1272205998774599681
1272206385145503744
1272206578167345152
1272206579513692160
1272206806656282624
1272206807012786177
1272206901648842757
1272207147623825408
1272207181446696960
1272207260614189057
1272207284442066944
1272207794901381120
1272209082858913792
1272209092778397697
1272209600700452865
1272209610787524608
1272209838735388679
1272209912110579712
1272209998764929026
1272210406178607109
1272210566744903681
1272210866264391680
1272211885950025729
1272212062182113281
1272212204721303553
1272212476235411457
1272212671106920453
1272213225065508864
1272213669053468677
1272213678788448256
1272214302473121792
1272214470824087552
1272214478961225733
1272214549177888768
1272214760839245824
1272214969350668289
1272215014942752768
1272215164629053442
1272215263828520961
1272215345227395072
1272215593878503427
1272215670600556545
1272215725948547073
1272215783578402824
1272215785528684544
1272215891489378311
1272216058829484034
1272216109513682944
1272216998500372480
1272217129178157056
1272217155338027008
1272217194558939137
1272217509190463488
1272217547232796672
1272217710701580289
1272217807887888385
1272217815148310528
1272217858412445697
1272217869757997056
1272217879417520128
1272217897692065793
1272217975639011329
1272218338060468224
1272218432088358913
1272218672510021632
1272218933077016577
1272219112203149312
1272219132432232448
1272219195124535297
1272219233506570242
1272219291652222976
1272219485865312256
1272219491066277888
1272219588399267841
1272219683286966278
1272219718603010048
1272219726580596737
1272219749707943936
1272219846357291008
1272219900237328384
1272220078042304512
1272220412953235456
1272220559699402752
1272220585515290624
1272220775081111552
1272220792227393536
1272220808656506880
1272220825278529536
1272220839467872256
1272220854202425344
1272220874439979008
1272220891158462464
1272220908434817026
1272221335188430848
1272221446719238144
1272221604785696768
1272221611823792128
1272221619528675328
1272221637551616001
1272221667796807680
1272221819202748417
1272222162942783488
1272222339933995008
1272222357873033219
1272222480107593730
1272223054433783809
1272223523335835650
1272223532160860160
1272223564645580800
1272223725832687617
1272223996566802436
1272224096680640512
1272224102724456450
1272224137302302720
1272224484796162048
1272224505641893888
1272225212067536898
1272225247693922305
1272225253222051845
1272225500891541511
1272225532327817217
1272225663525642241
1272225686975963136
1272227356879360001
1272227985840463872
1272228392385961984
1272228467120062464
1272228474397184001
1272230446483431424
1272230736259473408
1272231155719274496
1272231182114177027
1272232304786563072
1272232919596064768
1272233828057317376
1272233994218700800
1272234020370132993
1272234643006189568
1272235064097517569
1272235071085244417
1272235221006430209
1272235521809375233
1272235653221113856
1272235740508778496
1272236800723959810
1272236813155876864
1272236823406718976
1272237997681864704
1272238090799603712
1272238146604814336
1272238212547780615
1272238478600724480
1272242473083916288
1272245670691221504
1272248064917426177
1272248349735784453
1272248403544563712
1272251642717433856
1272252729319018496
1272253286284881920
1272254018778091520
1272260951916437504
1272263951917518848
1272290611299667968
1272303542384988160
1272307330793656321
1272316667352121344
1272320837115244546
1272321378792796161
1272330282109038592
1272332348625833985
1272337634988179456
1272337791305867264
1272345851885613056
1272346250629783552
1272349997598556160
1272352075087634432
1272352213906665474
1272352685195276288
1272352699531456512
1272352791705423872
1272357567948189696
1272360567739744256
1272361942284304384
1272364107371442176
1272367500295114753
1272367898615373825
1272369862602452993
1272371485508800512
1272373442617020416
1272375857789558786
1272375917747138560
1272376718896988160
1272377123240423426
1272382706882449408
1272382866723233796
1272383012978614275
1272384547573780480
1272386536714039296
1272387279793688577
1272390475069026309
1272403294137143296
1272403426433921025
1272403546772627458
1272405588543066113
1272406452104097793
1272408752839430145
1272416619252178944
1272416937398669312
1272420197270347783
1272427814168354817
1272429240726597634
1272429272918081538
1272436698715062272
1272446425893187585
1272455351707684864
1272469086702895105
1272483283402584065
1272492249792774144
1272506416306110464
1272511186500612098
1272525102849175552
1272525464955912193
1272525500406288384
1272529701962166272
1272532723601555456
1272541496168701954
1272557776762437635
1272562040079560705
1272563072289263624
1272605788163334145
1272681630038097926
1272735395046985728
1272748590444744706
1272795553869385728
1272796794133442560
1272850407597813760
1272954016079556608
1273257506178039814
1273584212243738625
1273613129155358720
1273633418497015810
1277710048421015552
