id
1274870481296842754
1274872917579272193
1274878009443381248
1274887624612671488
1274889563345809410
1274890150846189568
1274890411346219010
1274892450641833984
1274893262982049792
1274894513547276290
1274897104381415425
1274897718561759232
1274898273954758656
1274898379018063873
1274899568614797312
1274899998673473536
1274900166315630592
1274900382100029441
1274900992266362880
1274901246533439493
1274902445181644802
1274902608000368640
1274904141647671296
1274904255875264513
1274904643634515968
1274904787377516544
1274905511134212097
1274905750284890120
1274906476474032128
1274906997771497472
1274908097308274688
1274912003480526849
1274912157151330304
1274912455278419969
1274913579565674501
1274913879731040256
1274913962409123841
1274914309043355650
1274915023471640583
1274915216938024961
1274915763539685377
1274915843801903104
1274916104536616960
1274916211579449344
1274916292605042688
1274917336923815937
1274918418999701505
1274918472074420231
1274918577234046976
1274918589607354370
1274919257831141377
1274919410671579137
1274919480531931136
1274919962436685829
1274920530164936704
1274920539593662464
1274920837720621057
1274921500013785088
1274922952094396421
1274922996273012736
1274924085139484675
1274924111509123074
1274924226491805696
1274924339134001153
1274924598803365889
1274924965716877313
1274926023834955777
1274926571309215745
1274927467308826626
1274927599941300226
1274927934520745985
1274928010920001537
1274928054649798658
1274928359659667465
1274928469814599683
1274928981075062784
1274929341420503040
1274929510539034625
1274929541132107777
1274929694706565120
1274929886168113152
1274930087645704192
1274930482652774403
1274930507097096192
1274930621165432832
1274931604557709313
1274931730890158080
1274931923287044101
1274931933433098242
1274932053566296064
1274932248333021185
1274932456257396738
1274932500096155649
1274932829936160769
1274932954066833409
1274933373153300480
1274933639197810688
1274933675600175106
1274933676082593792
1274934766995795968
1274934948986621954
1274935127571722240
1274935309982224385
1274935650886676480
1274935706335543296
1274935709468680192
1274935884006092801
1274936044341751809
1274936327134298112
1274937031324430336
1274937253496684546
1274937516705996802
1274937579536699394
1274937948304109568
1274937996299636736
1274938329520205824
1274938517487906818
1274938626565181440
1274938758886879232
1274938821419782144
1274939114576580608
1274939149070581760
1274939230750294017
1274939536741511169
1274939996638638080
1274940208757129216
1274940291422621697
1274941229541675010
1274941625119072256
1274942524784689152
1274942773645520899
1274943170325868544
1274943286340288513
1274943647050461190
1274944191412363269
1274944608443625472
1274945258187632640
1274945424080596992
1274945578397429760
1274946531901100033
1274946663618998273
1274947206395510784
1274947503331307520
1274947821171400704
1274947839223717888
1274947943791878144
1274948167436513289
1274948508873666560
1274948702935805952
1274948794195402752
1274949222597423104
1274950550283595777
1274950661646368769
1274950919373950977
1274951175612198913
1274951548951379968
1274952203828989952
1274952257608380416
1274952379507503104
1274952572915216384
1274952764813008896
1274952880340910081
1274952966399819779
1274953142493483013
1274953462627790849
1274953482739515392
1274953575563579394
1274953695050919936
1274953793151602689
1274954002845904897
1274954132949028875
1274954429008097281
1274954563682852865
1274954794025619458
1274954800489062400
1274954881862959105
1274954935222759425
1274955197073293312
1274955512665133058
1274955520642670594
1274955960327393280
1274957212633444353
1274957600619143173
1274957764163301376
1274957878453886976
1274958166023798784
1274958403345846274
1274958495830302721
1274958763292647424
1274958841138917376
1274959647640891394
1274959687146852353
1274959726590263298
1274960318410551296
1274960324341399554
1274960360467021825
1274960400526655488
1274960655892668417
1274961221356187648
1274961264339382272
1274961370094530562
1274961639830257664
1274961950212911106
1274962446713643008
1274962491013861381
1274962860863447045
1274962872209010688
1274963650898472960
1274963987507982336
1274964064259710976
1274965552159547392
1274965696158392320
1274965773002305536
1274966007069769728
1274966020067864577
1274966424478343170
1274967086456901632
1274967988211339264
1274968031169413120
1274969432918331392
1274969726037327875
1274969954689986560
1274970018384498691
1274970072981762050
1274970444248961026
1274970633680519168
1274971085876785152
1274971348536905728
1274971547862622208
1274971708085071873
1274972195148578819
1274972431367561216
1274972437440892928
1274972606509117440
1274973216566439936
1274973883402076160
1274974613978505216
1274974790520979457
1274975308060389377
1274975409797390337
1274975757110964225
1274976278953762824
1274977523953045505
1274977557843259406
1274977611660144646
1274977714823454721
1274977959875502080
1274978079119532034
1274978229300768774
1274978560487206914
1274979672678252547
1274979914987352065
1274980134739562496
1274980145653141504
1274981792013930496
1274981939494088704
1274982236714987520
1274982766019440640
1274982972656160776
1274983057653526528
1274983695061942277
1274983727328669696
1274984097954385928
1274984134260060161
1274984231202983938
1274984559088504833
1274984638016974849
1274984664013266946
1274984919358271489
1274984969471840256
1274985055434051584
1274985238859415552
1274985293842505729
1274985328122585088
1274988037185736704
1274988229167636493
1274988790549893121
1274988993113845760
1274990061444927489
1274990570746699778
1274990669321441280
1274992441632763904
1274992613989310465
1274992700815630336
1274992745208111105
1274992832197955584
1274992863902707713
1274992942273314816
1274993074746339333
1274993094073610240
1274993896527781889
1274995010165972996
1274995212608139264
1274995347819884544
1274997279359991813
1274997547640123394
1274997871968804864
1274998152853024768
1274998156690776065
1274998792773722112
1274999610537320448
1274999880583241729
1275000064713220097
1275000323090702336
1275000498865573889
1275000589580070914
1275000756500754432
1275000856048308225
1275001357628370945
1275001666408869889
1275001833757515777
1275002245331869696
1275002613457543169
1275002928181346304
1275003820607594497
1275004654355492864
1275004720986423299
1275004915459305472
1275004981301489664
1275005067741949952
1275005219672166401
1275005392913760256
1275005833722511360
1275006225076203520
1275006289240707072
1275006683245277184
1275008344403689478
1275008765020925952
1275008774923681792
1275009542342893568
1275009936867516416
1275009943230349312
1275010221191180288
1275010536615247874
1275010762545774597
1275011150942318595
1275011191404806146
1275011287727079424
1275011800103129088
1275012741997133827
1275012882762268676
1275013258915786753
1275013281745231872
1275013312648896512
1275014481966325763
1275015148764368896
1275015382361755649
1275015766954237953
1275017207223894016
1275017416196550657
1275017506860576769
1275018051998478337
1275018452684533762
1275018591675412481
1275018649795870720
1275018744121618433
1275018844331839488
1275018899046596609
1275018903014346752
1275019037563514880
1275019111089664003
1275019184942940161
1275019550698770432
1275019772338429952
1275019844002308096
1275019857403146240
1275020044108349441
1275020894390431750
1275020954628837377
1275021728914255879
1275021836003291137
1275022170825953280
1275022277583798277
1275022746779447296
1275023179585515521
1275023388365524999
1275023408036745220
1275023779190706176
1275023812094902275
1275023903312752647
1275024143935778817
1275024163158265865
1275024177947344898
1275024193206222848
1275024207882137601
1275024307425554434
1275024326048301056
1275024445229264898
1275024547662757888
1275024696405143553
1275024836990062594
1275025033287663618
1275025465460183041
1275026825505366019
1275027107920269312
1275027680140746752
1275028134296006656
1275028970153447424
1275029399939608581
1275029817973288962
1275029863544401924
1275030287848583168
1275030553742372865
1275031081511575552
1275031893402988555
1275032032330964992
1275032165575622656
1275032209036963840
1275032486242684928
1275032777956585474
1275032979044134913
1275033275325542400
1275033491508310017
1275033697431900162
1275034654706294786
1275034695164559361
1275034837179437059
1275034908063219720
1275035073885040642
1275035411190910976
1275035486260609024
1275035588400254980
1275035681400610817
1275035863433478144
1275036098520068096
1275036155235520512
1275036208914026497
1275036486321098753
1275036519724511237
1275036638268190721
1275036656005820416
1275036659822649345
1275036709567131648
1275036715934191621
1275036725664866304
1275036812658880513
1275036839271755776
1275036975590866944
1275037195053592576
1275037206856400897
1275037282022461440
1275037300129296384
1275037374712385536
1275037562394906637
1275037602249228354
1275037971213766657
1275037974887981061
1275037997755363328
1275038199707062272
1275038429818978304
1275038782710931456
1275039134546092039
1275039178569338881
1275039500943585281
1275039642375671809
1275039660658442240
1275039689431322626
1275039699241857029
1275039796897988612
1275039864048640000
1275039951621513217
1275040310930763776
1275041496211783680
1275041622762258433
1275041657004494850
1275041812038602754
1275042114095603712
1275042248036581376
1275042384615575552
1275042504518316033
1275042581110386689
1275042699545059329
1275042774031626240
1275042819657195521
1275042860488773633
1275043218371956737
1275043537743237120
1275043537973702663
1275044586537148422
1275044855790465024
1275045134653145088
1275045285710794752
1275045405894426625
1275046998589177856
1275047213358440449
1275047815090180096
1275048116480143362
1275048135581208577
1275048340120453125
1275048417664946177
1275048685307482112
1275048694115561473
1275048831302815744
1275048918984749062
1275049142780231681
1275049191887290368
1275049201949274115
1275049275563446274
1275049450054889472
1275050128756236290
1275050606013472768
1275051376385511428
1275051564101562370
1275051589707821061
1275051786647171072
1275052015521914881
1275052529336770560
1275052579060420608
1275052590124814337
1275052688875466752
1275052738309771264
1275052749244137478
1275052914525048833
1275053001640677378
1275053065729687552
1275053083228172294
1275053612767391744
1275053727229939716
1275053847891767297
1275054024174129157
1275054027806347265
1275054144940699650
1275054780176621576
1275055062818013191
1275055104555487232
1275055419543576577
1275055777108000768
1275056045723750400
1275056212543827968
1275056613074907136
1275056969418596355
1275057123131404288
1275057447837659137
1275057542939455489
1275057995034976256
1275058008012120064
1275058028329308165
1275058388955590657
1275058831370842112
1275058858105270278
1275059088045469699
1275059166835400705
1275059501419294729
1275059718340218880
1275059783276453890
1275060433741680641
1275060990522953729
1275061230336536583
1275061252708986887
1275061344769765377
1275061433235959813
1275061650769342469
1275061691332489216
1275062075056783365
1275062225837801472
1275062252073185283
1275062448790237187
1275062685168660482
1275062729296904194
1275062731100401665
1275062761538506753
1275063194403274761
1275063201860739074
1275063212216422407
1275063248908283913
1275063588411985920
1275063706234179585
1275063828372262918
1275064640855105536
1275064951065833472
1275064989921841155
1275065282088677377
1275065728505311244
1275065884319428611
1275066201039704065
1275066228231467009
1275066335341408259
1275066417423904772
1275067011236679681
1275067346202144774
1275067437172449287
1275067523180855296
1275067844288409602
1275068305145909251
1275068448268140546
1275068507021905920
1275068520405954564
1275068609975300098
1275068659686244353
1275068692091383810
1275068993699602443
1275069084577624064
1275069229692121097
1275069354955075585
1275069582017835008
1275069680550461443
1275069821164507137
1275069999929937922
1275070019169210371
1275070024663760896
1275070177252503559
1275070277999722501
1275070327840583693
1275070515900641282
1275070692803788815
1275070714094080002
1275070864979947524
1275071402463256577
1275071892219551756
1275072008686977025
1275072185556586496
1275072207199236100
1275072217689149441
1275072397381562371
1275072471536816131
1275072913805209601
1275072964132651013
1275073214146727937
1275073244609929221
1275073809909862402
1275073832617832452
1275073897105252352
1275073983268843526
1275074509012217856
1275075077122347009
1275075083812220931
1275075115059826689
1275075787616481282
1275075814896222208
1275075961520664579
1275076601865093131
1275076852952924161
1275076891196579840
1275077124957716489
1275077883296284672
1275077887515783175
1275077961566154756
1275078049688481799
1275078233495490565
1275078727500656642
1275078977657335810
1275079070565330944
1275079340099727363
1275079651598061572
1275079701531250691
1275079736679489539
1275079797727608832
1275079822260092932
1275079888307814404
1275079913280700430
1275079947325812736
1275080190280953856
1275080469801922561
1275080827546636297
1275081446789509125
1275082410028265473
1275082666052857856
1275082780532019200
1275083165858758656
1275083397405093891
1275083612824702984
1275083756810862592
1275083843502870529
1275083847558819840
1275084133748932608
1275084145509765120
1275084657537748997
1275084789217808384
1275085404966813698
1275085579026337792
1275085600031465475
1275085720521256968
1275085772291334144
1275085794970083330
1275085853887328256
1275086405325242368
1275086439886143490
1275086661697679371
1275086862743244800
1275086891390349313
1275086895635034114
1275086908528316416
1275086992590598146
1275087082508005377
1275087183607672832
1275087350104641536
1275087623996882946
1275087829429661700
1275087860396290053
1275087964637290501
1275088088075833350
1275088210612215809
1275088356276224000
1275088424463024133
1275088675613708293
1275088880245579782
1275088949673746435
1275089149029048322
1275089439132270594
1275089733421391873
1275089872047337478
1275089961532788741
1275090044433252356
1275090261715169285
1275090335186792448
1275090343323729922
1275090446356643842
1275090612170010625
1275090619556171778
1275090647339261953
1275090720370520064
1275090762061852672
1275090885722529797
1275090935156637697
1275090956434305024
1275091006732435456
1275091029998178306
1275091156091629568
1275091318545567744
1275091460157616128
1275091460962959360
1275091461378174976
1275091487529693185
1275091538180108288
1275091539291590657
1275091587366711296
1275091594853531648
1275091661337407488
1275091681902235649
1275091717645987842
1275091717935362049
1275091900555395072
1275091946717868033
1275091965399519232
1275091995438936066
1275092010307915776
1275092051563106304
1275092129954631680
1275092210644422656
1275092226897371137
1275092247797657606
1275092280639057920
1275092371881906176
1275092484012425217
1275092492631728128
1275092516434440192
1275092523250155521
1275092586810744834
1275092632566284288
1275092720030109697
1275092947294400512
1275093042844725248
1275093061203189767
1275093170041155587
1275093201188196354
1275093266229157894
1275093304904843264
1275093334290165765
1275093356155039745
1275093372324048897
1275093407241650178
1275093470034620417
1275093579971522561
1275093672573284354
1275093701442760705
1275093755591225344
1275093759793836033
1275093876659781632
1275093964119396353
1275094128255070208
1275094129987293184
1275094183888338949
1275094443503292416
1275094483512602624
1275094485664317440
1275094609501106176
1275094741202370560
1275094748999479296
1275095140688752641
1275095227603185666
1275095298893737984
1275095352064897030
1275095379332288518
1275095391495692294
1275095399875911680
1275095436945166336
1275095470293966848
1275095529811333121
1275095713098027010
1275095978291408896
1275096136458489856
1275096342285541376
1275096381531684870
1275096652584345601
1275096690928713728
1275096870340059137
1275097205557342210
1275097223403986945
1275097237232607238
1275097268647944198
1275097420678881298
1275097480615432192
1275097785369419777
1275098235032363015
1275098530084990977
1275098737686298626
1275098840643723269
1275098950807117824
1275099016343154689
1275099125881561090
1275099327594033153
1275099329540186112
1275099347059949572
1275099369310531584
1275099410880331776
1275099789340733441
1275099866578870283
1275099896832356353
1275099978550194179
1275100027556249600
1275100083915120653
1275100116056072198
1275100147773517825
1275100221735755789
1275100280934318084
1275100281638805513
1275100313591005184
1275100331727138818
1275100644576124928
1275100706303815680
1275100738817941506
1275100858766602240
1275100909026992144
1275101114250092556
1275101183061848064
1275101775381454848
1275101847640895488
1275101885838446592
1275102142152368131
1275102332204675074
1275102408662638603
1275102579236593665
1275102594529026048
1275102599264366592
1275102612992307200
1275102639366139905
1275102642159652872
1275102676087267337
1275102788083572738
1275102996620173319
1275103064916180994
1275103104413900812
1275103119957876739
1275103158424002561
1275103172382453761
1275103178149650432
1275103215994855439
1275103234214985728
1275103252330225666
1275103280029458432
1275103327785639945
1275103433490608128
1275103454625624064
1275103519540776960
1275103647345504256
1275103765066997760
1275104006415810560
1275104037759864833
1275104161063821319
1275104320992632840
1275104362336079872
1275104411426021381
1275104453499084803
1275104709611851776
1275105215423737856
1275105430331670529
1275105489676914690
1275105548426293257
1275105568714141697
1275105912961724416
1275105914249338880
1275106302755127296
1275106329263329284
1275106421621706752
1275106592640299008
1275106658134286337
1275106959566483458
1275106996505554945
1275107172506955776
1275107242572947458
1275107334381989888
1275107386403909633
1275107462471966720
1275107833407651840
1275108548892962818
1275108740111364101
1275108995561209856
1275109073470369792
1275109143716585472
1275109514417631233
1275109688925999105
1275109886850826240
1275109902248079360
1275110036575080453
1275110360207499265
1275110809039847424
1275110962270400514
1275110990267453440
1275111191812075522
1275111209675575297
1275111217661542401
1275111237240582144
1275111309688750080
1275111428723109891
1275111502366687233
1275111516111425536
1275111559581167616
1275111583060881409
1275111779782123520
1275111832659693568
1275111876058320897
1275111940394631168
1275111983344349185
1275111984816484352
1275112150642507776
1275112282796642305
1275112338824155136
1275112822104453120
1275113117433737216
1275113304399085569
1275113435043225601
1275113521555009536
1275113712358051840
1275113713884856322
1275113782432264192
1275114018332536832
1275114142584590336
1275114192111128576
1275114194434547713
1275114404866973696
1275114412504870912
1275114426748694528
1275114471678070784
1275114473657741312
1275114518377463808
1275114917180223489
1275114928907513858
1275115454835671040
1275116035176185858
1275116680033660928
1275116879250460673
1275116945759596545
1275116961505046528
1275116964055302154
1275117047006068737
1275117349348077569
1275117537760382976
1275117693503303680
1275118203686072326
1275118352701194240
1275118395336212482
1275118556154195968
1275119023005433856
1275119045725925376
1275119409594421248
1275119520063975424
1275119616486850560
1275119692827385856
1275119706123366400
1275119869600518145
1275119999259049984
1275120069274513409
1275120360824770560
1275120367510544390
1275120399034970113
1275120555432095745
1275120583148048384
1275120671799074816
1275120694037114881
1275120737464889344
1275120743232049152
1275121334075310080
1275121485762330625
1275121593597878272
1275121664259354625
1275121811252899841
1275121833876942850
1275121835890184192
1275121838817980428
1275122274207596544
1275122644577210368
1275122730392678402
1275122747769643008
1275122918700118016
1275123087579639808
1275123096635101189
1275123111931740161
1275123170786205696
1275123240042524672
1275123315162533888
1275123400608845824
1275123403083505664
1275123590367604736
1275123800330301440
1275123860191342592
1275123934040453120
1275124008850124800
1275124023223967744
1275124444030210048
1275124665757970432
1275124815771209728
1275125521693597697
1275125614509359104
1275125890020605953
1275126516452450306
1275126558404083719
1275127512176066560
1275127830011998209
1275127862077448193
1275127909368430594
1275127934802513921
1275128255998119937
1275128355004743680
1275128432641347584
1275128496604319744
1275128562886930434
1275128624174301187
1275128780806164481
1275128827006484481
1275128918597459968
1275129254112452608
1275129858599739398
1275129996894285824
1275130784890753024
1275131846620180480
1275132332588982273
1275132521085202433
1275132650492096512
1275132820457832448
1275132822651457537
1275132847628550145
1275132952251297792
1275132964490235904
1275133031871700994
1275133083159683072
1275133099261734914
1275133159881900033
1275133172976513024
1275133173605601281
1275133446566801408
1275133623075659776
1275133657649344512
1275133682873860098
1275133793775435776
1275133842651668480
1275133996314161152
1275134102895603713
1275134274698543104
1275134538826387456
1275134560406319105
1275134610226114560
1275134701272018945
1275135165455425536
1275135448382271488
1275135814238781440
1275135916772741121
1275136209283510272
1275136394566922240
1275136635601129481
1275137148333641733
1275137423735840768
1275137453985116168
1275137465230090240
1275137542950547458
1275137571190800384
1275137630112346112
1275137810433896448
1275137900720447489
1275138221668618241
1275138270087639040
1275138399112802304
1275138436211466240
1275138821466644481
1275138898843234304
1275138922545319938
1275139047002902528
1275139268789202945
1275139581336158208
1275139709891751936
1275139727734247432
1275140158828900352
1275141144158941184
1275141277382774784
1275142701197832198
1275143744459665408
1275144546301603841
1275145215150403584
1275145474488455168
1275147085931831298
1275149800963538944
1275150408361664513
1275150653719932928
1275151146856792064
1275153413471440898
1275154858073448448
1275154947865145344
1275157072494149633
1275159200683814912
1275159896871383041
1275161192391049217
1275162479643865088
1275163720797188097
1275164405315985408
1275164953914175488
1275165398409916418
1275167169177726981
1275167473420001280
1275172100278325248
1275176144963137536
1275184254599622656
1275186575077281793
1275192457873854465
1275194687846940673
1275200566742839302
1275205042031587329
1275210393095335936
1275214049068761090
1275220661049323520
1275226078274097155
1275233129288962050
1275235130886389762
1275236142833516545
1275236875226066944
1275241083463557120
1275244611645001728
1275246258009989120
1275247430691221504
1275250032636162054
1275250276409020416
1275251000937332736
1275251445252710403
1275252464950730752
1275253390746902529
1275253659610181633
1275253847921799168
1275254992362803200
1275255519083548677
1275257141620666368
1275257982398328833
1275258164145881089
1275258198899912705
1275261318849875968
1275262153570709504
1275262582555766784
1275262677904797697
1275263994975023106
1275265522817314816
1275266740520280071
1275266917129793536
1275267454072008705
1275268076456427520
1275268120815362049
1275268788280160256
1275268867179155458
1275268923781345283
1275270015143432192
1275270563586428928
1275271522760843267
1275271559708467201
1275271579513978886
1275271621394067459
1275271772275789824
1275271786456772611
1275271836880605187
1275274195987910657
1275275692679151616
1275275814045548548
1275276071517077505
1275276795890130945
1275277237026033666
1275278505505251329
1275280657095196672
1275281518881992704
1275281899238207488
1275282061880770561
1275282225274077185
1275283646245744641
1275283879717302273
1275287664221057024
1275292532964909057
1275294461912702977
1275296649573806085
1275297941696081920
1275298099800530944
1275298585307779073
1275300891101245442
1275308781287559168
1275308828024700936
1275309020690038784
1275309026591436802
1275309048632471553
1275311371190583298
1275311975661101056
1275312597638746112
1275314032270966784
1275314079544930304
1275314094690594816
1275314104924659712
1275314134540644353
1275315456736260098
1275318754692349952
1275319034779598848
1275322696503443457
1275323440837259265
1275324555456741376
1275324819140038656
1275324906368954369
1275325072379539457
1275325296430903296
1275325390509113344
1275325489935048704
1275325810883219457
1275328260092465152
1275329700110331904
1275329757987532802
1275337324805500928
1275340929214210053
1275341029177098240
1275341038492631040
1275341071434858497
1275349815757467649
1275350176723435520
1275353905078038528
1275355411890057219
1275355607243972610
1275355734125842432
1275355840984125440
1275356326332370944
1275358120643039240
1275360639565787136
1275361130773274625
1275367231598157824
1275367283263631361
1275367293099184130
1275367316532805632
1275370803232555009
1275376383418654722
1275378964026933248
1275384714518343683
1275390940656439296
1275391443230552064
1275391482740891649
1275393406043185153
1275395307568840704
1275400221950767114
1275407464003858432
1275418434436624387
1275419028178325507
1275420713147600901
1275424357628514304
1275427642968137730
1275436885901373440
1275438275302285313
1275447799299993603
1275451445521690626
1275494639139647488
1275494667849625601
1275514721752371200
1275582897999638531
1275640775322357763
1275734432037638146
1275734453940187137
1275734461892550656
1275734526384238593
1275734544075722754
1275734563617046528
1275764694859444224
1275790801226698754
1275791089279139840
1275802174698610688
1275802198501400577
1275802212564963329
1275802273491419139
1275802295687577601
1276083838465142784
1276552207010131968
1276772203330035720
1276815712917417985
1276831836107354112
1277245100188299264
1277245470872465408
1277246385495011328
1277470818222526464
1277562650860285952
1277600437164625921
1278212348201689088
1278324727489212422
1278386881814618117
1278968036725121024
1279726172864229376
1280377323175374848
1280843563920588801
