id
1252031935607500800
1252032438995312640
1252048180910280705
1252051901312454657
1252056249581146112
1252057666345529344
1252061181084200960
1252065994677223425
1252066721164193792
1252068930866167809
1252069952808538114
1252070872946323457
1252071994717175808
1252072120974282752
1252073801380028416
1252075150368894977
1252077812057595908
1252078210285809670
1252078655423070208
1252079432598122496
1252083261049729024
1252083600293593088
1252085665971359752
1252086088727838722
1252086475417501698
1252089007342628864
1252090314493497345
1252090437336096768
1252092852961591296
1252093229886926850
1252093292629463042
1252094479336521729
1252098667969949698
1252099516561362944
1252102077162991616
1252103083255107585
1252103466803032064
1252105711594553344
1252108978399526914
1252109993337380864
1252110650010210305
1252110861994536960
1252111081830400000
1252112704451440640
1252114206662340613
1252114653187944448
1252116418725724162
1252117109544370177
1252117733656932355
1252118267117871105
1252118504276398080
1252119041399042048
1252119136274018307
1252119569230999553
1252120454023659520
1252122418480627712
1252123896003756033
1252124436334968832
1252124673472516096
1252128123644071936
1252130493556035584
1252131634180001795
1252132881675153408
1252133662419644417
1252133847816237061
1252134970736467968
1252138419473354758
1252139572940718081
1252142472236396544
1252142776088555520
1252143345675014150
1252144157226938368
1252144997672968199
1252145297389731840
1252145305711259648
1252147650775977984
1252148220639100928
1252148322544033792
1252150919212470273
1252156727409213442
1252158328177901571
1252159596401242112
1252160084223782914
1252160770344759297
1252160967473012736
1252161792236646400
1252163585096052739
1252163823609372672
1252164863255818240
1252165633023721472
1252165666796429313
1252166230590578688
1252166581871718400
1252167037364961280
1252168206694772736
1252174559136153603
1252174889751986177
1252177567030939650
1252177932711272448
1252178297523322880
1252178969190793221
1252179979980267520
1252181537296015362
1252183007265386499
1252183054396690433
1252183078526541833
1252183164568473600
1252183275436638209
1252183372534710272
1252183786911084545
1252186334283825152
1252186801181093888
1252188129475223553
1252188134789361665
1252189259005452288
1252192612968288256
1252193149482438657
1252193519621595136
1252194522093813767
1252196217762664450
1252196935244496896
1252200085154381824
1252200260639682560
1252201026666606592
1252201027136192513
1252201075224051720
1252201094089895937
1252201836439760896
1252203180760297473
1252204670233133057
1252206515248750595
1252206545753870338
1252206659172044802
1252206871852638208
1252207657173127169
1252207732620320768
1252208109327548416
1252209014739369984
1252209138454589441
1252209424476762112
1252209586137960451
1252209614604521474
1252210774707261440
1252210929661444096
1252211161849892865
1252211539731378177
1252212726899884035
1252213425167630336
1252213770375450624
1252214165638246402
1252215404061003777
1252216005884997632
1252216095865331712
1252216851163054081
1252217028791894016
1252218955755741189
1252218957442023424
1252219229593616385
1252220044416704512
1252220503554744320
1252221296823291904
1252221315009916929
1252221739490144258
1252221861196206084
1252222004909887494
1252222224401985537
1252224274263203841
1252224386385379328
1252224420979961856
1252224714648350722
1252225159718506496
1252225449234591746
1252225927175532546
1252226532317081600
1252226814648348674
1252227131364368384
1252227149584404480
1252227452962631681
1252228159757406210
1252228293350195200
1252228479438843907
1252228737107554304
1252229285064044547
1252229496557592579
1252230396466479105
1252230445091090434
1252231009925345280
1252231049301512194
1252231523958353928
1252232047952879616
1252232365432164352
1252232626997350407
1252232710157766657
1252233375848427524
1252233992184623105
1252234651990548484
1252235286878142470
1252235644492865538
1252235970029617153
1252238460901089282
1252238598306291718
1252239260943441921
1252239400546664449
1252240763213111298
1252241301698945031
1252242718475972611
1252242897946148866
1252245965580337152
1252246075299082241
1252246377863643145
1252246402370961409
1252246732160634880
1252247592743788545
1252247604076974086
1252247781089165313
1252247854925545473
1252248337811570689
1252248977388367873
1252249538338881538
1252250184412614656
1252250896156655617
1252251197693743104
1252254522531106819
1252254713074126848
1252255567248101376
1252257289408352262
1252257418848858114
1252258750330662913
1252259005373706241
1252259879026212865
1252261507133435905
1252262199374090242
1252262239211413504
1252262260463951873
1252262498633347075
1252262638257680386
1252262766468947970
1252263843675291648
1252263952945311745
1252264622767263745
1252265715031257090
1252267695329824769
1252267886690758657
1252269703344484353
1252270387645169666
1252274235201843200
1252274442962690048
1252275011844370436
1252277363838029824
1252278640118767617
1252280347687084035
1252280429740081152
1252282172972515329
1252282482063360014
1252283192192761856
1252283366231007233
1252283727746482183
1252283747799572486
1252285113876037641
1252285889016807426
1252287216363028480
1252287300098113542
1252288371717636096
1252290849976627201
1252291199144058880
1252291862267858947
1252292635189932032
1252292788760145920
1252293087071780866
1252295743089504269
1252299009751871491
1252301896825532416
1252303249379479553
1252303935131414528
1252304722049986560
1252305241300664321
1252305991946780679
1252306215574650880
1252307391334379525
1252314283213500417
1252318450019708929
1252321658641289218
1252321727738068992
1252322326735024128
1252322453591900161
1252323958495621121
1252325704689164289
1252330775439179776
1252330999326765056
1252331038585565186
1252350203803271168
1252396589445873664
1252404537098268673
1252409446258466822
1252428496833372160
1252432150818721793
1252440088425795584
1252443243444346881
1252447136895000576
1252464165815377921
1252470148314722304
1252491949950394368
1252492619898331143
1252498678608084992
1252512885428727809
1252517809835216896
1252527905818771456
1252560039211986946
1252565830467899392
1252582586909519872
1252601894440013824
1252621372485820416
1252640836040355841
1252831045352734721
1254219122474250240
1255052882665226240
