id
1247324375868534784
1247329630094151680
1247333806077591553
1247339072424574977
1247343678315610112
1247345857952763904
1247345959991824384
1247349003165020161
1247352786338992133
1247353627431206912
1247354979632869376
1247358572289089536
1247360345678594048
1247360464658391042
1247360504177111040
1247360541942665217
1247360573253120000
1247360621458292737
1247360726022246402
1247361385316487169
1247362154627383296
1247364064201691136
1247365912404979712
1247366148947132416
1247366182950162432
1247368250360508416
1247369874763997191
1247370142452830208
1247370313634959360
1247370497983037441
1247370612487544832
1247371001379184640
1247371035273572354
1247371052188987392
1247371071856111616
1247371273841205254
1247371318002978816
1247371385128837120
1247371821982183424
1247372115453440001
1247372538256089088
1247372735468068864
1247372990695669762
1247373092139212800
1247374318264373248
1247374802488188933
1247374928753483776
1247375344123777026
1247375943003287554
1247375980257112068
1247376167897714689
1247378802000289794
1247379156523986944
1247379583495802880
1247380876444360704
1247380883260112903
1247381450665734144
1247381922088542212
1247382222585204736
1247382224619442176
1247382991879503872
1247383026503303168
1247383334499438593
1247385541143715840
1247386427299467264
1247387471630831616
1247387471953850368
1247388192187146242
1247388233043808258
1247389458447495168
1247390301913833472
1247390727291600896
1247390968514396160
1247392010253635586
1247393303164669952
1247393938433904640
1247394771548569601
1247394810261950464
1247395087618912256
1247396194441023488
1247396459990810626
1247396531755290624
1247397042382467073
1247397171718017024
1247397820518318080
1247397987166216192
1247398226438680576
1247398316632977413
1247399319709376514
1247399665433075713
1247399756302778369
1247400481124536320
1247400949926072320
1247400965491359748
1247401029785665536
1247403983846555648
1247404218085863424
1247404265724735488
1247404724388794369
1247404782672699393
1247405676814635009
1247407637668364288
1247408674760355842
1247408797410304010
1247409672518164486
1247410443179585536
1247410890762268672
1247411207075532800
1247411985903280128
1247412063502086145
1247412065003646976
1247412277440991232
1247412544026755072
1247413220274405379
1247413794348785664
1247414686070362112
1247415549711118337
1247415558800158720
1247415629356740608
1247415666409259009
1247415757593440256
1247415971255472128
1247417677561421824
1247418873902555136
1247419093415673856
1247419149300551681
1247419443077984256
1247419636368334849
1247419973535842304
1247420211382251520
1247422234571886594
1247422336124325890
1247423260846886917
1247424068749414401
1247424321661718529
1247425000300150785
1247425149613117440
1247425277564801024
1247425375036002304
1247425762308710402
1247425897977630721
1247426851347316737
1247427657240678400
1247427767760588802
1247428005690871808
1247428164541755393
1247429332336873472
1247429367329783809
1247429513027469313
1247429661132337153
1247430003697913860
1247431855000784910
1247432838204424192
1247433225099563009
1247433552641159169
1247433650360086533
1247433711382974465
1247433828014018563
1247434039914459136
1247434244567097344
1247435004390436864
1247435120354582529
1247435361720004608
1247436448560599040
1247436601463992325
1247436603435311104
1247436826304024576
1247436979622432768
1247439204906176512
1247441088295526400
1247442141070016512
1247444345579544576
1247446179333279744
1247446262091153408
1247446341178949632
1247448344571584512
1247448480924053504
1247448957086609410
1247449829623529475
1247449920027557888
1247450931722989574
1247451224120545280
1247451319595495426
1247451364847804416
1247451781925187585
1247452269597134849
1247452372810346496
1247452633956265985
1247453069870125057
1247453152661499905
1247453329887768576
1247454008928661509
1247454637059264513
1247455761237544960
1247456164553654273
1247456833150668801
1247457160616759303
1247457756845469697
1247458086970851328
1247459193273098241
1247459365612711936
1247459423842271233
1247459726050222085
1247460480475512834
1247460508501860355
1247460710998659072
1247460745983307778
1247461267440205824
1247463029408595968
1247463797440180224
1247464482609049600
1247465105895223308
1247465343708065792
1247466919906742273
1247467037640687617
1247467313353416705
1247467863222304769
1247468008273928193
1247468290802200577
1247468498323820544
1247468606683860992
1247468675113705472
1247469422031196161
1247469424619048963
1247470227052302336
1247470246136442881
1247471117989625857
1247471387461079040
1247471390048968705
1247471520135274496
1247472495835238400
1247472585538801668
1247473720978894848
1247474496044498945
1247474585148129281
1247475268471508992
1247475718700666881
1247475940013133824
1247475976415490048
1247476947174608896
1247477234320830464
1247478226697334785
1247478486966521856
1247478904199106560
1247479697513959424
1247479868670873602
1247480184867094529
1247480877149376512
1247482526421020672
1247483444403286016
1247485235475841026
1247485272578637825
1247485275518816257
1247485399229857793
1247485449574047744
1247485827711549441
1247486076328882176
1247486244944097281
1247488280527917056
1247488323481829377
1247488348752457735
1247488350849654784
1247489147599757320
1247489943104098305
1247489957217939457
1247490079729152000
1247491324258869248
1247492048162185216
1247492652024520705
1247494348268359685
1247495864807022594
1247496019228549120
1247496086333181952
1247496266507927554
1247496386792194048
1247496727961075712
1247496979644465158
1247497201531539459
1247498674432651265
1247498829953302528
1247500101263568896
1247501744977768448
1247501829698514948
1247502244099944449
1247502284264595456
1247502684111831042
1247503561405030400
1247503608611917825
1247503964461031425
1247503969548668928
1247505673593614336
1247505807857430528
1247505950799429632
1247506295738925056
1247506518225727491
1247506528539742209
1247506759083675648
1247506788569591809
1247508721246203905
1247509132996837376
1247509592302448640
1247509648573259777
1247509991407276033
1247510049871794176
1247510112954179585
1247511016881053696
1247511091745378305
1247512423306645506
1247514561114071041
1247514618706051076
1247515339853709313
1247515480706797571
1247515514689056769
1247515566732013568
1247515710126837764
1247516438094462977
1247516576368054274
1247516598606286849
1247516675131322369
1247516732169662465
1247516734283603968
1247516831692156928
1247516924096872448
1247516984088002561
1247517072839471104
1247517148848607232
1247517236639584256
1247517571282132995
1247518284586438658
1247518641060327427
1247518868181929984
1247519115725570048
1247519261913829376
1247519273116786689
1247519330863968256
1247519519389569031
1247519813171204096
1247520054343651330
1247520233163800576
1247520500835700737
1247520725834981384
1247520988222246914
1247521618521284608
1247521707058810882
1247521778882072577
1247521803347492870
1247522353178759168
1247522397479034882
1247522719807094786
1247522852284198917
1247522867102617601
1247522931963396099
1247523447980183570
1247523537931231233
1247524260286873612
1247524420773527556
1247524716576772096
1247524915743322116
1247525089207189504
1247525314017628162
1247525476723089412
1247525592389451784
1247525825567584256
1247526608950329344
1247527812514209798
1247528044002078723
1247528067154636801
1247529369985138691
1247529560410738690
1247529613024063490
1247529722151464960
1247530166613499905
1247530211467358213
1247530241855074304
1247530872875565059
1247531247351377921
1247531462405926913
1247531583776509953
1247531663199854594
1247531824856743936
1247532651352698886
1247534248120037376
1247534328185118722
1247534454509199360
1247534480148946952
1247534494619275264
1247534604891774977
1247535048254840835
1247535139166367745
1247536302129463296
1247536654866198530
1247536703847280640
1247537302735179788
1247537887282753536
1247538614428258304
1247538615044866052
1247540577924571142
1247540960394792960
1247540982507114501
1247541235012648961
1247541247452909571
1247541504987418624
1247542431710449664
1247542775731515397
1247542783709069314
1247543539119976452
1247543854758129666
1247544563482288128
1247544641135599617
1247544762262908929
1247545284697165828
1247545961003585536
1247546084567609346
1247546137575165952
1247546257280831488
1247546360787656704
1247546457210535942
1247547238122786816
1247547655108075522
1247547666101403648
1247548599757606912
1247548718900903936
1247548900535177217
1247549044966281218
1247550215462080512
1247551533698318336
1247551974423183360
1247552121399939073
1247552545502846976
1247557051573620736
1247557084515913737
1247557128845324289
1247557418118197249
1247558369721724928
1247559142153150464
1247560152930107393
1247560305288171520
1247560373416284161
1247560712236331008
1247561637592104960
1247561728541380608
1247562096490889216
1247562964552413184
1247563278420566017
1247566058241716225
1247566163292217346
1247566669670572032
1247567389094342656
1247569289533677570
1247570523137150977
1247571755729911808
1247572259654385664
1247572352310956035
1247573120715644928
1247573239716429824
1247573251645034496
1247575465394491392
1247575732647124993
1247577180286017536
1247577867967332352
1247577898090782721
1247578016676376576
1247579147649429504
1247579353010950144
1247582652577632258
1247583331799228418
1247583624502755330
1247585320599580672
1247586027293691906
1247586471923437569
1247586731718664193
1247586739050262528
1247588625971216384
1247589496591233024
1247589758160666624
1247596064472854528
1247597570991329280
1247600064232488960
1247600408861667329
1247601197751480320
1247604597453139969
1247606081183834113
1247608116339867648
1247608308636082176
1247609152701992963
1247610433869094921
1247610723796004864
1247615441217839104
1247618954245226497
1247661975686922241
1247694243931525123
1247707471872954369
1247712211080032256
1247725848855064577
1247726185464967168
1247728019906560001
1247732168299884549
1247733678328840192
1247739317172105220
1247772146769620999
1247782996771344394
1247794778684583939
1247795393347215362
1247796546004897792
1247796597712277504
1247797097295822849
1247797176224210946
1247797501530263553
1247798164716834816
1247798825831391239
1247799388061097989
1247800885431767050
1247854073988050944
1247857261218652160
1247881665772281857
1247882053502128132
1247882158590418954
1247906755251712000
1247922543803146243
1247939834842210309
