id
1253843121227489280
1253843792282570752
1253846303370600449
1253848126512717826
1253854093174439936
1253854975962177536
1253855786297688065
1253856219376152578
1253863206436528130
1253868602199085056
1253871468699516928
1253874378908905477
1253877999855788033
1253880834307874816
1253882920047005697
1253884722142310400
1253885323567751168
1253886460081483776
1253886554998665216
1253889574188638209
1253890248221716485
1253891493686734849
1253892175127068673
1253892290700967936
1253893350278627329
1253893369333309442
1253895660199243776
1253895899513630725
1253896297809088512
1253898529938030592
1253899125042614284
1253899392739729410
1253901163201589248
1253902257092878337
1253903006937931782
1253905549113962496
1253907352492752896
1253909419357855744
1253909738770665473
1253914803913003008
1253918183859212288
1253920607248551938
1253924585726185473
1253925788300148736
1253926138973429760
1253931760871591937
1253932639334969345
1253935284875476992
1253935718847545344
1253936289721667586
1253937128129605632
1253939970609381376
1253939992444891136
1253941190317113344
1253941463001427968
1253942871058558976
1253946274245537793
1253947081074413568
1253947108631035906
1253947467286142976
1253947950666932226
1253951383620861958
1253951504760762370
1253951629314846723
1253951942897745925
1253952441881518080
1253952552397180931
1253952680252395520
1253952714406375425
1253952762338873344
1253953307456032770
1253954097062875136
1253954241871310849
1253954738070016002
1253955037790785538
1253955109555367937
1253955916124151809
1253955919215390722
1253956501598765058
1253958056435576832
1253959378480312326
1253959524257538050
1253959680168275968
1253960004647956481
1253962099530891264
1253965074227585024
1253966499275890688
1253969155914518528
1253971759717629952
1253971815036334081
1253972743797628928
1253973563016609792
1253974918611398657
1253976362542661632
1253976658538663936
1253977049439469568
1253977217480011776
1253977338875752448
1253978378509541376
1253978462206849031
1253978549838442497
1253981219244568577
1253983008131911685
1253983239162793985
1253983408595759105
1253984694976167937
1253984722885066752
1253984770725380103
1253985072580972550
1253985204877717504
1253985770752352257
1253986199871479808
1253986403152625665
1253986662092124161
1253987456870989824
1253988928610156544
1253989300695228416
1253989453233704960
1253990270032506881
1253990663965810688
1253992555747803136
1253992672748077056
1253993234528899072
1253993666965901312
1253993818111635456
1253995069616672769
1253996717365760001
1253996828338593794
1253997010551574529
1253997670953127937
1253997727593238530
1253998355929317377
1253998637451010048
1253999208790704129
1253999271428321280
1253999424491020288
1254000812990140416
1254001086718898176
1254001160429596672
1254001161528434688
1254001260337954817
1254001465275883520
1254001719786102784
1254002321471635456
1254002435586093059
1254002704495542272
1254002998390304768
1254003215130976256
1254003240909320192
1254003275373912070
1254003399772831746
1254003420182151170
1254003637468098560
1254004510696988674
1254005251449016320
1254005283115819009
1254005933459402752
1254006167648395264
1254006231058059264
1254006241208135683
1254006830793023489
1254006849944391682
1254007191843098624
1254007582076727298
1254007599768506368
1254007714620948482
1254007898948034560
1254007987825528832
1254008125952147456
1254009223693758470
1254009548391591937
1254009559556874241
1254010282604519429
1254010653368397824
1254010812575801345
1254010927415885824
1254011471140253696
1254011970342223873
1254012358063796225
1254012405438451712
1254012415550689282
1254012473876905985
1254012889020522496
1254013166263996418
1254013555432656898
1254014185064685568
1254014212826775554
1254014814768082945
1254014817175629829
1254014962072076291
1254015495814221830
1254015616530382849
1254015622238867457
1254016178332278791
1254016285459066882
1254016850008006657
1254017027976515585
1254017159233073153
1254017644824424457
1254017645436862466
1254017809245487106
1254017890950483968
1254018239803330562
1254018437287833602
1254018671254532096
1254019619830083585
1254019674490040320
1254020620695810049
1254021667929460737
1254022103562481664
1254023602296496128
1254023992349876227
1254024188706394113
1254025109830021121
1254025121288855552
1254025440919818240
1254026588922019841
1254026614595153920
1254026704772718592
1254026894858579968
1254026931412099078
1254027170764271616
1254027258123169792
1254027375475453953
1254027569629786112
1254027947083624448
1254028301888258049
1254028584290643969
1254028588635971584
1254029668765720577
1254029835183230976
1254030168081006593
1254030416438165509
1254031588557418497
1254031691389100032
1254031816656171008
1254031929202049026
1254031956657893379
1254032292311228416
1254032421458190337
1254032447404232711
1254032645325049857
1254032708457631748
1254033171542421505
1254033335363358722
1254034080808660994
1254034507008802817
1254035003605843968
1254035877539352577
1254035910481506307
1254035949958295552
1254036835828854785
1254036976426201089
1254037123822260225
1254037399199457280
1254037636546732032
1254039193350737920
1254039603658407939
1254039619697426432
1254040010963030023
1254040070853558273
1254040082538889216
1254040152084828161
1254040209060237312
1254040593837117440
1254042142629982209
1254042660576219136
1254043450988584961
1254043870234644482
1254044653634060290
1254045103846379520
1254046347583385600
1254046659266445312
1254046696864198657
1254046785426817024
1254047526337966080
1254047766973763584
1254047806370635777
1254047950893768704
1254048122335977472
1254049219477770240
1254050474933682176
1254051095103459328
1254051614379261952
1254053242104922112
1254053309150724101
1254054066545733639
1254054600576921600
1254055325206003721
1254055703532036097
1254055952174575616
1254056311655763969
1254056595077488641
1254057366657605634
1254057400643907584
1254057421632229376
1254057710745608193
1254058354676129792
1254058764719669248
1254059079938371584
1254060448598708224
1254065097707667456
1254065853026332672
1254066522894381058
1254066843850952704
1254068660513042434
1254069620379545601
1254070908144152576
1254071047524999173
1254073208287813636
1254073286146904064
1254074192900677634
1254074475273875456
1254074581330956288
1254075056377888769
1254075160954454016
1254075337761099776
1254075344497197057
1254076927888863232
1254077598847479808
1254078542205218816
1254079769399853056
1254081448102920194
1254081464125263872
1254084284161200128
1254085234989162497
1254085273400406017
1254085351418650629
1254085394183815168
1254086213193084941
1254086587799015424
1254086847015170049
1254087611175645184
1254087884023296000
1254088596862033921
1254090281843961857
1254090312135385089
1254093824902615047
1254097646555463680
1254102248860286977
1254102648627789824
1254102932926144513
1254105217697673219
1254107671189262337
1254108757992148995
1254108883750182914
1254110163289681926
1254111088238608386
1254112020900831232
1254115226200371200
1254115723791626243
1254116042441396226
1254116058073628673
1254116910448275456
1254117475664277504
1254118217834016768
1254118376550674438
1254118984032477184
1254121294775193600
1254126048163201024
1254134363056463872
1254138991802081281
1254139460523978753
1254142295365914629
1254143532807278592
1254146629327863810
1254151858446270464
1254165779278368769
1254174197837901824
1254179203437735942
1254182649679056896
1254194851362623488
1254195320654893066
1254199867586510848
1254206475443945473
1254207495935049729
1254212752798670848
1254216931965575169
1254226789636825088
1254229213277818880
1254242925833342977
1254247725895307267
1254251890730123265
1254252773308354561
1254259431694651393
1254271536468332550
1254272940540981248
1254284644863873024
1254290313084129280
1254290611475185665
1254291877345529862
1254296930223443968
1254312120511901697
1254317422326231040
1254317629889605634
1254321952715468803
1254322739193634817
1254323591639781377
1254382419840466946
1254392237309325312
1254413840080449537
1254420796526731264
1254425204803026949
1254456067708252160
1254490446786711560
1254617499586314240
1254639641891749888
1254842087649898501
1254843647347929088
1254845048992092160
1255060670732697600
1255062038860181504
1255591433328721921
1255827688557871110
1255829959278497798
1259910257439961088
1263119139398443008
1264026240526229504
1264028886658138112
1277082658657300483
