id
1248407807138750464
1248407892056629250
1248412781847560206
1248416016402542593
1248417755470020615
1248417936395489287
1248419245559443456
1248421649981947906
1248423914880954374
1248425251056181251
1248425852842332160
1248427262778560519
1248434735572873216
1248435133541011457
1248437671505981441
1248438939020476416
1248439567666909184
1248441068057575424
1248441120750624772
1248445817825849345
1248447455156305920
1248448408584482817
1248450066009874436
1248454079501590529
1248455682963075072
1248458422179074051
1248461083649572866
1248461084706500610
1248461086447161357
1248461685335011330
1248462504084172802
1248463711049637890
1248465619244044288
1248469766483767307
1248471462404481027
1248471595955286022
1248472072482775042
1248473163698073600
1248473305700380673
1248473475234185217
1248474712423841792
1248475188095664129
1248475621799288833
1248475686966136832
1248476310155833346
1248477199679680512
1248477928838418434
1248479017587494913
1248480460952309764
1248482473068990472
1248483839728472066
1248484088249376769
1248484299029934081
1248484991207534592
1248485340664328193
1248485518255386624
1248485704121765888
1248485786577547271
1248486220893544448
1248486551744471047
1248486971317424133
1248487087570968576
1248487750853988357
1248487756826726400
1248487782990766083
1248487908484374529
1248489437543059461
1248490083994333186
1248490783788765186
1248490798959620104
1248491577682481157
1248492799390928896
1248493065976680449
1248493166635839488
1248493569159004167
1248493580420702210
1248494484913975296
1248494986724700162
1248495035567321094
1248495516255576071
1248496678690152450
1248496950439063552
1248497163815944192
1248497958431031299
1248498167659683847
1248499147356786688
1248499378643300353
1248499995281485824
1248501498645852161
1248502286134833155
1248503539690766336
1248503584380948481
1248504218018709507
1248504267297587202
1248504630528491520
1248506426957238272
1248508138875006979
1248508141668429824
1248509006622031872
1248509272624775168
1248509564498165762
1248510062181507073
1248511413175246849
1248511551079763968
1248512279571771394
1248512550188146689
1248514121156321280
1248514560744554498
1248517082347524096
1248517269937946625
1248517513236877314
1248518663185018880
1248518736111271936
1248518965631959041
1248519166614573058
1248519417702559745
1248521951246573568
1248521993852317697
1248523557660798978
1248523617010241536
1248524251486752768
1248524293043937280
1248524649543188482
1248524977382490112
1248525153635463168
1248525703982780417
1248525744646565889
1248525878163726336
1248527184441925633
1248528446151471104
1248529379015176195
1248530015240814595
1248530117170626561
1248531939201634304
1248535152541806593
1248535700972027904
1248536787598872577
1248538370482900992
1248538680366489600
1248538983233134597
1248539995788304385
1248540386663862272
1248541999751290881
1248543154262827010
1248544495114678272
1248546058545713152
1248547045012635648
1248547450337533952
1248549129065824257
1248549643694170112
1248549789891014661
1248550048683773952
1248550066144415744
1248551147188523010
1248551550039048194
1248552226944987136
1248553522393735170
1248554840525090816
1248557463357411328
1248557787002671104
1248557827670577153
1248557899237883905
1248557909790740480
1248557969706496002
1248558537640259584
1248559028847828992
1248559430326571009
1248559562128363523
1248560039142387712
1248560213466193925
1248560835191951360
1248561075638992902
1248561114444484609
1248561149596975106
1248561525541011456
1248561588631724032
1248561691434135552
1248561712162168832
1248561885978349568
1248562057370374150
1248562217772929024
1248562225683431424
1248562407275806727
1248562828052779010
1248562844439924736
1248564433795698690
1248565233074888704
1248565775369035776
1248566263275646978
1248566371887108097
1248566422386520064
1248566961770029059
1248567668103188480
1248567786495868928
1248569934776381440
1248569938094129153
1248570161772113920
1248570355729432576
1248571128399843329
1248572156029566976
1248572530194931712
1248573185181638658
1248574229282320385
1248574832469372928
1248575424902414336
1248576059252957185
1248576697038864385
1248576764697137152
1248576802320089088
1248577213894721536
1248577385110228994
1248577525472620546
1248577791487950849
1248577823851208704
1248577884333043712
1248578393827725312
1248578522601279488
1248578537319211008
1248578896825479168
1248580004050382850
1248580201237241856
1248580507303964677
1248582980596936704
1248583012620455936
1248583038499344385
1248585964236050435
1248586750127149056
1248589194655481857
1248589751843782656
1248591113356795905
1248592291138162688
1248592745674846208
1248593221132812289
1248594466690052096
1248594637566042113
1248594991334617088
1248595432843837440
1248595459838341122
1248595912798031879
1248596851080581125
1248597150474223616
1248597173979066369
1248597408977539073
1248597465747599360
1248598552986566659
1248598741067558913
1248599036199763968
1248599198317940738
1248599603919781889
1248600621210574854
1248600672510992384
1248600995464122381
1248601123394478080
1248601217653035008
1248602637118795778
1248603360304889856
1248603955971551233
1248605669210468357
1248606451725041664
1248607474124345344
1248607685328564224
1248607715699470336
1248607929772560384
1248608441498619906
1248608496460824579
1248608512977981441
1248608613305692167
1248609182019796994
1248609254254104578
1248609386118836226
1248610109774651393
1248610926363725831
1248612643306274817
1248613255892750349
1248614721369960453
1248615187529129984
1248618150213513217
1248618219184652291
1248618258187448325
1248618660530278401
1248618687998746628
1248620648433254405
1248621266417774595
1248621722372149248
1248621795902509058
1248622007794585602
1248622203907661825
1248622345406705666
1248622406941335554
1248622478210949122
1248622564181594112
1248623083277049857
1248623428715728896
1248624349994573830
1248625132613984256
1248625191653003264
1248625274217889794
1248625794370301953
1248625937245032454
1248627011204943872
1248627260325675010
1248627964062748675
1248628710879555585
1248630307164540934
1248630309475635200
1248631175129649152
1248631909493555208
1248632425401516034
1248632664791216129
1248633184117329921
1248635005644890112
1248635142731513856
1248636532283432960
1248638315567464448
1248640029728968705
1248640635264892928
1248642029774487552
1248643375017783297
1248643854837755904
1248643901679796226
1248644430397128706
1248644758559326208
1248644768046829568
1248646431960752128
1248646925324353538
1248647039430414337
1248647239305777153
1248647411850833920
1248647448563613696
1248647621863854081
1248648000060170246
1248648585287053314
1248649968082022405
1248650027095867392
1248651532972638208
1248651750069817345
1248652428683235329
1248652862843805697
1248653491884572673
1248654126608613377
1248654144228876288
1248656973244928001
1248657247602757633
1248657483540774914
1248657960185638912
1248658672139542531
1248658779446448130
1248659274756227073
1248660110987218952
1248660577641058304
1248661070417473538
1248661590544650240
1248661873660215296
1248662417942482944
1248664371947098112
1248664546367156224
1248664877666676737
1248667497064288258
1248667841210880000
1248668234129129472
1248669097136517121
1248670799000506368
1248671585206185987
1248674127042486272
1248674260962304000
1248674382693552128
1248674582673985539
1248675367562420226
1248675439570079744
1248676120360353800
1248676280825831425
1248676583881297921
1248676617054048256
1248676697572081665
1248676854497755137
1248676932650180609
1248678225414422541
1248678319513636864
1248678428620062720
1248679591301902336
1248679965140201474
1248680118429466625
1248680991989743617
1248681316142350343
1248681391598063619
1248681689653694466
1248681863419326464
1248682488538464260
1248684847545094147
1248685828039204866
1248686206872944648
1248686367183380480
1248686427363094529
1248687301271552000
1248687999321341954
1248688674537013248
1248689719766134784
1248690897711226880
1248691140993454081
1248695019004776450
1248698970743787520
1248710235071668224
1248713966496317440
1248727020521033730
1248727403381141504
1248759420034535424
1248792270125641728
1248793864128741377
1248803368102809600
1248808757213016065
1248817307062636545
1248831866989207554
1248833400921657346
1248835481896280064
1248836674852798465
1248837868413423616
1248838470866354177
1248838809527005185
1248840423801368576
1248840971095142401
1248841452320251905
1248842990790955008
1248843182340784128
1248843906944401409
1248848504811737088
1248863099341418496
1248864024457957377
1248867882181652481
1248871476544933888
1248874216834777090
1248877003501117441
1248879566833070080
1248888711212707842
1248895222311862272
1248910360670683136
1248916683940458497
1248923454507634688
1248923458270121986
1248926004912877569
1248933519931236352
1248949064877539329
1248997228397527040
1249408728476065792
1249409759020752900
1249709606387027968
1250101538338385921
1250709090508001280
1250784141441814529
1250786915378515968
1252499635072978946
