id
1251307538085113856
1251307581261246469
1251325883253698561
1251326706645757952
1251332340887977990
1251334266174050304
1251335220600508417
1251341566041456642
1251342479300784128
1251344565182910468
1251344706396553216
1251344788911087616
1251344839821549569
1251344890962698241
1251345077533720576
1251346254312833025
1251347034248003584
1251347179630923778
1251348369357725696
1251348519601860608
1251348770920390656
1251350986108530688
1251358794858151937
1251359847410544640
1251360184863203329
1251360473833967616
1251361559948914688
1251361646108278789
1251363204552257536
1251364750035836928
1251366179395915777
1251367198544719872
1251367741010788352
1251368996097548288
1251369305033158657
1251371684604624897
1251372276290695168
1251372726993825794
1251373700533776386
1251378054615560194
1251378157686362113
1251378292273213446
1251379157532958720
1251380233795588097
1251381007779069958
1251382892032167936
1251389317995347968
1251389646623215616
1251390009480843264
1251390514080780288
1251390586747117568
1251391465286033409
1251392304201396224
1251393350109851649
1251393554347208704
1251394883014864898
1251396367164948480
1251396427546103810
1251400614883414016
1251403247270588416
1251403385170882562
1251403409598676992
1251404357091786752
1251404449488101377
1251407005761384450
1251407136153718784
1251408744120037376
1251410660220682240
1251414147260014594
1251416442949341184
1251417297056493568
1251417313800142848
1251419258619170816
1251421844302786562
1251422096078499841
1251423221464723456
1251423816489807872
1251425034045980672
1251428115768721408
1251428827974098944
1251432038491537408
1251432403001724929
1251433813206499328
1251435240834207744
1251436803858378753
1251437802673197056
1251439258067329025
1251439622493626377
1251440458951094273
1251441155469750272
1251441220674400257
1251441492184363008
1251441524102946823
1251441974361698305
1251441997400821760
1251442278951874560
1251442309637582848
1251442684390191104
1251443234976358405
1251443507677532166
1251443717527011328
1251444442189279233
1251445573082898432
1251447653902082052
1251448069868019712
1251448108795363328
1251449485844086784
1251449800572260352
1251450166298570755
1251450285681082368
1251450655257985024
1251451313545605120
1251452152008097792
1251452383265124352
1251452820521283585
1251453844409561089
1251455400442040323
1251455469475913730
1251456565372043265
1251457722404483072
1251457901773967366
1251459699037425664
1251460004139302916
1251460466225762305
1251460602108624898
1251460799903612928
1251461395494780928
1251461961616744448
1251463108071002112
1251463548909338624
1251464436423905280
1251464754851241984
1251468122466344960
1251468427933319168
1251469303104172035
1251469952181305352
1251470160386338818
1251470200626483201
1251470214857814017
1251470442247806976
1251471889966469120
1251472449310527488
1251472527131643904
1251472570395832321
1251473000915849218
1251474066550054914
1251474748933943296
1251474919931604992
1251475219241250816
1251475980897546240
1251476565151543301
1251476712141062144
1251478200070180864
1251478967653040129
1251479342107865090
1251480007441911813
1251482380927299586
1251482940178960386
1251483146081583104
1251483157871972353
1251483293318631424
1251485188883800066
1251486952458555392
1251487139662974979
1251487943316783104
1251489065137930240
1251489329895010306
1251489515325153286
1251490088531505152
1251490443281358849
1251490615277137922
1251491233559646214
1251491664075657216
1251491768710778880
1251492198463373313
1251492800765415424
1251493369403998209
1251493681921589248
1251494029755219968
1251494145752920065
1251494279689539584
1251495141849698306
1251495426588459009
1251497501217046528
1251497878108987392
1251498054793998340
1251498247283027971
1251498706286686209
1251499793207062531
1251499967828688898
1251500085457809408
1251500513469714437
1251501873032572931
1251502693387911176
1251503886944198656
1251504233993682949
1251504243007123456
1251505598337703936
1251505922339254273
1251505988043108352
1251506031512809472
1251507070748094464
1251508039703646208
1251508686272397312
1251509248908877824
1251510133395296257
1251510506453561347
1251511250531635201
1251512412144046091
1251512871663685635
1251514917099761664
1251515569523712006
1251517283718971392
1251517593128558592
1251519056085045248
1251520247846166528
1251521537582215168
1251523204830593026
1251523926749900801
1251528183079333889
1251528616372035591
1251528692150525953
1251529804920188931
1251529806123905024
1251531418775117824
1251531464488783872
1251531910012002304
1251533017295630336
1251534866476339203
1251536700347580416
1251536731687366657
1251542535610101761
1251543727065247746
1251545352345317376
1251545821557948417
1251546527849500672
1251548300911636480
1251549073284333568
1251551957044649985
1251555812289343489
1251557431378759681
1251557514023321601
1251558256264314880
1251558402008002566
1251562099194511360
1251562521833553925
1251565046003404800
1251565060519948294
1251566430086066176
1251566434192199681
1251566952503525382
1251568354705330177
1251573843509997568
1251576992744353797
1251577502721609729
1251579024935055360
1251581509309358086
1251581903888678917
1251586146360004611
1251599439866855425
1251603123677741056
1251603216338350081
1251603936600965121
1251608166116327426
1251619623264497669
1251668973340495872
1251708580295634946
1251743805512003584
1251760738839994368
1251782356844806146
1251787565704851456
1251806842683969538
1251867128845594630
1251893689758203906
