id
1224555170316673025
1224556382692761601
1224557768801161216
1224559133275447297
1224560842299056129
1224566546808410112
1224567523405942787
1224567675785031680
1224568278594543616
1224571347591888896
1224575918145986560
1224582546689753088
1224583484951408642
1224584719695785991
1224595813583728640
1224607338432094208
1224619221805621248
1224619993490448384
1224620822792482817
1224621433093083139
1224621995217891329
1224627271278956546
1224627360038817793
1224627858934505472
1224627952689778688
1224629262751236096
1224630705994567680
1224632575152488450
1224652572738433024
1224659688849055745
1224697463065411584
1224718472808206336
1224746560929648641
1224747156592103424
1224749506912231425
1224897916004859904
1224926831654121472
1224927701124964352
1225097912121810944
