id
1242567452581453824
1242807243218857984
1242752383093895170
1243229163009564677
1242411198663913479
1242410944526835712
1242407159767285761
1242393255901192192
1242380933472210945
1242369127806730241
1242368991663775744
1242359601455960064
1242359548167348224
1242354893790167040
1242348838007930880
1242339899547607043
1242339083407331328
1242337114127101952
1242286448662978560
1242506198101843969
1242503832090759169
1242501474497658880
1242501254917443584
1242499405090963456
1242497292038438913
1242495423522066433
1242495209805475840
1242493693543821312
1242490436964323328
1242487613191106566
1242487404075913217
1242486640976769024
1242486541047328768
1242486276990758915
1242486265028784132
1242485735606734849
1242484477131014156
1242482149384544256
1242480757974552578
1242477910490898437
1242473464402825216
1242472780043636741
1242472576204435457
1242472164378501120
1242472120032145411
1242472000620240896
1242471870630248448
1242471749490540544
1242468925335457794
1242468541195890690
1242467433689935874
1242467022258049029
1242466379766222858
1242466287747395585
1242465999040856064
1242465474165616641
1242464550902853633
1242463990976057344
1242463030740283392
1242462788145909765
1242462081544159235
1242461400598863873
1242460714872131586
1242460419882545153
1242460178932523010
1242455016490684416
1242450568351604736
1242446400698200070
1242444620618805249
1242444415966167041
1242442920692719616
1242441294661799937
1242441052725755904
1242440698261057536
1242440308102770688
1242439039220883456
1242431325665026048
1242430369657286658
1242428663720640513
1242427116395753472
1242420867499536385
1242420358486974464
1242417847713890304
1242413351646289921
1242413153419284480
1242412912238624771
1242411855160545280
1242410284590874624
1242392858092421121
1242392339571560452
1242391561935007745
1242390949788921857
1242390904461123584
1242390702803128322
1242390327891197954
1242389389226807297
1242389359900258305
1242388829794750464
1242387075879464961
1242386967402168321
1242386926017142786
1242386391289311232
1242385819697967104
1242384976932253696
1242384452455550976
1242383783174844418
1242383589058031618
1242383231183392770
1242383174774059014
1242383151948877824
1242382114634391552
1242381533651976194
1242381025868574720
1242380965231480832
1242380653879951365
1242379755753598980
1242379376076812289
1242379330715439105
1242378338284343298
1242376416282333184
1242375602050646017
1242375593016131584
1242371826258501632
1242371636407308290
1242367385249533952
1242365280178720768
1242365084690608128
1242363938005594114
1242363076118114304
1242362304810778625
1242360916324143104
1242355305201070081
1242353823294705664
1242352983133712384
1242351095000649728
1242350939245121536
1242348221952753665
1242347909267386368
1242344413147197441
1242343144949051392
1242343138858913792
1242341295072464897
1242340703356637184
1242339516104368128
1242339031754485760
1242338750560120832
1242336167917322242
1242335247678636032
1242335138135998470
1242334705602576384
1242331184165556224
1242329520553615361
1242329309538217984
1242329261718962178
1242329103769858048
1242328506584817665
1242328295565185025
1242328011619184640
1242326006565728256
1242325886612811776
1242318033508429824
1242314077164077056
1242312583052324864
1242310484868706305
1242304585869324288
1242302986807676929
1242296187987750912
1242293972338241537
1242283278951989249
1242281229388521474
1242280961045217282
1242271161154707458
1242270186230566913
1242844043316350976
1242742124988239872
1242726370729435136
1242637389241057283
1242993980641390594
1242993580349607936
1242476007057027072
1242475517967609856
1242473854754156544
1242351157512556544
1242350790347350017
1242332661500137473
1242331254168506369
1242281651322802177
1242519330899836931
1242508578843312129
1242502360439484418
1242485716321308672
1242484920695414785
1242479669116465152
1242463285468745728
1242453668059680769
1242443589646352387
1242424756239872001
1242423599505408006
1242420660913065986
1242418030014955520
1242412699159375872
1242409381288759296
1242408642617282561
1242402749007794177
1242400881900838913
1242394475613179905
1242393900137906176
1242388353233780736
1242387723035406336
1242383463250042882
1242382714206146561
1242382509708460032
1242378700592570369
1242371952460746752
1242357375257829377
1242356350488698880
1242349677258792960
1242340023669633024
1242327748284051456
1242320127149801473
1242490525829066752
1242489874554314752
1242486464157384705
1242482892204212227
1242474577768271872
1242474327003414528
1242467757729308674
1242458372441608198
1242453770484641792
1242448140092895232
1242448115354841089
1242446677153173504
1242445288163250176
1242442970231705602
1242442402192752640
1242439823685611525
1242437854745124864
1242431773885124612
1242424081552748545
1242419697947045890
1242411862639042561
1244373224407715841
1242305247797788672
1242419149042847750
1242295801029640192
1242291104914890753
1242489250609680387
1242453384625418245
1242350220777684992
1245921340726472705
1246252237464031232
1246252179813330944
1242534233693962241
1242533757724180482
1242531692176424967
1248864016493142021
1251867253500305409
1242587278968414208
1242587261591408640
1242519177522319366
1242518830070378497
1242516031375097862
1242504871330197504
1242500713860583425
1242492388523692038
1242491581791227904
1242486914545938437
1242486908757749760
1242486864541437952
1242486818752192522
1242479476430098435
1242479464807682050
1242479425725190148
1242479417441607681
1242479403751202820
1242479255792959488
1242471552060280833
1242471456572723203
1242469325354594309
1242465136897437697
1242463701203947520
1242462217359904768
1242460453571366913
1242460254060916738
1242460036628197377
1242460012229746688
1242459946006056969
1242459836392132613
1242459818813788165
1242459751558062081
1242459543491280897
1242459465389047810
1242459404903100416
1242459328814202881
1242459311214903298
1242459210249625603
1242459174476427274
1242459110827855879
1242459030876041217
1242458925078896640
1242458845202481152
1242458766592946176
1242458688855650306
1242458432571146249
1242435395754889221
1242431536168710144
1242421667235631104
1242415320935084033
1242414216201424896
1242394217109848065
1242390413123579909
1242386792797450243
1242383018108436480
1242379192525893632
1242377555161673730
1242370104119013376
1242399498711658496
1242370708178493440
1242370017825439745
1242398250562457602
1242540100891766784
1242527532743680000
1242398246808387584
1242536575432413186
1242448130685022208
1242408800348332032
1242407197742514177
1242385987126214658
1242381002372071425
1242375339038265344
1242369332614541313
1242349041779793920
1242344858745860097
1242339950357442560
1242338918269210630
1242308484068073472
1242306781822341121
1242691780015017984
1243079818083594240
1242511622108639232
1242507208308359169
1242503493514072067
1242502345101062145
1242441717690675200
1242429807893385221
1242427012385345536
1242361946051162113
1242361795802775553
1242361687065399296
1242345419079700485
1242344709449605121
1242342952984145920
1242342313537359872
1242342137192042498
1242338192637825025
1242337820305264640
1242335475945197568
1242327048460197890
1242324120114618368
1242313339763474432
1242312086387978242
1242310825408430080
1242305838212984832
1242303968832716801
1242303547162517509
1242302518660493312
1242298081309122560
1242297821723680769
1242293441939345409
1242292421536272384
1242292260667977730
1242290844427636736
1242290744301248512
1242290679587328000
1242288661460209664
1242288468882931712
1242287442243096576
1242287396894445574
1242287298953142272
1242285582354509831
1242284716201357313
1242282909643522049
1242281765248462848
1242281359273390081
1242280977260371968
1242280927985721344
1242280845857009664
1242280824499822595
1242280189091926017
1242279479453437952
1242279443688652800
1242279331080081410
1242278515107483648
1242278362040557568
1242277884443516928
1242277033289216000
1242276866490126336
1242276462813536262
1242276318667890688
1242276286581465094
1242276224560271361
1242276221796274176
1242276139873103872
1242275095386587136
1242274826464555009
1242274570976948224
1242273894603452417
1242273523466264577
1242273042434326538
1242272735570452480
1242272137714356224
1242271996588650497
1242271658695512064
1242271561643524096
1242271541594742784
1242270788872359936
1242270338647392258
1242270302685392897
1242270264655667201
1242270227108212736
1242269854993764352
1242269687444094978
1242268949883924481
1242267715433349121
1242266681747091456
1242266277026181128
1242265237111418881
1242850121462628352
1242710223409672193
1242710208713031686
1242710127628537858
1242710113015590912
1242710109232320512
1242710100457869313
1242710096951443456
1242638413632811008
1242638396318601216
1242638379839193090
1242636534030856192
1242615161489223680
1243780002459467782
1244141526755602432
1244075666057777152
1242397286119817222
1242395990776152065
1242358800595562496
1242494829403095041
1242457153941712896
1242385291379277824
1242384404678422531
1242380164685647874
1242377675987202050
1242375814357725184
1242360814238969857
1242358073068523522
1242358003493306368
1277262115972296706
1242399733340987395
1242522239733358592
1242506264996769794
1242502348439609344
1242499640609529856
1242499274379636737
1242498379088687104
1242497375492395008
1242497028363554816
1242493200649973762
1242400508045709312
1242345246018560001
1242343204638212096
1242333585865969666
1242320194556416000
1242301236235218945
1242428754502139904
1242405800238125056
1242405490417471489
1242402025503109120
1242401502842490880
1242400232530313216
1242398232832962561
1242397213038227456
1242347905974820864
1242454120251834368
1242422107226558464
1242408906346790918
1242397423013482497
1242345727449108481
1242825879308455936
1242338719169785856
1242324558264168448
1242323886844215296
1242464900544212992
1242499032926183425
1242471247306305536
1242468593767333888
1242468580723011584
1242465123697999874
1242464894147915787
1242461636289376257
1242458884192833542
1242458363860000779
1242456955752304641
1242456165830684672
1242454925335986176
1242453620097867777
1242448819226202112
1242446993076584449
1242446587751575554
1242437833891041281
1242428077075918851
1242425998555013121
1242423550155165697
1242421102028017666
1242420782619176960
1242420165284786183
1242417947190099969
1242415617027629056
1242414780037468160
1242395635078156290
1242389392590663681
1242379740360495105
1242376579851776000
1242350736249212928
1242350500667740160
1242343708122419200
1242341546227150849
1242326778896699393
1242326018330890241
1242325818501554178
1242325010842148874
1242322269910663171
1242321705915125760
1242321704472330241
1242320453336621061
1242319909083701248
1242319842448822272
1242319665260400641
1242314917165727745
1242307820026028033
1242306437293867009
1242304725472575489
1242303890093047808
1242303226264739840
1242302132079886336
1242301988538204160
1242836963188543489
1242640181951213568
1242634799162023936
1242634391433539586
1242615173266857984
1242513682040590336
1242478877227671555
1242477782728241153
1242477158779490304
1242477034246307840
