id
1242065520129540096
1242064294746832897
1242061942535020545
1242070476467261440
1242066500103499779
1242026053909938180
1242165456129208326
1242143542102773765
1242142172570251267
1242138479066148869
1242135221149016064
1242117650660175873
1242116152311996418
1242115189991968768
1242113941439840256
1242112595328487424
1242103026657173507
1242095946613362698
1242090560808157190
1242090043889422337
1242089405466046465
1242089144077017093
1242088358311940097
1242087918673342465
1242086762530213888
1242085410244661249
1242084383558733825
1242084271684108294
1242083713631961089
1242083518135451650
1242083339487633411
1242081348203970562
1242080356473298946
1242076803168010240
1242076531964309506
1242074000919937029
1242072838682664960
1242071884226682880
1242071857840324610
1242068699215007744
1242067803252932608
1242066348458397697
1242063207323152387
1242060527968210945
1242059289427992579
1242058512240381953
1242050528768475136
1242050296735387649
1242048480278982660
1242047952144695299
1242047849405108224
1242047304439181312
1242047187350999040
1242044216932515840
1242041631467020289
1242035003342475266
1242032539398582272
1242032087764307973
1242030188403122177
1242029406303866880
1242025766440689664
1242022925521190912
1242022569718341632
1242005537446715392
1242002402435194880
1241999052109217792
1241993479795900416
1241992589575778305
1241990945718988800
1241986789193080834
1241986734214139905
1241984034269360131
1241980884003082240
1241977832261074944
1241977243972198400
1241976018992152577
1241970148359065600
1241969652256800773
1241968345647173633
1241968133742555136
1241968039555248128
1241952672988590080
1241950487487770625
1241948679688183808
1241948233682706432
1241948057006039040
1241947709554089986
1241947543140831232
1241947155486494721
1241946750052528128
1241945102110482433
1241943839390044160
1241942046740557824
1241941628526284802
1241941046604337152
1241927689134419968
1241923251565035520
1242093412800548866
1242093147062067200
1242091471576039429
1242090204069892098
1242089883914473473
1242089439473459206
1242074305770352645
1242072963307802624
1242045494169423873
1242043699028164608
1242028234419490816
1242023377839083524
1242023097101733888
1241993173095690241
1241992851203837952
1241983803666477056
1241971684246032390
1241964768010727424
1241957245845254144
1242189049743290375
1242155944345137152
1242153344380141568
1242152293757263872
1242150029550186501
1242137308255547396
1242137070945984513
1242136373802364936
1242082168039337984
1242069557633634305
1242069035715457026
1242069019106004992
1242067830679334912
1242067468283039744
1242065680997867521
1242058731308924929
1242055508476997633
1242055450776010752
1242055281288200192
1242055189005131777
1242055110483513344
1242051750871183366
1242051643329277952
1242046745791660032
1242043413203058688
1242042368670306306
1242041864783638528
1242039637637582858
1242035862675820545
1242034252641779712
1242033214685769729
1242015410335043584
1242013466870808581
1242012682896564224
1242007372609945601
1242003863932035072
1242003664224436224
1242003065785315329
1242001982677643264
1242001053177876480
1241995917558829056
1241991952700071947
1241989305775480832
1241979799096004608
1241966593791234048
1241966479827816454
1241953985898012672
1241953232789704706
1241946202892984320
1242283929161347072
1242114883430146053
1242125938734874625
1242117444455378944
1242112408736403456
1242110544183562241
1242109968154836997
1242108941779136512
1242105977824051201
1242098463543676928
1242098374658215937
1242091765022068736
1242087630122123264
1242086920085286920
1242040849422303238
1242019624901738497
1242005078074155008
1241999006508568576
1241997782262652928
1241996477863354374
1242099038394056705
1241975172929814529
1242160606125256705
1242134741714788352
1242128239734091776
1242126774433013766
1242122214838689792
1242108019963355137
1242039773360840704
1242033843403542529
1242008759771119616
1241966607364055041
1241959509125410816
1241953839076401152
1241948470925090816
1241942402073415680
1241940413985898496
1241929815969525760
1241928781956149248
1241924939940114432
1242282419530555392
1242084567499960321
1242083994851663872
1242095645017559041
1242089095456686080
1242088501870387200
1242016563064004608
1242014381619191815
1242013008139677697
1242010356760735744
1242010004468555776
1242009161530925056
1242008567294464000
1242118868925104128
1242100402079711233
1242100158210457603
1242037307462410241
1242018998826352640
1251766577592020992
1242070356631982088
1242145537882607616
1242090699475931136
1242050094532190215
1242032977833365505
1242015102594772992
1242014261586669569
1242012237323091968
1242011750330818564
1242011570135109632
1242011433656823811
1242003370832883713
1241951712228737024
1242156186922668033
1242110070181072899
1242123082518519812
1241984079408422913
1241970980664344588
1241942730034630657
1241931011656687616
1242455295110021121
1242182361015410689
1241999146480832512
1241914185203609602
1266288147710668802
1242154397397700609
1242079194332319744
1242051552229105664
1242036499694018560
1242029140267560960
1242011061298978816
1241990544617693184
1241897330313314304
1241895627618832385
1241894283453648896
1242367919671013376
1242156004202008582
