id
1236846000943157248
1236865361741377537
1236876868646604800
1236877079053910020
1236879385971445760
1236881698731638784
1236881861248516096
1236888607610171393
1236891038314139649
1236894141289807876
1236905809294098432
1236908070862589953
1236910382817488897
1236910718890291200
1236917134409846785
1236919924301262848
1236920908905885696
1236924683892727808
1236928458758008832
1236932233585242113
1236943826389876736
1236951107902959617
1236989164354015232
1236993506285162497
1236994607717797888
1236999428575318016
1237001182767448064
1237015375667032066
1237029944217108480
1237032024101105664
1237040099046629377
1237048549172326400
1237055485007867907
1237059131283931136
1237065320298196992
1237080878414618625
