id
1284315239702380544
1284317438939627520
1284317862753009664
1284318531664834560
1284319105219264513
1284321209388154880
1284322608679235584
1284322678560579585
1284325278919979008
1284330096313028608
1284331906486566914
1284333634107801600
1284334307608113154
1284334881460215808
1284335536656666625
1284335577052049408
1284337454384701440
1284339276772073472
1284340827406299136
1284342551068065889
1284342893038182400
1284350488486408192
1284352523793358848
1284352617716559873
1284352800990867463
1284353085142228992
1284353153715011586
1284353289409241088
1284353435798732800
1284353612693377024
1284353683224793088
1284353967896444928
1284354483447672834
1284354638771175424
1284354657033129985
1284354816395767808
1284354997912768514
1284355071598198784
1284355189441347584
1284355341329805312
1284355531054780418
1284355601871626240
1284355680996978689
1284355890439532544
1284355892968742918
1284357095572340736
1284360359776673795
1284360594624143360
1284360812660850689
1284361534966202370
1284361687831724034
1284361904043864064
1284362908680372225
1284364272915472392
1284364843974225920
1284365129451094016
1284365215199408129
1284366331005960192
1284367285331742720
1284367484959637506
1284367503028887553
1284367625414250496
1284368341524594688
1284371198772576262
1284371296101400578
1284371773211860992
1284372821477437447
1284374168415289344
1284375715337474049
1284375726469214208
1284377445831868416
1284377449170530304
1284377498252218368
1284377522897993728
1284377540446941184
1284377725264789510
1284377751013609472
1284377767543365632
1284377945235173381
1284378612653674497
1284378632740208641
1284379327459549184
1284380048368078848
1284380440640385024
1284380544197726208
1284380876382408705
1284380991683874816
1284381075859312640
1284381110651121665
1284381185645264900
1284381248849211393
1284382007468802048
1284383268847054848
1284387801203478529
1284390908570431488
1284392217285496834
1284393576424566784
1284394476736110593
1284394729220698116
1284405469235339265
1284408938113318912
1284409606576328704
1284411453240295424
1284412975475023873
1284414078207827970
1284415275434041345
1284419335914569731
1284420894853652482
1284421572875350017
1284427492720144385
1284428289491087362
1284439159461908483
1284439166613430272
1284439784258023424
1284443169917038593
1284443495374045184
1284451972741885952
1284453824027979776
1284454622610878465
1284457310891302912
1284458459312697344
1284459191696941057
1284460884329263104
1284461134419025920
1284465153975758853
1284466664688332800
1284468385850503168
1284469567184498688
1284469825683652609
1284475152067989505
1284480660711723009
1284480946457112578
1284488923826155520
1284488959687614465
1284489137605632000
1284489299526774792
1284494205700542465
1284496937043947520
1284497037866631168
1284497063795777536
1284497245455257600
1284497270864441344
1284498620151001088
1284499407652544512
1284501808832843776
1284503643555688449
1284503918739742720
1284508341176238082
1284509747731820544
1284510496377298947
1284511909891301376
1284514225386217476
1284518112532918275
1284518162570948608
1284525668282200065
1284529941288087553
1284536491641729026
1284536909792808960
1284537140412444672
1284540839482535937
1284543363610365952
1284566184021487623
1284578002140094464
1284579591336554496
1284579915132628992
1284665919143178240
1284684411011833857
1284706222654947328
1284721587577434112
1284721840028479488
1284721897473638400
1284747178674708480
1284749844146315264
1284757142906388480
1284797480039624704
1284797497966096386
1284797599761874944
1284878915979350017
1284928160354562049
