id
1281765258864951301
1281767085157126145
1281767526377164801
1281769241394524161
1281770255224897536
1281775298346987520
1281782934844985348
1281783102835249155
1281783478044983296
1281789249029722112
1281789322090303488
1281790662086541313
1281792295293992961
1281793300542844929
1281793810914107393
1281793990845542400
1281794191056494592
1281794282739777536
1281794383168172034
1281794660759789568
1281795399930441729
1281796348983930880
1281796686499721217
1281796703570419715
1281796921212854272
1281797332808286208
1281797380019388416
1281797408528064512
1281800873086259201
1281803470324944896
1281804721460633600
1281804792617226240
1281804926318866434
1281804944874409985
1281805032292139008
1281805059173478401
1281805318050078721
1281805443862417408
1281808014064758787
1281808764438376449
1281808864132788225
1281808950225063936
1281809160825262080
1281809478048813056
1281809689211047943
1281809855590699014
1281810042996449280
1281811595090264066
1281811608180682752
1281812466423349249
1281812500569133058
1281813009245933568
1281813947142660096
1281813967229169665
1281813981024247808
1281813994005622784
1281813994177654785
1281814024812814336
1281815053788803072
1281817564767752194
1281818450881425410
1281818687209521152
1281818770168664064
1281820259423383552
1281820920567365632
1281821094110834690
1281821267369226240
1281821361980076032
1281822837884346368
1281823644570673152
1281823941187665921
1281824266111995904
1281824779582844928
1281824984516763648
1281826157562703873
1281826977356238848
1281827199348125696
1281827349038678016
1281827777574916098
1281827815927672835
1281828769775235072
1281828846317105152
1281829901704650752
1281830330739986432
1281830574592688128
1281830613457092608
1281830715512897536
1281830739386892291
1281830766280716288
1281831052453965824
1281831246000087041
1281831956053848065
1281834428931555334
1281835058546921472
1281835088095805441
1281835120207380480
1281835194287177728
1281835250327273472
1281835932069408768
1281838290354798594
1281838362597285888
1281838883856986112
1281838950861004800
1281839782662832128
1281840812418977793
1281842608302485505
1281842991372484609
1281843267890544640
1281843439798116354
1281843733714149376
1281844749104631815
1281845797122830338
1281846305619238913
1281846687284072451
1281846751947706368
1281846944373944322
1281846958219354114
1281847047323172864
1281848835812110341
1281850437306445824
1281851606837886976
1281851730586730496
1281852575894003713
1281853830880088064
1281855073413328896
1281855418025693184
1281856256228028416
1281857404695502850
1281858806591324161
1281858895602839553
1281860852107313152
1281861255628640256
1281861443386617856
1281861738800058374
1281862213729280000
1281863482317475840
1281865456584765440
1281868785251766273
1281871418402254848
1281873791438602240
1281873832609906688
1281874004857327617
1281875115039309824
1281875198988320769
1281875243951255552
1281875311148167168
1281875334783102976
1281875358476713985
1281875528572563456
1281875542719918080
1281876157160275968
1281879794846556160
1281880653961629697
1281891311977562112
1281892219079680000
1281895467945611264
1281897453323612160
1281898533780504577
1281899827316404224
1281902019083595776
1281902105448468481
1281902324982534144
1281902381349793792
1281902720492859392
1281902786989355008
1281904676682600448
1281906431382351872
1281914516842770432
1281915984199274497
1281920803328520193
1281921220301078529
1281924097169952769
1281924462602928128
1281932234606297089
1281936008435703809
1281937383982653445
1281939069858185219
1281940893042462721
1281940956082696192
1281940986747162625
1281941011795591169
1281941033920544768
1281941061200310272
1281941092728889344
1281943737245958145
1281953333620563969
1281953347575005184
1281953391460016129
1281953549920858114
1281953572330934278
1281955333049667584
1281956218181836800
1281956912968241152
1281956986695766018
1281958137554059264
1281964654911094784
1281965212476702720
1281966200281432066
1281966677966483465
1281970780301963265
1281972015230906368
1281975462269317120
1281982450088898560
1281984747275616257
1281986971976347648
1281995129289502725
1282001847872413697
1282002898230992896
1282003241794859009
1282003742695424001
1282004465650765824
1282005306294169601
1282005401056055296
1282006076544577537
1282006086342504448
1282006343612682241
1282006396473454594
1282006399719890945
1282006560412073984
1282006748413308928
1282007112831217664
1282007258990120960
1282007271925362688
1282007294201393153
1282007352405749760
1282007788244176896
1282007865272619009
1282008357587451904
1282008548826771458
1282009002058977281
1282009308205481985
1282009391210721280
1282009421548142599
1282009495896354818
1282009636212621318
1282009850642223104
1282010540617789440
1282010848320356353
1282011302249009152
1282012237733994501
1282013283013165057
1282013357386555392
1282013383219245056
1282013737222692865
1282014756996476930
1282016087899385857
1282016741086789632
1282017102635757569
1282018533891690496
1282019127431847936
1282021356465356800
1282024530341330944
1282024844133978112
1282025130634260480
1282025199009816576
1282029654275051521
1282034332727537664
1282035378606665728
1282035787920375808
1282036937449062400
1282039569362219009
1282045818749386752
1282052681503141893
1282083668048015361
1282085575034458112
1282111416984457222
1282124602689249280
1282124659048116225
1282131887717113856
1282152183610306560
1282155686126706688
1282159730475974657
1282185370906451969
1282185708048797696
1282185800721952770
1282185824633647104
1282193940079247360
1282196720038957056
1282217075281285122
1282248692528041984
1282249965239070720
1282296703870099457
1282848224068268032
1284419214460088326
