id
1289010809453129728
1289011297435049984
1289014257602957313
1289014478265171968
1289014559164915719
1289015505408258048
1289020412135911425
1289020650892320769
1289020816412286978
1289021166942855168
1289021702693883906
1289022680272953349
1289023162668273665
1289024375702708224
1289027158862512128
1289029645569077248
1289029665844207617
1289040367774363655
1289044272105185280
1289044626704236544
1289047045693566976
1289051492146491392
1289059122734759936
1289061137854509061
1289061308218843137
1289066916779159552
1289070663035006976
1289071523819433986
1289071570170740741
1289071955136507906
1289071972614148096
1289072227984371712
1289073162110382080
1289073459801108481
1289074415670423553
1289074794667732997
1289076146772926464
1289076180394455040
1289076847641124869
1289077106517790720
1289077705531514880
1289079307571064832
1289079424747368448
1289080503685877760
1289081006998220801
1289081205107785734
1289081307704696832
1289085193744076801
1289086715831836672
1289087141595582464
1289092236961935361
1289104699883307009
1289114398238203905
1289115807415332864
1289116878044934144
1289116981501796353
1289117570323210241
1289117844219637760
1289117922162442240
1289130332898254848
1289130354272419840
1289130740219695104
1289140920885997570
1289147239210733568
1289156436946083840
1289158919068110848
1289159608641044481
1289160373858230275
1289160758350057473
1289163414607032320
1289163556013801472
1289164145355444224
1289164445692829701
1289165658865819649
1289166654362939397
1289166913247907841
1289167057930477571
1289170185555816453
1289170541727776768
1289173576466051072
1289175633558294529
1289183617793445889
1289184151208202241
1289185390662840321
1289186129640529920
1289186412063944704
1289186582931505155
1289186723285499904
1289187748096565248
1289188075365572608
1289188626895536130
1289188860270796801
1289189619615989762
1289190807040212994
1289190813994344453
1289191297715064832
1289191554981060608
1289191674300608512
1289192170243518467
1289192221254672386
1289192289802231809
1289192473588142080
1289192649560268801
1289192682951065601
1289192797375877121
1289194962161082368
1289195096840105984
1289195163361742849
1289195176263446528
1289195404932730880
1289195417368850432
1289195426940239873
1289196501353115648
1289196803594653703
1289200311211417602
1289200631547170818
1289200809087885312
1289201531812683776
1289201920830107648
1289202005596987392
1289202378667745282
1289203166320324608
1289203904828149760
1289204800874147841
1289207240067440641
1289207673422934022
1289209002266566658
1289211558996766722
1289213275113021448
1289214454127763464
1289215847370645504
1289216206935715840
1289219225056231432
1289220338270613504
1289220818174500865
1289222252060241922
1289222639614152705
1289225000289890304
1289225284361674753
1289236651215003648
1289244691729223682
1289245802372534273
1289247286065639425
1289256618337562627
1289261181052411904
1289266892016771072
1289278648382414849
1289279227162791937
1289279796992598017
