id
1288290474038501376
1288290611909419008
1288301279920287744
1288305249032183808
1288307349439086597
1288308321825546240
1288308356562792449
1288308644413468672
1288309419478937600
1288317935228817408
1288327087716052992
1288327219341746176
1288328202893443072
1288336422034792453
1288337062739841024
1288337377958625281
1288337573551669248
1288337806230609925
1288338100888821762
1288338188461682688
1288338814457372673
1288338882388307970
1288339196260777996
1288339729021194241
1288339784293732354
1288339911708495872
1288342126430887937
1288342875852304384
1288343790957162496
1288343794610401280
1288346288900071424
1288346350275502086
1288346668379721728
1288347074950385665
1288352268111106049
1288353635139637248
1288356198513651714
1288365917546483714
1288367936151879680
1288368040451559424
1288368669391589376
1288369679296155649
1288371733473320960
1288381221207080960
1288381809227476993
1288383681149546496
1288387097838092288
1288388273417515009
1288388405148045314
1288391104757297152
1288393763178467328
1288398421225639936
1288403877272776704
1288403991768907776
1288406661682434051
1288410097496907776
1288410606681219075
1288411824493195265
1288423391200866304
1288428063416410112
1288447785864372228
1288450923811835905
1288452023579373568
1288454341389463554
1288464749236109312
1288467174797926400
1288472211745992707
1288475117828239360
1288475350628892672
1288478348033703937
1288478645221294081
1288478987996377088
1288480842818260993
1288480905724485634
1288481278443102208
1288481340455714816
1288481352069701633
1288481568399355904
1288482496603029504
1288483298457526273
1288483713999876103
1288484434698596353
1288484628001484800
1288484961087926273
1288484971095584768
1288485466258341889
1288486515983527938
1288488568650858500
1288488617996767233
1288488819281428484
1288489142318297088
1288490350563098624
1288490460638351360
1288494968617631744
1288495108413722627
1288495461041487873
1288495715530887169
1288495787584839681
1288496202493751297
1288497048535224321
1288497373652504576
1288498935149916162
1288499290797613056
1288501544548147206
1288501871972200448
1288502362244395009
1288502380590329856
1288502657917677568
1288502911337558018
1288504451536363525
1288511507387408385
1288514596244828164
1288514662988832769
1288516821675458560
1288518009246474240
1288522307451772928
1288524125246353408
1288524666680700928
1288525105610412033
1288526398814969857
1288528148980670464
1288529877826564096
1288533134070276097
1288533211635580930
1288547875153014784
1288647902823235587
1288704062100254720
1288709076709343232
1288709519674023938
1288709548279132161
1288762201910566912
1288762603339046912
1288791398204891136
1288810127231868928
1288810305225543681
1289025965603995649
1289125661630590976
