id
1228471544994615296
1228534490026262528
1228547492377006081
1228548779546161152
1228549077060599809
1228549957340336128
1228551272325775361
1228552976454864897
1228572909884575745
1228577806973468672
1228579246894747654
1228581588566331392
1228597313469370368
1228610085783363585
1228620035545030656
1228625781640720385
1228626979814924293
1228642445157552129
1228653756520075265
1228663826419048448
1228666259740323841
1228682055950557184
1228683677598535680
1228684855334121475
1228685593032450048
1228686471063715840
1228688796905984000
1228701927338205184
1228704832657055745
1228705585157169152
1228707576512229376
1228720040578617344
1228720701038661632
1228723807877099520
1228724287101554689
1228730827632037888
1228737600137023488
1228853198217072640
1228886261005340673
