id
1233204883362385920
1233227878080434176
1233228311314104323
1233243508284112899
1233246713743175680
1233249520848273408
1233257865718026240
1233259595994320897
1233260539725406210
1233261238701871104
1233261546278547456
1233266579476865025
1233268592755585024
1233269269552455685
1233272159117537281
1233279595983470592
1233295527665700864
1233296086728466432
1233297321019858945
1233300667139149825
1233309094318002176
1233321367753256960
1233334840331603968
1233334916449857538
1233359072553947136
1233364180218130432
1233364275495751680
1233375753871355905
1233375797848760320
1233388296551698433
1233388839009476608
1233389767385141248
1233394937976119296
1233396697788641281
1233411752416567296
1233422570839576576
1233425336253042691
1233428966179917824
1233437480713515008
