id
1235760897483608064
1235762070240583681
1235767705938075648
1235767734866251777
1235768830187708416
1235782247887892482
1235817422122172417
1235819781204238336
1235820548363444224
1235821628744798208
1235825104681963520
1235834356045770753
1235837184772411395
1235837490029715466
1235837982046736384
1235839270864093185
1235844045215117312
1235845145813110785
1235845160367316992
1235847678346444800
1235849820549427200
1235852046521085954
1235852958580916227
1235857652510380037
1235858017477746688
1235858846934904833
1235863511521091588
1235865235505811456
1235871514953564161
1235871736320512003
1235873782075510784
1235876330274607104
1235878705718648833
1235880501644156928
1235881021586862082
1235883082978168833
1235884527228248064
1235885226972217351
1235886162264207360
1235889476544552960
1235891137069506560
1235896568605106176
1235897969020473351
1235902685116686336
1235902911969812487
1235903266182950914
1235903804173770754
1235906286153166853
1235908008959336448
1235909004481585153
1235913033051975683
1235913708691390464
1235915152320393217
1235918371683622913
1235918400032931840
1235918977727188992
1235920568148357121
1235923850954600448
1235925056850522112
1235925222580088835
1235931252139503618
1235931664120819717
1235932697320517633
1235933375673675778
1235936441554718720
1235938546537521154
1235939442625372160
1235940095137636357
1235956510431145985
1235963552587907073
1235967732761288706
1235971923013586944
1235974389620862981
1235975282244218880
1235975949352497152
1236000227007463424
1236037259255623680
1236056538638200834
1236065680861982720
1236076820321071105
1236283962621755393
1236309678214148096
