id
1244055182461120514
1244057130576924673
1244063779593355265
1244069526955675648
1244072646993514496
1244078507463827456
1244081702038896641
1244082271251906561
1244082890570264579
1244083587076390917
1244083683436331008
1244084584364605440
1244086434040070144
1244087292807053312
1244091453325733890
1244093525219631105
1244095754198634498
1244097597368754176
1244098124294967296
1244100192804061184
1244100473231233025
1244103552936448002
1244103696264249344
1244103730804350977
1244103798714331136
1244103852963450881
1244103923280928769
1244104462924271617
1244104933697368066
1244105256343973889
1244105976002695168
1244108346090590208
1244108365644488704
1244108606800195585
1244109039799169024
1244109060636471297
1244109335917027328
1244109513705185282
1244109523633065984
1244110761326022657
1244112127666733057
1244113569928474624
1244113719711260673
1244113747955707910
1244114306599284736
1244114363025223681
1244115602760806401
1244116686162350080
1244116871563087872
1244116987367665665
1244117805877739520
1244117980012658688
1244118112758190082
1244118174456406016
1244118621942497280
1244118713822892032
1244118893871812608
1244119607700570117
1244119651308601345
1244120440693391365
1244120784441724928
1244120899172716544
1244121059986518016
1244121106887241728
1244121378476814337
1244123221760167936
1244124161309577216
1244126773022846976
1244127148421476353
1244127343330779137
1244127463220764672
1244127699888717827
1244128202315853825
1244128284788416512
1244128307630813186
1244128344326586369
1244129314943229952
1244129444660301825
1244129553372434438
1244129832742424576
1244129833249996800
1244130521619161088
1244131275411034118
1244131726986637313
1244131774868762625
1244131781768429568
1244132186841690113
1244132322925883392
1244132403582341120
1244132769833160705
1244132964214038530
1244133158351564800
1244134207401541632
1244134766422528000
1244134930138796032
1244135254262042624
1244135328195080193
1244135391231266816
1244136123112148992
1244136305421725696
1244136438830190593
1244136815742730240
1244136866552532992
1244137082869575680
1244137090675163136
1244137243129704448
1244137387908673536
1244137480644780034
1244137550295396355
1244137659888365569
1244137673758928896
1244137746236465153
1244137766272798720
1244137773709361157
1244137775730798592
1244137847130443777
1244137898196135937
1244137910615412737
1244137941149995008
1244137987484422146
1244138004802752513
1244138147920789504
1244138152207376384
1244138197627490306
1244138206787801088
1244138224387149825
1244138246734360578
1244138259510218752
1244138264228855808
1244138320222769152
1244138371670102016
1244138465651863552
1244138532785938432
1244138587735523329
1244138665598529536
1244138691456573440
1244138743004418049
1244138800348946432
1244138853914443776
1244138936835817472
1244139024702271490
1244139103576141825
1244139430849343488
1244139481646510081
1244139541985759238
1244139597413543936
1244139652551815168
1244139704330539008
1244139755530420225
1244139811071352832
1244139856663425024
1244139906185621505
1244139929816289281
1244139939576418305
1244139956966047745
1244140002109304835
1244140010187575296
1244140018462904320
1244140327885099009
1244140344259670017
1244140850495410176
1244140986491535366
1244141044385452034
1244141142985375744
1244141859531874304
1244142285429723137
1244142640121016320
1244142699197808641
1244142752943595523
1244142884032360453
1244142936704471042
1244142982107811841
1244143026638745600
1244143072365051905
1244143119190249472
1244143165046575104
1244143213549477890
1244143517506600960
1244145139322257408
1244145253344403456
1244145310365913088
1244145596337754113
1244145678537748480
1244145724712841216
1244146647908507648
1244146694305927168
1244146802443653120
1244146830402662400
1244146837369442304
1244147614146150400
1244148414499061762
1244148521445416960
1244149011046477826
1244149035692257281
1244149614753665025
1244149978471096322
1244150297129144320
1244150860998795264
1244151277912649729
1244151281578475521
1244151509316587521
1244151588618293250
1244151778607800321
1244152093444730882
1244152894447931392
1244152989683609600
1244153448435609602
1244154263741198337
1244154378220490753
1244154652444094465
1244155043496046592
1244155044380852224
1244155333364211712
1244155570493337600
1244155607021522945
1244155641578409984
1244155711937970176
1244155770448445441
1244155810642448385
1244155949654224897
1244155978532171777
1244156169171505153
1244156188394024963
1244156438261280769
1244156600736051200
1244156944912285696
1244157005142478848
1244157089854955520
1244157105772216320
1244157150802272257
1244157253017415680
1244157494991015937
1244157649748291584
1244157704827891714
1244157805960941568
1244158176527667200
1244158634398908421
1244158776468369408
1244158942143320065
1244159368355966976
1244159451570900994
1244159615237062656
1244159807881392128
1244160115592265728
1244160132423933953
1244160220969852928
1244160232676188160
1244160260601831425
1244160372807880710
1244160426478198785
1244160531939745792
1244160809883885569
1244160923008258048
1244161146707275776
1244161652183814144
1244161807683444738
1244162032225509376
1244162431162540032
1244162692375408641
1244162770699862016
1244163370233679872
1244163731937869824
1244165222161678347
1244165322761891841
1244165611535515649
1244165908878069760
1244165921586855937
1244166018626445312
1244166249405349889
1244166577609736192
1244167217790451714
1244167946072510464
1244168166302871553
1244168414400114689
1244168622483714049
1244168743413936129
1244168826444374016
1244168883075821570
1244169037170368512
1244169043344408576
1244169151188353024
1244169173896314881
1244169277122334720
1244169324559863812
1244169921543602176
1244170767949893633
1244170942432993282
1244171091343364096
1244171097043603461
1244171527160909824
1244171713903857666
1244172079324229632
1244173316123959296
1244173320179703808
1244173482738348040
1244174279438024706
1244174502935662592
1244174653544747009
1244175020928065537
1244175343243554816
1244175411807801345
1244175863962193922
1244175932824473603
1244176225712603136
1244176505493741568
1244176692647608320
1244177492660744193
1244177566216249344
1244177751780626435
1244177984610873344
1244178038297776129
1244178525432643584
1244179266285129728
1244179559928356864
1244180785495588870
1244180970548363264
1244181504227291136
1244181572745482240
1244181887070822400
1244182137588367362
1244182401628008449
1244183370235428864
1244183442356449280
1244183594303500294
1244184043115044865
1244184303585628162
1244184538718273536
1244184633195061249
1244184740904579072
1244184780654034944
1244184884349992960
1244185236629381125
1244185584198774784
1244185886880706560
1244186031123050497
1244186057140137989
1244186165185359873
1244186169706831874
1244186209858883584
1244186279173959683
1244186777008496640
1244186992155299841
1244187169528242178
1244187655304171521
1244187771020828673
1244188005784530946
1244188712524607488
1244189031765692416
1244189756814053376
1244189999592923136
1244190821991108608
1244191435802337280
1244191641528762368
1244191682721013761
1244192116852449280
1244192228269932546
1244192246578073600
1244192466032406529
1244192791216803843
1244193199310036992
1244193331837431808
1244193775506690048
1244193786185388033
1244193872080564225
1244193889482731521
1244194154566975488
1244194233285632001
1244194820614168576
1244194845884690432
1244194970929483782
1244195128605986817
1244195156909162497
1244195171727634433
1244195175372484608
1244195321996926982
1244195780115611649
1244195961884327936
1244195996327804928
1244196180348682240
1244197353097027584
1244197540532084736
1244197814055268355
1244198433205846016
1244199501088182272
1244199687961210881
1244199927908937728
1244200169630916608
1244200319824711680
1244200468659625985
1244200498669817857
1244200538771619841
1244200712126464000
1244201089420759040
1244201609061486592
1244202050541350912
1244202753888411648
1244203138292183040
1244203622772043776
1244203705378824195
1244203946488414208
1244204044823851009
1244204173136027648
1244204623562280961
1244204706936872960
1244205074437435393
1244205804544122880
1244205864170319878
1244205897133387783
1244206089454759936
1244206115916673024
1244207353827917825
1244207461541851136
1244208011867869184
1244208335441637376
1244208715806334978
1244209102298873858
1244209283618619392
1244209369249538048
1244209650565672960
1244209910340075520
1244210562898116609
1244211006332489730
1244211067414130688
1244211253821595649
1244212197506428929
1244212594467983362
1244213242492153856
1244213452500955136
1244213581194727426
1244213889547390978
1244214227507675136
1244215104973004801
1244216027866492928
1244216171051663362
1244216273942114309
1244216293051506689
1244216857336266752
1244216977528422400
1244217780913700866
1244218360600002560
1244218519438254083
1244218902197886977
1244220109045948417
1244220215040196614
1244220792310644736
1244220865346015232
1244220911718297600
1244221294100590593
1244221567778897920
1244221580961439747
1244221670811824128
1244221721437016064
1244221787296034816
1244222158521294848
1244222261030055936
1244222294848761857
1244222426554089473
1244222474100838401
1244222782918905859
1244222785469255682
1244222894223142913
1244222974246309888
1244223308482183168
1244223454435364864
1244223537721663488
1244223676913864704
1244223864172720129
1244224474142015489
1244224607009161217
1244225012552224768
1244225015974735872
1244225018784927745
1244225021301547008
1244225025063837702
1244225027798528001
1244225030629683200
1244225033783795713
1244225036459769856
1244225038829535233
1244225041182556160
1244225044206645249
1244225046467366912
1244225049030094849
1244225055170523144
1244225057452249094
1244225059801030659
1244225223676710912
1244225387602661383
1244226152245293056
1244226437529227265
1244226461151539201
1244226542806294534
1244227429029347328
1244227502572093440
1244227573250289669
1244227675243155461
1244227849860481024
1244228464917401601
1244228689648205824
1244229121674113024
1244229530031509504
1244229619445714944
1244229872219648001
1244229878121213953
1244229891840552960
1244230122615398402
1244230251275681793
1244230355537678336
1244230386730688514
1244230465076092930
1244230486844518400
1244231009400320000
1244231163213799424
1244231179043127297
1244231320940625922
1244231360765554694
1244231527497519104
1244231561286828032
1244231783593492485
1244232014187790337
1244232115606016001
1244232144622411776
1244233180627910656
1244233256330858497
1244233502192631808
1244234054871859202
1244234075772092416
1244234124648280066
1244234197067116544
1244234352378011648
1244234423857336320
1244234469889830912
1244235189670170624
1244235437645778949
1244235505106968576
1244235577009963008
1244236399315836929
1244236639636873216
1244237355457880069
1244237517873766400
1244237940659757058
1244238426381025281
1244238928158306311
1244239662530453505
1244241783854252033
1244241784328220674
1244241931477102598
1244241983029129220
1244242239154302977
1244242665786372096
1244242966102683654
1244243310505422848
1244243382735495169
1244243420685553664
1244243444026847232
1244243906616680448
1244243955224477696
1244243987495415808
1244244119947481088
1244244856785891331
1244245111183011840
1244245119550640128
1244245402859298818
1244245909921083392
1244246134555582464
1244246763453595648
1244246963911974912
1244247107482972160
1244247219529646080
1244247410370441217
1244247462388191233
1244247874080108545
1244247975401930752
1244248040141012998
1244248356861313024
1244248399823515649
1244248570003251201
1244248586835177474
1244249155104468992
1244249345236414465
1244250205551128577
1244250619382083585
1244251227535400960
1244251983441047552
1244252274538483712
1244252368419442689
1244252451437309953
1244252666206683138
1244252694367199233
1244253110639312902
1244254253213835271
1244254327075532806
1244254408642187264
1244254559515492352
1244255104225533955
1244255673883525120
1244255978784059392
1244256350240038912
1244256448470646784
1244256806718681089
1244257121949978624
1244257357023940609
1244258127857373184
1244258220723433474
1244258562806665217
1244258762656862209
1244259061446537217
1244259373343338496
1244259683545673728
1244259766345404416
1244260101369688069
1244260138690777089
1244260189685067776
1244261081272311810
1244261591152910338
1244262118574129155
1244262150970867712
1244262216754278405
1244262271276027904
1244262635693944833
1244263255142330368
1244263396570062848
1244263500152598531
1244263613658849281
1244263849970159616
1244264038684454912
1244264122335797249
1244264127695958017
1244264427160891392
1244264675123945472
1244264779444707328
1244264896214294528
1244265009368018944
1244265195251236866
1244265417998127104
1244265525934354433
1244265709766492160
1244266133370404865
1244266270708469761
1244266742802604032
1244267319628447749
1244267337286447104
1244267535547027456
1244267915735486464
1244267924384174080
1244268081301553152
1244268108878995456
1244269019001008129
1244269040220045315
1244269627775094787
1244269845811625984
1244270165753098246
1244270847541628929
1244271096200712192
1244271117117710337
1244271310919761920
1244271484165664768
1244272345889423360
1244272355133640704
1244272602404679687
1244272723347607552
1244273658693992449
1244273908968116224
1244274025871769600
1244274935033298945
1244275131716784133
1244275166625984512
1244275223945302029
1244275447019397121
1244275905343533056
1244276139977252865
1244276624930910210
1244276788903075840
1244277146853376003
1244277290218840067
1244277326810165248
1244277759574147072
1244278160595628037
1244278171165319168
1244278530877394946
1244279305040850944
1244279452692967425
1244280309715107841
1244280349644877824
1244280966509707264
1244282719586021377
1244283056350842886
1244284266906669056
1244284441100308480
1244284612269895681
1244284794256551936
1244284977405022208
1244285082694643721
1244285099736088576
1244285539991224320
1244285595754496000
1244286147615842304
1244286383247618053
1244286504525914113
1244286888585781248
1244286983477719040
1244289034970529794
1244289811575234560
1244289990080655361
1244291474583220224
1244293456018710531
1244293577120899072
1244293850987769856
1244294235139915776
1244294941292912641
1244296038388838400
1244296334930145281
1244296363006988291
1244296403704262656
1244296841329430528
1244297006207471616
1244297503341674499
1244297982234656768
1244298007056613384
1244298121619726337
1244298409755979780
1244298458405597185
1244298483172913154
1244298997981786112
1244299204396105730
1244299435196080128
1244299561155227650
1244299687374524423
1244301109130186752
1244301320615391233
1244301326638444544
1244302344885399555
1244302779549511680
1244302837791592448
1244302947971809282
1244303385592913920
1244304007335567360
1244304196964241408
1244304408587821057
1244304562011308033
1244304843369410560
1244304935778430976
1244305320068829187
1244305394408685569
1244305495000616965
1244305680896417792
1244305710646579200
1244305838782566400
1244305880725651459
1244306048602628096
1244306250117963776
1244306370884747264
1244306496407527424
1244306678863949824
1244306738787938305
1244306753052766209
1244306954077364225
1244307047048515592
1244307423302578177
1244307509055115265
1244307540084547584
1244307879496003584
1244307980134178816
1244308404853587968
1244308494745866247
1244308589885472768
1244308742440497152
1244308944954068992
1244308990059622400
1244309102718791685
1244309375344234497
1244309683692638208
1244309960432836608
1244310401535205379
1244310724744273922
1244311002897764352
1244311251645157378
1244311278136352768
1244311578956066816
1244312156230672385
1244312160605319170
1244312183686610944
1244312278532386818
1244312334333440000
1244312336841576448
1244312894214299649
1244313038800318464
1244313103187111936
1244313347736121347
1244313477797183488
1244313749437087744
1244314599530389504
1244314856532013061
1244314944377622528
1244314977831395333
1244315020265058305
1244315286926483461
1244315559673483265
1244315918282264578
1244316059219275777
1244316238349848577
1244316267407761408
1244316363859980289
1244316730677006336
1244317386976579584
1244317415967576064
1244317689461362689
1244317951634731009
1244318091242352640
1244318728054947840
1244318774750097408
1244319374040694785
1244319427488894979
1244320008953458689
1244320164931186690
1244320428908138496
1244320743183138816
1244321140958359554
1244321261716508672
1244321391798677505
1244322620352262144
1244323447007670273
1244323664008548352
1244324251982630912
1244324392936427523
1244324937545863168
1244324952708247554
1244325116508606467
1244325843129622528
1244325854706044928
1244325992857882624
1244326597462593536
1244326992301961217
1244327654389452801
1244327747876339712
1244327854889783296
1244328582740160523
1244328726122434560
1244328809148506112
1244329051243704320
1244329690921226240
1244330114378170368
1244330394176172034
1244331085674119168
1244331676156579840
1244331776182341632
1244332180303687681
1244332359375187968
1244332748921163778
1244332778520342528
1244333106133262336
1244333660515348480
1244334016934936576
1244334481756094466
1244334861919240192
1244335313142427648
1244335972302483457
1244336281469009922
1244336922136162305
1244337930623012864
1244338900631343104
1244340321913376769
1244340827037417472
1244341125894283270
1244341202637320192
1244341237106249728
1244342338572484608
1244345408312262656
1244345746054189056
1244346256660369408
1244346521044180992
1244346546189037568
1244347481111945216
1244349672136658944
1244349822863151104
1244351273509384193
1244351728188719107
1244351754608627713
1244353599649406976
1244354491958190080
1244354520622063616
1244354572878897152
1244355744494911489
1244356359124070400
1244356532864573441
1244357420912128013
1244357507524497412
1244357538222661639
1244359153474318337
1244359664197869571
1244359681356808195
1244359766828355584
1244361853095927808
1244361869566992384
1244362501656940544
1244363600850030593
1244364257476497409
1244364273339346946
1244365095238393857
1244366004366348288
1244367245834420229
1244369059304468480
1244371293711056904
1244372751873343496
1244377119397904386
1244379126808465409
1244379881233715200
1244383174341378050
1244386243292598272
1244390390326677506
1244396598395723776
1244398087738724354
1244417480451215360
1244419808956841984
1244420260620406784
1244422447647977472
1244426250095079431
1244430473578704896
1244430545808916481
1244434299711078406
1244435679955869697
1244436178155307010
1244439103816396800
1244439981419941888
1244441610256932866
1244441915673595904
1244443310346797056
1244444240819585034
1244450015059144704
1244452128677974017
1244452289248522240
1244453562270138368
1244454011492802561
1244454396282445825
1244454688084426754
1244463900323651585
1244464319938441216
1244464844641726465
1244466791826374657
1244468660854378497
1244468968414277632
1244469631059922949
1244469686772723714
1244470041170436096
1244487317311705090
1244494649487527936
1244495133833170944
1244499707398766592
1244499821857132544
1244504390507077632
1244505481156018178
1244511987662491648
1244512701684088832
1244515828495552512
1244515948989526017
1244516362069798915
1244522647519498241
1244523248710119424
1244523644153237510
1244525102709919745
1244525622052810752
1244526014329286656
1244527619632066560
1244533939680817152
1244540025351458817
1244540953337008129
1244551783113875456
1244552094834515974
1244567574228189186
1244568064068288515
1244574380555825152
1244575575890518017
1244575756442677248
1244575928329502720
1244576076044492800
1244576212942348289
1244576503242747913
1244576647036035073
1244576825163911170
1244576982639063041
1244577147777245185
1244587345963184129
1244588414688808961
1244604025477238787
1244604448955121664
1244604465371590657
1244605664531320833
1244616810109882369
1244622558898434054
1244624275836817408
1244626439862775809
1244649999792623621
1244651067578527749
1244652725612265472
1244657644754829312
1244659766795755520
1244660320099954688
1244666148123099139
1244666459474636805
1244692407083360259
1244703189128990720
1244703864135151616
1244775487823470592
1244831349279580165
1244835791513088001
1244922263842861056
1244946809329336320
1244947193959571458
1244988163715510278
1245033001358155777
1245042506368200705
1245044450784509954
1245148324702928897
1245175102011879425
1245224594337935360
1245237570105204736
1245264603036057601
1245362360560373761
1245393011690721280
1245446188142379011
1245596894660681729
1245679226327449600
1245718268452564993
1245825088751955978
1245941794308841472
1245969682919600130
1246465831820611585
1247123344584871938
1248125928787476482
1248325894453764098
1248933218746683394
1249208013216497666
1249740773177737216
1249989210418720768
1252697737956601860
1253197327352819712
1254750255955968003
1254985152880611328
1255004105417916418
1255786265145946118
1257064957230952451
1257972126570561536
1264057982943461376
