id
1243690565583044610
1243698752570814464
1243701016790351872
1243707052922253312
1243710237430841344
1243715430520246272
1243717731851124739
1243718899960549383
1243720917739376640
1243721244253413377
1243721295059025920
1243722354187878400
1243722564167327744
1243723618565029888
1243723638374719488
1243723660197691392
1243723868998520832
1243724717581795331
1243725230603829249
1243725833161846785
1243726004121677824
1243727849321889794
1243727860143095813
1243728453322579970
1243730112870109184
1243730133719998464
1243730912812175366
1243731439612387329
1243734787187068928
1243738285819727877
1243738506305794052
1243739549299363843
1243740764540039169
1243740813990834176
1243742708042067968
1243742807019282435
1243744394160685058
1243746172000284672
1243746904401489920
1243747327002554370
1243748347426426885
1243749100392263685
1243749563137003521
1243751630689845251
1243752169032974336
1243753725023277057
1243753901301460992
1243755340824334342
1243755477470568453
1243756157488877568
1243756727662567424
1243757208602624000
1243757435250073600
1243757794802745347
1243758873724350464
1243758969400651782
1243759263324897280
1243759752523333632
1243760166882791430
1243760885757181952
1243761455465287681
1243761502626000896
1243761795245821956
1243761874463674368
1243762010879213571
1243762596219518976
1243762663739609088
1243762979201355781
1243764175718866944
1243764631203536897
1243765130610872321
1243765306666799104
1243766249873477632
1243767122607493120
1243768122965807104
1243768716145262592
1243769147311263744
1243769281663209475
1243769865086758912
1243769871717941251
1243769890625818627
1243770109077770240
1243771007850119169
1243771365116633088
1243771968937168896
1243773606250696704
1243773611225145344
1243775581109407744
1243776490153500672
1243776749952851968
1243777467417939969
1243777650943913984
1243777716131753984
1243778055417425920
1243778467251933186
1243778749365022721
1243778963249324033
1243779058401529856
1243779120342810624
1243779135840845825
1243779419082067969
1243779855298318341
1243779920481796096
1243779950563344384
1243780210681511937
1243780237856346113
1243780322770075649
1243781175933452294
1243781906677657600
1243781924994383874
1243781925896171520
1243782386304851968
1243782651208597504
1243783812435361792
1243784046402064387
1243784070410059776
1243784081831104512
1243785098916323329
1243785586273472513
1243786152517054465
1243786231021854720
1243786476485111808
1243786587680333824
1243787039440375813
1243787084646629376
1243787210505117696
1243787240318193666
1243787816577822721
1243788018634260480
1243788022002249728
1243789349327712257
1243789533658992642
1243789654077259777
1243789947452010496
1243790724648169472
1243791374672998400
1243791754098135040
1243791904753553408
1243792110081298433
1243792421374181377
1243792471286411264
1243792733866618880
1243793307261640705
1243793314916122624
1243793358843043840
1243793486500986881
1243794122143653888
1243794226992656385
1243794310346108933
1243794390356656131
1243794917484154880
1243795025177149441
1243795370867453953
1243795429923229702
1243795457014476801
1243796328783605760
1243796342419275777
1243796358772822017
1243796602831003648
1243796603204292608
1243797895473750016
1243798097546883073
1243798109932552192
1243798235803611139
1243798393530519552
1243798649080971264
1243798728676225026
1243799450855841792
1243799533508685829
1243799804263542784
1243800167691612161
1243800346691956741
1243800884884062208
1243801188962725889
1243801294407491584
1243801346760773634
1243802126028951552
1243802206161129472
1243802335521853441
1243802386616823813
1243802817636139009
1243803829738463235
1243803953122258945
1243803969681424385
1243805726243422208
1243806003470012416
1243806085066063873
1243806349504335872
1243806364654112768
1243807115505852418
1243807362722357248
1243807611369201664
1243807753778405377
1243807799601025024
1243807882514063360
1243807907176534017
1243808011056893952
1243809299983470592
1243809632323239936
1243810246063263744
1243810522513862656
1243810942862807041
1243811301035401217
1243811376688029696
1243811758462177280
1243812076792893440
1243812347967234048
1243812621658107904
1243812821009227776
1243812927141859328
1243813713380904960
1243813796897939457
1243814023096709122
1243814142558924801
1243814158161903616
1243814805552726016
1243815493724557312
1243815861116256262
1243816144277884929
1243816162477015041
1243816209046331393
1243816996094935040
1243817469476659200
1243817643217309702
1243817715988488194
1243818182176980992
1243818467901374465
1243818628778082305
1243818737758687233
1243818991589588994
1243819948071243777
1243820123334434817
1243820254637113345
1243820871250096128
1243821060417437697
1243821099072151553
1243821565042556928
1243821671351324677
1243822212672409600
1243822450996948992
1243822907954003969
1243823081409265664
1243823581064093697
1243824527856922624
1243825154217652224
1243825157354864640
1243827871358914561
1243828267519315968
1243828479260418049
1243828558880854016
1243829042211508226
1243830024823697408
1243830036605456384
1243830091550846978
1243830408245956608
1243830620750368770
1243831964651515904
1243832062282350593
1243832114384175104
1243832344827420675
1243832459252207616
1243832519646007297
1243832651460431872
1243834942745743360
1243835015999488000
1243835750598225920
1243836343957876737
1243836460907687936
1243836842232836096
1243837119077838849
1243837482325536768
1243837502764408832
1243837580690378756
1243837765264871425
1243838548903481345
1243838692218691584
1243839849695563776
1243839889134637061
1243840040901308416
1243840092793442304
1243840266072494080
1243840547309211649
1243840746144387073
1243840958673743878
1243841793063440385
1243841816136310784
1243844023921438720
1243844818045976577
1243846397650071553
1243846958944419841
1243847350314885121
1243847850691198977
1243849184278540288
1243849839126786048
1243849843350458370
1243849864951115777
1243849875436883968
1243850245668139008
1243850635801477121
1243851313097478144
1243851527581646848
1243851593163739137
1243851863641870336
1243851996630618112
1243852122078109696
1243852268287324160
1243852369386848262
1243852767350755328
1243853315412078592
1243853732413988864
1243853751443542017
1243853779113517057
1243853825493979136
1243854000929169409
1243854198741090304
1243854604732948482
1243854748949725185
1243854916281483265
1243855270180032512
1243855416376864768
1243855593749630976
1243856152934277120
1243856171045285893
1243856261545779200
1243856435768897539
1243856505213865986
1243856512281276416
1243856612483194881
1243857011978035200
1243857315435958272
1243857422168412161
1243857456448655377
1243858247087357952
1243858579594948608
1243858773321617408
1243858941097807872
1243859966445768706
1243860695986266112
1243860917697179648
1243861007568482304
1243861027734687744
1243861199944474624
1243861656817389568
1243861916008800256
1243862526049128448
1243862829205078016
1243862867910115329
1243863222911791104
1243863578710388738
1243863837540900864
1243863942687907841
1243864082157092870
1243864185408065536
1243864464652304384
1243864700741279744
1243864827170304000
1243865123523112960
1243865156423004163
1243865239361179648
1243865351940526080
1243865805730676736
1243866166814060546
1243866262410629120
1243866417943855104
1243866814011981824
1243866832420798466
1243867116643614721
1243867507762638848
1243867703821172736
1243867974311612417
1243868403367960578
1243868528458862594
1243868702807740418
1243868945318203396
1243869023076376577
1243869459900583936
1243870305199648768
1243870504043212802
1243870585064546304
1243870589686894593
1243870649753329664
1243870709727649793
1243870967568297984
1243871045112623105
1243871368803946496
1243871373195218944
1243872242196295680
1243872281488572416
1243872738806075396
1243873119141376000
1243873429381500928
1243873611800129537
1243873819565207554
1243873925630537731
1243874188412293122
1243874393773805568
1243874603472019456
1243874673227694081
1243874714776260608
1243875308605972482
1243875401610309632
1243875481134362624
1243875568375848960
1243875742695346176
1243875827944546304
1243876101757079552
1243876291951988738
1243876405504397312
1243876751853244416
1243876903313788930
1243877178967601154
1243877179739516929
1243877233913028608
1243877277386985473
1243877283892355072
1243877729943957504
1243878136258760710
1243878440551378944
1243878683120668672
1243878920593846272
1243879524162351107
1243879565547540480
1243880076262817792
1243880564496551936
1243880862577389568
1243881349225705472
1243881431475957761
1243881504255512577
1243881659289628678
1243882429766459402
1243882672037834752
1243882842930573313
1243883068068249601
1243883422331760642
1243883939858657281
1243884259477205000
1243885852721209344
1243885903061245960
1243886379966164993
1243886451034488833
1243886727443312643
1243886751799635968
1243886874868903937
1243887345687859200
1243887529792688130
1243887749460975622
1243888111534223361
1243888167939268608
1243888176654995458
1243889458211991558
1243890285785964544
1243890367872696320
1243890839761256448
1243892150057590784
1243892300339535875
1243892616107712512
1243892700157366273
1243892946635649037
1243893100956667907
1243893222742450176
1243893489651204102
1243893492654280709
1243894187940098049
1243894664609951746
1243894818087899136
1243895217549443072
1243895324218777600
1243895685327413248
1243896098391023616
1243896183086411776
1243896737200103434
1243897073176461312
1243897389271920649
1243897524441583616
1243897621736869889
1243897696718471168
1243898213758676994
1243898633621098501
1243899347621863427
1243900299581911040
1243900722208481282
1243900901015748609
1243901293942407168
1243901516324339712
1243901703579041793
1243901828816756736
1243901925629628417
1243902028234932227
1243902353293447168
1243902495853662209
1243902850347876353
1243903109509844992
1243903299494936576
1243903605783969795
1243904036841103361
1243904168986734593
1243904600781910019
1243907049534050304
1243908026983002114
1243908110063812608
1243908150773698561
1243908201231204353
1243908287830999041
1243908523500531713
1243909272892653568
1243910845911842816
1243911529788919808
1243911977279217666
1243912004890329088
1243912796691030019
1243913779697467395
1243914326227841029
1243914706005266432
1243914911702331395
1243915680530829318
1243916250373210113
1243916413556805632
1243917375763673088
1243917435956158464
1243917567233634305
1243917656710733825
1243917744082268161
1243917751883714561
1243918033694818304
1243918469197787138
1243918611174981632
1243918880084377604
1243919363347890176
1243919437524275200
1243919699072565248
1243919712313958401
1243919936852054016
1243920072969605120
1243920104435273728
1243920534372401152
1243921723063275521
1243921801173807105
1243922135761862657
1243922209766174720
1243922505934311424
1243923357508071425
1243923562005770248
1243923786543419393
1243923988847288327
1243924198428299264
1243924333199683584
1243924484337192960
1243925948166074371
1243926092039110656
1243926187174277121
1243926201783078912
1243926376652189698
1243927654039842817
1243928298419376135
1243928775747723265
1243929034020360192
1243929506194178049
1243929804941877250
1243929958306611200
1243930141606043648
1243930475741286401
1243930780415528961
1243931083281858560
1243931396835405824
1243933572177649664
1243933859940614146
1243934098327875585
1243934660020719617
1243934845467684865
1243935216353173506
1243936174856536064
1243936363587629056
1243936977495285761
1243937343238737921
1243937628212416512
1243938125749145601
1243938405215375360
1243938582907109376
1243938655338524673
1243939144507650049
1243939162467610627
1243939451811672065
1243939585413074946
1243939659526397955
1243939699216928768
1243939995733409795
1243940103031930880
1243940229674864640
1243940257353158656
1243940591697870848
1243940810460221440
1243940858178801666
1243940967494889472
1243941154040745984
1243942655488184320
1243942975920640000
1243943472345812993
1243943576402190337
1243943593976291329
1243944030297186304
1243944877554978817
1243945208179494914
1243945666893606912
1243945844870537216
1243947420720877574
1243947537674817536
1243947757552848896
1243947946783035392
1243948675497263104
1243948966850359298
1243950236478799874
1243950599793594368
1243951566073163776
1243951681387130884
1243952046648123393
1243952382938976256
1243953708221599745
1243953713019932672
1243954770383175681
1243954820244844544
1243955223388807169
1243955413869101057
1243957556025778177
1243960258415849473
1243960909141164032
1243962490733481985
1243963755182149635
1243964690301980672
1243966037277605890
1243966646806630400
1243967041448497154
1243968415175409664
1243972160852348929
1243972177314975746
1243974278632046592
1243974638310289410
1243974761438269440
1243976388698243073
1243976417638895621
1243976513302614022
1243978563872669697
1243979317752692737
1243979877839060993
1243982073632681984
1243983143729639430
1243986017494974465
1243986082032648195
1243986577774333957
1243986747270156288
1243987026694696960
1243988608949923840
1243988765124812801
1243989677469773824
1243990320389320704
1243992851043586048
1243994079492337665
1243994520275939334
1243994545135570944
1243994651398475777
1243995144728150016
1243995861224472577
1243996792200613888
1243997874138091520
1243998335742234628
1243999819137290240
1244000524027842560
1244001176745463808
1244003583978176512
1244004604305723394
1244004849273810945
1244007323305033734
1244009962474328065
1244012400791048193
1244014952181952515
1244016941682921475
1244017631373357056
1244018992118771712
1244037628158038017
1244037897788862464
1244038279298572289
1244038661340975104
1244038994792345600
1244041502772338690
1244043062059270144
1244044051646562304
1244048954628558849
1244070297998745600
1244077857510309888
1244082907989151745
1244083086423232513
1244083756685611009
1244089654057422850
1244092371714760706
1244093752483905538
1244094731530850304
1244095584547385344
1244102610627461120
1244105730572963840
1244108118985822210
1244110829013721094
1244112106644885504
1244113443411689472
1244115917165993986
1244125534738624512
1244129358777913344
1244137664862801920
1244148655889829888
1244149022845046785
1244159331743838208
1244171792756817920
1244176220196986880
1244185645171400705
1244192122158211072
1244211640251199493
1244227280303423488
1244256967515766784
1244262616123375616
1244268840290267136
1244268850910240768
1244275544138502145
1244277793199812610
1244284658574999554
1244284844365869058
1244316372764516352
1244316395522756609
1244319887989682177
1244363018881789952
1244462759330234369
1244525478108487682
1244543531475075072
1244752686878265345
1244850630251794433
1244959638673653761
1245212995313004546
1245225667928576002
1245237550815510528
1245316766844108800
1245356234225541120
1245535022280372224
1245789223384281088
1246383225670217728
1246846747655024641
1247365410346782723
1247424917194276864
1249745022368415750
1254340830556573696
1258068531322802186
1261957757558718469
1271111339264446469
1271244043976994816
