id
1246595720087560193
1246597257333440513
1246597848168370177
1246626970961657856
1246627985484132352
1246629139303600129
1246630361112678400
1246635524862992385
1246635588486418433
1246642174537740288
1246642209325297664
1246642531770785792
1246644664905629701
1246661980510998528
1246665199370764288
1246668991160037376
1246676340855713793
1246689162545242123
1246699609407328258
1246700882621870083
1246703720303341570
1246706770577424384
1246712806919081984
1246718026457714688
1246728182818111489
1246732572509573120
1246732940194742272
1246733239923937286
1246736349685825536
1246770460508987392
1246775636322107393
1246776197822001156
1246776536088395776
1246777286818480128
1246782001602080773
1246784041115844612
1246786199039225856
1246807959985774592
1246808702386081798
1246812428966547457
1246823429900304385
1246844574284288000
1246850599963983872
1246858117666742274
1246860097722241026
1246860174662369281
1246869102095990789
1246869414638690307
1246869524131053570
1246877425386094593
1246880203294605313
1246885258596933632
1246887387457863688
1246890077269241856
1246890925588176897
1246891205130100737
1246891742286274560
1246894685228085250
1246895724836642817
1246903634438369281
1246913476590743553
1246922027702931456
1246983503868235776
1247029750377390080
1247048723651350528
1247100753367502848
