id
1252105194298585090
1252105216251645957
1252141544704036870
1252146945822515200
1252153977816350720
1252186126300991491
1252215114947874818
1252226753482776576
1252243472314138627
1252250349978750976
1252253404757463041
1252262070000783360
1252262905514463234
1252263864726695939
1252274414957232129
1252279952940118016
1252299362480332801
1252300744734257157
1252304802895343622
1252305938993885184
1252319380886749184
1252320251200536576
1252320590339493890
1252327771654717445
1252329761390637056
1252337870603419650
1252385709937135618
1252389095889752070
1252655527454281730
1252655594537918464
1252656533562933248
