id
1224553719762567170
1224553981097037824
1224558578738126848
1224559456161189889
1224560843318349824
1224569522482503680
1224588703781154816
1224590347927355392
1224590642707197957
1224597646934806529
1224601929424048128
1224604712411860992
1224605566649028614
1224607276624793600
1224612446200971264
1224617789719109634
1224619150552600576
1224629872103870465
1224631481504452608
1224632365256867840
1224637265885966336
1224638469114195968
1224643368468144128
1224652775637704704
1224654488654336000
1224660350387154944
1224673436531748864
1224680382551023617
1224680709551312898
1224681809671159808
1224700409668751360
1224717097084669952
1224738379855626240
1224750885982613504
1224756480269639680
1224756793257029634
1224971835881725953
