id
1230345412235735040
1230355184414531584
1230359996942016512
1230364194710540288
1230431035562831872
1230438771218403328
1230438819767275522
1230439392474431489
1230442164917637120
1230444029491306496
1230447965342400512
1230461221230411777
1230465784532496386
1230473018184536070
1230473073624743936
1230474725975089153
1230479795542274050
1230488850889367552
1230503633227255809
1230503863112749061
1230517234289692672
1230522365756526592
1230527542953725952
1230536162588217345
1230538817259671553
1230539332320137216
1230573723092180992
1230675972841603072
1230681810935304192
1230683895219159041
1230705583684083719
1230713242281902085
