id
1276326611332153348
1276327329287901184
1276332618292682754
1276336901096538112
1276337089106243584
1276337479411331072
1276337493923643392
1276338637873885184
1276349652858617858
1276349887102107649
1276352722216693760
1276353379057328128
1276353564965654528
1276355230037393409
1276355292754665472
1276358541557805057
1276358624592359424
1276358629931642880
1276360649803616256
1276360733987487745
1276360839260340224
1276361122426302465
1276361140558323712
1276370399161282560
1276371150461743104
1276372281636225024
1276372853839945728
1276373711151456258
1276379658091560966
1276380814331138048
1276381264417701888
1276381309519007744
1276387365213241344
1276387431504162816
1276388246671556608
1276390768614072320
1276391199499186176
1276391305753407489
1276391725473214464
1276393680669007873
1276393885619482624
1276394015697461248
1276394382816501762
1276396256621785089
1276396474700451841
1276396973415739397
1276398538771947520
1276401133242560512
1276401145863262208
1276401168730578946
1276401493889789953
1276407411499077637
1276412134159597569
1276421925640822785
1276426496299593729
1276426721747591169
1276427613423104001
1276430126880747520
1276430717358989312
1276431672548847617
1276437226046410752
1276437623603523584
1276437662480519170
1276443144431656961
1276445771143905281
1276453548239327233
1276462027922452481
1276463159734231046
1276465968684740610
1276467991513833473
1276468226130497536
1276468567815254016
1276468997169442816
1276472005294841856
1276474207891623937
1276475229531856897
1276475346590642178
1276478435368464386
1276478565110779904
1276478843046379520
1276479649657188352
1276481630513889282
1276483000998359040
1276487504791658496
1276488980297441280
1276489068293980160
1276489634822807556
1276491188346826752
1276493638214643712
1276494663067697152
1276498867735814145
1276500387428577287
1276506009712746496
1276506615504490496
1276508209574887426
1276514769877512194
1276515257570062337
1276515697590325250
1276517571731156992
1276518092131020800
1276518611499184131
1276522437786472449
1276524187142610950
1276525263350685696
1276525332065996800
1276525347089952769
1276525620407595010
1276526570677526529
1276534717425127425
1276537638166523904
1276540785068933120
1276541450809794561
1276542546169098240
1276543773015601154
1276548205052911617
1276550813150670850
1276557722758967297
1276558086766047234
1276559008673918978
1276560754569666560
1276561674057641985
1276564232893427713
1276567865127079936
1276569767625650176
1276572109611753472
1276572264733896704
1276576631381876736
1276577611641020416
1276584000996270081
1276733456660090880
1276741287039758336
1276799534748729347
1276819076430524417
1277035490214989824
