id
1275221404980441088
1275249722320736256
1275251393708691456
1275261236137975813
1275264507967725569
1275266091158142980
1275267859925499905
1275268318732021760
1275275480401248256
1275275640384581632
1275277545374711813
1275279041998647297
1275279524167471105
1275279856985501697
1275280359517634560
1275280381017600000
1275281064244711424
1275281122289569794
1275281235846197249
1275284653029523456
1275285203397693440
1275287970895912960
1275288111187021824
1275288844485550080
1275290944468774919
1275291027427823617
1275291890569510913
1275294122371248128
1275296706280611840
1275298089394307073
1275298477463855105
1275299486571491328
1275299676816723970
1275299912003944449
1275300986811121665
1275301895171538945
1275303458250190850
1275303582523207680
1275303594430877697
1275305630828507141
1275306642603741185
1275310234718793728
1275310662898429953
1275311645212807169
1275312369439313920
1275313326809993216
1275315181573160960
1275315219921698817
1275317326007513094
1275318270829027328
1275321241864409088
1275322974166380544
1275323171688701952
1275333615933485056
1275334019354202117
1275334066154254336
1275341602924318720
1275342070434037760
1275342101308305408
1275342339372793857
1275342347274862592
1275344020659507200
1275344308720164865
1275349065081876481
1275350371980816386
1275353879111036928
1275354303222308864
1275356088217542656
1275356713948831744
1275376136529145858
1275379353212211201
1275383497033576448
1275383744564617216
1275384047053594624
1275386405070331909
1275386738983219201
1275393347893354497
1275399691505594368
1275404390074134535
1275413709142122497
1275416441576022016
1275427626996375553
1275437059067371520
1275450931245576192
1275452342226190337
1275452484945711113
1275457912316424193
1275464222239887360
1275467240893267970
1275467864766464001
1275475618491064321
1275523993852755968
1275647016639627266
1275647049392848898
1275647072495173637
1275647122033999875
1275728103613104128
1275813110012497928
