id
1271250682171895809
1271257385382731778
1271261206750179328
1271264406215618560
1271266201419673601
1271270467802783744
1271271681026191360
1271279599943479298
1271282636560822273
1271290954100535297
1271295310724075520
1271296452615041024
1271297693868912642
1271297742862606336
1271297770968592384
1271297854183636992
1271298039567663104
1271298152297975808
1271301170540077056
1271303314429186049
1271306139611787266
1271306183500918784
1271306773874348034
1271306959006777345
1271311957304283137
1271312524747501570
1271312878792925187
1271313082908696576
1271313471355842561
1271313563773067265
1271316130859085824
1271320663874134017
1271321023820861440
1271321394081443850
1271321400414892032
1271321572649742337
1271321853739450369
1271322987849846784
1271323157853466624
1271323310479949824
1271323668715466757
1271326052908859402
1271326754506866689
1271327139745263617
1271327235467702274
1271327912096980992
1271328091130880000
1271329196535496708
1271333353837350914
1271334296385536000
1271334918157553664
1271334982124883969
1271335561807060992
1271338172480356352
1271338652094943233
1271346271173787649
1271350128385724416
1271355495006138368
1271355554611396608
1271364410334830593
1271365620773216261
1271365714973044736
1271366903936585731
1271367661058809856
1271370283325120515
1271370375272648704
1271370388707045376
1271370582014099456
1271372233554845703
1271372290819645446
1271375945086066689
1271376209075515392
1271385567343738880
1271385666195054593
1271387373717188609
1271388127702118400
1271389873606324226
1271390236426121216
1271391923262025733
1271395213118894080
1271395893950873605
1271396243982282753
1271396377143029761
1271396644051812353
1271403804840177664
1271403965993742337
1271404429866971137
1271407625649844224
1271409226267521026
1271411407511343104
1271411712869011456
1271413135908278273
1271416482979737600
1271419312033501184
1271419998309806080
1271420115704115200
1271420288878563328
1271421135725318145
1271421728183345158
1271421789579538432
1271422531917041674
1271423005520883712
1271423195187277824
1271427391856861186
1271427544273678336
1271431615558770688
1271436099311681537
1271436420670877696
1271439932633108480
1271444831735132160
1271450267528179716
1271451356155441152
1271453762838822914
1271464697481424901
1271471795959259137
1271490255422492673
1271492138358857728
1271498651706126337
1271499059384029184
1271501588364816384
1271512900201414656
1271592500931686402
1271627089561522177
1271671318950277120
1271671485065687040
1271681254966976513
1271797766734311424
