id
1260359595039563776
1260360163552301058
1260360393668640777
1260361129634738181
1260361186098450434
1260361702182457347
1260364149869162496
1260364657501573121
1260364768180920322
1260365343610077190
1260365347892400129
1260365809240756226
1260366806935646210
1260368255652372481
1260368437332905985
1260369619858214913
1260370109228556290
1260370165352497153
1260370165692317700
1260370308466343936
1260370333854576640
1260370531834048512
1260370611572006917
1260370875074973697
1260371871574511621
1260373712014061571
1260373963680747520
1260375918201241608
1260376614673747968
1260378971289595916
1260379152877846530
1260379305403711489
1260379647726039040
1260379736737488897
1260379882787307528
1260379919646953472
1260380638655459328
1260380673245921280
1260380729051144192
1260380823523667968
1260381075358076933
1260381382997676033
1260382452113162249
1260384522866212870
1260384662427402240
1260385191446622208
1260385410917769216
1260385550328045569
1260386141028704258
1260386582525247493
1260387375139532800
1260387403660918784
1260387890128982016
1260388547347054593
1260388729581117440
1260389132184047627
1260389567062048769
1260390235134967811
1260390417402601472
1260391700054388741
1260391885702496256
1260392718125195264
1260393660593643523
1260395600408870913
1260397190964482048
1260397368937086977
1260397680339161088
1260397861231099905
1260400932791164929
1260405030588317696
1260405198528356355
1260405447305150464
1260406914065805313
1260407273421234176
1260407680516136960
1260408112621772806
1260408143235907584
1260408204443484161
1260408763133177863
1260410603136520192
1260411355179474944
1260411927999676416
1260411951672201216
1260412869738446849
1260412977087492097
1260413025649078272
1260413316360519685
1260413895304515588
1260413979068940288
1260414200280727554
1260414478287593473
1260414559246041089
1260415049941868544
1260415273846411264
1260416613519699969
1260416980403867651
1260416980668026883
1260417550040645632
1260417658849198080
1260417955529142274
1260417980929884165
1260417994712326146
1260418043810852864
1260418490340487168
1260418735996878848
1260418812958081029
1260419024674054144
1260419100381249536
1260419239149817856
1260419328400330752
1260419440904155138
1260419595992797189
1260419920732585997
1260420054912585735
1260420116782764032
1260420217198567427
1260420227801677833
1260420660653850631
1260420723249643521
1260420786965315584
1260420827931164673
1260421215254085632
1260421747360370689
1260422029150507008
1260422254229413893
1260422346827063296
1260422495712182276
1260422617439309831
1260422638939385856
1260422650104623104
1260422722254929921
1260422857550635010
1260423401463779353
1260423611481014273
1260423670947811335
1260423902263738379
1260423959985750020
1260424007033200645
1260424387326611457
1260424717229600769
1260424853213130752
1260425087930568705
1260425359067095044
1260425485093404674
1260425497416171521
1260425837381369863
1260426109650382849
1260426252713889792
1260426506607697920
1260426740876414976
1260427047102492675
1260427104694472704
1260427786184949760
1260427885246021632
1260428079463366658
1260428181376585730
1260428182496428036
1260428388948459522
1260428446443937792
1260428469269389312
1260428518548213763
1260428781765963778
1260428782088978432
1260429113891971073
1260429820284059650
1260430431767482368
1260430436788047873
1260430569978167297
1260430585237049344
1260430676358303744
1260430770100932610
1260430940482011139
1260431119704621057
1260431149186367489
1260431545975914497
1260431606369734658
1260431826763624448
1260432138987503620
1260432236203081729
1260432459952541696
1260432615150178306
1260432843995598855
1260433152574656514
1260433268232654850
1260433537980907521
1260433549938884613
1260433608751415302
1260433863278571520
1260434048083808256
1260434213410680840
1260434282352427009
1260434290845913090
1260434363923169282
1260434598191906823
1260435290805673987
1260435600819261448
1260435769472229377
1260436085362044928
1260436093385793541
1260436161568419843
1260436558865412099
1260436574879338497
1260436828311752704
1260436892694257675
1260437018233974787
1260437339526107140
1260437520971595776
1260437612461993991
1260438373665300481
1260438723017216000
1260439249482059777
1260439369502150656
1260439653192273923
1260439775040942081
1260439878879322115
1260440193527615488
1260440203539501062
1260440327158185984
1260440335131516928
1260440454786699265
1260440618767171585
1260440673976823812
1260440727340953602
1260440949106360320
1260441029230108672
1260441053829763072
1260441207496376322
1260441214597431297
1260441364422111233
1260441428221722624
1260441468520587266
1260441502741913603
1260441614482276353
1260441848079888387
1260442080293330944
1260442093769687042
1260442403657461761
1260442436599451648
1260442655642783751
1260442840682938373
1260442842243178498
1260443061563338757
1260443086401961984
1260443218631626753
1260443362487947265
1260443453667893249
1260443569883623424
1260444054816468992
1260444211234603009
1260444397071732743
1260444417539932162
1260444565036818434
1260444927378546690
1260444943484624899
1260444961553645569
1260444989219373056
1260445085050830848
1260445203065909249
1260445228294705152
1260445287715344387
1260445386814226443
1260445417445212160
1260445560856817666
1260445609330388992
1260445632420089856
1260445692004360196
1260445696760647684
1260445698132258816
1260445751253053449
1260445763508805638
1260445776649564168
1260445846824509441
1260445930681139200
1260445952978104321
1260445996888272903
1260446022523924483
1260446044451753991
1260446273473261568
1260446290497941504
1260446331413413889
1260446451982794752
1260446466486738946
1260446498594131972
1260446537718603776
1260446574133628929
1260446620916813825
1260446661643558915
1260446662021046272
1260446683407814656
1260446689309179904
1260446751594553345
1260446825376604161
1260446827146510336
1260446844968226817
1260446917558972416
1260447004871835648
1260447082135146498
1260447084974616578
1260447112581591042
1260447144642785280
1260447223730626561
1260447385848864768
1260447425656958983
1260447450675978240
1260447476181598210
1260447498436579330
1260447540828409858
1260447582066823168
1260447597908692992
1260447649037193217
1260447712262205440
1260447757086666752
1260447944119144458
1260447972074164228
1260448031381561344
1260448105880858624
1260448182795931648
1260448278421868544
1260448392968273922
1260448410404085771
1260448546484031489
1260448607238529030
1260448734703468544
1260448801258684416
1260448811220172800
1260448864227729411
1260448891381702656
1260448931135328256
1260448953507753984
1260449091470995463
1260449264133705729
1260449290561912832
1260449466995400705
1260449697249947648
1260449698357358592
1260449835024556032
1260449954037981192
1260449990742347777
1260450039601795075
1260450045842857994
1260450112603664385
1260450132753088512
1260450180400386048
1260450253398061058
1260450257785311232
1260450304950251522
1260450344963899399
1260450558407839748
1260450558722412548
1260450598077509633
1260450651567513600
1260450820648251395
1260450961333653504
1260451063141933058
1260451156058427397
1260451292058705922
1260451313730703360
1260451314930155520
1260451353958264836
1260451358106439680
1260451365173821440
1260451369569398786
1260451391551791104
1260451464679391236
1260451527157788672
1260451891978387457
1260451911251222530
1260451943299846149
1260452021901164547
1260452140222427137
1260452192458244097
1260452212653711360
1260452218882404356
1260452234120310784
1260452258317287430
1260452468858720261
1260452615663562755
1260452746555252737
1260452792759734282
1260452855724544000
1260452907960451074
1260452957646094338
1260452977367793665
1260453235225169925
1260453269668802560
1260453341903179776
1260453353978507265
1260453428427440129
1260453502318456832
1260453589123764224
1260453597499834369
1260453615954780160
1260453666194100225
1260453706962698240
1260453839968354304
1260453916325658625
1260454013029568520
1260454119371870211
1260454140871872513
1260454253514162176
1260454500902612992
1260454557907324929
1260454672806051841
1260454680066482178
1260454682201374720
1260454713641840641
1260454786752827393
1260454855061180417
1260454857301004288
1260454901110448130
1260455152546467852
1260455218367602692
1260455320666718210
1260455353650733060
1260455426254143488
1260455627366817792
1260455639152820227
1260455641572945921
1260455652079611906
1260455680907120641
1260455984453111811
1260455996553601024
1260456009476247552
1260456033190903809
1260456034117746690
1260456051951972354
1260456162341912576
1260456264393506816
1260456383251648513
1260456414474100739
1260456442278088704
1260456447185506304
1260456449702051841
1260457013668126720
1260457065044234241
1260457093162774530
1260457168781926402
1260457252068175873
1260457275015213056
1260457509665624064
1260457707196350465
1260457741702828033
1260457807020806144
1260457841053270016
1260457842064195584
1260457963875074049
1260458280897392641
1260458292716933121
1260458390519779333
1260458396442079233
1260458427941294080
1260458438364147712
1260458465757192196
1260458594123821063
1260458855928127495
1260458973326704648
1260458993501306886
1260459059108622342
1260459106474876929
1260459237156827141
1260459246065520641
1260459474244042752
1260459546545356800
1260459602078044161
1260459629038972941
1260459668935188480
1260459717907951621
1260459864767311873
1260460144309256195
1260460306372976643
1260460431942070273
1260460505635983365
1260460562942758914
1260460585281630211
1260460643053981697
1260460670929317895
1260460774562181125
1260460785173762048
1260460843776577541
1260461029949165568
1260461055962230786
1260461088916869123
1260461119409356805
1260461128481746944
1260461298472620033
1260461354412097537
1260461387178016768
1260461410561253376
1260461560838922241
1260461631890427912
1260461649590444032
1260461903467491330
1260461908643254276
1260461926498304000
1260461950196219905
1260462093389697025
1260462129808891904
1260462270745915394
1260462271471529985
1260462292417871873
1260462347933679617
1260462526359355392
1260462529677086726
1260462683893178373
1260462733566382080
1260462773198360576
1260462888550109186
1260462889502224384
1260463128422252544
1260463428210249729
1260463657718288387
1260463659060547587
1260463720649699329
1260463768259174402
1260463837976944644
1260463849360285698
1260463866087116800
1260463899540889600
1260463984865677313
1260464123583836160
1260464134321246208
1260464192483725316
1260464370162819073
1260464520717361154
1260464559686549506
1260464591139672066
1260464809394483203
1260464816231194624
1260464850859446273
1260464986863869954
1260465001418063873
1260465007944441857
1260465164509421568
1260465408177516545
1260465548724502532
1260465600415109120
1260465683927896064
1260465757307187200
1260465764424957953
1260465940992532483
1260465996772540421
1260466071242489856
1260466411425718273
1260466449912659970
1260466490106667008
1260466605890375680
1260466634004848641
1260466669685739521
1260466718943690753
1260466728624062464
1260466826376593408
1260467166496915456
1260467202030997508
1260467297841491971
1260467344926744577
1260467356977037312
1260467368909733889
1260467393215836165
1260467414782918661
1260467432969428993
1260467607737696256
1260467929323311110
1260467967717969923
1260468015407251457
1260468029302898689
1260468032176033794
1260468482245824514
1260468570682785792
1260468678878990345
1260468766108004354
1260468828208840705
1260469107604021248
1260469111282454528
1260469218920796163
1260469323178692609
1260469421627318272
1260469457807441932
1260469913736577024
1260469976370163713
1260469991763214350
1260470195484753921
1260470457641381894
1260470462703964160
1260470468173324288
1260470692220461057
1260470756351369224
1260470886920044545
1260470953374625799
1260471043514421248
1260471172656922632
1260471271105716229
1260471320246136833
1260471721439748096
1260471927547797504
1260472177675116544
1260472188643180544
1260472489743958016
1260472518718238722
1260472584749174784
1260472694522425346
1260472715934400518
1260472753834123273
1260473043987705856
1260473134085558273
1260473187328053248
1260473297743032322
1260473339346288645
1260473351337914373
1260473417704357890
1260473436033503233
1260473540480061446
1260473553650102273
1260473590262235136
1260473619630743553
1260473663377334275
1260473704552763393
1260473959096750081
1260474107306692608
1260474118761263104
1260474136494837766
1260474189896658947
1260474320884764673
1260474349104095233
1260474551261151234
1260474806283141122
1260474838109622273
1260474858569334786
1260474893726072834
1260474900759875586
1260475249155616770
1260475617490939907
1260475638798061568
1260475651997474823
1260475654228885506
1260475710721884160
1260475724743524353
1260475868893372416
1260476115124174848
1260476142680752129
1260476186259488770
1260476265942974465
1260476600392527873
1260476633221382144
1260476773998960640
1260476887568191488
1260476978261614593
1260477095635009536
1260477097371467781
1260477134793039873
1260477251893813254
1260477316209217536
1260477456298971137
1260477773245812738
1260477778140504064
1260477921459920901
1260477930947346433
1260478005044039681
1260478046592733192
1260478059200819200
1260478082256863233
1260478155812409344
1260478166411489281
1260478189559844864
1260478251971031045
1260478259814445056
1260478269348106248
1260478272347025412
1260478366660132865
1260478477117120515
1260478530569359362
1260478559610601473
1260478614241521664
1260478641965760513
1260478735578513409
1260478837143584768
1260478933029605377
1260479199573356545
1260479286634561537
1260479287511179265
1260479296654716930
1260479578956587010
1260479581246676992
1260479640541564933
1260479896771424256
1260479921819914240
1260479929965318144
1260480020570615808
1260480047200243712
1260480119522680833
1260480298875265024
1260480534259683329
1260480660810186759
1260480728820785152
1260480800799236099
1260480975026429952
1260480986384646144
1260481034338078726
1260481116542296064
1260481141628448770
1260481167918325766
1260481301473366017
1260481373149835264
1260481430863437826
1260481504083349504
1260481540800286725
1260481595921895424
1260481649663455236
1260481676267925505
1260481744714817539
1260481763899592706
1260481808501813248
1260481817624395778
1260482067340709888
1260482071425961987
1260482111867322372
1260482131035336705
1260482246777155593
1260482385340219393
1260482411747594241
1260482484791377920
1260482496501874688
1260482587442712577
1260482629528424448
1260482902632140804
1260483006101323776
1260483020525580293
1260483053119582208
1260483119905472512
1260483190382346242
1260483220954664961
1260483313539723266
1260483422528684032
1260483638434631686
1260483723373555712
1260483740385644544
1260483749336305665
1260483769712218118
1260484076856901632
1260484195845103617
1260484275759128576
1260484368100966402
1260484569800851462
1260484595566489600
1260484632077905920
1260484928392871936
1260484939818176513
1260484965084659712
1260485052573585412
1260485146521763842
1260485156638515201
1260485440316022784
1260485542552231942
1260485625884692482
1260485671493476357
1260485688975335425
1260485715277819904
1260485736631021572
1260485748421201920
1260485989916606464
1260485998988976128
1260486090529607680
1260486105830428674
1260486146754314242
1260486186377740288
1260486327306539010
1260486399515602945
1260486526980456448
1260486627832578048
1260486635059322880
1260486669557432322
1260486674754277377
1260486722116292608
1260486766945095681
1260487445683908608
1260487445734277120
1260487516920127490
1260487585706762242
1260487795900022790
1260488192052146179
1260488225887526914
1260488251732832260
1260488273111252994
1260488392346910721
1260488433014845446
1260488478841810952
1260488559112355840
1260488566192431105
1260488596139708418
1260488639479525376
1260488838994178048
1260488870682071040
1260489007529590785
1260489008309841921
1260489029793075204
1260489267253567489
1260489482278666241
1260489497265012737
1260489523458379776
1260489586175868936
1260489708158812161
1260489723111518208
1260489805521211394
1260490044529356808
1260490052771155969
1260490085419618310
1260490242479607808
1260490316060254211
1260490411958771714
1260490457005674499
1260490591223283714
1260490755384246272
1260490764146159622
1260490776255115265
1260490785595801600
1260490827710771205
1260490885399220225
1260490982983950344
1260491016026689541
1260491068950413314
1260491093243723781
1260491110608252928
1260491306578718721
1260491307165908993
1260491340418371587
1260491368297873408
1260491558115311616
1260491577690132484
1260491625626767363
1260491670614835201
1260491683827011585
1260491695151603713
1260491763061526530
1260491791029108737
1260491852341555202
1260491893756092417
1260491948873351169
1260492105031573504
1260492141450715138
1260492195548868611
1260492253040082947
1260492322774671361
1260492386746187777
1260492480178511876
1260492563758317573
1260492630573662210
1260492681916055553
1260492913370374144
1260492913685024770
1260492981397848064
1260493172133826562
1260493309107228673
1260493567883202560
1260493627895230464
1260493650787794946
1260493679791308802
1260493737257467909
1260493807960952835
1260493870850334726
1260494028455456771
1260494573031301120
1260494581918990339
1260494677549162496
1260494735132823554
1260494753805873156
1260494854552985601
1260494913617231873
1260494946722816000
1260495001085267971
1260495575994241024
1260495648694116355
1260495776125419523
1260495856748367873
1260495987992342528
1260496023304253442
1260496084499148805
1260496096599703558
1260496502671147012
1260496521331703813
1260496694422188032
1260496736235204608
1260496817592115202
1260497215295979521
1260497234396839937
1260497329183956993
1260497359189966850
1260497467293995008
1260497513636864005
1260497847251873794
1260498000683638784
1260498045768290305
1260498120313626625
1260498271623155712
1260498379211264001
1260498419149344768
1260498766529990663
1260498829394300931
1260498860209815553
1260498875070234626
1260498925401911297
1260498957790253057
1260499054766755840
1260499079269842949
1260499167006375937
1260499171632652288
1260499171959865346
1260499194147733506
1260499207041024002
1260499375505244160
1260499610298179584
1260499807476633601
1260499841920180224
1260499864405803011
1260499928364789762
1260499980642549769
1260500188197785601
1260500306955243520
1260500322621042689
1260500428409769984
1260500488778387457
1260500496156184578
1260500678646075392
1260500690947969026
1260500718961725440
1260500743905296386
1260500900130545670
1260500923878707202
1260500968485130241
1260501011602575360
1260501108369379340
1260501123061997568
1260501220369760261
1260501263663366146
1260501515833356288
1260501703402586113
1260501806871990274
1260501819656044544
1260501887331323904
1260501966549123072
1260502069871620097
1260502530829758471
1260502674316951554
1260502823810347008
1260503010343563264
1260503116685983745
1260503237112799237
1260503301008867330
1260503348488343558
1260503378783801349
1260503415609851905
1260503501035261952
1260503566051049472
1260503835686121473
1260504044570902528
1260504060077256705
1260504209381888005
1260504305917759488
1260504392555429889
1260504554321465349
1260504589381636097
1260504594196697088
1260504603591954433
1260504622046773251
1260504904432594945
1260504908115185664
1260504926968582144
1260504966776664064
1260505026503553026
1260505028277780481
1260505144787165184
1260505162239619074
1260505218829168640
1260505247283384321
1260505363843031041
1260505400266362882
1260505448379224065
1260505549248094209
1260505646086193152
1260505762402570240
1260505781859954688
1260505847089823744
1260505925359751168
1260506115185487872
1260506274065797120
1260506345045966848
1260506444975177730
1260506590215581696
1260506647551672320
1260506842859483136
1260507189950758914
1260507210553180161
1260507225707163649
1260507283613679622
1260507305835143169
1260507389687717888
1260507418410311681
1260507444884668416
1260507510399737856
1260507538539319296
1260507539814391808
1260507713190146048
1260507755447832576
1260507840306917378
1260507852910796802
1260507929981136897
1260507939569270785
1260508008930566146
1260508128329826305
1260508128887672832
1260508132108894209
1260508149913714690
1260508283527364609
1260508315035074560
1260508331912953858
1260508348123951106
1260508360157380608
1260508482677223425
1260508484694663168
1260508509772357632
1260508796272738305
1260508841726312448
1260509050497794048
1260509107196436481
1260509148439027713
1260509169431515139
1260509316450324481
1260509355205636096
1260509516602519552
1260509619652308992
1260509732428808192
1260509800883990528
1260509918429405184
1260510015397519362
1260510062667276289
1260510486367535104
1260510502800809984
1260510603430551552
1260510620610449408
1260510662201094144
1260510777552838656
1260511214007914497
1260511330416631808
1260511336397709312
1260511403133280256
1260511437795008512
1260511438260572160
1260511503553363968
1260511614467485702
1260511617906860033
1260511749272416258
1260511839181369344
1260511860505432064
1260511866771685379
1260511902448394240
1260512028655042561
1260512085248815107
1260512252668469248
1260512401327362049
1260512493111259137
1260512555027648513
1260512808279605251
1260512926395322368
1260513035371847682
1260513142087483392
1260513183472607237
1260513208370171906
1260513253555388416
1260513470308593666
1260513674017603587
1260513695609782274
1260513886467391488
1260513916976799750
1260513945523232771
1260513964091478016
1260514182644076547
1260514544927080448
1260514576803774466
1260514904223727616
1260514957491404800
1260515127335346181
1260515141751365632
1260515180787703808
1260515181324636160
1260515200551313408
1260515250341806080
1260515283422244864
1260515313436766208
1260515487571722245
1260515503493308417
1260515530429128704
1260515553602686977
1260515598947270657
1260515630836408320
1260515668497219586
1260515675057070082
1260515679389827072
1260515929777147907
1260516006247780352
1260516011016622081
1260516059997749248
1260516094948900864
1260516121611919362
1260516208102772743
1260516211013672961
1260516246967246848
1260516301820366849
1260516302868930561
1260516562806673408
1260516660890480650
1260516845645373440
1260516875605344256
1260516885222903813
1260516895104667650
1260516905733050368
1260516911781117953
1260516978420310016
1260516990168567811
1260517002118148097
1260517040739225600
1260517061601697792
1260517125443031040
1260517150478831616
1260517321128452096
1260517337033252865
1260517609025540096
1260517610690613249
1260517621654589440
1260517811597840384
1260518081585008640
1260518094927208450
1260518129370828800
1260518272786747394
1260518392584376321
1260518593353187328
1260518716904804354
1260518746436841472
1260518796118437888
1260518803353604097
1260519003925217285
1260519064994304000
1260519122842071040
1260519171592540160
1260519284272500737
1260519331366088706
1260519453776846848
1260519574858063873
1260519792043327488
1260519815934066689
1260519819771809793
1260519837283074048
1260519838952423424
1260519938227343360
1260520050072653826
1260520106314149888
1260520223955968000
1260520465946365953
1260520609496338432
1260520637648580611
1260520785661362176
1260520858319273984
1260520866703687680
1260520870180802560
1260520946571587585
1260520997834326016
1260521063466897408
1260521122564628482
1260521183805571072
1260521375267270657
1260521465964892160
1260521508985856000
1260521593404559361
1260521683993137153
1260521706025824257
1260521731107807233
1260521738997301248
1260521755510177792
1260521871889412096
1260521925983559680
1260521957646315521
1260522177729871873
1260522221975592960
1260522378221817857
1260522614025486336
1260522616336637959
1260522698863763458
1260522795009748992
1260522829554032641
1260522833756766208
1260522874609242116
1260522884130385921
1260523113655263233
1260523212905025538
1260523243863265280
1260523244626628610
1260523437761716225
1260523492908417024
1260523526303481857
1260523585732567040
1260523601297657858
1260523646067642378
1260523676874821633
1260523743354466304
1260523769942155264
1260523911101526016
1260523937408131072
1260524139976232963
1260524185497096192
1260524229629489153
1260524272956702720
1260524340312977410
1260524374538498048
1260524595058278400
1260524598296301568
1260524672292184064
1260524734929870848
1260524740759912451
1260524743687581701
1260525027004424193
1260525118876418048
1260525289244954625
1260525295762882560
1260525311512510465
1260525316860239873
1260525380479442945
1260525415803781121
1260525426503491584
1260525429896732677
1260525454840258560
1260525490080813057
1260525520212627458
1260525625774878720
1260525635379834880
1260525688412672000
1260525829555212288
1260525942352592897
1260525979207905280
1260525985990139906
1260525996333305856
1260526044869779458
1260526177263005697
1260526264030498816
1260526337795727360
1260526341453164544
1260526466208460803
1260526513872666625
1260526529785839616
1260526583409979392
1260526903485779969
1260527050407981057
1260527295879675906
1260527299776122880
1260527397218258944
1260527441547866112
1260527644325617666
1260527689271857153
1260527754845523968
1260527803910500356
1260527846662995968
1260527854397333506
1260527865457774593
1260528334758436865
1260528405944164352
1260528459203391489
1260528606834499584
1260528869213384705
1260528937869942785
1260528962515734528
1260529828857630720
1260530207460667393
1260530349098049537
1260530719463481344
1260530923780571137
1260530947591733249
1260531285979734020
1260531544466132993
1260531581393031168
1260531582462504961
1260531763522256903
1260531807981834240
1260532009358602241
1260532034365198336
1260532097711837185
1260532138832801792
1260532169774161920
1260532214040846338
1260532293006958594
1260532727163555848
1260532755915563008
1260532778208239616
1260532802937815045
1260532808906412032
1260533518863654912
1260533595355131905
1260533712833429505
1260533764628905986
1260533826096443392
1260533883797475328
1260533938516373504
1260534069043040257
1260534099934150656
1260534193873997824
1260534309733138432
1260534372861607947
1260534373037809665
1260534523500126208
1260534739510886401
1260534750160265217
1260534874840104967
1260535077819371521
1260535124434849793
1260535217477074944
1260535303347060736
1260535325174235143
1260535499648794624
1260535689646653441
1260536228119805953
1260536237179445249
1260536334638145536
1260536348689211393
1260536381538996224
1260536407661182977
1260536459175608321
1260536513852555264
1260536518088818688
1260536634342363136
1260536652239450112
1260536722372231172
1260536749777960961
1260536752583987202
1260536827896901633
1260536853746327553
1260536995727712256
1260537309574893569
1260537391590313984
1260537407319035904
1260537500759662594
1260537524738502656
1260537655756029958
1260537687171379201
1260537696327544838
1260537722810269696
1260537776455458816
1260537891375190016
1260537900871159808
1260537912564887552
1260537917639921666
1260537924095021057
1260537997654712320
1260538013341401091
1260538067158515717
1260538082887192576
1260538272079589378
1260538298654756865
1260538348193660930
1260538510567600128
1260538519933661190
1260538616935329792
1260538653899661312
1260538715740475392
1260538767867330560
1260539319745421312
1260539331426557952
1260539397872721920
1260539460393074689
1260539511261536256
1260539534678294529
1260539642790772736
1260539680300335104
1260539681801895937
1260539717805912064
1260539775695630337
1260539833165938688
1260539856960270337
1260539907010854913
1260539988783104000
1260540162024656897
1260540197642686465
1260540308007370753
1260540401238315008
1260540680524517382
1260540683192066048
1260540808991776768
1260540861101867008
1260540906299625472
1260541103788392449
1260541193806589952
1260541215629590529
1260541294205702144
1260541346970054656
1260541373087985664
1260541566663475200
1260541610871455744
1260541611177644032
1260541656656379906
1260541661878370310
1260541743616995329
1260541763271475201
1260541791725670406
1260541869659955200
1260541916623618048
1260541918683037696
1260541988274913280
1260542177794539521
1260542235428491265
1260542286712242177
1260542337823977472
1260542359806369792
1260542536902418432
1260542547560214528
1260542550638686208
1260542621711286273
1260542629357518854
1260542746995101698
1260542752871395329
1260542794441076736
1260542842549817352
1260542855103148038
1260542903081992193
1260542904625438720
1260542972992593920
1260543014264606722
1260543022590279681
1260543128727101443
1260543167021092864
1260543249917382656
1260543331349692418
1260543539089412096
1260543543724126208
1260543614549196801
1260543639484354563
1260543649588396032
1260543652516028416
1260543843780288514
1260543881491480576
1260543915477864448
1260543956431056896
1260544028644388868
1260544148601528333
1260544157338284032
1260544205081972736
1260544214833729536
1260544624877338625
1260544659589398528
1260544754158370817
1260544816842235911
1260544872756412416
1260545096208003074
1260545115761848320
1260545136657870848
1260545278689587200
1260545315318497280
1260545404850102272
1260545439306330117
1260545631682277376
1260545679354716160
1260545859420327937
1260545926399172608
1260545969453703170
1260546074613252096
1260546107169558528
1260546281673539590
1260546364846505986
1260546582149300225
1260546611995910144
1260546629062533121
1260546651502116865
1260546713523236870
1260546797237395456
1260546884155957249
1260547120572096513
1260547198279917568
1260547283617304580
1260547297802403841
1260547322175459328
1260547336230625281
1260547356354846720
1260547843917398017
1260547927568769029
1260548004664221696
1260548167008948224
1260548201775599619
1260548379182010370
1260548489236353025
1260548498233143296
1260548536246120449
1260548547986042881
1260548819361697792
1260549117224370179
1260549130620895234
1260549194114371590
1260549286242201600
1260549325383442434
1260549406866243584
1260549427112050693
1260549530086510598
1260549802003173376
1260550016487362560
1260550024028516352
1260550029158354945
1260550168723759108
1260550188667752448
1260550365528895488
1260550385103667201
1260550432876908546
1260550507392794624
1260550549545467904
1260550566289293314
1260550719045804032
1260550944535740417
1260550976949403649
1260551045043937280
1260551056205000705
1260551116632309765
1260551234047655937
1260551304453033986
1260551362586251264
1260551539866951681
1260552062485647360
1260552075378921472
1260552251757793282
1260552411900522496
1260552412290592768
1260552565584003077
1260552607791288321
1260552682793766913
1260552688309284866
1260552741996441600
1260552959932465152
1260553072478208002
1260553123241824256
1260553132024778754
1260553246428536832
1260553255010086914
1260553468030464001
1260553559655006208
1260553560418385926
1260553637929025542
1260553726915379203
1260553807072825345
1260553864832483329
1260553871249809409
1260554089185886210
1260554185537474560
1260554291955318791
1260554368492986369
1260554686400204800
1260554778310053888
1260554810186764289
1260554857389359110
1260555050579120132
1260555522656395266
1260555813447401472
1260555866744524800
1260555881604943872
1260555889205018626
1260556059565084672
1260556157334233088
1260556434506420224
1260556504152801283
1260556519315300365
1260556591516041218
1260556647170269186
1260556660436881408
1260556782818205698
1260557019163000832
1260557030168944640
1260557418372698112
1260557425570197504
1260557457715277825
1260557466733076481
1260557477373972483
1260557477990539264
1260557508411883521
1260557626720559106
1260557675747827714
1260557730227634177
1260557742894440449
1260557845482913793
1260558150144610306
1260558168255496193
1260558378817982464
1260558431288688641
1260558448258953217
1260558743022047233
1260558744410357760
1260558750856949765
1260558930838765568
1260558943354576897
1260558996496211968
1260559940596441090
1260559992618463232
1260560056636051456
1260560433137831936
1260560449621368834
1260560516923166721
1260560660557160452
1260560676545794052
1260560746481627141
1260561106906558467
1260561187680518145
1260561244739833861
1260561299278303234
1260561356270559236
1260561374121517056
1260561459781742595
1260561514186133504
1260561541717528578
1260561603902218240
1260561709531570176
1260562064294187009
1260562133793804288
1260562138722119681
1260562178144428032
1260562254342361089
1260562275561279488
1260562279369781249
1260562442955997187
1260562553417187328
1260562627383738369
1260562658224476162
1260562720207835136
1260562729649217545
1260562862021447682
1260562883215265794
1260562916610367488
1260563013930803202
1260563040879153152
1260563128800219140
1260563257070358530
1260563477279707136
1260563796411715584
1260563796839497730
1260563946769178626
1260563962543955968
1260564015320895499
1260564190248472577
1260564225417719809
1260564457710850055
1260564622513405952
1260564655438794752
1260564671649779714
1260564793318146048
1260564860976463872
1260564868031295491
1260564920048984065
1260565264153882626
1260565426217660420
1260565568194822149
1260565683139723266
1260565697295454208
1260565898512994304
1260565900782174212
1260565949335437313
1260565963373711360
1260566015890636801
1260566079023329280
1260566247827214340
1260566355302105097
1260566735259947008
1260566799059431429
1260566805845807105
1260566899408207874
1260566965804023809
1260566986670686210
1260567306960281602
1260567340216979461
1260567506881851392
1260567547784695817
1260567697135460352
1260567729066688514
1260567821005787137
1260567827184001025
1260567989025456136
1260568015504015362
1260568083044933633
1260568211738820611
1260568562709811201
1260568701386076165
1260569114927681536
1260569152831598593
1260569652901621766
1260569763153154055
1260569780525969409
1260569834296872961
1260569838956818432
1260569860825899014
1260569869218652163
1260569945009774596
1260569968673988614
1260570020977016833
1260570047933710337
1260570070260031496
1260570310581063684
1260570496304738304
1260570498062114817
1260570539124502529
1260570730703568899
1260570770494967810
1260570850627129345
1260570873632784384
1260570901512413185
1260571121180651520
1260571492036853760
1260571492116582406
1260571832656297986
1260571872581861376
1260571928726814721
1260572021878128642
1260572063632429057
1260572119068479491
1260572168372568064
1260572284852604933
1260572412405583873
1260572446073262080
1260572535994888200
1260572905915777027
1260573122073419776
1260573512454021123
1260573566032121861
1260573731627425792
1260573938071068674
1260574167944085513
1260574371032301569
1260574771709911050
1260574803494346754
1260574849375895553
1260574854547410944
1260575350054141966
1260575807803658248
1260575874375704580
1260576368816992256
1260576708882771971
1260576852340588550
1260576939783401474
1260577819601633282
1260577839956611074
1260578267129577474
1260578276210348034
1260578627957202947
1260578638107467776
1260578983487377410
1260579025275281408
1260579075564986370
1260579240367599616
1260579460371427328
1260579687690055685
1260579720053305346
1260579824055267338
1260580011083513858
1260580050786754561
1260580197939773440
1260580348599111684
1260580374654091268
1260580465259528193
1260580552639426567
1260580601159127040
1260580705823752193
1260580726606630913
1260580813260951554
1260580884647903236
1260580949361922049
1260581138680164354
1260581323250507776
1260581384516747268
1260581411872018439
1260581455635320832
1260581496882171907
1260581615706800130
1260581658543239169
1260581869374111750
1260582070902042625
1260582604794929163
1260582681269678081
1260582887998529539
1260582982580154370
1260583633779392512
1260583678658449408
1260583725588451336
1260584055252320260
1260584213327339521
1260584213834801152
1260584235032809476
1260584280620752896
1260584391807557634
1260584729599934470
1260585081820909570
1260585093086818307
1260585125387042820
1260585180001157123
1260585226750869504
1260585265682415616
1260585281712988162
1260585594603724801
1260585684345278474
1260586261464612864
1260586418444910606
1260586434748125187
1260586481241985024
1260586717628825600
1260586806204157953
1260586848184909826
1260586981890850818
1260587137315024898
1260587190524018689
1260587538466705409
1260587541478203393
1260587629881577474
1260587695442706432
1260587781371441154
1260587910342074371
1260588108505964544
1260588250994966532
1260588310667448327
1260588333262163968
1260588477546205184
1260588487692161025
1260588626867601409
1260588801853980673
1260588944212754438
1260589005697101825
1260589170969448448
1260589186035396613
1260589186916155393
1260589274401030144
1260589277135716353
1260589628316422146
1260589770675273730
1260589810676367360
1260590178164527106
1260590308141797377
1260590613562605568
1260590779640295425
1260590834652758020
1260590949018882049
1260590990475382784
1260591007927762944
1260591180171132929
1260591441669173257
1260591651078262784
1260591715481780225
1260591733022380032
1260591867130937344
1260591955760820224
1260592214968807424
1260592217066024966
1260592260531597312
1260592424155561987
1260592426781114371
1260592426781212672
1260592436289720320
1260592436310573063
1260592556431282177
1260592718583156736
1260592736857702400
1260592764951105536
1260592765001445378
1260592768235319297
1260592899269550081
1260592934350721024
1260593018492633089
1260593142824222722
1260593209157312515
1260593254376112128
1260593333405179904
1260593344415137793
1260593394939813894
1260593453441974274
1260593461360766978
1260593700725555201
1260593809513156609
1260593934356660224
1260594242264666114
1260594332563898369
1260594353766096896
1260594356806877186
1260594551506558980
1260594557038858241
1260594617873043462
1260594670276616192
1260594683652247553
1260594980017537024
1260595060938289153
1260595145176690688
1260595188331941890
1260595252106231815
1260595277133762561
1260595284247220224
1260595336529293313
1260595350047506432
1260595488111210496
1260595529102360578
1260595547880161280
1260595548685570050
1260595657871511554
1260595701496627202
1260595729300631553
1260595731636854789
1260596040920641539
1260596099049496576
1260596221221060610
1260596347960516608
1260596488679370755
1260596577187565577
1260596692937629696
1260596725309485056
1260596770720976896
1260597135373934593
1260597144823697409
1260597316047843328
1260597354689966082
1260597385631338496
1260597402022621185
1260597997311676416
1260598059181977602
1260598153813938176
1260598578214567938
1260598902358671360
1260598907714678784
1260599009149845504
1260599124216422402
1260599170852966401
1260599363585421312
1260599718176002048
1260599907297243138
1260599973693083651
1260600118316797958
1260600342007472128
1260600894544060417
1260600898075668481
1260600914672525314
1260601226749673476
1260601276007661569
1260601340105015302
1260601872802611201
1260602341088247811
1260602353469796353
1260602595703492612
1260602903372402689
1260603086701309952
1260603471033761797
1260604136418091008
1260604208308465666
1260604317737930753
1260604602300366849
1260604669186969602
1260604867481006080
1260605048830283776
1260605097995796481
1260605267739389953
1260605425264857090
1260605672510627846
1260605734871597056
1260605940505739264
1260605963683483649
1260606124442693639
1260606151860854784
1260606157732929541
1260606222862110721
1260606292978262019
1260606294102347778
1260606356492636160
1260606374251298819
1260606410171219974
1260606420157976579
1260606534041645059
1260606535283154945
1260606604753469440
1260606613431422979
1260606679340716032
1260606759858769925
1260606913273708549
1260607097529647104
1260607159823450113
1260607373057507329
1260607431811497984
1260607553144344576
1260607583557206022
1260607909857243139
1260608243165999107
1260608334803226627
1260608390822268928
1260608395419287552
1260608587010883585
1260608724391075846
1260608867706306560
1260608943409246208
1260608994193874951
1260609102453014528
1260609218656243713
1260609542288744449
1260609590556835840
1260609962864148481
1260609967473733632
1260610084704522240
1260610270709325824
1260610837498167300
1260610865654640642
1260610913746509825
1260611017740038144
1260611123981832194
1260611181863108609
1260611191291949061
1260611426122633216
1260611464659902469
1260611555097546752
1260611577323106304
1260611595866120199
1260612094338228225
1260612162743132163
1260612261934178304
1260612374287048705
1260612438614929409
1260612898315030530
1260612947556077570
1260612992506433536
1260613123381305344
1260613173729726466
1260613209695887361
1260613234257788929
1260613306093576192
1260613342932152321
1260613465724592128
1260613474008403970
1260613575514689536
1260613781203365888
1260613849125961728
1260613923012857856
1260613965245231111
1260613970576187392
1260613974854373376
1260613979606482951
1260614014712848390
1260614025790062592
1260614167066816516
1260614197647474688
1260614277574115329
1260614324185374723
1260614403562639364
1260614589466755073
1260614629719519233
1260614894388420613
1260614905885057024
1260615034654412801
1260615177889812480
1260615268159627264
1260615314930311175
1260615325969723392
1260615392780836866
1260615402620694528
1260615593230774272
1260615702261751809
1260615794133794819
1260615828942323715
1260615843785957377
1260615861070594051
1260615892511207424
1260615969908629504
1260616045590646785
1260616068961308672
1260616121146847232
1260616178122268673
1260616237912133634
1260616343881240577
1260616382208716800
1260616706499764226
1260616774296502272
1260617033911283712
1260617037870759942
1260617044640161794
1260617067415375872
1260617392025149441
1260617671709724673
1260617682141011969
1260617733865115648
1260617741846941698
1260617850512986112
1260618027726446595
1260618103513395202
1260618213550891009
1260618474432409601
1260618694473977856
1260618746269483008
1260618790733258754
1260618857129140226
1260618910178709507
1260618911168565248
1260618916184961024
1260618934656675840
1260618950372732928
1260619058904514560
1260619060313759750
1260619091938869250
1260619202555195397
1260619277532631053
1260619303864414208
1260619322432634880
1260619380397871104
1260619584090116098
1260619663207260160
1260619696749121536
1260619723865128965
1260619759147769857
1260619791464833033
1260619832376074241
1260619857684582400
1260619917151387653
1260619940408832001
1260620242901966852
1260620354613100547
1260620423319912448
1260620468241027072
1260620495067774978
1260620528945070083
1260620546192146432
1260620561857810432
1260620741822857216
1260620785120694273
1260620805786030083
1260620847947173888
1260620858843975680
1260620905115529217
1260620927269851136
1260620972866129921
1260621017392832513
1260621089258049536
1260621091921367042
1260621097910796288
1260621111777202176
1260621150314520576
1260621177984294914
1260621261165772801
1260621386009149441
1260621412257222656
1260621473888243717
1260621506893225985
1260621570822803459
1260621597397987328
1260621633435455488
1260621667262517249
1260621719905153024
1260621770157101056
1260621801446608899
1260621845654581250
1260621972549054465
1260622007839924224
1260622047434203137
1260622071924764673
1260622120436064260
1260622191399403523
1260622200979238912
1260622215265091584
1260622253273874432
1260622431317884928
1260622444760621057
1260622471474171906
1260622487664168960
1260622521247977473
1260622530198614017
1260622606392348673
1260622611052146700
1260622615741378561
1260622911980933122
1260622912299716608
1260622920143065091
1260622923477520385
1260622982373916672
1260623054432079873
1260623285445963777
1260623290659491841
1260623325568684032
1260623413829345285
1260623462911152132
1260623498910863361
1260623680985600008
1260623727068196865
1260623914461470721
1260623974842675205
1260623997450039299
1260624013208018946
1260624075183005700
1260624086641803264
1260624163708063745
1260624215566360576
1260624343995998212
1260624376166309889
1260624449948258305
1260624470492041216
1260624544097808384
1260624559218270215
1260624622757781511
1260624820074680323
1260624899862941697
1260624912957440001
1260625110584758273
1260625136526471174
1260625191870357504
1260625296656646144
1260625367682990080
1260625391322116096
1260625469696880640
1260625519491665921
1260625650030870530
1260625670733955072
1260625717332754432
1260625802581942272
1260625857091194892
1260625909989720064
1260625928293679104
1260625987252953089
1260626011466629120
1260626042466775040
1260626145533403137
1260626194334179329
1260626389792952325
1260626458432745472
1260626469358899200
1260626717745582091
1260626767062147072
1260626904098447362
1260626920129118209
1260626932397412352
1260627069324705793
1260627155043733504
1260627274069610497
1260627277957791744
1260627288456138753
1260627320173481992
1260627498129334275
1260627505049976832
1260627588063600641
1260627693818822664
1260627743219290112
1260627794310070273
1260627809405489153
1260627815231348736
1260627861851029504
1260627893761310720
1260627903454367745
1260628059159293953
1260628079002689538
1260628129112096775
1260628149852831744
1260628185328254976
1260628209529470976
1260628282250334209
1260628319348891648
1260628533833072640
1260628598542786565
1260628599448748034
1260628605471805446
1260628829699276800
1260628871080263683
1260628894433996800
1260628993981718529
1260629023702556674
1260629037610930176
1260629044275617799
1260629201289465861
1260629221099155458
1260629261884547074
1260629329828024321
1260629356608700417
1260629380075851776
1260629445284630528
1260629445876101123
1260629553313087488
1260629559294283778
1260629569406631938
1260629617288843264
1260629631985692675
1260629637551529989
1260629696087285760
1260629775934205955
1260629798356955136
1260629890405146625
1260629995422187520
1260630081904562176
1260630101038858240
1260630240314957824
1260630249701867522
1260630319973240832
1260630369742860288
1260630462327918595
1260630535585628165
1260630608348360706
1260630679974526976
1260630714137141248
1260630723498782722
1260630781225041923
1260630830730424328
1260630849248206848
1260630892004864001
1260630892223086593
1260630934778449923
1260631043998052352
1260631051162062850
1260631116672905221
1260631644064681984
1260631885979533312
1260632013570297858
1260632061737603085
1260632085900988417
1260632161926950913
1260632392546516992
1260632500214411265
1260632779055927296
1260632843333533698
1260632849826357252
1260632900975894532
1260633261195300865
1260633306544197634
1260633309215772673
1260633826243612674
1260633849920466944
1260634067558707201
1260634296873877504
1260634537685651458
1260634562838872066
1260634595294396422
1260634605272600578
1260634644191621121
1260634836701786115
1260635298519814149
1260635325547896834
1260635329490497536
1260635357902770177
1260635530225688576
1260635534734626816
1260635564082114563
1260635576216309762
1260635719971807234
1260635870899642369
1260635890264743938
1260635925559816192
1260636037178671106
1260636165146845185
1260636192565080064
1260636208763371520
1260636221300248577
1260636418348482561
1260636426582085642
1260636495242723328
1260636518047236098
1260636651035992065
1260636738504011777
1260636953201999874
1260637009430949889
1260637015990849540
1260637181636476933
1260637237768851459
1260637302201729032
1260637518963396608
1260637780100747264
1260637834395992066
1260637885469995009
1260637967191769094
1260638100205830144
1260638268330332162
1260638283450724359
1260638322164207621
1260638367089397760
1260638395946225671
1260638426631737349
1260638555442995203
1260638746837426176
1260638860201132034
1260638898482446338
1260639025607716868
1260639115713929216
1260639283905511424
1260639347914702850
1260639608301408256
1260639930432327682
1260639966692081665
1260639972597600256
1260639982294794247
1260639998761734146
1260640017506086914
1260640074129170432
1260640163912462338
1260640200100896768
1260640328597504000
1260640374974013442
1260640376727252992
1260640377259855875
1260640406305464325
1260640419777478661
1260640456037335051
1260640633238310914
1260640705657135109
1260640782068957189
1260640942824083456
1260640970208657408
1260641202640125952
1260641266771070976
1260641272022339587
1260641286547267585
1260641319673831425
1260641351005343745
1260641545621057538
1260641565267148801
1260641673115316226
1260641928326119425
1260641939734568960
1260642031342403585
1260642044533444612
1260642151223959559
1260642167762178053
1260642177895608321
1260642201962496002
1260642220501278720
1260642291301187586
1260642356497387521
1260642390156685312
1260642480946647040
1260642566669811712
1260642741266112514
1260642853388255234
1260642885827014659
1260643016085307392
1260643072792317954
1260643093239431171
1260643123929251845
1260643154170122240
1260643262840406016
1260643294452740096
1260643309460086784
1260643419010985985
1260643642022039552
1260643654672306179
1260643712847183874
1260643719901884416
1260643952123768832
1260644110345490434
1260644356886654976
1260644377367461888
1260644397546274816
1260644404223606784
1260644648663441410
1260644706146344961
1260644721895989248
1260644723095568385
1260644756796801029
1260644803559034880
1260644842297671680
1260644984421662720
1260645019565748224
1260645095960752133
1260645112050151425
1260645157055221765
1260645209211236352
1260645228110737409
1260645263988801536
1260645301859151873
1260645351909765120
1260645410797809665
1260645434600517632
1260645483170521095
1260645539181326337
1260645540867366912
1260645684425809921
1260645736758210561
1260645745926930432
1260645786922041347
1260646049833578496
1260646120390135810
1260646181622800384
1260646208189562880
1260646241102262272
1260646259330650112
1260646346542813184
1260646387030478850
1260646750219497472
1260647137915793408
1260647297857142784
1260647361304391687
1260647460780691456
1260647486479192064
1260647684152516608
1260647796828368898
1260647881020588032
1260648195022925825
1260648439416631297
1260648629565394945
1260648855172874241
1260649154029617152
1260649274263482368
1260649334367895553
1260649446628397057
1260649455881031681
1260649621145047041
1260649625926504453
1260649676715393024
1260649757090828289
1260649762002333696
1260650360508563456
1260650419509792769
1260650512824676355
1260650643435339776
1260650940631150592
1260650951053987842
1260651035284041729
1260651264850812929
1260651289051971585
1260651367565127680
1260651464151625729
1260651507491287040
1260651657186009088
1260651666212155392
1260651738140295168
1260651761678708738
1260651793341538304
1260651857736695810
1260652161328771073
1260652271945175046
1260652348864520193
1260652632923713536
1260652702284910592
1260652819868053504
1260653409956331521
1260653462867464192
1260653494152781824
1260653544559931394
1260654019728441344
1260654321017880576
1260654487888248833
1260654494930501632
1260654715794100229
1260654842873171973
1260654887718670338
1260654962591191041
1260654966194069505
1260654984405807104
1260654986687426562
1260654998620266497
1260655001585586178
1260655019654647809
1260655083781410816
1260655250639220736
1260655283711311872
1260655300463300610
1260655300975054850
1260655312282873857
1260655330507157504
1260655445632376832
1260655527568130049
1260655574624002048
1260655706069299200
1260655730564009984
1260655790311960576
1260655828123521026
1260656002644365312
1260656031811596289
1260656314071433216
1260656402759999490
1260656411991699456
1260656424595513345
1260656447555133440
1260656588269871105
1260656599690932226
1260656643840241664
1260656823012483073
1260656850334179328
1260656908425261056
1260656941862227970
1260656970886832128
1260657041820934144
1260657060833751040
1260657092643287042
1260657115334500352
1260657160666484737
1260657195298852864
1260657254270775297
1260657292917129216
1260657392208863232
1260657412517724160
1260657446764199936
1260657451960897536
1260657480025042944
1260657508105850880
1260657605891878913
1260657679506141184
1260657871533912064
1260658053650604032
1260658109556551680
1260658178053664768
1260658395020840962
1260658557201952770
1260658572116914176
1260658681596661761
1260658907120164864
1260658947901415424
1260658983699755008
1260659007674388481
1260659018625765376
1260659141602770950
1260659184162357248
1260659184833425408
1260659214625595392
1260659310448660480
1260659393281970177
1260659415398539264
1260659468368404481
1260659477113524224
1260659489386029057
1260659568582918144
1260659573888700416
1260659693841604608
1260659742759763968
1260659764842754049
1260659885022171136
1260659961131982848
1260659980564262912
1260660172998860802
1260660235464671238
1260660269094559746
1260660553925582848
1260660570807652352
1260660571604520960
1260660638562619393
1260660684771127296
1260660710733832192
1260660938320916480
1260660960811012100
1260660975939620864
1260661092759592960
1260661122304110592
1260661336717045761
1260661474621632512
1260661650782334978
1260661673356079105
1260661851286835200
1260661863869755406
1260662054526038022
1260662086771912710
1260662117449052162
1260662253134786568
1260662267919716356
1260662269526134789
1260662298596835331
1260662495989170177
1260662728601079809
1260662745143431168
1260662839842390021
1260662901309833223
1260662925901082624
1260662986764664832
1260663090393370625
1260663234987790336
1260663235805679628
1260663296753090562
1260663432401035271
1260663488634109952
1260663546242838535
1260663578027266048
1260663683149180935
1260663710353367040
1260663718150578187
1260663934631071749
1260664059780894721
1260664128835813376
1260664145042644992
1260664327406837762
1260664466829725698
1260664546777280512
1260664871194157056
1260664905071501320
1260664916417155072
1260664939095654403
1260665646351818759
1260665660067196928
1260665839386275840
1260665970865115136
1260666001772986369
1260666017568743425
1260666158530940928
1260666168886669312
1260666232837152773
1260666236117159942
1260666266907553793
1260666362906775554
1260666470389907475
1260666535145803776
1260666739509145600
1260666804340391938
1260666818567512066
1260666895453360134
1260667098646425600
1260667102408724489
1260667270906417155
1260667643117342723
1260667729692033029
1260667760289501184
1260667983350976519
1260668066431668224
1260668096752336896
1260668118998843393
1260668121758732288
1260668152897327114
1260668176280535046
1260668336083435521
1260668378265649153
1260668396150173697
1260668414764494856
1260668664526917633
1260668711511502851
1260668970455220225
1260668992785653761
1260669000452800513
1260669079150526469
1260669180665348097
1260669412660719617
1260669422446022658
1260669438849925120
1260669623424425986
1260669746799837186
1260669782413762560
1260669806342176771
1260670302767456257
1260670324363997184
1260670367313559554
1260670544770449418
1260670546968272896
1260671308351918081
1260671472848289799
1260671853254893568
1260671860464914435
1260672047887396865
1260672435936022528
1260672479548387330
1260672567440035843
1260672663405637633
1260673112888299522
1260673194467504131
1260673217217400840
1260673309580177409
1260673393336205313
1260673468003168256
1260673584172802049
1260673746144288769
1260673942328610816
1260674059479789570
1260674270788833291
1260674450145624069
1260674958986018824
1260675223877234689
1260675276096393218
1260675285466279937
1260675362436022272
1260675393457197063
1260675467838984192
1260675503561814019
1260675649787830274
1260675774203518982
1260675824887439361
1260675840028938243
1260675882378764289
1260675951412809732
1260676287422750721
1260677038140203010
1260677207590162433
1260677510565695491
1260677666107199495
1260677921661947904
1260677975911079939
1260678101983547394
1260678108442767365
1260678309341548547
1260678406821285888
1260678551956750336
1260678683888701452
1260678696853295104
1260678704398766082
1260678919788822532
1260679340137873408
1260679414427398150
1260679692241326081
1260679813209174016
1260680152197013507
1260680447996104705
1260680459794763776
1260680507781775360
1260680731623383047
1260680769648955400
1260680833712762881
1260681151070515200
1260681161036181512
1260681182024470531
1260681265952493571
1260681273791729666
1260681425348673536
1260681825078444062
1260681880015429632
1260682036190248961
1260682094377828353
1260682206290337800
1260682439082627076
1260682439615221760
1260682566945984522
1260682715663405056
1260683222645714947
1260683679355015169
1260683737156792321
1260683901485355011
1260683932145782786
1260684003226632200
1260684153974071300
1260684234982920207
1260684282613374986
1260684346538831873
1260684412485853184
1260684683244974081
1260685007095500801
1260685293059014670
1260685365029023744
1260685402874286081
1260685461732962305
1260685520461533185
1260685951241764872
1260686151809216512
1260686174479421442
1260686206465122318
1260686718874902530
1260686804656828419
1260686843554791428
1260687350394470405
1260687431008956423
1260687435144540160
1260687803064758272
1260687861256466432
1260687910199844864
1260688270314426369
1260688538401681410
1260688652230942720
1260688989675229192
1260689012026683392
1260689162749034496
1260689215844765696
1260689269670240259
1260689508695228416
1260689610394525696
1260690357844574210
1260690456847036418
1260690800016588801
1260690801706905603
1260691381984600065
1260691387076485121
1260691631717650432
1260691948869955584
1260692024300371970
1260692444720631817
1260692658776768513
1260692834027556869
1260693440020590599
1260693450888032257
1260693462627819520
1260693717188587529
1260693729763090433
1260693946684133381
1260694424855760899
1260694669178146819
1260694927475908614
1260695018957950988
1260695077267087361
1260695103821221890
1260695116785819648
1260695153800552448
1260695275666051072
1260695377021411328
1260695732400635910
1260695734703263744
1260695791863242755
1260696094541053952
1260696104150204417
1260696157946339330
1260696170562756609
1260696310098866177
1260696485953441792
1260696663036964867
1260696743324405765
1260696753977856005
1260697091044753413
1260697344942768131
1260697407005827073
1260697573645602819
1260698076521598976
1260698214434582529
1260698215239860224
1260698405212471299
1260698434325135360
1260698442680225803
1260698778094522368
1260698910072471554
1260698997326561280
1260699018230927360
1260699072651984896
1260699233885306881
1260699291238174722
1260699358967848962
1260699552836976641
1260699728892907521
1260699733900890118
1260699790700093440
1260699847151190017
1260699933474205699
1260699966424653825
1260700059454394368
1260700095533723648
1260700136533045250
1260700179717554178
1260700241130655744
1260700564674969602
1260700822482149377
1260701007262162946
1260701167606288386
1260701177848758273
1260701190918148096
1260701217967280132
1260701551091486729
1260701572968873984
1260701790871474177
1260701795686506497
1260701841123348488
1260701848098484228
1260701890288979970
1260702061571846145
1260702167280779267
1260702207026003970
1260702209869852680
1260702234481917953
1260702254883102722
1260702287955189760
1260702334822289408
1260702390300311552
1260702443211497472
1260702498278572034
1260702532642451462
1260702609943519236
1260702715581251589
1260702726159249419
1260702750834397186
1260702757721341973
1260703310467813381
1260703395360509955
1260703524083642374
1260703695089655814
1260703812488245256
1260703820428034048
1260703823624122368
1260703823796080645
1260704169197002758
1260704215053238272
1260704261740146690
1260704298893217798
1260704307894202369
1260704326672166913
1260704383169368064
1260704403033657345
1260704403616608256
1260704437460500481
1260704441457610753
1260704443915517952
1260704464429858817
1260704467701415937
1260704544947949568
1260704551448936448
1260704589839511552
1260704603861127170
1260704613684125696
1260704615668109318
1260704656046637057
1260704660375117826
1260704669128626179
1260704680394579968
1260704689118576640
1260704752696012809
1260704761881427975
1260704777056518145
1260704804353048576
1260705041758986240
1260705077121220611
1260705170494820352
1260705199527731208
1260705218481868802
1260705263126020097
1260705327059816448
1260705409125548032
1260705421939048448
1260705500263600130
1260705560305045505
1260705715284516865
1260705742807601153
1260705795802529801
1260705796532449281
1260705910130987008
1260705914874667011
1260705933598089219
1260705971766247425
1260706031832891393
1260706090737700881
1260706245197139974
1260706252830781447
1260706273567391747
1260706338570678272
1260706375321161728
1260706435731783680
1260706443826728962
1260706472616435714
1260706587880161280
1260706599510970368
1260706609887612931
1260706668414930945
1260706671527149570
1260706672294715393
1260706749801259008
1260706762178678792
1260706793963032579
1260706845523615744
1260706905858736129
1260706985244319744
1260707014860251136
1260707061081559042
1260707119332052992
1260707151279992832
1260707261174947844
1260707263788077061
1260707400128086023
1260707460748279810
1260707697407791104
1260707718035316745
1260707735907315714
1260707745524854784
1260707828144246786
1260707916769869829
1260707951851044865
1260708151520870400
1260708160966463488
1260708193145061386
1260708204142616578
1260708295293243398
1260708306357825538
1260708359113773060
1260708368450273280
1260708557248434179
1260708737167302658
1260708793400295427
1260709036858773504
1260709464933629952
1260709517370765312
1260709596202774532
1260709675185602561
1260709679501643781
1260709770727751686
1260709925166219267
1260709949065363458
1260710035434475530
1260710069462872068
1260710093735288838
1260710122696957952
1260710180959842304
1260710255283056645
1260710318197669888
1260710354360942593
1260710463773519872
1260710465145012228
1260710493729230856
1260710534074249216
1260710567553175559
1260710632971735046
1260710643713310722
1260710661254008838
1260711081288351747
1260711200092012545
1260711262369067008
1260711443214761984
1260711533098795012
1260711565092929536
1260711612811554816
1260711615592366086
1260711717920784384
1260711741597667328
1260711801697820673
1260711976822550531
1260711989237743617
1260712078727360514
1260712279835922432
1260712679255298048
1260712706748944385
1260712839280504838
1260712847815966723
1260712908784369665
1260712936403763200
1260713015189651456
1260713061591191557
1260713219636813825
1260713227471683585
1260713502894886913
1260713541646106631
1260713620159242246
1260713680284651523
1260713850854350855
1260714015925338115
1260714028487389184
1260714068001853440
1260714179595505665
1260714180220456960
1260714196804808704
1260714408201859072
1260714594076692480
1260714597297815561
1260714598799466498
1260714714256064512
1260714798846808065
1260714903444361217
1260715115046985732
1260715118138195970
1260715231405322240
1260715250023792645
1260715283079184392
1260715333150793729
1260715415958945792
1260715417355587586
1260715482245746693
1260715535727079425
1260715595823185922
1260715681278038019
1260715848706273282
1260715853030526977
1260715958596972545
1260716067992866816
1260716445035573250
1260716623910113280
1260716670009724929
1260716698438709248
1260716878873407494
1260716913568727040
1260717002479611905
1260717045974470661
1260717079281438720
1260717169689722880
1260717197179174912
1260717255081558016
1260717380952522754
1260717426112634892
1260717452121563138
1260717479694929920
1260717550700298240
1260717565338419200
1260717588520341505
1260717696355758080
1260717700021719040
1260717706304729092
1260717879516938241
1260717943593238528
1260718098631413760
1260718306497048576
1260718352101711874
1260718488227852288
1260718516027695106
1260718530670088193
1260718565369446401
1260718617995476994
1260718822320939008
1260718956148592641
1260718967301255170
1260718993763164160
1260719035207032832
1260719066123288578
1260719077586280449
1260719250551037952
1260719306171731971
1260719345719787521
1260719367043637248
1260719371065929728
1260719432839704582
1260719569762693121
1260719632962461696
1260719783349309440
1260719795240132608
1260719813305012242
1260719980368330755
1260720072315805704
1260720084097601538
1260720157992914944
1260720204730032133
1260720261294407680
1260720322329874433
1260720332752781312
1260720382681780224
1260720461568188425
1260720638504943618
1260721022019473408
1260721145004859399
1260721183621865472
1260721206803693570
1260721331223527424
1260721446327848960
1260721996196990979
1260722014874148866
1260722350372392960
1260722672692088832
1260722756494204929
1260722837297549317
1260722847665852416
1260723009905721347
1260723058702192643
1260723104717975552
1260723121922945026
1260723167976357890
1260723189598076931
1260723316492558336
1260723619946278912
1260723771301822464
1260724182624751617
1260724323322642432
1260724437009268736
1260724638658813954
1260724653649207296
1260724839507202052
1260725127781720074
1260725146215755776
1260725417046130689
1260725612353933318
1260725712824291328
1260725922430320641
1260726086020841473
1260726132279857152
1260726270079401984
1260726420386402304
1260727060336717824
1260727066439401474
1260727086416871427
1260727223344128003
1260727348401446913
1260727374326517763
1260727555562311680
1260727580367388672
1260727753852272640
1260727915748175877
1260728124976791555
1260728139279409153
1260728209219506176
1260728813476098050
1260729137200799744
1260729366377639937
1260729858348498944
1260730094433251331
1260730286570168320
1260730373002199040
1260730669489172480
1260730894660308993
1260730924490199040
1260730957734215680
1260730959672082433
1260730999165595648
1260731007612989441
1260731240002596865
1260731258197422085
1260731712277012482
1260732040544169985
1260732101965623299
1260732108940759040
1260732191740440577
1260732241275215872
1260732251874242562
1260732293662064640
1260732433458016257
1260732696709513216
1260732754637053952
1260733213359706113
1260733224055169029
1260733292313284613
1260733475101069313
1260733761680965635
1260733774234619907
1260733885442412547
1260734029424463877
1260734041621495809
1260734060692987905
1260734189357449222
1260734291102793729
1260734298598014976
1260734312586059776
1260734623291670533
1260735158652715008
1260735300113969152
1260735573318385666
1260735665152700418
1260735709704486914
1260735777249669120
1260735923437912066
1260735951921385472
1260735961132142593
1260735973736022016
1260736264619413505
1260737263685840897
1260737451120898048
1260737621858418691
1260737747318460421
1260738069306671106
1260738324903407617
1260738838189793280
1260739046420041728
1260739248036216834
1260739366844084225
1260739540035276806
1260739543734595586
1260739716263161858
1260740092517396482
1260740611902255104
1260741616266067975
1260741714505064457
1260742165979955200
1260742289988583425
1260742382754152448
1260742453704998912
1260742844492496896
1260743189939568641
1260743536984625153
1260743705385984000
1260744463179284481
1260744746638680066
1260745245303754753
1260745826281885700
1260745935224741888
1260746128548651011
1260746584092020737
1260746709543550978
1260746887264636929
1260747298864332800
1260747955218403330
1260748411416035328
1260748426981105666
1260748810382344194
1260749314688716801
1260749529781059585
1260749618872233984
1260749774162137088
1260750436925165570
1260751271881068547
1260751344266338304
1260751376654761986
1260751504266452992
1260751645098606594
1260752826902417408
1260753018963795973
1260753282189996034
1260753395138228225
1260753890582106112
1260755125607555072
1260755861317849091
1260755897825005570
1260756080633790464
1260756909247922176
1260757332314726401
1260758045262479360
1260758238246682624
1260758339476164612
1260758946618527745
1260759338408382465
1260759344527933440
1260759455224025091
1260759782006423552
1260759947933110273
1260761075357757440
1260761147986391040
1260761158383996929
1260761662837207040
1260761862939049986
1260761913258016769
1260762213276626949
1260762250601586691
1260764652037984257
1260764734258909184
1260765111091896322
1260765544535515137
1260766517865611264
1260766528607313922
1260766632806400002
1260768392736387072
1260768473262837765
1260769349566111747
1260769731939885056
1260769949624262658
1260770145418579970
1260770419654746112
1260771512396718085
1260771719461195778
1260771802642550791
1260771917671403520
1260772238653108224
1260773156912009216
1260773636350398471
1260774198403792898
1260774402557345792
1260775109473832964
1260775916176883712
1260776487130669059
1260776953805758465
1260777578631061506
1260777607802621952
1260777944970117121
1260777988058238981
1260778320523857920
1260778887807668224
1260779747124170754
1260780178701275136
1260780396071071745
1260780439524040704
1260781261435609088
1260781648028798979
1260781831642910722
1260783215494737924
1260783600074739712
1260783924881641472
1260786467720306688
1260786699250085890
1260787033448087554
1260787132165230599
1260787591378612225
1260787858723528704
1260788384009682945
1260788750692634624
1260788967642972160
1260789717064396801
1260789745627607041
1260790178597175301
1260790180585275392
1260790333237071873
1260790845948780544
1260790959446454272
1260791054472790019
1260792050133405696
1260792234955456515
1260792861542531079
1260793182918500359
1260793812542205953
1260794283302572033
1260794579567153153
1260794952918982657
1260795002940198915
1260795463374159872
1260795731557994498
1260795863192014848
1260795962898944006
1260796092637229056
1260796494870953989
1260797834451968000
1260799025151987712
1260799029635624961
1260799442325852160
1260799443386929153
1260799891791642630
1260800004488343558
1260800162546552832
1260801152263823360
1260801760286912512
1260802210709082113
1260802231223422976
1260802243655335938
1260802395203919873
1260802401017135104
1260802566868340739
1260802602129862659
1260802803997593601
1260803104532049920
1260803624369893378
1260804487981273088
1260804497963732995
1260804927808352260
1260805834357047297
1260805964841836544
1260806727508860928
1260807091733901312
1260807124571041792
1260807297707716610
1260807325067214848
1260807563043639300
1260807634548129796
1260807689279594496
1260807743650349056
1260807785413070850
1260807981844791297
1260808060337098753
1260808115894788101
1260808313857597440
1260808915446611969
1260808994983215105
1260809310713663497
1260809554696298496
1260810332311822337
1260811404300427265
1260811461284298759
1260812119764852738
1260812660179861504
1260813019254226945
1260813275698286592
1260813503696384000
1260813674647900161
1260813760714944512
1260814377810300930
1260814499994615808
1260814949401726976
1260815054850740224
1260815201408081922
1260815593269272582
1260815689755103233
1260815897066954753
1260816322499313670
1260816412249030657
1260816444553650181
1260816678050574336
1260817865147588608
1260817999336026114
1260818598433558533
1260818690485911552
1260818779078000642
1260819395280076800
1260819416624902145
1260819735350050818
1260820219246804992
1260820401787109381
1260820954558738432
1260821237972045824
1260821324559085569
1260821697600589824
1260821770837385216
1260821995043917827
1260822410003132416
1260823598295650313
1260823605132374017
1260824419091599362
1260824572120760320
1260824709991727104
1260824827671326721
1260825058416697344
1260825279641124868
1260825952835244033
1260826624532140032
1260826888907501570
1260826946528821249
1260827386897186819
1260828137673363459
1260828218115964928
1260828551944732672
1260828814097121280
1260828982079086593
1260829300875501568
1260829366805823488
1260829524494888962
1260829875558064128
1260829899834654721
1260830049596592129
1260830806697746432
1260831299528470530
1260831890589782016
1260832094730805248
1260832096668573696
1260833165272383490
1260834808109977600
1260835090906656768
1260835327129915394
1260835968992645121
1260836138589315072
1260836485651206146
1260836512679309315
1260836591632818176
1260836721735995393
1260837719615377408
1260838979533967362
1260839227702546432
1260840314744590337
1260840506663276544
1260840599420313601
1260840608316489728
1260840769075675136
1260841467490324480
1260841829580320768
1260842519442710528
1260842667656839168
1260842846019559425
1260843153181085697
1260843870285422593
1260844080071925760
1260844473854164992
1260844594197155840
1260844628032532480
1260844701986557952
1260844722400215042
1260845084922257408
1260845289239449602
1260845354527985664
1260845597231329285
1260845958096658432
1260846254327828481
1260846405687611392
1260847294557163520
1260848012181585920
1260848491435261952
1260848902389084160
1260848990834343936
1260849001441738752
1260850079826694145
1260850103973273601
1260850614550048774
1260850939952541696
1260851073050447874
1260851546243432448
1260851955754307584
1260852592118292485
1260853990675406848
1260854075991764997
1260854267419807744
1260854514313240576
1260854624283701248
1260854639542616064
1260855045962301450
1260855829814824961
1260855960739995648
1260857357258633216
1260857530596700160
1260857818132951046
1260857841562329089
1260857918796320768
1260858358304833538
1260859283811467265
1260859408520818689
1260859478938923008
1260859810574188544
1260860399475400705
1260860665759182854
1260860829064364034
1260860842087768064
1260862260882354176
1260862382378758145
1260862527816167426
1260862673283166208
1260862718178811904
1260862797677805575
1260862815902019586
1260863006327660544
1260863498202034176
1260863843724668928
1260863855510634497
1260864207605686272
1260864782745436160
1260865313719169024
1260865425929392129
1260865988859478022
1260866012032966663
1260866216043974656
1260866222532542468
1260867185603469312
1260867454328242179
1260868628024635394
1260868669908942848
1260868796878897154
1260869242062278656
1260870023142354944
1260870580762562561
1260871376363294720
1260871421623967744
1260871733575397380
1260872383721848832
1260872759900540928
1260872785762693120
1260873252739612672
1260873578586800134
1260874085329973248
1260874469821857792
1260874971917832193
1260875930966339585
1260876258835083264
1260876678903062529
1260878480641843201
1260878821399638016
1260878871345475585
1260879140191907844
1260879305829163008
1260879985138634754
1260881614072156163
1260881710847348736
1260881817915265025
1260881942712442882
1260882199945109506
1260882717694136321
1260882787021832192
1260883411088093184
1260883540662726661
1260883718132191233
1260884201076916229
1260884341716123653
1260884534591139845
1260884797775384578
1260884996568555521
1260887715236569093
1260888014152175616
1260888513081421825
1260888660175499265
1260890416091664384
1260890433879752708
1260890868371914752
1260891679395110915
1260892458529030150
1260892851656941568
1260893121950384129
1260893775951474688
1260894352659877891
1260895793483046912
1260895988589477888
1260896049352359938
1260896815957913601
1260896857561214976
1260896874636214272
1260897709399126019
1260898151420100609
1260898595584323585
1260899150578642944
1260899482876723201
1260899713911586816
1260899766352990208
1260900154632278022
1260900346257379330
1260900860206473216
1260901549250764800
1260903045652721672
1260903532640772096
1260903717282418688
1260904119054852096
1260904198268497920
1260904591694221317
1260904806643884038
1260905188950519809
1260905362330456069
1260905742829342720
1260905747283574786
1260907093218951171
1260907273842499584
1260907539337805824
1260908491016994817
1260908891191345153
1260909544185704448
1260910504098304000
1260910997595799552
1260911130429530114
1260911157155631105
1260911462400307201
1260912730422337536
1260913404472176640
1260913454275342336
1260914204523012096
1260914445741633539
1260914505334370306
1260914519481729024
1260914546912395264
1260914589811781632
1260914603074162699
1260914665590263810
1260914756464017408
1260915017492414465
1260915270807359488
1260915286158557188
1260915887315484672
1260916090491764736
1260916884582608896
1260920545471860737
1260920551717122048
1260921228178661381
1260921240090484737
1260921326849740800
1260922412364783616
1260922521244721152
1260922532917661697
1260923091128946688
1260923193872707585
1260923377545555968
1260925036749139969
1260926172671729664
1260926535080439808
1260926551161360385
1260927157502644224
1260928035387109377
1260928205470355460
1260930003304210433
1260930640905515008
1260931844494643201
1260932029580865537
1260932262368907266
1260932354224218116
1260932496893468673
1260932945000280066
1260932954408140800
1260935136255676417
1260935982238425089
1260936700634607620
1260940250496610305
1260941577553395713
1260941745799532544
1260941863537778689
1260942225514455041
1260942826680049665
1260944184015454208
1260944336256147459
1260944673323040772
1260944735235178496
1260947110419103751
1260948112488742914
1260948872744046592
1260950052299776000
1260953027466465282
1260953178452959232
1260953208891064321
1260953760492388358
1260953994555523073
1260954233593004032
1260954492440322049
1260955016698966019
1260955435139465216
1260957611333169153
1260958130181156864
1260958367780147201
1260958941439242240
1260959845039177728
1260960638941134849
1260960923734413313
1260960947948195841
1260961092928507906
1260962012630265856
1260962018577780737
1260962225432428544
1260962346954080258
1260963000183332868
1260963138507345920
1260964126383312904
1260965637125537792
1260966360114270209
1260969656279601152
1260969870457540611
1260970639445438465
1260970799902724099
1260970918173605896
1260971320696885248
1260972121901195266
1260973311288389633
1260973661479206918
1260974542937300997
1260974829806682113
1260976579250999301
1260976736608686082
1260976865642270723
1260979570121080832
1260980042395500544
1260980144644206592
1260981098328272897
1260984278600597504
1260987094220103692
1260990363134722048
1260991594213396480
1260997184381730822
1261000460468719616
1261002824248418305
1261006877837705217
1261010125680189445
1261011337829851138
1261012471126654977
1261016135711051796
1261016749480259584
1261017538760237058
1261017550332350464
1261017786165460992
1261022911428689920
1261043339090112512
1261043763226566657
1261043763310403587
1261044948901691393
1261048504568418309
1261052003729518592
1261063662866923522
1261068666638123008
1261068813275205632
1261071312577007618
1261071752333049857
1261071886831714306
1261072574001414145
1261077443156357127
1261078021890543618
1261079981331005441
1261080639236907008
1261085240489107460
1261092239889043457
1261101118039392257
1261108066520567808
1261114220147552256
1261145505674989568
1261146733746311168
1261160153883254784
1261183358308175872
1261184591878119425
1261185999612321792
1261198381789122567
1261205001571119105
1261206707553710080
1261220766508556288
1261224293477822471
1261229787189858304
1261232175833382912
1261232234754949125
1261239988764762115
1261249822625013760
1261253911354146816
1261267790394245120
1261270884632977408
1261306251826417664
1261314548713361409
1261338966361432064
1261352562650828800
1261353164952961025
1261355225090347013
1261356804878942209
1261368734343548928
1261370333094973449
1261399139537104897
1261400806206685184
1261404184441569280
1261412063957655552
1261436532914782210
1261449847481212930
1261454136903643142
1261498827477078017
1261504003625480192
1261589355430391808
1261603586133364736
1261614840940048395
1261615595830861825
1261637102757990400
1261751751142711297
1261775599087038464
1261778507325222912
1261792524105998336
1261814244611444739
1261824569511481346
1261874942083293186
1261890530696462336
1261906443818713088
1261910869828665346
1261927770998874115
1261960596666417154
1261969700977811456
1261970439166926848
1261970636890681350
1261978382708989953
1261984565935079424
1261995713929662465
1261996658772135936
1261997056496930816
1261997601223839744
1262043551564775427
1262099051765473282
1262164846377910273
1262313386991390721
1262509542065213440
1262540815915782144
1262676859508215808
1262886498183061504
1263495118826463232
1263556487223410688
1265337659951648768
1265420732911300608
1265565722257821697
1265738688853618688
1268792604298301440
1268853296007168000
1273560193436200960
1287595303982501890
