id
1258547842949378050
1258547962839326720
1258548147606876161
1258548196030070785
1258548465317015552
1258548564260601856
1258548835938299906
1258548933027979266
1258549836971823104
1258550468029984768
1258550899930099713
1258551449908199427
1258551596394246146
1258551693383356416
1258551805249638406
1258552082958823431
1258552238340894721
1258552656194228224
1258553635249799175
1258553741596397570
1258554915972055045
1258555379291762694
1258558036584562694
1258558313383505920
1258558445009149952
1258562262031310853
1258564504843104259
1258565743416872963
1258566966857564161
1258567622309928961
1258569431472619525
1258569605041324033
1258570590681804802
1258574572091310080
1258575011159388172
1258575859931324416
1258576789670158338
1258577360179191811
1258579422837342208
1258580051664273408
1258580814046126080
1258581945677684739
1258582946660958209
1258585185588822017
1258586671844597762
1258587516275494913
1258587791673491463
1258592681061691400
1258594431533490176
1258594741576499200
1258595053259427842
1258595864009945094
1258596090301108227
1258596765743435777
1258596775021219840
1258597351935152128
1258597994766774284
1258598139067609090
1258598297775767554
1258599695775137792
1258600221833076742
1258600717469790208
1258601154734407684
1258601229955072002
1258601282568433664
1258601470808686592
1258601561749626880
1258602037358592002
1258604660535033857
1258604877619572738
1258605337243983877
1258605339576057858
1258605373973553154
1258605737665839104
1258605936777838593
1258606417520603136
1258607155973894149
1258607414313496576
1258607479325446145
1258607588314415111
1258607589245571072
1258607589857939458
1258607666907222023
1258607867332120576
1258609042550898690
1258609555375783937
1258609684321271808
1258609713035476992
1258610146147737600
1258611002536529923
1258611272825921543
1258611581031776257
1258611969113890818
1258611980681740288
1258612057731141632
1258612108591169537
1258612126576447489
1258612231807422464
1258612646682771456
1258612712722108416
1258612869249277952
1258612886492110848
1258612895631409153
1258612903810383872
1258613719082418176
1258615474084069376
1258615551116693505
1258615610948362240
1258615640883032064
1258615678447300608
1258616464103346176
1258616534911639552
1258617307577925632
1258617736231399424
1258617816489635840
1258617978293227520
1258618108220227586
1258618182467813377
1258618194752942083
1258620223906811909
1258620748219940876
1258620940591796224
1258621055356338176
1258621336953511937
1258621429127446530
1258621495103959045
1258621511692365826
1258621639908110338
1258621680097910784
1258621824079970304
1258621920511176706
1258622153412481026
1258622183485702150
1258622483147751424
1258622501581701120
1258622657135861761
1258622709073936385
1258622841018253312
1258622867526344705
1258623042080694272
1258623397514412032
1258623473041264646
1258623740700758021
1258623825887010817
1258624188543369216
1258625320141406208
1258625611406417920
1258626552079831042
1258626601564147713
1258626868871401478
1258626872704937985
1258626965562691592
1258627037457154049
1258627395311013890
1258627553537011713
1258627558100414464
1258627641567072261
1258627761834508288
1258627772374802433
1258628016487444482
1258628046069862400
1258628282129485824
1258628285921210370
1258628438346403842
1258628549059231744
1258628647692439552
1258628710242103296
1258628996591497217
1258629066988625921
1258629441175117824
1258629467083354112
1258629723900518404
1258630274277138433
1258630449875890177
1258630757981052928
1258630920875188226
1258630963023790088
1258631023593754625
1258631068560830467
1258631105785352192
1258631180410335232
1258631180771102723
1258631535286194177
1258631698717093889
1258631959330402304
1258632059100200960
1258632061348311040
1258632104499466240
1258632213068996609
1258632455663300609
1258632554590150656
1258632654305574912
1258632895406788610
1258633233668939776
1258633323297099776
1258633557318283264
1258633585592094720
1258633897979625477
1258634091618021376
1258634218206347264
1258634289069113344
1258634450361102336
1258634465749938176
1258634550768537606
1258634562642391046
1258635024506793984
1258635043251146758
1258635049911582721
1258635204811522048
1258635343416438784
1258635413004132352
1258635731507056641
1258635902823399425
1258636086080950273
1258636624847671296
1258637096845180929
1258637210162794497
1258637564107526144
1258637727140065281
1258637756693008384
1258637758471393280
1258637904299130880
1258638342784196608
1258638510459891712
1258638650381926401
1258638867403603968
1258638878875029510
1258639161239748611
1258639216105447426
1258639264159535104
1258639393222508544
1258639586236018691
1258639766897164288
1258639936720457728
1258639951136202752
1258640007516037121
1258640326610345984
1258640329533722629
1258640402292277248
1258640498350329856
1258640730685349888
1258641021417721856
1258641280050950144
1258641340973318144
1258641355636686848
1258641367061999617
1258641406006112258
1258641419998318599
1258641635694587904
1258642173580509192
1258642208129011712
1258642382616236033
1258642472873451520
1258642580419510272
1258642750645456896
1258642836708380673
1258643370211250176
1258643861393596417
1258643895782707200
1258643972299337728
1258644166302720000
1258644256685805568
1258644271428747264
1258644510797697024
1258644585435353090
1258645104191029248
1258645250370830336
1258645491153281031
1258645625442369536
1258645660875833344
1258646089495908352
1258646143359225856
1258646178415050754
1258646513271611399
1258646601351991298
1258646621535047681
1258646772412493824
1258646823323029506
1258647175472525313
1258647487218319360
1258647607943008261
1258647795759828994
1258647944691159041
1258648335398944768
1258648353556094977
1258648460431065089
1258648499161378816
1258648511140311049
1258648522519445504
1258648546850586624
1258648772587986946
1258648851382185984
1258648861964488704
1258648872756412416
1258649071990050816
1258649115837321218
1258649127258337280
1258649139195326465
1258649187182403585
1258649209479274497
1258649242610130944
1258649441571127301
1258649469438119937
1258649494582935553
1258649540820783111
1258649579563728899
1258649676498243589
1258650017474232320
1258650148495855617
1258650224198852608
1258650243471757313
1258650268037607425
1258650382210826240
1258650403639566337
1258650423612891136
1258650462711975937
1258650848105816065
1258650935167004677
1258650997263609856
1258651068524871680
1258651111923335168
1258651126573993984
1258651144664088579
1258651181838143488
1258651229401513984
1258651518737186816
1258651802402271234
1258651876603682818
1258652012109074433
1258652093310742530
1258652263196868609
1258652315415871488
1258652348521631745
1258652421577940999
1258652615245737989
1258652689782767616
1258652786000101377
1258652798377431040
1258652820401729536
1258652856955080705
1258653008897945601
1258653095351013376
1258653156701020161
1258653183347490817
1258653243967705094
1258653254008922112
1258653352411500544
1258653493805621248
1258653534247100416
1258653854469677061
1258653857481179136
1258653890712612870
1258653971620802561
1258653996996349952
1258654010187354112
1258654409946529792
1258654480071102466
1258654654184988672
1258654952924348416
1258655088287064065
1258655162970898432
1258655186651938821
1258655253131649024
1258655522892460033
1258655535362191360
1258656035654578178
1258656163840823296
1258656200687792128
1258656239413837824
1258656276256612353
1258656279695953922
1258656304656265217
1258656451939180544
1258656476710809602
1258656534411821056
1258656555412721664
1258656632768208898
1258656663655141377
1258656766923083776
1258656774187618304
1258656813353963521
1258656877392662529
1258656927514583043
1258657340389306369
1258657544144379904
1258657587643506689
1258657590269169665
1258657619952250881
1258657727183757312
1258657862856957953
1258658071968129025
1258658106252447745
1258658123331637249
1258658248389001216
1258658285655396352
1258658328756002816
1258658752254836739
1258658788007084033
1258658866881052673
1258659041737310208
1258659162814328832
1258659184075321344
1258659241306599425
1258659247459532803
1258659537638379521
1258659790819123200
1258659796653355008
1258659927058526208
1258660024718589952
1258660124576620544
1258660228234719232
1258660244055568384
1258660551552532481
1258660566366855169
1258660580547874818
1258660845015498752
1258660932424794112
1258661011671957505
1258661084766113793
1258661346406813701
1258661443811016705
1258661492842471426
1258661583552561153
1258661718869315584
1258661823760470016
1258662113062662145
1258662116967538688
1258662128149565452
1258662159611019264
1258662209787498496
1258662265558953986
1258662278016184320
1258662453392683013
1258662470006308864
1258662512758870017
1258662775766880261
1258662794490150916
1258662943769665539
1258663064079159296
1258663226465796096
1258663238897672192
1258663240990691328
1258663340211081216
1258663439280615425
1258663440224268288
1258663853975535616
1258664063397232642
1258664254804307970
1258664353672429568
1258664583021166593
1258664653380562949
1258664683915153409
1258664939151069184
1258664987641417734
1258664993463111686
1258665116867997697
1258665226326740992
1258665280689102848
1258665413560414209
1258665661775183872
1258665758382530560
1258665808189890560
1258665947742851073
1258665982874267648
1258665988683431936
1258666102588157952
1258666346742722560
1258666472353792002
1258666550120374273
1258667329375870978
1258667575577370625
1258667943103270915
1258667955753123841
1258668089237016576
1258668260729540608
1258668768772993026
1258668783331352577
1258668795440312320
1258668842286567424
1258668915686866944
1258668962620960768
1258669190921293824
1258669244641939457
1258669255203213312
1258669961406447618
1258669979408498689
1258670126188167168
1258670353271918592
1258670388168589313
1258671029226024961
1258671243424927744
1258671359607148544
1258671482760298497
1258671663241203713
1258671679280222209
1258671914316370112
1258672179694178305
1258672568506224641
1258672723066306562
1258672755534422016
1258673048087134208
1258673260377657345
1258673476497530880
1258673700720820225
1258673849450856450
1258673864734892033
1258673908296843265
1258673940408475650
1258673944451862528
1258673976718626816
1258674451073417224
1258674499769303041
1258674651359621121
1258674669995077632
1258674927533686784
1258675057666162690
1258675108404756480
1258675152105156608
1258675185357635586
1258675253729021952
1258675547036672000
1258675731317604352
1258675765476024320
1258675883700891649
1258676018749022208
1258676102081531904
1258676254536011776
1258676263734194180
1258676437797818368
1258676755805716480
1258676945799319552
1258677191916679168
1258677332484784129
1258677488382869505
1258677579353067520
1258677645279141888
1258677819879677952
1258677822958247936
1258677987446345730
1258678269345480704
1258678303449284609
1258678308419653632
1258678721315254272
1258678757105250305
1258679041030262785
1258679100761346048
1258679182307049474
1258679314599555072
1258679753671925760
1258679865957638144
1258679957993197568
1258680024246386689
1258680060497866753
1258680152189308928
1258680688120860672
1258680730814685190
1258680844685848576
1258680884267560961
1258681139293761537
1258681304213831680
1258681363135369216
1258681395880353792
1258681483910361090
1258681808079728641
1258681845778198528
1258681890049056768
1258682052645466116
1258682170845073409
1258682314990784512
1258682375904677889
1258682446847016960
1258682545815851014
1258682555357892608
1258682588576743425
1258682601289760770
1258682622152228864
1258682670206406656
1258682896807858176
1258682930542645248
1258682958094966784
1258683055088287744
1258683201628798976
1258683303466536960
1258683348387594241
1258683366678974465
1258683395875450880
1258683418679934981
1258683499613171712
1258683545494708224
1258683557683306498
1258683559394631680
1258683574867419138
1258683600872013824
1258683853817946113
1258683979676475392
1258683982214057984
1258683985879879680
1258684247105253376
1258684310091190272
1258684324594909190
1258684337635168256
1258684351379881984
1258684518174584832
1258684556036780032
1258684622134788096
1258684657706708994
1258684730758909954
1258684743949922307
1258684908525977601
1258684942923583489
1258684959897915392
1258685008694382592
1258685061798547456
1258685196876091392
1258685264769269760
1258685281030545408
1258685345190862848
1258685571666452480
1258685673051209729
1258685771743100928
1258685823047946240
1258685885979205635
1258685979864502272
1258686014719131648
1258686041222979585
1258686348950671361
1258686393943031808
1258686420853678081
1258686531688071168
1258686540969992192
1258686545760071680
1258686591826046977
1258686623706947585
1258686649904566273
1258687056278151169
1258687061198016512
1258687159663542274
1258687222372540416
1258687310457167872
1258687333274128386
1258687347211763712
1258687437280346112
1258687478774607872
1258687550849536000
1258687724736913408
1258687740540944384
1258687866701520896
1258687904672514050
1258687999656763393
1258688091692433408
1258688172734722053
1258688321200566272
1258688580744069120
1258688610175508481
1258688673228488704
1258688693575000065
1258688762663645185
1258688805453942784
1258688922168823808
1258689047003836416
1258689170505170944
1258689237488107521
1258689260628082691
1258689350612799489
1258689522084327424
1258689622894411776
1258689655949742080
1258689686014484480
1258689777685221377
1258689777827799041
1258689976889495554
1258690009491783680
1258690051778785280
1258690102525677569
1258690241445146625
1258690328934178816
1258690343501004801
1258690355224031233
1258690374274387968
1258690404662358016
1258690414787342337
1258690415940775936
1258690553723727873
1258690614142611457
1258690688948019202
1258690748842676224
1258690761605988352
1258690944427347973
1258691014270898177
1258691130994102273
1258691367619960832
1258691382379716609
1258691555243831306
1258691644951584768
1258691651897380864
1258691767521738752
1258691863323656195
1258691864586342402
1258691879023063040
1258691923386269697
1258691979451473922
1258692049714450433
1258692069029220352
1258692072380522497
1258692222863769600
1258692253008216064
1258692253180141569
1258692308733693953
1258692513268973568
1258692596127477762
1258692881440743425
1258692955092717568
1258692986180964355
1258693155383361536
1258693172529639426
1258693292209864704
1258693318281703424
1258693512327041025
1258693708771442688
1258693766992613378
1258694083993886721
1258694169842929664
1258694291838435332
1258694366958411776
1258694380057051136
1258694492791681024
1258694561288855554
1258694578011541504
1258694730700988417
1258694770773368834
1258694789471617024
1258695033018109953
1258695047551373312
1258695086713516033
1258695176232603648
1258695196029726726
1258695299930959872
1258695429941866497
1258695442591817728
1258695570216161280
1258695660716601344
1258695796008144896
1258695829000540160
1258695846763339776
1258696032424165376
1258696076720300034
1258696163219222528
1258696534503428096
1258696607446466561
1258696753634779136
1258696770005147648
1258696818646568960
1258696871238864896
1258697000184315904
1258697069348487169
1258697174436720640
1258697215901601793
1258697240723492864
1258697270935126017
1258697309937979393
1258697345082023936
1258697346713616384
1258697351570558976
1258697353223168001
1258697402959171584
1258697455442579457
1258697459854987266
1258697709499842560
1258697718387617792
1258697720925216774
1258697824939716608
1258697835555557376
1258697972352778240
1258698039344185349
1258698096705404928
1258698156105248768
1258698263928156160
1258698336103796736
1258698386821300224
1258698394991824896
1258698456274800640
1258698532149694464
1258698593491394561
1258698696788672513
1258698720188731392
1258698753973932032
1258698904268410880
1258699065447124992
1258699118303760384
1258699276705767428
1258699473913602048
1258699500320948224
1258699598002032640
1258699656781017089
1258699680608923649
1258699709700595712
1258699888302456832
1258699978190524416
1258699993931812875
1258700023598133248
1258700033874169857
1258700102048382983
1258700188602044416
1258700218666811392
1258700388330622977
1258700496052916224
1258700565401481218
1258700671630684160
1258700786697199617
1258700853168537607
1258700857085960192
1258700889377976320
1258701074850029568
1258701081271513088
1258701234057461762
1258701242626379776
1258701433119047680
1258701489855488002
1258701565923405825
1258701633837576192
1258701639956996096
1258701663596163072
1258701666024636416
1258701944174129152
1258702031382069251
1258702183387840513
1258702211883905025
1258702236231892992
1258702364518879233
1258702425004871682
1258702480201957381
1258702516042313728
1258702662725505024
1258702967949144064
1258703068994174977
1258703111515971586
1258703193556598784
1258703214779813889
1258703219561242624
1258703515851112448
1258703550647058433
1258703599321993216
1258703636336652289
1258703645249593344
1258703711058231299
1258703753890406400
1258703759271702529
1258703816641458179
1258703887185227777
1258703939719094273
1258703952562053120
1258704013400387584
1258704171735416834
1258704256984666112
1258704463935819776
1258704556600549376
1258704694844837889
1258704764663148544
1258704772833644544
1258704788658835462
1258704911153364992
1258704985702961152
1258705146038624256
1258705175658868736
1258705311667556352
1258705531360985089
1258705646997966849
1258705706364084224
1258705948572557315
1258706099538145285
1258706120987815938
1258706164604440578
1258706207822376964
1258706292648161280
1258706398227189760
1258706505420996609
1258706577508446211
1258706709926854656
1258707381397192705
1258707776433459200
1258708045686767617
1258708098962817025
1258708167049043968
1258708175727013890
1258708389607194625
1258708406891958272
1258708631450791936
1258708712975409153
1258708766557642752
1258708912804630528
1258708930517012481
1258709003863023617
1258709056627359745
1258709215943761920
1258709244205060097
1258709286458441728
1258709421070471168
1258709533939118081
1258709535163846656
1258709673861156864
1258709683633782790
1258709706329243648
1258709800583561216
1258709820087111681
1258709827129348096
1258709869030453248
1258710134513192961
1258710170819051522
1258710630841946113
1258710691894235136
1258710693106376705
1258710874128293888
1258710875399163906
1258710876229640193
1258710907020066818
1258711088960548868
1258711127791415296
1258711131117572096
1258711146326118400
1258711322155528193
1258711605732352005
1258711810678669312
1258711822741508097
1258711930207981569
1258711935320829954
1258712232613105664
1258712318701174785
1258712346530324481
1258712405636456449
1258712507683913729
1258712516445773824
1258712605474111489
1258712712072368128
1258712765566529536
1258712769869864961
1258712943673384960
1258713055279624193
1258713223013990400
1258713254181789697
1258713790943821826
1258714056065716224
1258714171274903552
1258714393950531584
1258714436879212545
1258714456013582336
1258714514763272192
1258714575551311874
1258714609772646401
1258714891604709376
1258714893865357314
1258715124505993216
1258715204889780227
1258715612337049600
1258715651474153473
1258715713432420353
1258715751474704385
1258715755652276226
1258715800199888896
1258715943901040641
1258715960661417984
1258715986812899328
1258716010179375104
1258716014017163264
1258716092031217669
1258716116043599872
1258716162881392640
1258716167574818817
1258716196683354112
1258716227079462912
1258716265474113536
1258716304497938432
1258716483322028032
1258716514699673600
1258716606911393794
1258716624368160768
1258716838151835649
1258716853389713413
1258716868086554624
1258716944271921153
1258717134944903169
1258717305665617921
1258717422598664197
1258717509655633920
1258717612302876672
1258717751386034176
1258717760806359040
1258717785238188033
1258717835062317056
1258717887730266112
1258717976506830848
1258718001517531136
1258718067170869248
1258718113127948289
1258718298885230593
1258718372491071488
1258718531480440837
1258718542452621313
1258718581199683584
1258718592201297921
1258718624640106497
1258718634261741569
1258718717879386113
1258718776431980547
1258718850641809414
1258718892433833986
1258718926722252803
1258718988860784640
1258719173510914048
1258719305434312704
1258719319573385216
1258719338615525376
1258719577971834880
1258719985775583233
1258719986010423296
1258720116281311233
1258720130026143745
1258720216307109888
1258720410331480066
1258720510944436224
1258720577642270720
1258720601990139904
1258720688069849088
1258720694784995330
1258720721678761984
1258720746815336449
1258720760157405185
1258720771368779776
1258720982434492416
1258720992467333120
1258721013778522112
1258721071504777218
1258721087640264704
1258721137669951488
1258721418113679363
1258721462795603968
1258721481481166849
1258721487160332289
1258721509427884033
1258721522161790976
1258721573026050049
1258721612964167681
1258721625433915392
1258721642806730752
1258721662175973377
1258721675304144904
1258721832573820928
1258721900483743744
1258721942770769925
1258722154910269441
1258722234346201090
1258722331754708992
1258722386716876802
1258722418627149826
1258722586583760896
1258722666003005441
1258722733749424128
1258722756277022720
1258722763885416448
1258723038482305031
1258723171676676097
1258723386441809920
1258723613185904640
1258723619888345089
1258723660875083782
1258723673365774337
1258723691053174784
1258723865271963648
1258723879448719360
1258723901254897666
1258723907705716737
1258723945571811329
1258724063951892481
1258724087683301377
1258724231774437376
1258724312879677441
1258724313152266241
1258724428524982274
1258724429657509888
1258724459646791682
1258724489510170625
1258724535790112769
1258724548935065602
1258724620775100416
1258724653721403392
1258724690522243072
1258724705630109697
1258724719232245760
1258724807430025223
1258724948593594374
1258724956084600834
1258725089199173632
1258725200553742337
1258725246041014272
1258725345303330816
1258725438282661888
1258725466065731585
1258725519564120064
1258725550715211777
1258725784652570624
1258725840621391873
1258725850922582016
1258726014802427906
1258726088043347968
1258726123531354112
1258726138089803777
1258726249427582979
1258726256356581379
1258726327856832514
1258726376955351040
1258726414435659782
1258726436866854913
1258726474976317442
1258726477551620098
1258726506731376640
1258726542701735938
1258726559202099205
1258726581847064576
1258726684938960896
1258726697907740673
1258726882834558978
1258727066041675776
1258727201693892608
1258727226532642817
1258727245046218753
1258727332459745280
1258727332531113984
1258727637129854978
1258727696642736128
1258727782043049984
1258727818642575361
1258727932090089472
1258727996183261184
1258728046661636098
1258728071412187139
1258728306003914752
1258728321682223104
1258728354154450946
1258728359778938880
1258728381148991490
1258728600796311553
1258728641829253122
1258728680752394240
1258728810935201793
1258728845055856640
1258728931450138624
1258728954929786880
1258729065038610433
1258729066997460992
1258729209704460289
1258729264238800897
1258729265517998080
1258729360040833025
1258729372548300801
1258729484146089984
1258729718251208704
1258729748521463808
1258729753848184832
1258729917325475840
1258729975404003329
1258729980046921728
1258729983528312839
1258730285413384192
1258730344179695616
1258730521930203136
1258730636686364678
1258730648241680385
1258730768194572288
1258730779187781634
1258730789912616960
1258730812406669313
1258730881893699585
1258730928760934400
1258731139335966723
1258731333817446405
1258731676043182081
1258731701703979009
1258731896634257408
1258731915537985537
1258731925948243968
1258731995267575808
1258731995359784960
1258732019489611777
1258732049223102464
1258732134166081536
1258732545425973249
1258732578011525122
1258732584630194177
1258732924314271744
1258732969059024897
1258733072918499330
1258733090681339904
1258733151658147842
1258733181672607745
1258733201108930560
1258733204909031425
1258733223477157888
1258733232109076480
1258733243207168000
1258733326573219840
1258733423771951104
1258733435364966406
1258733462724521984
1258733495918243840
1258733569255579648
1258733571977732097
1258733593821659136
1258733724138639360
1258733808163139585
1258733903482884097
1258733958063325195
1258734039739052033
1258734135373332480
1258734196912263174
1258734604028194816
1258734700107104257
1258735120917422080
1258735285925482496
1258735502775246853
1258735703674032128
1258735874650636296
1258736162182705155
1258736163680071682
1258736262309187587
1258736433990299649
1258736459676372992
1258736581990649858
1258736723925831684
1258736768662286338
1258736840372355072
1258736971159134208
1258737204794396672
1258737219977781248
1258737299279548418
1258737325347045376
1258737412567642112
1258737578100035584
1258737626779172866
1258737774385078273
1258738099233964037
1258738151675367424
1258738173242486786
1258738420358057984
1258738605008224258
1258738684515414016
1258738781521207297
1258738904053751814
1258738976590041089
1258739041597558790
1258739050321784834
1258739106798022659
1258739322464813056
1258739372813357056
1258739426706030593
1258739673020719105
1258739678389456903
1258739696533995521
1258739699771981825
1258739774468370432
1258739794722664448
1258739810241396737
1258739906458894336
1258739957415514112
1258739965816721414
1258740011391950850
1258740029045772289
1258740257354387456
1258740345271132160
1258740368482480130
1258740390460604418
1258740427211014146
1258740526548955139
1258740537601003522
1258740550393626624
1258740577883037696
1258740597944463361
1258740662003957760
1258740718266396674
1258740725665103872
1258740826064240640
1258740837103669248
1258740936701382656
1258740937070706688
1258740944549089282
1258740947782959104
1258741081912627200
1258741108928057345
1258741180948459521
1258741763948380167
1258741843795357697
1258741985155911680
1258742142136172545
1258742153204977670
1258742244414275585
1258742432629510145
1258742583053910016
1258742786075041792
1258742802659278849
1258742822154444804
1258742927603400704
1258743056230240256
1258743126635827201
1258743201420238855
1258743267983798272
1258743269271445504
1258743272178094081
1258743427480551425
1258743435072241665
1258743457075650565
1258743857031897089
1258743982424829952
1258744119800840192
1258744292920766468
1258744420855427072
1258744433610235904
1258744515801812994
1258744519702577153
1258744554221637632
1258744624576954370
1258744941280362496
1258744981445128192
1258745309506801665
1258745364133396485
1258745487789867009
1258745498497888256
1258745545700581377
1258745622083047425
1258745700936044544
1258745706556338177
1258745770527862784
1258745813745967105
1258745968117383168
1258746011910094848
1258746056797564929
1258746061415485441
1258746165539069952
1258746256987320322
1258746295684083717
1258746334955307009
1258746388990636034
1258746441742331904
1258746518661730307
1258746566757830656
1258746669212016647
1258746694184902657
1258746787243884545
1258746814775377926
1258746861319528449
1258746892395196418
1258746903979835393
1258746908799107081
1258746984841777153
1258747004563357696
1258747212256903169
1258747469522964481
1258747503505260545
1258747553941684225
1258747558375174146
1258747597789040640
1258747634589798402
1258747710582272001
1258747752978268166
1258747754316214274
1258748085150367744
1258748114967592966
1258748217027633153
1258748225814777857
1258748259218096129
1258748296526467074
1258748386813054976
1258748448918175744
1258748453741617152
1258748500688453632
1258748565041618944
1258748638769143813
1258748669232386050
1258748676983455744
1258748707379523584
1258748712693760000
1258748751549804545
1258748784495996930
1258748806084075522
1258748810785849344
1258748854712795136
1258748902200578048
1258748948619067395
1258749029623771138
1258749057041825792
1258749097244319746
1258749152864985089
1258749202684837906
1258749215699800064
1258749239758393344
1258749295777525761
1258749305667682305
1258749349980405760
1258749445690347521
1258749449867837442
1258749453974069248
1258749525637939200
1258749539852455937
1258749550459830273
1258749640087912448
1258749650330439680
1258749665425723399
1258749684908281857
1258749751882891264
1258749758887342082
1258749775643586562
1258749821504098306
1258749917440270337
1258749946968395780
1258749968254406656
1258749991771922433
1258749995249012736
1258750018288320515
1258750025523433472
1258750104460279815
1258750165806206977
1258750214791286784
1258750347704745984
1258750417674088448
1258750519390199809
1258750678744342528
1258750721182367745
1258750819807252481
1258750874366681088
1258750909892431874
1258750941232324609
1258750943040024577
1258750949805490176
1258750988992815104
1258751019103719425
1258751141397102593
1258751219826393089
1258751265825329153
1258751307155943424
1258751544855494656
1258751619346415617
1258751700606779392
1258751739123154945
1258751739177701377
1258751809470050304
1258751831414640640
1258751933088759808
1258752013745246208
1258752029184405505
1258752060683624450
1258752070057852929
1258752137103802368
1258752320545992709
1258752396198625287
1258752406717947904
1258752508421459970
1258752558216015872
1258752604827521026
1258752676516544514
1258752810583240710
1258752874126901248
1258752986102276096
1258753030436130816
1258753099881037824
1258753200502571009
1258753317234184192
1258753335693389829
1258753394442895360
1258753421156515840
1258753519722524674
1258753556410249216
1258753694834855939
1258754064235593730
1258754375117205505
1258754678222991360
1258754707536990208
1258754900827287560
1258754945743978498
1258755019639336961
1258755229769760770
1258755290700414976
1258755422216994817
1258755653516038145
1258755684566536193
1258756283232071683
1258756373925564418
1258756442334560256
1258756445362966530
1258756507547697157
1258756527525167104
1258756528863154178
1258756535569825800
1258757311906091010
1258757473093275653
1258757473131024386
1258757532048334848
1258757699078062084
1258758112359710725
1258758253313490944
1258758403020775425
1258758452425428997
1258758556888625152
1258758602929692677
1258758690947182592
1258758792382160897
1258758869112815616
1258759093747167233
1258759624599240704
1258759769151746054
1258759860092624896
1258759871777902592
1258759907085635585
1258760052426584064
1258760170101972993
1258760575640895488
1258760733451567106
1258760829748592640
1258760969314013184
1258761034954874882
1258761116567531522
1258761228266221569
1258761725731536899
1258761860574314503
1258762176719917056
1258762486829940740
1258762494014873600
1258762816670048256
1258762865533747200
1258762972413014018
1258762992021385217
1258763184602861569
1258763193687703552
1258763382456532997
1258763553022099458
1258763638485200896
1258763726544670721
1258764013372149761
1258764050978213888
1258764084545191938
1258764283543986177
1258764304955957248
1258764326376267776
1258764343778463745
1258764369430745089
1258764643562147841
1258764654127525888
1258764743067697154
1258764754476302338
1258764791096713216
1258764999247515649
1258765142189387781
1258765244400316420
1258765327334244355
1258765607417212930
1258765670600314881
1258765676216496130
1258765737763749889
1258765946476466178
1258766009508528130
1258766127284523009
1258766215616626693
1258766263905632256
1258766289406955521
1258766931819139073
1258767138594177025
1258767205610803200
1258767252343721993
1258767419155324928
1258767732276895744
1258767833229656065
1258767928985628673
1258767997822480389
1258768165498236928
1258768204882640896
1258768270519345158
1258768341470195713
1258768751346028545
1258768986415804417
1258769083631382528
1258769121552011265
1258769390343991297
1258769622700089346
1258769635056455680
1258769718284029954
1258769726546853888
1258769752153096192
1258769755525255173
1258769797862559746
1258769804753883142
1258769841105797127
1258769846310858753
1258769888379916290
1258769983053709312
1258770127723606019
1258770188247404545
1258770198913601537
1258770354643898371
1258770383978876928
1258770418326024195
1258770430669832193
1258770454770319364
1258770571522912256
1258770576740581376
1258770736526868481
1258770755246010370
1258770766209994752
1258770803790938114
1258770897407746048
1258771082053586946
1258771165344129030
1258771311893065733
1258771494932488192
1258771619054575619
1258771823535296513
1258771872017244163
1258772018918539264
1258772050187096064
1258772078259580929
1258772113042944000
1258772131967643648
1258772621497376768
1258773019624984583
1258773030177837056
1258773094551912451
1258773273594269696
1258773441940946945
1258773456717402113
1258773459833929731
1258773460765065219
1258773654298480640
1258773684065579013
1258773834754383872
1258773864156483585
1258773936348835840
1258773944489971721
1258774066535837698
1258774283603582976
1258774290549309449
1258774372564840448
1258774518224629761
1258774522716655623
1258774589062201344
1258774648071880704
1258774709992394754
1258774988506763269
1258775109487210500
1258775178521296899
1258775193763352577
1258775225916968960
1258775281088806915
1258775284368760832
1258775441827037185
1258775545707462656
1258775576363532289
1258775582000676864
1258775666616668162
1258775766478831618
1258775872754069506
1258775900738465793
1258776082628706304
1258776105013706752
1258776148051472385
1258776169098305536
1258776223133532166
1258776246001041409
1258776280176250880
1258776289630093312
1258776296831758344
1258776305342066689
1258776491271376897
1258776501832634368
1258776513283063809
1258776538209832961
1258776642052329472
1258776676751851521
1258776937893449728
1258777418053160960
1258777454270984193
1258777481722695680
1258777527092379656
1258777672282497025
1258777919280865280
1258778083374649344
1258778105239519237
1258778260567142400
1258778437147336707
1258778529027809280
1258778566696763394
1258778667813142530
1258778794472636417
1258778883752673281
1258778905311358979
1258778931584544769
1258778981916123141
1258779025973161984
1258779045514424320
1258779078133506051
1258779398335082497
1258779566258225153
1258779616543735811
1258779648227450880
1258779659107434496
1258779686014005248
1258779790246653954
1258779931531784194
1258780237619499011
1258780469837082626
1258780724427137026
1258780768547061761
1258780769301995526
1258780865922039809
1258781007983120388
1258781092817092609
1258781103084769281
1258781207011229697
1258781224190918656
1258781504580341761
1258781632355602432
1258781674856419335
1258781696171933701
1258781922270076929
1258781924685946880
1258781929714987008
1258781980575043584
1258781994869239809
1258782278043533312
1258782296460734464
1258782354451111937
1258782460583784448
1258782546931994626
1258782730634104837
1258782959261401090
1258783022415052800
1258783038558928897
1258783162190233601
1258783199771201538
1258783201134338051
1258783247280091147
1258783283871186944
1258783495545065473
1258783503640117248
1258783506689384449
1258783666907594752
1258783691314278405
1258783808481976320
1258783854753730567
1258784052888457217
1258784459224231936
1258784514769334275
1258784588962332673
1258784631647809537
1258784642053873665
1258784659418251265
1258784814997651456
1258784826150326273
1258784976729858048
1258784977740869634
1258785268687044611
1258785344138461184
1258785368704516096
1258785383392915465
1258785401277480961
1258785422542622720
1258785451487432704
1258785555531390979
1258785558236717057
1258785718228398081
1258785890069106690
1258785892417798144
1258785909232852992
1258785929281654785
1258785960311107586
1258786321373503488
1258786642342617089
1258786645442265093
1258786934509486081
1258786993384894466
1258787287590199298
1258787300072460295
1258787316455354376
1258787466653380608
1258787756609863681
1258787870569046018
1258787988458344448
1258788005193670657
1258788230700437505
1258788237151256576
1258788315408543745
1258788328087961600
1258788371675017216
1258788418777120768
1258788428218540035
1258788611971047424
1258788752983502848
1258788753688182785
1258788753839022081
1258788754145202176
1258788757030854662
1258788757333049346
1258788758029135872
1258788868981166091
1258788974040096768
1258789003626795010
1258789003807076352
1258789003827965961
1258789003936952320
1258789255305924612
1258789489301954561
1258789507735982080
1258789855376617473
1258789929485766657
1258789948326625280
1258789964059418624
1258789968408973312
1258790010674790400
1258790109056577537
1258790265030139910
1258790429002268673
1258790528373657600
1258790724075651073
1258790767679717376
1258790861799927810
1258790884335812610
1258790933916770305
1258790958684164099
1258791060068843526
1258791670520446976
1258791756952371201
1258791775898124288
1258792051837210625
1258792278774202374
1258792449562021893
1258792503664422912
1258792526636515329
1258792634753126400
1258792828425113603
1258792911208173568
1258792930397085697
1258792963662131200
1258792981542457344
1258793043764948993
1258793245821329410
1258793636847915009
1258793904369012744
1258794107901747201
1258794137043812353
1258794174222159872
1258794253720981505
1258794353302134785
1258794405298933760
1258794420171874304
1258794447233601537
1258794465394917376
1258794507094671368
1258794623062999042
1258794669829472257
1258794780034818050
1258794793548877824
1258794894988099584
1258795140791054336
1258795213839052807
1258795283888168961
1258795531750514689
1258795552172576775
1258796391083708417
1258796518452137985
1258796641932447745
1258796703618039812
1258796780856188935
1258796782919745538
1258796864285048832
1258796867497922560
1258796910544027649
1258796968115126273
1258796976528916481
1258797204355063808
1258797215251935234
1258797328938479617
1258797375302381568
1258797413374087168
1258797467665084418
1258797493581754368
1258797524573392901
1258797698968367105
1258797748670943232
1258797755985780737
1258797757596348417
1258797809102401536
1258797898285944840
1258798062635491330
1258798115324416001
1258798220039409677
1258798290415439873
1258798349463011330
1258798358535208966
1258798387392020480
1258798552530268162
1258798616262709251
1258798688677376007
1258798714589786112
1258798746076315651
1258798789617467392
1258798851185684480
1258798885717389315
1258798946903822338
1258799340686106624
1258799342992994304
1258799525772382210
1258799563013591040
1258799728222965764
1258799730357911552
1258799738289295360
1258799750939279364
1258799788021223425
1258799794576936960
1258799805897289728
1258799850059173890
1258799934154956804
1258800041801781248
1258800068460756993
1258800071623278593
1258800076559994881
1258800111813099530
1258800151105359872
1258800174102691840
1258800240586641413
1258800250749431821
1258800259658104834
1258800319695331328
1258800343678402560
1258800345964261376
1258800457176276992
1258800841135460352
1258800925705191428
1258800960559865859
1258800963558739968
1258801119096160258
1258801247433474054
1258801282187440128
1258801283424796677
1258801317503397890
1258801415574687744
1258801438433710086
1258801521489305600
1258801738297102338
1258801772996460544
1258801843423109127
1258801978433470465
1258801989493886976
1258802004031406081
1258802213432045576
1258802267379109891
1258802301248188416
1258802359238524928
1258802413957517312
1258802546665312257
1258802583478718465
1258802593100378113
1258802616374607873
1258802624868110338
1258802677405888512
1258802755273179142
1258802784385806338
1258803073713135617
1258803328718430208
1258803369809973250
1258803433131425796
1258803851081080833
1258803853488619520
1258803853614407680
1258803930768818178
1258803939203481605
1258803957641678849
1258804060737671170
1258804145668136961
1258804157991002115
1258804232515444736
1258804305454399488
1258804330020458496
1258804338308177920
1258804354372579328
1258804393266294786
1258804447423148032
1258804593946918913
1258804621834944514
1258804651887132673
1258804784645255170
1258804821462847492
1258804949124775936
1258805053642674182
1258805112056750080
1258805159838318593
1258805300418752514
1258805322015178761
1258805380295131139
1258805490492063744
1258805586097049602
1258805871116681219
1258805941174181888
1258806029283819521
1258806038238842880
1258806064205742080
1258806191486128133
1258806350655741954
1258806718362013698
1258806844543377408
1258807007517315075
1258807019080945672
1258807104741224450
1258807120327323648
1258807320194228224
1258807349223067649
1258807396685791236
1258807398514507779
1258807400200634368
1258807423470428165
1258807697333510144
1258807766292074497
1258807811225653248
1258807851939704833
1258807852770230278
1258807954431762434
1258807971481628672
1258808093821014025
1258808152776224769
1258808205934768132
1258808258430631942
1258808264009166848
1258808303229992960
1258808307084599296
1258808390043807744
1258808392631582720
1258808410302287873
1258808448470433792
1258808452908007425
1258808561309749250
1258808569513816065
1258808653160878082
1258808706860539904
1258808732206669824
1258808835193671682
1258809035693973504
1258809060012503042
1258809190967128065
1258809308357316609
1258809314464149504
1258809354779852804
1258809389718388739
1258809432231870471
1258809459461230595
1258809505716060160
1258809547172478977
1258809548003041281
1258809554898489345
1258809769734873088
1258810201161043968
1258810210094845952
1258810233356521474
1258810550370344960
1258810624378896384
1258810631295307780
1258810667030757377
1258810680758714368
1258810700899721217
1258810701050757120
1258810711096135681
1258810768511905793
1258810785427599360
1258810815395909634
1258810837189476355
1258810855648526336
1258810879799373825
1258810899290361863
1258810911529279489
1258810938377023488
1258810945838764037
1258810948678287364
1258810954562908163
1258810970346004481
1258811003011284993
1258811017284460544
1258811033180942339
1258811033252237312
1258811037756919808
1258811076617043970
1258811088453406724
1258811115674521600
1258811120615411713
1258811135274467329
1258811150923378696
1258811165586722817
1258811250269655041
1258811287766695941
1258811337230204936
1258811359267041285
1258811401033957376
1258811639752687616
1258811671704993792
1258811724809023493
1258811736276250626
1258811851418337280
1258811938169028608
1258812010449571841
1258812046675763200
1258812123716767747
1258812174652203008
1258812237969571840
1258812343326212098
1258812406282825728
1258812548738138112
1258812549874823176
1258812606879596547
1258812629499420673
1258812662542106625
1258812673988481025
1258812714853507073
1258812800400601099
1258812874408984577
1258813011642519552
1258813043317800961
1258813129108205570
1258813198641311745
1258813234401984513
1258813237388345345
1258813242241159170
1258813369169125377
1258813392221016066
1258813433635627009
1258813456251334661
1258813497099587593
1258813550614720513
1258813658601226240
1258813686942240770
1258813725613719559
1258813769041543168
1258814002815254528
1258814072352641025
1258814129789300736
1258814254796410880
1258814510405750784
1258814537563869189
1258814557289689095
1258814659240628226
1258814699908534273
1258814831806885889
1258815006054985731
1258815095808892928
1258815175911563265
1258815199034912769
1258815305670963201
1258815368447082497
1258815373153046528
1258815424684339200
1258815465306103809
1258815482687361025
1258815594356453377
1258815598018154496
1258815708336721920
1258815766461403136
1258815779144941571
1258815948842250240
1258815994233065472
1258815997110128641
1258816017251340289
1258816026982207490
1258816284004945920
1258816391634989057
1258816410429673474
1258816599911542784
1258816694899834880
1258816796280393731
1258816800386678785
1258816867529035780
1258816886093086722
1258816971149389824
1258817066062274565
1258817083334328325
1258817092532535296
1258817144747425792
1258817264771620865
1258817394170122240
1258817408808161284
1258817443591528450
1258817461996204033
1258817572830613505
1258817619295178755
1258817651448713219
1258817750237151232
1258817779764998147
1258817882407833602
1258817972635828228
1258818049215467520
1258818129607696392
1258818230552080384
1258818433560477699
1258818568050728961
1258818682337148928
1258818689513721857
1258818807335976960
1258818816684863488
1258818836184301570
1258818952244887563
1258818954073702403
1258818979998597125
1258819197968306176
1258819203261329408
1258819249331724289
1258819263659458565
1258819346492796933
1258819363899166721
1258819392609103873
1258819559601123332
1258819588189544453
1258819620754030592
1258819662395179008
1258819736114204673
1258819815352995844
1258819855140163584
1258819856578854920
1258819871888080901
1258819905102721024
1258819951076540421
1258820052478046208
1258820121360990209
1258820144622600193
1258820170870673408
1258820344061792257
1258820573939093504
1258820625436729344
1258820710325268481
1258820771457183744
1258820821621116929
1258820860129009666
1258820862846939137
1258820932921065472
1258821009148436481
1258821043201998848
1258821051162730501
1258821215034187778
1258821227826872321
1258821253160452096
1258821312644108290
1258821343199535107
1258821458924580865
1258821663795417088
1258821769059844096
1258821811845898241
1258821824055586816
1258821871086247939
1258821886781390848
1258821902178627584
1258821927877083137
1258821933862354944
1258822004062519297
1258822015903023104
1258822178834919425
1258822319658749959
1258822445085196293
1258822461182926855
1258822552375476225
1258822570910142470
1258822715064139781
1258822795355656193
1258822856894529538
1258822953950740481
1258822962557452288
1258823003279896583
1258823018358374405
1258823028521291777
1258823057231286272
1258823060003708928
1258823073865834497
1258823181613387776
1258823222818156547
1258823321350811648
1258823336383086597
1258823356272594945
1258823418474106882
1258823432147554304
1258823452280184839
1258823464674263045
1258823468390535169
1258823544810717185
1258823545808969738
1258823559042011138
1258823569586388992
1258823590063079424
1258823638519865347
1258823654089031682
1258823659269095424
1258823665338195968
1258823698892668930
1258823700436131842
1258824082415587335
1258824103290712067
1258824110584586244
1258824114116218885
1258824121816932352
1258824156679999490
1258824231468568576
1258824351882903554
1258824455297662976
1258824531562713090
1258824591193051137
1258824746273247233
1258824756591280133
1258824790883946501
1258824814585839618
1258824815160459266
1258824831665127424
1258824862203863040
1258824868075888641
1258824919141548032
1258824972983771136
1258824993204580352
1258825072116142081
1258825121202135041
1258825126545690626
1258825181897854976
1258825246192414723
1258825487981346818
1258825544982040577
1258825545552400384
1258825576502231042
1258825694294966272
1258825750226092035
1258825770354475008
1258825853800255489
1258825872854978564
1258826000177098752
1258826114740428803
1258826228502585345
1258826253106380802
1258826358974812160
1258826373965254657
1258826398279532551
1258826422069624832
1258826494945746944
1258826537551433733
1258826537786322951
1258826550285303808
1258826576306847745
1258826703411052544
1258826729356918785
1258826760780734464
1258826847460241409
1258826910521536514
1258826944931680258
1258826996865515523
1258827090121670656
1258827107339288576
1258827108035571715
1258827119729225729
1258827182018899968
1258827399158009856
1258827441956696065
1258827515562524672
1258827531005943813
1258827571711664135
1258827722895298566
1258827771230523394
1258827773516279808
1258827775592595456
1258827782144081923
1258827826666500096
1258827878134886401
1258827893007880199
1258827906777616384
1258827948158668806
1258828089712431111
1258828174093213696
1258828218951483392
1258828318457171968
1258828331270713344
1258828365693366273
1258828558656507909
1258828574775283714
1258828597789368320
1258828761551769606
1258828824051097606
1258829125621432322
1258829202318675968
1258829281020567554
1258829299668353024
1258829309160099840
1258829572977672194
1258829606083149824
1258829642976419841
1258829868420169728
1258830012750483456
1258830120078520321
1258830178031144961
1258830216945860612
1258830221245059073
1258830236055150595
1258830335523065868
1258830389285720069
1258830442972581888
1258830443962654723
1258830470013489152
1258830529404829696
1258830645033422849
1258831115554603008
1258831204490543105
1258831333759074306
1258831353703018497
1258831754535800833
1258831793031131138
1258831827114082305
1258831836144218113
1258831870294478848
1258831954230853632
1258831956965556225
1258832013869580289
1258832168475922433
1258832214885904386
1258832424919859206
1258832687982354432
1258832688108187649
1258832746018979842
1258832851413458944
1258832863014813697
1258833040786296833
1258833266360160260
1258833349004664832
1258833459272912896
1258833548716511235
1258833601120145408
1258833638197809152
1258833780531499008
1258833798550163456
1258833873615683585
1258833901444837376
1258833938090536960
1258834091836878850
1258834121922617344
1258834146991972353
1258834153203785729
1258834234535526403
1258834249052012544
1258834444619862020
1258834498235531268
1258834732995002370
1258834771725221888
1258834848455802885
1258834945440694276
1258835094997000199
1258835099786915841
1258835112365604864
1258835185040228353
1258835203579088899
1258835314166108161
1258835376476770312
1258835430587457539
1258835600028962823
1258835607549329411
1258835617145856001
1258835746921820160
1258835867021557762
1258835870284726274
1258836206563057665
1258836499648458752
1258836503687507968
1258836641969553408
1258836848283189254
1258836990369333249
1258837155008348162
1258837194116149248
1258837444436340738
1258837457371619329
1258837594147823616
1258837685692772352
1258837695666610177
1258837949208244226
1258838231166091272
1258838332131479553
1258838374837870594
1258838479607398401
1258838789801336835
1258838921536049153
1258838926061711360
1258839102553800707
1258839122099265537
1258839190151675906
1258839311690223623
1258839421660663808
1258839433912242177
1258839438936997888
1258839610198720512
1258839621691158530
1258839636140572680
1258839796862128129
1258839815849676800
1258839905947521026
1258839951027945472
1258840013078487043
1258840038131015686
1258840053922570242
1258840174768918529
1258840296202424322
1258840347754532864
1258840416742518790
1258840430042636288
1258840486242115587
1258840557801091074
1258840915252252672
1258841103618510850
1258841127823847424
1258841282358784002
1258841491201458177
1258841498440917002
1258841548206288896
1258841640481013761
1258841723360378883
1258841747624468480
1258841796295168000
1258841876809035776
1258841887433056256
1258841937236418565
1258841945859817476
1258842481082478592
1258842488237895686
1258842551857135616
1258842606009823232
1258842627061022722
1258842787832901632
1258842832099586049
1258842903239184384
1258842932066619392
1258843022869041154
1258843052417978370
1258843059728650243
1258843128989130758
1258843132365586433
1258843246475857921
1258843274959302659
1258843380395708417
1258843408841478146
1258843434653188097
1258843503997718530
1258843565670744064
1258843765042753539
1258843934912139267
1258844001022738434
1258844041015439360
1258844112037515264
1258844249665257474
1258844263187730432
1258844601324048384
1258844639437742081
1258844643082547201
1258844726402453505
1258844963711975426
1258845017868849152
1258845043244351491
1258845069681004546
1258845147883765765
1258845561727270914
1258845619503788034
1258845631445155841
1258845650655031302
1258845666832535552
1258845894398672896
1258846238327410688
1258846507895271425
1258846640208740360
1258846805544054784
1258847432777089026
1258847506592645120
1258847669881102337
1258847709848580098
1258847746162937856
1258847747417014276
1258847759081394179
1258847800676278272
1258847800730755072
1258848000245366785
1258848042414944256
1258848150758084608
1258848176905359366
1258848467679621120
1258848577545256963
1258848604204281856
1258848743836835841
1258849058984267776
1258849110863552513
1258849255755788288
1258849636305027072
1258850042472955905
1258850135657844739
1258850232579821570
1258850252842504195
1258850295343448065
1258850303371345928
1258850343519166472
1258850491045482496
1258850585165606913
1258850758436454402
1258850766263115776
1258850883233775616
1258851081133658113
1258851381475258370
1258851390501326848
1258851390690123781
1258851392795656193
1258851401825951744
1258851426610143233
1258851604427616258
1258851763928600576
1258851929570062336
1258851943251918848
1258851975892021250
1258852269346426881
1258852487576064004
1258852597156458496
1258852728236912642
1258852773648633859
1258853072417304584
1258853244580888577
1258853357252415488
1258853609615364096
1258853718218493952
1258854113389019137
1258854114802511877
1258854501752156165
1258854533431791617
1258854539190550530
1258854606286852102
1258854704588763142
1258854906955530240
1258854947451318272
1258854994771685381
1258855080377421826
1258855378445635584
1258855413627473921
1258855611648880641
1258855810018541570
1258856108720107526
1258856281227636741
1258856579711094787
1258856868904140802
1258857148798373889
1258857171334451208
1258857341748903943
1258857432769585155
1258857462423261184
1258857496199999490
1258857646779772929
1258857845606567936
1258858096992100354
1258858289212919809
1258858617505230853
1258858697251606534
1258859354612269063
1258859514071318529
1258859562368712708
1258859689112150016
1258859784205467650
1258860452991455233
1258860682847703040
1258860711796781056
1258860734987079686
1258860781720031234
1258860794361626625
1258860919750307844
1258861018945642499
1258861197270462465
1258861339302408193
1258861412425793536
1258861476418400259
1258861641573302272
1258861927620632579
1258862150354980864
1258862228821942274
1258862426201735169
1258862437341724672
1258862468258021376
1258862518090547202
1258862679176904705
1258862688517701632
1258862691076186123
1258862693613809666
1258862693672521729
1258862695987785730
1258862768905748480
1258862816389476359
1258862825004564480
1258863537482616834
1258863562631585793
1258863573322915844
1258863785751851008
1258863895181250560
1258864135716188162
1258864269854232578
1258864608846254080
1258864843756634113
1258865010119520258
1258865483371163650
1258865527130394625
1258865624601759744
1258865770269900802
1258865784601927681
1258865829430484992
1258865913291571208
1258866241730678786
1258866722444062725
1258867324175757314
1258867330777600003
1258867553457393666
1258868177481740290
1258868217755336707
1258868320419352576
1258868779855032321
1258869007937126406
1258869139902529543
1258869573589311488
1258869791558860801
1258869806377418753
1258869837922742275
1258869847108222983
1258869863671640065
1258869881530912770
1258869931162120193
1258869993221087232
1258870653882687493
1258870656948723713
1258870793825652737
1258871121916694528
1258871144314175488
1258871201981743110
1258871432056049669
1258871457205141508
1258871700445413377
1258871791881195520
1258871872621621248
1258872585867190272
1258872632583294976
1258872765714763779
1258872897965342722
1258872902264504326
1258873159257915393
1258873518848184322
1258873640231358475
1258873691062128642
1258874757426089990
1258874986175004673
1258875047202246657
1258875760602996738
1258876086894632962
1258876104506593281
1258876445222416385
1258876859435159557
1258876967904051201
1258877017833050112
1258877769355677696
1258877782001664002
1258877874087571457
1258878079004442624
1258878231828103170
1258878507410771969
1258878852425711618
1258878867353321472
1258878878271102978
1258878888928829441
1258879176918040576
1258879348792229891
1258879369608663041
1258879480820465664
1258879827416883211
1258880366473023489
1258880678680289280
1258880719251746816
1258880884117254146
1258881480207597568
1258881649951023111
1258881941077659648
1258882019238580227
1258882031477559296
1258882221005512707
1258882309501210632
1258882391839473664
1258882465395093506
1258883107345829888
1258883473579925504
1258883540734873600
1258884408280481794
1258884448671670272
1258884539205718017
1258884866902355969
1258885737073840136
1258885863662063618
1258885875963965440
1258885928774504448
1258886079152865281
1258886322837651457
1258886704720568321
1258886850342780932
1258886893695119360
1258886941581459457
1258886999710277633
1258887011710222336
1258887087857840132
1258887180262539265
1258887321614716933
1258887421074083840
1258887432029814784
1258887474643951623
1258887861568446471
1258888070822162432
1258888175742783489
1258888588089085966
1258889724149800960
1258889731666034689
1258889800473407489
1258889814339915776
1258889856639471616
1258889887857639424
1258890092711682049
1258890139788406785
1258890253168971782
1258890570422013953
1258891053806940160
1258891083863425026
1258891342383480834
1258891524303204354
1258891710094024705
1258891779069349888
1258891851270107141
1258892103930830848
1258892133769019393
1258892523206049792
1258892639182753793
1258892869575815169
1258893131933716480
1258893312636989440
1258893477972148226
1258893517981655043
1258893539959857155
1258893636621733888
1258893782042513418
1258894012125151232
1258894017397391362
1258894178806792198
1258894826789052417
1258895042195881984
1258895115835318272
1258895394903392260
1258895557411643394
1258895581768028160
1258895609001644032
1258896082081386503
1258896161391480832
1258896236419207170
1258896414849056770
1258896656247984130
1258896670743461889
1258896976374104066
1258897074805932032
1258897438066257923
1258897461738983425
1258897463781572615
1258897499231850497
1258897530898825216
1258897570564374542
1258897594325110784
1258897802937106432
1258897860009037825
1258898033225486337
1258898392966664193
1258898431877287936
1258898446737641473
1258898765991292929
1258898838707986436
1258898841992155139
1258898878365159428
1258898962855202817
1258899082111782912
1258899087841165314
1258899204010885120
1258899206644908037
1258899221052260356
1258899222675546119
1258899297388695557
1258899348626104320
1258899658493112323
1258899709093175300
1258899713585287168
1258899828492210177
1258899883907563532
1258899915633315846
1258900002790715392
1258900056008253442
1258900148912078849
1258900183548596225
1258900353396940801
1258900407411146753
1258900555340054535
1258900568636080130
1258900620993376257
1258900634461450240
1258900923994210307
1258901168153137154
1258901352476028930
1258901400249159680
1258901536232669187
1258901536912093187
1258901542859616256
1258901750003703809
1258901752197324803
1258901852797702150
1258902114195181569
1258902422073810954
1258902866263248898
1258902911897219080
1258902986396442631
1258902987285676040
1258903071150739456
1258903366379462658
1258903412126736384
1258903472298168320
1258903484671447048
1258903599977021441
1258903822052835330
1258904057667870720
1258904169672519684
1258904284600643586
1258904416498839552
1258904426535944192
1258904428645691392
1258904468768329729
1258904540847509504
1258904600670863361
1258904709739483138
1258904809878499331
1258904964509970432
1258904974601437187
1258905818537373704
1258905972174491648
1258906043205238784
1258906217264680966
1258906316048924672
1258906464942522375
1258906663991607296
1258906758371774464
1258906797991174144
1258907285751029761
1258907319330619392
1258907364306178053
1258907396648435712
1258907584729427970
1258907718900998144
1258907819572695040
1258908027404652550
1258908131712794624
1258908277980758017
1258908958317780996
1258909002894905345
1258909030002708480
1258909118770929665
1258909161477324800
1258909177075900419
1258909353450647554
1258909368969461760
1258909516810371078
1258909698868359168
1258909854124539904
1258909921174851592
1258910169104355329
1258910819041058816
1258911370818531329
1258911742979080193
1258911862563000321
1258912161914597379
1258912537950724103
1258913221018300418
1258913525755502592
1258913569548185601
1258913684522336257
1258913803149946883
1258913903079239683
1258913913749594112
1258915062984650752
1258915240613425158
1258915506008010754
1258915551625261062
1258916828602159104
1258916852455145478
1258918048620253184
1258919167866044416
1258919219183288320
1258919232278061056
1258921044657803264
1258921316792573952
1258921718145482753
1258921929496551424
1258922396939141121
1258922851610046464
1258923279957532672
1258923753997811712
1258924078301356032
1258924395864653824
1258924414609100800
1258925491760664576
1258925633150881796
1258926901583896582
1258927005703311360
1258927043066109952
1258927300613148672
1258927372474232832
1258927381114388487
1258927759205765121
1258928221707517955
1258928508606320646
1258928762864971778
1258928871585599488
1258929209466126339
1258929467810029568
1258929477683421186
1258929492757819393
1258929506271875075
1258929516409434112
1258929530426798080
1258929684022276098
1258929805552242688
1258932891125526528
1258932978769637376
1258932984524214273
1258934244572827650
1258935368189173761
1258936352869093376
1258940333758480386
1258941909638221826
1258943287450361856
1258943664941826048
1258944295589076993
1258946029027831809
1258947208998801409
1258947391048372224
1258949504830771200
1258949867508039685
1258950029416574976
1258950045061300227
1258950759619727361
1258951470671638528
1258951867251515392
1258953534558650368
1258953999321124870
1258954885388779520
1258955357386309632
1258955700606316546
1258956837505859585
1258957772827262977
1258958069943369730
1258958353017044992
1258958441244250112
1258958955386109957
1258959125519708161
1258959565342806023
1258960246090809344
1258960290814857217
1258961088881799175
1258961222554263553
1258962055597613061
1258962852028854272
1258963200923533313
1258964204847075334
1258964293900517383
1258964320207147009
1258964964586512386
1258965508281556992
1258966650663178240
1258967321261092866
1258968247787048961
1258968619226140672
1258969734760054786
1258970318175121409
1258974548306919425
1258974690548293633
1258975702487126016
1258975975355842560
1258976108143423488
1258976659476283397
1258977787907629057
1258978362346868736
1258978544912400384
1258979214700818434
1258979899953549312
1258980229588148224
1258980432172986369
1258981630850609152
1258982282397921281
1258982519535517697
1258983083044409345
1258984085906763779
1258984106630807552
1258984589684588552
1258984689148313600
1258985179504410624
1258985649140576264
1258986635963883520
1258986749063311365
1258986925135998976
1258987846045745153
1258988271075557376
1258988731090055168
1258989880195133440
1258992149699403776
1258992366402371590
1258992541439070208
1258993797251444737
1258994750289522688
1258995143102906368
1258996032643489792
1258998398973358080
1258998414152523777
1258998552518369281
1258998917338992641
1258998973831970816
1258999540008595465
1258999552109133826
1258999897640120320
1259000106117988353
1259002467410489344
1259003518402220032
1259003969034215424
1259004445146447872
1259004507469615111
1259004754472112128
1259005234606739457
1259005242177454080
1259005592301158403
1259005971206201344
1259006803901325312
1259007591025426433
1259007592682094595
1259008060963594241
1259008708216053760
1259008988148006913
1259009552252534789
1259010742969421829
1259011204812587011
1259011477962395648
1259012828138258433
1259013428028616710
1259014053340594183
1259014476751306757
1259014654409486337
1259015093070843904
1259017587939254272
1259020141897101312
1259020299007414276
1259020432440786944
1259020926982774784
1259021345058426880
1259022268266688512
1259023100756267008
1259023531301416960
1259024803433975810
1259025000868315136
1259025009718300672
1259025538485751809
1259025697164664833
1259026335768498176
1259026421080522753
1259026636164521984
1259026974711971846
1259027514078507008
1259027739408990209
1259027754567204867
1259028749254877186
1259029392459776000
1259031815005908992
1259032676209655808
1259033088744554502
1259033331938856962
1259033500000284673
1259033994152366080
1259036455453761536
1259036491306741760
1259036496629305350
1259036959437197313
1259037353743659008
1259037613291438082
1259038028087136256
1259038164251021312
1259038982714937344
1259039153242738693
1259039485960077312
1259039626406375424
1259039633012391936
1259039650133487616
1259039675681030145
1259039875275411457
1259039880434368513
1259039907676401664
1259040088153042944
1259040582028140544
1259040586939711490
1259040907837558789
1259041645108039681
1259043504744996864
1259043602224857088
1259043677051248640
1259043799386521600
1259044340237848576
1259044351759564800
1259044556202524672
1259044972516577284
1259045045925273601
1259046098192216065
1259046190571835393
1259046217826385920
1259047130234314753
1259047262560358400
1259048678171557893
1259048801723207680
1259049100999364609
1259050245239066625
1259050358950723594
1259051421984587776
1259051547998203904
1259051553559896065
1259052972056731648
1259053444951953408
1259053445417504774
1259053691895717894
1259054041784598529
1259056610745421824
1259057271860068353
1259057885562232833
1259057954243969025
1259058015350775808
1259058906590052353
1259059201810280449
1259059541226016768
1259061316863623168
1259062850666082305
1259063330226012160
1259063643397861376
1259063834540728320
1259064583198777344
1259065778021818368
1259066031567495168
1259066845417615360
1259067301237833728
1259067979255382019
1259070591778390016
1259070721499766787
1259070855159730176
1259073243014672385
1259077450887282689
1259079456569929728
1259082034355433473
1259082807063740416
1259083516115066881
1259084412760834049
1259084426006409218
1259085185628409857
1259085426570084352
1259086326906982406
1259086832660332546
1259087047714889734
1259087239931400192
1259087406009069568
1259088579122397186
1259088711763066880
1259090436582453249
1259091743011725313
1259091744093802497
1259092847845953538
1259092942322577408
1259096663693672448
1259097489719902209
1259098439687835649
1259098908313223168
1259099507305955328
1259099575463350272
1259100331226492930
1259103559276208128
1259104215206465536
1259104935423217666
1259105318002360321
1259107879761707008
1259108359745220608
1259110339049861120
1259113384726933504
1259113512674234369
1259114277098717185
1259115124511604739
1259116325366005760
1259116543721574400
1259118965722435584
1259122680940253185
1259127546526027776
1259128775650037761
1259129083402891272
1259129487595384833
1259137977021857792
1259138732520865792
1259140421508386816
1259141591123582980
1259141625659473922
1259141720870174720
1259141721113399296
1259141739249577986
1259141749634674688
1259143068302946306
1259143367075803138
1259143409845051393
1259143732059951107
1259147318101712898
1259151531670208514
1259151542080372738
1259151880955052033
1259154949499490304
1259156267764977664
1259157662878642176
1259158181638479872
1259158232431460352
1259158336358043648
1259158556328288257
1259164060488212480
1259164395613151233
1259167150444552192
1259167574178385920
1259167862104735747
1259170733227487232
1259170755402743808
1259175836831399937
1259181139492732928
1259183866696302593
1259184542931435525
1259184544433004549
1259185209381212160
1259185245791928323
1259185648415789057
1259188392102957056
1259188775277801472
1259188949853011968
1259189600083496960
1259189913678987264
1259190017190232065
1259190535409074179
1259190623925612544
1259190797729226752
1259191468146728963
1259192835045298177
1259195283063390208
1259197318223540226
1259198857889660928
1259199568790642690
1259200462370287616
1259201993429733377
1259202688241274881
1259205146384445441
1259206162735665156
1259206207279181832
1259207048472002562
1259207866428391425
1259208888060182534
1259209557848608768
1259210035403644928
1259213771584819201
1259215015963394048
1259216845153992706
1259216865903235072
1259217054680469505
1259229000771215365
1259229012154626048
1259229025798586374
1259229043175686149
1259229055079067648
1259229068140130310
1259229697730162688
1259231059469885441
1259231295852498945
1259237695764733958
1259238223072673792
1259241258427518980
1259245011121692672
1259253179591659525
1259253819579473922
1259258159216164865
1259262087483842560
1259266945087660033
1259276533908344832
1259279880140750852
1259285712765161473
1259294486045360134
1259296649660248065
1259304310304890885
1259311467360329730
1259336170959523841
1259338399720394752
1259347276872536068
1259352684806750209
1259368776144994305
1259379726164078592
1259382884219183104
1259399474545336321
1259408087003340800
1259408099263352832
1259412488468213761
1259413731555098624
1259416783053885441
1259416791182344192
1259428027672469504
1259432179467157504
1259432609509187585
1259440445194752002
1259441038697037824
1259446294445273095
1259446431892549633
1259455822549131265
1259461103895162880
1259461156084858880
1259482892822024192
1259493053183791107
1259493065250820099
1259493301473984512
1259493316816756736
1259494295016550401
1259499375325319174
1259499391779508225
1259505907173556225
1259505954179203073
1259505978887802883
1259505981727309824
1259505985040920578
1259506008268955655
1259506039638102016
1259506053026402306
1259506093945958407
1259506109653663748
1259506121020248064
1259506174002692096
1259506291116048385
1259506321931538434
1259506336770985985
1259506358212272129
1259506397814894593
1259506460008026113
1259506474247688194
1259506501074538500
1259506721321627649
1259506749188554752
1259506954319396864
1259506967938240512
1259506983801180160
1259506993401823238
1259507006291009536
1259507060795990019
1259507121563058177
1259507229679476737
1259507229910339585
1259507750427656194
1259507772783198209
1259507930669383680
1259507969743519746
1259507980141162497
1259508281669754880
1259508319020032001
1259508325038854147
1259508403640074240
1259508736932098055
1259508850711048193
1259509047021232131
1259509123646922754
1259509351666024450
1259509744403910664
1259509755577499654
1259510139868102656
1259510317069078528
1259511197545697281
1259511344300261377
1259511409592995841
1259511434465157120
1259511446062477315
1259511633044480000
1259511923453972482
1259512263553228801
1259512578629406721
1259513105031315456
1259513236606586880
1259513938712104960
1259514335589793798
1259515833535037443
1259516856475533319
1259519931173015553
1259520343003275264
1259520916838592514
1259521534475059202
1259521572173471744
1259522426871992320
1259523359085379586
1259524885753233411
1259526128626253828
1259526655321784323
1259527784147357697
1259529269526638600
1259529783974793216
1259529887972503552
1259531445711900674
1259534179278127105
1259534367510183940
1259534457612181510
1259534574327128064
1259534947402088451
1259535070349660161
1259535084622942208
1259535518892797955
1259535594075705345
1259538885706682369
1259539437907820544
1259539878318145536
1259540126130151424
1259540276374319104
1259540770270457856
1259541537328902144
1259546015314608130
1259548638226706432
1259551837545521153
1259554182924849154
1259554780474740737
1259557612774985731
1259560313638305792
1259560665502498817
1259560913704824833
1259571185391751171
1259572975453552642
1259573768055328769
1259574951524405250
1259577279572774913
1259580335366561793
1259581002046980098
1259582664371253249
1259582703101456384
1259584866645147649
1259597602703769600
1259612751271538688
1259615262808121345
1259618585946791938
1259620661707902976
1259621599998808070
1259632620209668096
1259639965698457601
1259672095899955200
1259698821078138880
1259701889656131591
1259706307965222913
1259709525222981632
1259715682289225728
1259752632635318274
1259755600554180609
1259762171640250368
1259762210357882881
1259765656091754497
1259766930761748480
1259780615504891905
1259781234563190785
1259781467061858304
1259781566965972992
1259781582707142656
1259781738710081536
1259781761313181696
1259782107792056326
1259782444796051457
1259782703781740546
1259782781493747713
1259782988352696321
1259783327042744321
1259784153060515841
1259784344559693826
1259784370564608000
1259784816880386053
1259785419685855233
1259785536929218560
1259786487312367617
1259786607927922688
1259787586513571841
1259788604278259713
1259790106350796807
1259790848608342017
1259791186929364992
1259792254585143297
1259792359656771584
1259792724737351685
1259795261154623488
1259795625203433477
1259799508059373568
1259799760283803654
1259802902639587329
1259803908467286016
1259804392393498629
1259804480515846146
1259804635625390085
1259804791036882945
1259806342770016257
1259808624198799360
1259808633602310144
1259809107378409473
1259814290586054656
1259815214574419968
1259815812258553859
1259816591757324288
1259818107830521857
1259818840143396865
1259819546980102144
1259820047129882626
1259820281901842438
1259820615420334080
1259821393111326720
1259822716099624960
1259822749255598080
1259823683629178881
1259824431586783232
1259826066656505858
1259826273846788099
1259828822989393920
1259831315093913601
1259833703536173057
1259834413833166852
1259838115906293767
1259842333002149894
1259842955835314176
1259844166827286537
1259849558051426305
1259851573968228354
1259852097593520128
1259852869131481089
1259855127076274178
1259858003911749632
1259860494384586754
1259866516905959425
1259867381700210688
1259867920953487360
1259868221601124353
1259871857496535041
1259872203228753930
1259873024393781248
1259876326179250176
1259880015698759680
1259880367747710987
1259883228112080898
1259888909707816962
1259888997784059907
1259893034101211136
1259895588302344192
1259896828935450626
1259900644590342153
1259904537508352000
1259904802622001165
1259908334913806336
1259911911627534338
1259913695959945217
1259913910431481857
1259917058562719745
1259926767214739457
1259928194314113024
1259928704228171781
1259936200514834434
1259936241707032578
1259936934966763525
1259940638965063684
1259952415752814594
1259956554511548416
1259959100726788098
1259971498649030658
1259972895150870528
1259972947013402625
1259986566488997890
1259990982201872385
1260005939597529103
1260007252980715521
1260010840394104832
1260012405272109056
1260020820614582277
1260041960913584129
1260095290343854081
1260095733706952704
1260110239577313281
1260113461046054912
1260121961159634946
1260150222568783874
1260155022513504256
1260167454384365568
1260168843021910016
1260179481521786880
1260190362267725830
1260208157256757250
1260229844312489984
1260242093252976641
1260244345086672897
1260253893340139520
1260255237631348737
1260258202568056834
1260263607851520000
1260264038967148545
1260264845179486208
1260272059281747972
1260278978889252866
1260288935714082820
1260289107374288902
1260290046646771713
1260290646633598977
1260291537394679818
1260309776434683906
1260321661359923201
1260379950168838146
1260412743150174209
1260414692981379077
1260441378317914112
1260441525416321028
1260478075839578112
1260545350491869185
1260616371685199872
1260618390584123395
1260619937258909697
1260654271671853056
1260654722530213888
1260714189238276097
1260772160123080710
1260772387248910336
1260774281237143557
1260813465247191040
1260893163050369024
1260933253738819584
1260950832985538561
1260950845119778816
1260971068459823108
1260991896580653056
1261005438658756609
1261081105781972992
1261087607162880001
1261114204909699079
1261143355448348678
1261392276967657472
1261429980744957953
1261461343946764288
1261504327866294272
1261618198656569345
1261727650034278401
1261774909337993216
1261824846889201665
1261826160301834240
1261948417632276480
1261950192141688832
1261956246858539010
1261956593396015104
1261996234547646465
1262406902341873665
1262434095164010502
1262559161784696833
1262729567925686274
1262771314802253832
1262869872847060994
1262889310795202560
1262942110476574720
1262979774240165888
1263104561163595779
1263779635193667584
1264186928817192960
1264378302803804160
1264720432575496193
1264985890549575686
1265007451092500487
1265087553025302529
1265978455344250886
1266012467660013568
1266042225642713088
1266050919973732352
1266240557581402114
1266247662598160385
1266250600229900289
1266268502765088768
1266300856208470019
1266305195346063362
1266341569428406274
1266405599186690053
1266411412856897537
1266441506371575813
1266735381506113538
1266846361376473089
1267380343205748742
1267756345127624705
1267756893570654210
1267853633003163653
1269304669974691840
1270306183048544256
1271026006615298050
1272059770308976640
1272139182790414336
1273882329686122497
1274428534837182465
1275501375267303429
1279928303441399808
1280003637603786753
1280056347875258368
1281322059272986633
