id
1259998220387786753
1259998338302255104
1259999478775517189
1260000073511034885
1260001700011749377
1260002018598555650
1260003519182049280
1260004322500362245
1260005260027887616
1260007598465576960
1260007757404467200
1260008077148839937
1260008304161382400
1260008569786646528
1260008644831137793
1260010062271016960
1260010130717859840
1260011810637271042
1260011863976235012
1260011961128939520
1260012249378222080
1260012413803327490
1260012485488205824
1260012495609098240
1260012510423379968
1260012601313857536
1260012653193248768
1260013449158877186
1260014465992388609
1260014810202173441
1260015332044861441
1260018771344814081
1260023210164158465
1260025550250184709
1260031609383694339
1260032673000468481
1260032774527827974
1260033138081718273
1260033810986496000
1260038525757657088
1260038737985069056
1260038882319622144
1260038953165561856
1260040961356443648
1260041139085852673
1260042378624327680
1260043697586081794
1260043734546292736
1260045201692819457
1260046380871139328
1260046510072397825
1260046604343664640
1260047042925084672
1260047358987026433
1260047519532429312
1260048765945290752
1260049000411127809
1260049118153629696
1260049475575279616
1260049911388700673
1260050108256837632
1260051413431996416
1260052016145055745
1260053243641675781
1260053431756238848
1260053560047423498
1260053887979081728
1260054436786786304
1260054487173074944
1260054570794913792
1260054829721944066
1260054831676428288
1260055714803875845
1260055716745838592
1260055718998224897
1260056511348461568
1260056514213134336
1260056516163485696
1260056518579367937
1260056521813131264
1260056563798151168
1260057001951969282
1260057146374447106
1260057147100008449
1260057147645267968
1260057148198916096
1260057149041975297
1260057439807954944
1260057879190667264
1260059069592883202
1260059508509835265
1260060551125835777
1260060553181122561
1260060556058386433
1260060966542336000
1260061033361702914
1260061335406235649
1260061780191121408
1260061799518539780
1260063146305368065
1260063355194269698
1260063403416203264
1260063445174665216
1260064228456759296
1260064804217241600
1260065900432105473
1260066610611707906
1260066612813729792
1260067126590791680
1260067205548576769
1260067563654074369
1260067631232679936
1260067739512770560
1260067872279334920
1260068508421013504
1260068837459886082
1260069302725681163
1260069692024270850
1260069949416112128
1260072151639613440
1260072210116509696
1260072238088433664
1260072410436550657
1260073110558171136
1260073112613289984
1260073114777587713
1260073439316054016
1260073561382928385
1260073806204407813
1260074000790827008
1260074068012937217
1260074491163693056
1260074647019757569
1260075064164220930
1260075188542193666
1260075311338860544
1260076165974437888
1260076290473889792
1260077067145637890
1260077241846792198
1260077964068360192
1260078204766826496
1260078552730533889
1260078805558988803
1260079144555155457
1260079389003390976
1260079642750435333
1260079880567427073
1260080205781250049
1260080463990972416
1260080467304427520
1260080537458356225
1260080739846172674
1260080783424962560
1260081218516910080
1260081281708195841
1260082698607104005
1260082834007642112
1260083281502101509
1260083294563176448
1260083311176814593
1260083492827934725
1260083516676673536
1260083607777009664
1260083625048936451
1260083663875780608
1260083720226299906
1260083758398660610
1260085034905743360
1260085241454215174
1260085332281786371
1260085441853882369
1260085466075992064
1260086013864611841
1260086326797512704
1260086716515463169
1260086806286139392
1260087309296439301
1260087309363339264
1260087340594278405
1260087341328277504
1260087835509567491
1260088150673838080
1260088297956802562
1260088870152081408
1260088888963579913
1260089030093541376
1260089471191695361
1260089793251282945
1260089906510135297
1260090190577709063
1260090290750345218
1260090364226088960
1260090379241697281
1260090640475607040
1260090702152773632
1260090822156058625
1260091156706349056
1260091198733197314
1260091507224252416
1260092100303097856
1260092550918135808
1260092602701021184
1260092867286044676
1260093301283336192
1260093335680794624
1260094059810639872
1260094194879737857
1260094434521292801
1260095262439149568
1260095307850940418
1260095458271285257
1260095752535191558
1260095854276497411
1260096062557126656
1260096083906215936
1260096240655699973
1260096560437907456
1260096698535292928
1260096754063683584
1260096848410423301
1260096894140899329
1260097096792846336
1260097228632477696
1260097365618429953
1260097539623264257
1260097704522403840
1260097837792198662
1260097858759462912
1260097916439597064
1260098215392796672
1260098267725082624
1260098310091784192
1260098362717753346
1260098880668139521
1260098921210302470
1260099136080293889
1260099136524881922
1260099144988884992
1260099176622424065
1260099208356474881
1260099219660115969
1260099227230879745
1260099510375768065
1260099740613705729
1260099791192829952
1260099814685016064
1260099830766059520
1260099861472587776
1260099885304512514
1260099900001398785
1260099904963215361
1260099982646001666
1260100000551514114
1260100022089265152
1260100308233052160
1260100450294149124
1260100583865884677
1260100584352419840
1260100732822355968
1260100744243445762
1260100749985529858
1260100812480659457
1260100875252576256
1260100954600464385
1260100986179387393
1260101071994839043
1260101270871957504
1260101278354542592
1260101351872356359
1260101393374904320
1260101600384819201
1260101860079226880
1260102034658861057
1260102101511933952
1260102248203464704
1260102368273870848
1260102407616442368
1260102413538770944
1260102671178108932
1260102790938050565
1260102853479325697
1260103197655351297
1260103373715582976
1260103434902126593
1260103443743735808
1260103464966914056
1260103503965417472
1260103529852743680
1260103588518539264
1260103677827862529
1260103830194335744
1260103875744485376
1260103907776307200
1260104104732512257
1260104241189961728
1260104372832342016
1260104916212858886
1260104961234554882
1260105023238873088
1260105287643672576
1260105325807575041
1260105412524871680
1260105520817614848
1260105566615191554
1260105572109737985
1260105686505185280
1260105698723205127
1260105700639940608
1260105733091340291
1260105784219795456
1260105840348008449
1260105876582604800
1260105893557014528
1260105974137880579
1260106140790263808
1260106161036177408
1260106162915196931
1260106241067663361
1260106339923132416
1260106760335036416
1260106812071858177
1260106876743815168
1260106891033825280
1260106927851397121
1260106999058124801
1260107056939520000
1260107373059997696
1260107423697821696
1260107603536994304
1260107698043064322
1260107762127835141
1260107774270361600
1260107839734939651
1260108087626784768
1260108137299935244
1260108266274725888
1260108283425296385
1260108285652410369
1260108288596873216
1260108375876042752
1260108420688068611
1260108477155991552
1260108496567140352
1260108504536399873
1260108653639667712
1260108805423222791
1260108834124726272
1260108850239324161
1260108883835699200
1260108886620672002
1260108911123849219
1260109031772958721
1260109185347473408
1260109262019313669
1260109330919165952
1260109355476803585
1260109408979345410
1260109716207874051
1260109759841263617
1260109765230956546
1260109773271437312
1260109788022583297
1260109802388295681
1260109809531092993
1260109831484178432
1260109841101656066
1260109841181347840
1260109962635853825
1260109995166875649
1260110239799693312
1260110564820504581
1260110677861175297
1260110712539668482
1260110775785533442
1260110924666540032
1260110937412993026
1260111106678366209
1260111195048226816
1260111301034074112
1260111473029910528
1260111570430017536
1260111570807422976
1260112050342301698
1260112446456504321
1260112465699803136
1260112471039381504
1260112742595334145
1260112801974095872
1260112876766887936
1260112889534439427
1260112945163440128
1260113033180971009
1260113119797563392
1260113126789468162
1260113150696919040
1260113365323730944
1260113421074219008
1260113428980645888
1260113468335837184
1260113511881023488
1260113525701251075
1260113609784545286
1260113668508921857
1260113690805895168
1260113713765462016
1260113794782711808
1260113845206634497
1260113934071316481
1260113944649306112
1260114045295878145
1260114070579142656
1260114107900067844
1260114119799209984
1260114260434341889
1260114270739709952
1260114371214290944
1260114405200625664
1260114480081580032
1260114519403134979
1260114605705232384
1260114608897089540
1260114644070432768
1260114654002634752
1260114726459244546
1260114906663342081
1260114931111866370
1260114959557591041
1260115054005039104
1260115064620814343
1260115133071753216
1260115191758553088
1260115210817372160
1260115232011235329
1260115458038038528
1260115603341352960
1260115667887575043
1260115682575945731
1260115711881428992
1260115752708976641
1260115816978231296
1260115858241794048
1260116040102617091
1260116108025245696
1260116119328829440
1260116127994257408
1260116128845701122
1260116171292061697
1260116251290017793
1260116316859633664
1260116337596215296
1260116352712441856
1260116379962937344
1260116411592126465
1260116482207485953
1260116603745841153
1260116697467551744
1260116770343485441
1260117082542309377
1260117118739152897
1260117130172936192
1260117285274103808
1260117312306384897
1260117350499659777
1260117364185710593
1260117400986451968
1260117404841058305
1260117471975149568
1260117502408957952
1260117508046151680
1260117542695251969
1260117551675211779
1260117573347262470
1260117587901513728
1260117611767115778
1260117742172147714
1260117742918778880
1260117753106763776
1260117814343602176
1260117852083929088
1260117854709407745
1260117976595992576
1260117993083875328
1260117996443504642
1260118011593310210
1260118181387153408
1260118223619608576
1260118295283470337
1260118326048669696
1260118460731777024
1260118518747607040
1260118547126247425
1260118704207081472
1260118766727430145
1260118867915026433
1260118872478420992
1260118887657594880
1260119108986830849
1260119116859523074
1260119205451530242
1260119455956336640
1260119533098016769
1260119722399596545
1260119868050997248
1260119878150885377
1260119928331534336
1260119947843375104
1260119994790105088
1260120126847946757
1260120158124810242
1260120473666555906
1260120517228576769
1260120631900864512
1260120660451483648
1260120750029254657
1260120805255544832
1260120843369295872
1260121151914815488
1260121190087229444
1260121215546654720
1260121466156265473
1260121506551603201
1260121557944467457
1260121563673825280
1260121570120474626
1260121639943049217
1260121746809729024
1260121835636695041
1260121857237364736
1260121968491274241
1260121968986206208
1260122019116519425
1260122067845988353
1260122075370409984
1260122131356094465
1260122196875325442
1260122280706764801
1260122302705995785
1260122367944163329
1260122375942701061
1260122506276593664
1260122628511207424
1260122686346461184
1260122694248529920
1260122736464203777
1260122928806576131
1260123053524242433
1260123165793148928
1260123189537112064
1260123273930686464
1260123293279031297
1260123309406027776
1260123408865603589
1260123471448813569
1260123491078213632
1260123521117798400
1260123559680192514
1260123608053166081
1260123670573461511
1260123712487129088
1260123729482440709
1260123775611408385
1260123837452222464
1260123867810496517
1260123898974216192
1260123961876254720
1260123976011055105
1260124005320798208
1260124008856481792
1260124039420547073
1260124046664097793
1260124208421576714
1260124209948299264
1260124261966057472
1260124276658597894
1260124304148180992
1260124315179053056
1260124361039601664
1260124441578782722
1260124461950476288
1260124570192957440
1260124614119784453
1260124670889807873
1260124698823798785
1260124778284941312
1260124875496308736
1260124935621574656
1260124946438787072
1260124990965456899
1260125283174268930
1260125314237292545
1260125386949738497
1260125387725643776
1260125399377498112
1260125405400489986
1260125451256651776
1260125516092379138
1260125581783547904
1260125643494350848
1260125645612482560
1260125647638274048
1260125666818830336
1260125881223258112
1260126020541300736
1260126028242079749
1260126108374228992
1260126120529272832
1260126127047180288
1260126133439340544
1260126146940809217
1260126187688546304
1260126381511409665
1260126607903272961
1260126643139551232
1260126675175723008
1260126693462872064
1260126711552847872
1260126815869255680
1260127002075553792
1260127062343507969
1260127075115171845
1260127225254477825
1260127325297020928
1260127336453812226
1260127369542676481
1260127428749524992
1260127483048976385
1260127534898954240
1260127684690161664
1260127825371246593
1260127844287602688
1260127865712136192
1260127897563672576
1260127916186370048
1260127937380126721
1260127949208129536
1260127979750993920
1260127983924363264
1260127985333604353
1260128088899432448
1260128446665183232
1260128612847628293
1260128612981899265
1260128651896635393
1260128652127322112
1260128843916021765
1260128862446518275
1260128894419701760
1260128906503499777
1260128940775047168
1260128982068072453
1260128988225298432
1260129002557243392
1260129096295690241
1260129115056807936
1260129225706700801
1260129246619541504
1260129373782450177
1260129407601123328
1260129639458103296
1260129694994792449
1260129963052802048
1260130011744555008
1260130103905914881
1260130197644414977
1260130416176123904
1260130427907584001
1260130529036419072
1260130796146503680
1260130847958720512
1260130862701699072
1260130872625442816
1260130979659866112
1260131123138646016
1260131389887963136
1260131566812123136
1260131606792212480
1260131669576736768
1260131742339473408
1260131867547906048
1260131873147289600
1260131874665566209
1260132000339550209
1260132436681383936
1260132583792357376
1260132606609223680
1260132629426339840
1260132635319336963
1260132635894001664
1260132636518989828
1260132651354095616
1260132748519505920
1260132757688156161
1260132760435466240
1260132820564967424
1260132903008251909
1260133109934235649
1260133174765670400
1260133267812089858
1260133390076035078
1260133410384863233
1260133513145331712
1260133577104199680
1260134083788771328
1260134190680551424
1260134327242891265
1260134541240524801
1260134609335058432
1260135024084561921
1260135063544573957
1260135202199932928
1260135297263767552
1260135449798021120
1260135517376708608
1260135620594171904
1260135982155927555
1260136098057072641
1260136548978372608
1260136598378876928
1260136755828862977
1260136791417462784
1260136819800317952
1260136825957605376
1260136841715515392
1260137003347144705
1260137156594601989
1260137213653848064
1260137232041639937
1260137303940481025
1260137305911762944
1260137312551407617
1260137374685761536
1260137651262361600
1260137783575949314
1260137832603058176
1260137858930597890
1260138010898649090
1260138236820754432
1260138265358864384
1260138396846100483
1260138510587232257
1260138525003055104
1260138930730602497
1260138991678107649
1260139150751170560
1260139194506260480
1260139398466854917
1260139440430874624
1260139474262134785
1260139476850008064
1260139480213852161
1260139847030919168
1260140118528135168
1260140131744313344
1260140157480636418
1260140375966126080
1260140584917970945
1260140715201437701
1260140854712377350
1260140884433211393
1260141059520299008
1260141553378627586
1260141568054484992
1260141627043127296
1260141691807432707
1260141786552569857
1260141800297320448
1260141849458720771
1260142089494560770
1260142127247482882
1260142130774843394
1260142212752515074
1260142294491168769
1260142305476055041
1260142387260723200
1260142403572416512
1260142481250947072
1260142608862633984
1260143083649470464
1260143149596446721
1260143258434486273
1260143294887141376
1260143306777952263
1260143411589337089
1260143421848719368
1260143490517868544
1260143615407460355
1260143696785350656
1260143725923184649
1260143792214114307
1260143810572701696
1260143816838991873
1260143828498935808
1260143973684871169
1260144000012636160
1260144102072619009
1260144119864856576
1260144268670369792
1260144274173296640
1260144344067121157
1260144456797478912
1260144483993354240
1260144581653549056
1260144630668066816
1260144748897210369
1260144773073113088
1260144803003748353
1260144815716605952
1260144896213737472
1260144915939549184
1260145006322552834
1260145033589579778
1260145047330336769
1260145069513940992
1260145136018829313
1260145189575749638
1260145308220227585
1260145458745311232
1260145529335545856
1260145732763426818
1260145987164741637
1260146136037371904
1260146202760351746
1260146327628980224
1260146416242044934
1260146467999801344
1260146646261862400
1260146721167998978
1260146776218251264
1260146833235611654
1260147182847565824
1260147256113745920
1260147416457785347
1260147438742093826
1260147503330217984
1260147625740898305
1260147683932737536
1260147709094158336
1260147726500667392
1260147740241264641
1260147892288880640
1260147918855700481
1260147987327655937
1260148127132155906
1260148163144450048
1260148237937319938
1260148278328463361
1260148283424616448
1260148327712206848
1260148360264253440
1260148423891865600
1260148439259676672
1260148528896188417
1260148681015205888
1260148854000844800
1260148866957086720
1260148976415899649
1260148982002704385
1260149180334510080
1260149204120416256
1260149227122053121
1260149268477890560
1260149488934625280
1260149550628683776
1260149569016430593
1260149678169042947
1260149872243720193
1260150361068797953
1260150384393367552
1260150600962060288
1260150601125629954
1260150747091685376
1260150764783140865
1260150851559096320
1260150942936293377
1260150983642042369
1260150983969181699
1260151126114144257
1260151171366428672
1260151225439354881
1260151229478342656
1260151254975754241
1260151286806315008
1260151305642917888
1260151487818276869
1260151519263035392
1260151583918166016
1260151595607764993
1260151699035107328
1260152074832154626
1260152090506285056
1260152125289639938
1260152214963830785
1260152260325265413
1260152331439681543
1260152346002276352
1260152511190700032
1260152549929254912
1260152734453583872
1260152739323088896
1260152952796438530
1260152955061370880
1260153138956427271
1260153253905543169
1260153335728005122
1260153667891716097
1260153722216288256
1260153723961184256
1260153740910309376
1260154073241829376
1260154105659625472
1260154165009014785
1260154276208349184
1260154298928898049
1260154549375025154
1260154619336015872
1260154645466374144
1260154725833596928
1260154824756203521
1260154864782446592
1260154984219521025
1260155024501506048
1260155047570288640
1260155050640519169
1260155270245814273
1260155320095191043
1260155349367173120
1260155354740076545
1260155421697945605
1260155664623718400
1260155979108417536
1260156238370869248
1260156335779446784
1260156351281537024
1260156354049736705
1260156386685661186
1260156415001403392
1260156416972783616
1260156639946125312
1260156666223497216
1260156702042791936
1260156788894203905
1260156885791059968
1260156950878322688
1260157003764203522
1260157025146810368
1260157129534705667
1260157205216714757
1260157228339933184
1260157265195212800
1260157278826696705
1260157512214556673
1260157738660835328
1260157745472438272
1260157796944838656
1260157896496734209
1260157952134127618
1260158017653391361
1260158023290552322
1260158076323332102
1260158466867572736
1260158469488939019
1260158602821672960
1260158637118455808
1260158649198092288
1260158665102950401
1260158715585593344
1260158738016751616
1260158819700805633
1260158840601030657
1260159016770174976
1260159052270706688
1260159075662401536
1260159109380308992
1260159124815437824
1260159248916516864
1260159505020616704
1260159514428559360
1260159731970314241
1260159842750271489
1260159985134206976
1260160115648462848
1260160205670830080
1260160610102321152
1260160744605265920
1260161060482531334
1260161221074001921
1260161283090939905
1260161323544965121
1260161401919803393
1260161543922212864
1260161566487560193
1260161711308443650
1260161750370050048
1260161816300265472
1260161850068611072
1260161889721561088
1260161955899342848
1260162330672889856
1260162497497255937
1260162518980292608
1260162665319628803
1260162666900963330
1260162806604795904
1260162867061575680
1260162941476917248
1260163076193751040
1260163203075584001
1260163227293552640
1260163247002484736
1260163257928646656
1260163277117677570
1260163306486206465
1260163314706980864
1260163405735919621
1260163868573216769
1260164038505508866
1260164038589329408
1260164092838522882
1260164239806824448
1260164359294197760
1260164371763933185
1260164392005533697
1260164415372038145
1260164431281098753
1260165000418807808
1260165045746642945
1260165067611439104
1260165155398266882
1260165272650092544
1260165284121411584
1260165296645644290
1260165312751812608
1260165369752403970
1260165563554373633
1260165673294147585
1260165768836272129
1260166038760628224
1260166105982799874
1260166196395233281
1260166363081068545
1260166426607980544
1260166445075439616
1260166523467051009
1260166840644440064
1260166842926039051
1260166928095752194
1260167048136622081
1260167139618459649
1260167162058231809
1260167171700916225
1260167268350283776
1260167320934080512
1260167587880558592
1260167827543252993
1260167849504628737
1260167865430421506
1260167988558196736
1260168512741523456
1260168628294561793
1260168794992979969
1260168971950723072
1260169378911444992
1260169707111546883
1260169777366151169
1260170081817878529
1260170212407721985
1260170293122707457
1260170355769049093
1260170476808286208
1260170558488150016
1260170706022797314
1260170722921635841
1260170902140080128
1260171025574174720
1260171050291204097
1260171147381006337
1260171280650772482
1260171587652915209
1260171639427403776
1260171831081926656
1260172100557590533
1260172147185639424
1260172459669630976
1260172532545708032
1260173067948523520
1260173275365347331
1260173313877381121
1260173428470042624
1260173805697327104
1260173868758708225
1260173878778753025
1260173964741095424
1260174056122392579
1260174115916271616
1260174351246262273
1260174562047778817
1260174825156423681
1260174903933906944
1260175046556954624
1260175139062382593
1260175163955478530
1260175198378131457
1260175325184643074
1260175607364816898
1260175823258161152
1260175830078062592
1260175939687849985
1260175962416861184
1260175993379192832
1260176280999337984
1260176608129843201
1260176630997270528
1260176646981681163
1260176655932444672
1260176697036505088
1260176722789531648
1260176823343857664
1260176889932546048
1260176944471117830
1260177043125424128
1260177107600236544
1260177138596098050
1260177168178569219
1260177189057806337
1260177401251794946
1260177426811957248
1260177437566160898
1260177448311885824
1260177747080593410
1260177784888049665
1260177842157092869
1260177891981012992
1260177909987381249
1260178047694585858
1260178121367539713
1260178499127709697
1260178713045536768
1260178767902904321
1260178835032719360
1260178991677399042
1260179045309976577
1260179488694063104
1260179533774426112
1260179853560741894
1260180217487859712
1260180383192305664
1260180620493414400
1260180717377589250
1260180961762979846
1260180991638999040
1260181042041950208
1260181195243040768
1260181638585212930
1260181900829786112
1260181957960519680
1260182189171453952
1260182223682260996
1260182313650053120
1260182415844179970
1260182634468171776
1260182744312827905
1260182747026522112
1260182874277412864
1260183082780549122
1260183182009393152
1260183591180435456
1260183690430251010
1260183819921043456
1260183845401432066
1260183896894976002
1260183986145501185
1260184060204367872
1260184242098765827
1260184502195965953
1260184531069538304
1260184559666302977
1260184686480982016
1260184738683330562
1260184858812452869
1260184867943432194
1260184884427067392
1260184932149874690
1260184935924740101
1260184948495003648
1260185116640514050
1260185158914912257
1260185178120519680
1260185178389037056
1260185208579555330
1260185210764877826
1260185523454443525
1260185628634996737
1260185803977830400
1260186106043170816
1260186241192153091
1260186325837373441
1260186494725169153
1260187174848397312
1260187236512993280
1260187252115849216
1260187279672446976
1260187300648177664
1260187481363886081
1260187564327211009
1260187588155097088
1260187662817910788
1260187673135898626
1260187765339193345
1260187787598364672
1260187873896259586
1260187956096241666
1260188004234248193
1260188128729579526
1260188160593670145
1260188429037588481
1260188443877036034
1260188482569453574
1260188513108217856
1260188589004120069
1260188760504963072
1260188780750929920
1260188896530501632
1260188959864487937
1260189174805733379
1260189227205242880
1260189288815374337
1260189335460163585
1260189740298625025
1260189747772821504
1260190065785024512
1260190147544518656
1260190274799665153
1260190434053234688
1260190527732973569
1260190553121136640
1260190585937420288
1260190697279365120
1260190713045643265
1260190731517538304
1260190745325174784
1260190753889947650
1260190791252705283
1260190840938475522
1260190855052365824
1260190944902680576
1260191092886188034
1260191187069263873
1260191418095669248
1260191829540077568
1260191934863364098
1260192059375456256
1260192116149542915
1260192128627589123
1260192140929441794
1260192144280748033
1260192146654715905
1260192259074592768
1260192271691067392
1260192437621927938
1260192609487773696
1260192651829284865
1260192720137715713
1260192857048125440
1260193005941686272
1260193088565153800
1260193279703998469
1260193369281699845
1260193645963157505
1260193755623297024
1260193867330129920
1260194110012563456
1260194289109385216
1260194598489645058
1260194682925187072
1260194727850381318
1260194790634815488
1260194877788303362
1260194925607563264
1260195070009061378
1260195193367793667
1260195209431875585
1260195345407016961
1260195371755745291
1260195551389384707
1260195761381408768
1260195963211259905
1260196173870239745
1260196190915833856
1260196231906820096
1260196296658468864
1260196358834851841
1260196483430789121
1260196906120163328
1260196996578717697
1260196996620660736
1260197006175342592
1260197007987269633
1260197052534923265
1260197240506847233
1260197307955515398
1260197511798468611
1260197597710626821
1260197615465086976
1260197908659535873
1260198010342060033
1260198146161942531
1260198192358055941
1260198223332982790
1260198618423865344
1260198636413243397
1260198712262963201
1260198808614506497
1260198895877066752
1260198924108861441
1260199107064463364
1260199441643995136
1260199533977403393
1260199616118689793
1260199939419918336
1260200411048312834
1260200459786170368
1260200730603982850
1260200917154115585
1260200995163983873
1260201152441978881
1260201378737250304
1260201511667277825
1260201671017316353
1260201815800455169
1260201860000026631
1260201919928307713
1260202086228205575
1260202366386782208
1260202386792091649
1260202399978991621
1260202429892657154
1260202483105828864
1260202498448637952
1260202597509718022
1260202678552080384
1260202704506433537
1260202801185075200
1260202806184640518
1260202846584217600
1260202929182695424
1260203337422712832
1260203363725123584
1260203395509559297
1260203495170375680
1260203752390303745
1260204019038982145
1260204176396693504
1260204183581536256
1260204212400594944
1260204324996747264
1260204443024457728
1260204443808784384
1260204475370921985
1260204523936759813
1260204539107520513
1260204539455713280
1260204592064798721
1260204852686315521
1260204970542075906
1260205004733939712
1260205009402281985
1260205110220783618
1260205323723378689
1260205416568573955
1260205794580140043
1260205843800371201
1260205860564930560
1260205982698930176
1260206074176712704
1260206635429101569
1260207039801970689
1260207166440517633
1260207473945911299
1260207760513347584
1260207792570470400
1260207795447742465
1260207879782633472
1260207885084250115
1260207907259527168
1260208013790662657
1260208253792903170
1260208470294441985
1260208473511546880
1260208869307015178
1260208999594590208
1260209242801352706
1260209362825609216
1260209564563189762
1260209794188804097
1260210205901684738
1260210995223580673
1260211157954068488
1260211628215349251
1260211984655626242
1260212992303644672
1260213256880259077
1260213368599740417
1260213684170874881
1260213846310039552
1260214407239471110
1260214580984328192
1260214762589376513
1260214937911283715
1260214951190413313
1260215049341358081
1260215401142726659
1260216258148077570
1260216385910771712
1260216490273406976
1260216523895046144
1260216608817061888
1260216693223292930
1260216939382820865
1260216959993511942
1260216998874710017
1260217012967661571
1260217019066200064
1260217179577909248
1260217267226279937
1260217449171038208
1260217839237070849
1260217866747510786
1260217917217673216
1260217918274535437
1260217922053713920
1260217934217121799
1260218059291328517
1260218200203067394
1260218224467226624
1260218362455605248
1260218375978057729
1260218409490558977
1260218608665403392
1260218643918598146
1260218663283634176
1260218968842874882
1260219122425749505
1260219201903566849
1260219203979804676
1260219271482916871
1260219376608968705
1260219767631290369
1260219821960069121
1260220064307052545
1260220234583154691
1260220283551657984
1260220296742789122
1260220323108139009
1260220423842803714
1260220433804275714
1260220501139558403
1260220514766905345
1260220521351974923
1260220571251507200
1260220702986289152
1260220780320821248
1260220942279741440
1260220954191360000
1260221159611777029
1260221233775497217
1260221237013417984
1260221385986772993
1260221476478877697
1260221566966730752
1260221718259478530
1260221888120446978
1260221966788812800
1260221991451275266
1260222002654318593
1260222057620660225
1260222088033509376
1260222179452559361
1260222394347786241
1260222465202102274
1260222541223821312
1260222595200319488
1260222710694711297
1260222715581079553
1260222845667377152
1260222898352029699
1260222998398808069
1260223064220078080
1260223119769374724
1260223119782031360
1260223157790748677
1260223205425336322
1260223244604407809
1260223265269780481
1260223435625635840
1260223485143547904
1260223720255361024
1260223834877235206
1260224189807693825
1260224298704396294
1260224494511296514
1260224708521480192
1260224917309665280
1260224962293567488
1260224987501387778
1260225349402664960
1260225403135889412
1260225476183941127
1260225536074358784
1260225538418978817
1260225804421586944
1260225892833538048
1260226079979159552
1260226304927862784
1260226524210487298
1260226533882580993
1260226564563841030
1260226589981278209
1260226933327040515
1260227185861935107
1260227406998253569
1260227508311666688
1260227516968599555
1260227522538737664
1260227547066806274
1260227620945395712
1260227688821919747
1260227860318617601
1260227962433089539
1260228079886237699
1260228081601691648
1260228231707463682
1260228259284992013
1260228380198342664
1260228394572185600
1260228527007252480
1260228788824276994
1260228806280916992
1260228815428767750
1260228861570306055
1260228874081906689
1260229023784935424
1260229057620344833
1260229167511154689
1260229199878656001
1260229239124746240
1260229274495324163
1260229373153677318
1260229535532023809
1260229575042371585
1260229596999487490
1260229625432637440
1260229633498394624
1260229643526967300
1260229694131245058
1260229750431248384
1260229924608266243
1260230169735938048
1260230745324507141
1260231065228189696
1260231072236830722
1260231104025497600
1260231137563152387
1260231237245034498
1260231263425826817
1260231597544091648
1260231643400417280
1260231703014051840
1260232217877516288
1260232510585348096
1260232514150547456
1260232711425458176
1260232834482085888
1260233077122633729
1260233459072675840
1260233694796754946
1260233744490942473
1260233760123039744
1260233804742119424
1260233993632481287
1260234244003180546
1260234282536230918
1260234432570671104
1260234515445940224
1260234662234009601
1260234762356248576
1260234795407290369
1260235013716676608
1260235057408675846
1260235060613185538
1260235164455763971
1260235326418812929
1260235505574260739
1260235543851474947
1260235546695172097
1260235728384073732
1260235744238620673
1260235864015241216
1260235871929982978
1260235923335323648
1260235931631697921
1260236085764018176
1260236215279923202
1260236268623073280
1260236387707695104
1260236419504779266
1260236447421956096
1260236594260381702
1260236642180358159
1260236887391907840
1260237133098496001
1260237179013476352
1260237311486439425
1260237729587134469
1260237839054311426
1260237982558281731
1260237993329246208
1260238186149797892
1260238496477954048
1260238612320452615
1260238735431565313
1260238773025148928
1260238797779857411
1260238806860607489
1260238897394696195
1260239005574139904
1260239176685047809
1260239207777345536
1260239212034621441
1260239222943825921
1260239306242867203
1260239307064950786
1260239430918512643
1260239561977782280
1260239767020552203
1260239790513049601
1260239997808136194
1260240173310377985
1260240305628028930
1260240426172383232
1260240712337104899
1260240981854740485
1260241221596971009
1260241495380066305
1260241557082574850
1260241848544755713
1260241944015486977
1260242209485570048
1260242313797865473
1260242457733861376
1260242585014190084
1260242634867605505
1260242671509143554
1260242771681689601
1260242783341883393
1260242812144058372
1260242820042031106
1260242883195678730
1260243022073286657
1260243135692750853
1260243148464365569
1260243329771540480
1260243572995096579
1260243642410827777
1260243804407431169
1260243850104274946
1260243933399060482
1260244057671991302
1260244143231598592
1260244228644524032
1260244253239914498
1260244271707406336
1260244331526406146
1260244456613257220
1260244498560450564
1260244531108290560
1260244921715429381
1260244995866595329
1260245049536905223
1260245174216728578
1260245248594370561
1260245426650910722
1260245535958712322
1260245569487994883
1260245858077081600
1260245930193928193
1260245934199488512
1260246112138649601
1260246200340668416
1260246443056680962
1260246617946497025
1260246627283075074
1260246722753724416
1260246795092885504
1260246802672037888
1260246908112719873
1260246969160785923
1260247170814545922
1260247174329368576
1260247403397079041
1260247406182109186
1260247531742728192
1260247547974758402
1260247558250795013
1260247566568116224
1260247605079969793
1260247623119835138
1260247642233323521
1260247670263697408
1260247779915583494
1260247811259498501
1260247827856441345
1260247881908391936
1260247942771998727
1260247963089145856
1260248052868231169
1260248209135468549
1260248306497867777
1260248369064271873
1260248660400635904
1260248724653182976
1260248833738584064
1260249047232888833
1260249317769609219
1260249333133225984
1260249357053501440
1260249445255577603
1260249464314499072
1260249633743417352
1260249651468533760
1260249689103966210
1260249759169863682
1260249768581873665
1260249805667938305
1260249930406473728
1260249942066696193
1260249961222070273
1260249968381755392
1260249998018650119
1260250031627649025
1260250203308900353
1260250227912642571
1260250594419277826
1260250611460653062
1260250717199249413
1260250905963835392
1260250929766567938
1260251078379085825
1260251152396046337
1260251189465186310
1260251465786015749
1260251515698151424
1260251659990695937
1260251673253089281
1260251675450904576
1260251679527665675
1260251685034823680
1260251704651546635
1260251903688151041
1260251926140276736
1260252040485273601
1260252089873248256
1260252096865226752
1260252153685385217
1260252370426044416
1260252434242383872
1260252559303999489
1260252569441533953
1260252577276530689
1260252587946848262
1260252720600055812
1260252973751468038
1260253061546721281
1260253111228252163
1260253280590090245
1260253294045396993
1260253334734241792
1260253402610753538
1260253417752190979
1260253535473741831
1260253557191782401
1260253559729328129
1260253578373070857
1260253695771652096
1260254089067352074
1260254126262423552
1260254151805734915
1260254153303097345
1260254280826499073
1260254305078194177
1260254509361778689
1260254532317184000
1260254607344840705
1260254611329482752
1260254666035691520
1260255018302812162
1260255348872577032
1260255354262347777
1260255424470831104
1260255456326561795
1260255505815162882
1260255517743747077
1260255684505014273
1260255739202998276
1260255905481924610
1260255919356743681
1260255948670742529
1260256015498522624
1260256078820003841
1260256119643136000
1260256121803157504
1260256135313047558
1260256232042106883
1260256366259843074
1260256460543590400
1260256622116470786
1260256661991718912
1260256664223178752
1260256937230417922
1260257026187448323
1260257099759734786
1260257133007962112
1260257135818129408
1260257267271766018
1260257350625132544
1260257404652044302
1260257543814873091
1260257566384435200
1260257572013182976
1260257713017282561
1260257724522205186
1260257733519060993
1260257791543050242
1260258117335556103
1260258143038312448
1260258375889235968
1260258385313890304
1260258427638513666
1260258436349980672
1260258462971371522
1260258494256762881
1260258692047482880
1260258702273150976
1260258724326883341
1260258749316575233
1260258780060803073
1260258896180121600
1260258949267423232
1260258985766203403
1260259078393266178
1260259096500068354
1260259224275357696
1260259608607760386
1260259822936752128
1260259945381015552
1260260065841491969
1260260128365871105
1260260179695808513
1260260268073979914
1260260372201836544
1260260416485240833
1260260651748012035
1260260692285931523
1260260779984551937
1260260813597745154
1260260917033472000
1260260953469280256
1260261072860254215
1260261156398280707
1260261252103843842
1260261367631753217
1260261547168927749
1260261672721186816
1260261729335799809
1260261735975411712
1260261740362838016
1260261856595361793
1260262073751273472
1260262384280764417
1260262582969077760
1260262666360274945
1260262714171183105
1260262887278477314
1260262942844628993
1260263132372652041
1260263886302871552
1260264058403590144
1260264061369008129
1260264123335614464
1260264165626785794
1260264223357243394
1260264304311296000
1260264315665502208
1260264397156614144
1260264449782489090
1260264573044744193
1260264584193216512
1260264662706409478
1260264758667882497
1260264855531065344
1260264924661587971
1260265104530198530
1260265177020338177
1260265411150569472
1260265606634504195
1260265618365956097
1260265761651769345
1260265774431850496
1260265780429676545
1260265895022166018
1260265971929042944
1260266065537499137
1260266108596215809
1260266113071493132
1260266116724768768
1260266180423618561
1260266356471205888
1260266464134692864
1260266477552308224
1260266483994812418
1260266515196268549
1260266529410727937
1260266665142562816
1260266706892660737
1260266754925879296
1260266832646340611
1260266858504167425
1260266992566706179
1260267026599329792
1260267027001942017
1260267047184973825
1260267050225762306
1260267157180633092
1260267196070146050
1260267233059704833
1260267282816798723
1260267287405346818
1260267299342364672
1260267326865367047
1260267361367662595
1260267372637835269
1260267554163040256
1260267707892666371
1260267924532670467
1260267971471122435
1260268070729404416
1260268172260843521
1260268269832896513
1260268508090232832
1260268571030159366
1260268597865328641
1260268612876677121
1260268693092798464
1260268733001609221
1260268745387360256
1260268812613627904
1260268849615773697
1260268981459525633
1260269207402446849
1260269241317588997
1260269273240526849
1260269296414068737
1260269388059508736
1260269522285662208
1260269609191604225
1260269839622582273
1260269951010639873
1260270019826651137
1260270803456634880
1260270865486417924
1260270986156486657
1260271035510857730
1260271411115032578
1260271470032420867
1260271503779737605
1260271651926745091
1260271800426074117
1260271948052955139
1260272025232433158
1260272076046417923
1260272076289605633
1260272274034298880
1260272362764681217
1260272495267102726
1260272591840980992
1260272593677975552
1260272917801304064
1260273039503249414
1260273149389811712
1260273419574292480
1260273484493721601
1260273540416356353
1260273550411419651
1260273736902737920
1260273749481279489
1260273753214287877
1260273837557444608
1260273908374257666
1260273969665630213
1260274348595777537
1260274424042926080
1260274424823058432
1260274437234003968
1260274462433435649
1260274607485050885
1260274609296945152
1260274652292812801
1260274675168563202
1260274914113830912
1260275198823194624
1260275361188896768
1260275405740740608
1260275622141714432
1260275630324756480
1260275650683981826
1260275715095834625
1260275998416928770
1260276021628198914
1260276053597196290
1260276073117384704
1260276129925140483
1260276168676249600
1260276193447874571
1260276858656038912
1260276895880527872
1260277037316571137
1260277248550211584
1260277339348492293
1260277418515935232
1260277477672390661
1260277567082369033
1260277656123256835
1260277743645790208
1260277779901247488
1260277783042887681
1260277874835296263
1260277907886354432
1260278298376101895
1260278319746088960
1260278672113700866
1260278679764156416
1260278693735194624
1260278790372184066
1260278975856873480
1260278980655054849
1260279038230265856
1260279057016553475
1260279081372979201
1260279204823916548
1260279207248216069
1260279208586117131
1260279237635907585
1260279297526435840
1260279302098169863
1260279537788760064
1260279753476620298
1260279866693468162
1260280158487011328
1260280204397883396
1260280272072970240
1260280308722806785
1260280370777534464
1260280479682629636
1260280552772513796
1260280624784576514
1260280795136167937
1260280809149411328
1260281007602831369
1260281076477501440
1260281140834963459
1260281176721444864
1260281387980140544
1260281455802036224
1260281488005713920
1260281585238245381
1260281648463183872
1260281669707280387
1260281852696330240
1260281948473380864
1260281988520574980
1260282191742935041
1260282269236965376
1260282308273360900
1260282345082556417
1260282371796094979
1260282515564175361
1260282678357696512
1260283163013722112
1260283181191880704
1260283350113153024
1260283434410430470
1260283490333003778
1260283625213431809
1260283684302852096
1260283696835440642
1260283845380882438
1260283907855060995
1260283956148047872
1260284086444331013
1260284213653319686
1260284332125626371
1260284341214724097
1260284491257479168
1260284519929831426
1260284665153359872
1260284769587400704
1260284787924905985
1260284841108660241
1260284843566551040
1260285142242750466
1260285310509953025
1260285350909485057
1260285421264801798
1260285464596054018
1260285481146867712
1260285549291732995
1260285768288870407
1260285847125049344
1260285852917338113
1260285885926404097
1260285915303301121
1260286026532245505
1260286030130958338
1260286063744094214
1260286092495986688
1260286169364992003
1260286439293509632
1260286589533552641
1260286786888175619
1260287096826351621
1260287235884081155
1260287263453388801
1260287469234290688
1260287934046994433
1260287989705404416
1260288350872879105
1260288697217449987
1260289513336836096
1260289580869304323
1260289817658753025
1260290518082183168
1260290983461339137
1260291203335180288
1260291261254246402
1260291410827321346
1260291462949896194
1260291893134573570
1260291908305289218
1260292162094276608
1260292532640133125
1260293146858184704
1260293204425035779
1260293316408639488
1260293369554702339
1260293412839985155
1260293436172877825
1260293450211172354
1260293455881871360
1260293505341104136
1260293589747281923
1260293921072021504
1260294042799288321
1260294243295395851
1260294667024961538
1260294798587637761
1260295034450202627
1260295089546563584
1260295230668050435
1260295337815814145
1260295378106290176
1260295543139508224
1260295707996684289
1260295877194911744
1260295999186259973
1260296140580433922
1260296184846938112
1260296242522992640
1260296276781993986
1260296289570508801
1260296457833320448
1260296498929184773
1260296513382764544
1260296533133623296
1260296547373330433
1260296548212264966
1260296554373681156
1260296599697346563
1260296720132562950
1260296949800017926
1260297064455516166
1260297089243889664
1260297124652232706
1260297125302358017
1260297184882364417
1260297233725087747
1260297245276155904
1260297256726650883
1260297278566400000
1260297325487980544
1260297338519728130
1260297428756049923
1260297769354493952
1260297857254526977
1260298032677031938
1260298125081743361
1260298329159860233
1260298442712256518
1260298673998749698
1260298703736201216
1260298749487788036
1260298802424152065
1260298803833376773
1260298842060226562
1260298989020143616
1260299075250982914
1260299400997412864
1260299405715963911
1260299562113208320
1260299730434895873
1260299841210667008
1260300404585140225
1260300423115784193
1260300528933838848
1260300628452130816
1260300656654630914
1260300712694747136
1260300791837007875
1260300822635782144
1260300943721144322
1260301001090904068
1260301581087539200
1260301605632724995
1260301669352570881
1260301722167267329
1260301723014438913
1260301781168504834
1260301787648720897
1260301911460282371
1260301994729730048
1260302017769201665
1260302187307073541
1260302476277764096
1260302556976369665
1260302614174093313
1260302617533657091
1260302784903163904
1260302877316321285
1260303168690421762
1260303198142726146
1260303217814110208
1260303293898784769
1260303405832159233
1260303451885633538
1260303680500314112
1260303687911641094
1260304207065858051
1260304641994240002
1260304643592204292
1260304844474253317
1260304919183216640
1260304981384708103
1260304991841116173
1260305107062751232
1260305411086987264
1260305420679368704
1260305421874724865
1260305494587170817
1260306024617123840
1260306291915980800
1260306300895985673
1260307423874682880
1260307595669184513
1260307892076523522
1260308234306535428
1260309159620288513
1260309172740075521
1260309306760667137
1260309619890667521
1260309692145963015
1260309732843089920
1260309748265750531
1260309785590804480
1260309833552670720
1260309861889384451
1260310103040942080
1260310132724023296
1260310155352252421
1260310467660197888
1260310701584928769
1260310718521409536
1260310769402601475
1260311009455222785
1260311032553254913
1260311355803889670
1260311361650900992
1260311362477199360
1260311398678245377
1260311412410212353
1260311442336542721
1260311573987561472
1260311600029995009
1260311735120035841
1260311824794292234
1260311849976938497
1260311854934605824
1260311877239951365
1260311907367563264
1260311916624388096
1260312064247160836
1260312303582564357
1260312308649205763
1260313168351498240
1260313601086296064
1260314882840375300
1260314951731810304
1260315057231101953
1260315793063055361
1260315814739144704
1260315856048881671
1260315965155356673
1260316266767814658
1260316344710500352
1260316744331165703
1260316768972791808
1260317061642948608
1260317369588756480
1260317678486634496
1260317725286699008
1260317729774546951
1260317777602232320
1260317790231240704
1260317791321808899
1260317849580638213
1260318343078252547
1260318426897108993
1260318560624222210
1260319418283970560
1260319455340630019
1260319525293240321
1260320143185453058
1260320769839685633
1260321180801777665
1260321582452539392
1260321609954537473
1260321734886150145
1260321934086152192
1260322200655020033
1260322384705355779
1260322407438602243
1260322477663715331
1260322774079492098
1260322826323623936
1260322915431710720
1260323203471364103
1260323232554668033
1260323295116824577
1260323356194340865
1260323609924505601
1260323771476520960
1260323797657423873
1260324068311564289
1260324143213555713
1260324193050275841
1260324221198176257
1260324249493012480
1260324409056903175
1260324799919915013
1260324810485370880
1260325350422261763
1260325440058724352
1260325507847147525
1260325710520029185
1260326166847725568
1260326192655319053
1260326299865841667
1260326946807910400
1260327063581581312
1260327323385171968
1260327384252809220
1260327504763588615
1260327541421867008
1260327573042745344
1260328368966426625
1260328583811289094
1260328902544719874
1260328979833241600
1260329152160378889
1260329258406293507
1260329352182542338
1260330034008657922
1260330296760848389
1260330519901941762
1260330693898493953
1260331155229937664
1260331437749866512
1260331799361642497
1260331984150200321
1260332207945768968
1260332584564858881
1260332857299554307
1260333037616848897
1260333218282328064
1260333317238464512
1260333414823202818
1260333416114982919
1260333445462528001
1260333772861571078
1260334051132653568
1260334171328851974
1260334205818601472
1260334397674393600
1260335384699056132
1260335723292606464
1260335808717959175
1260335821338693639
1260335857975918593
1260335889336729601
1260336450920345600
1260336768966066177
1260336957269434368
1260337042308857856
1260337060768108544
1260337091805929479
1260337158008844289
1260337169736118277
1260337178330173447
1260337240124854272
1260337308521377792
1260337362296541190
1260337549136089094
1260337665578340356
1260337736415936513
1260337782477783040
1260337793554841606
1260337965148049408
1260338043334070273
1260338067648348161
1260338076636844032
1260338086539657216
1260338123558588416
1260338232186863617
1260338269562290177
1260338351594496005
1260338436181053448
1260338528581541894
1260338628309463043
1260338729937444864
1260338801559375877
1260339099195650054
1260339136269090819
1260339421058142210
1260339533473865729
1260340392450547713
1260340528069185537
1260340760597200897
1260340812526780420
1260341083659255810
1260341483225440261
1260341688213659649
1260341808799907845
1260341861123870725
1260341872423309312
1260341984910127104
1260342504030908416
1260342682616057863
1260342727675465735
1260342762957930496
1260342954696245248
1260343271483756544
1260343322008313858
1260343357827682305
1260343432658276359
1260343848053719047
1260343885496279040
1260344002173374466
1260344049124413441
1260344270080421888
1260344463160901639
1260344497923403784
1260344716874461194
1260344991156703232
1260345139052122119
1260345248905117696
1260345428320546816
1260345643861753864
1260345659795914752
1260345700673519617
1260345827240837120
1260345830898270213
1260345935760154625
1260345963325075456
1260345975706697728
1260346081478619138
1260346389445435395
1260346425755471876
1260346453463117824
1260346467228831744
1260346542487207937
1260346762188992513
1260346842816155651
1260346931655696386
1260347183804698625
1260347223805693952
1260347654690738176
1260347715227127808
1260347748102148097
1260347836224413696
1260347968743518211
1260348211480399885
1260348529911959553
1260348568528998406
1260349249432190980
1260349282458243074
1260349332500422656
1260349354600271875
1260349369095786499
1260349574004330502
1260349667134619649
1260349702404550658
1260349937348313088
1260350006571290626
1260350043376123904
1260350053841022976
1260350084711157760
1260350089614278656
1260350117657313288
1260350513259872257
1260350725294620674
1260350771792621574
1260351046695751680
1260351094523408390
1260351234919333888
1260351674494980098
1260352002174976000
1260352977904287745
1260353978136768515
1260354285788966916
1260354967040385029
1260355359245578242
1260355441823035400
1260355475968798722
1260355515613315072
1260355536366841857
1260355597603659777
1260355740767866885
1260356117051461634
1260356330755219456
1260356419594919936
1260356630924808193
1260356638843731978
1260356738370371584
1260356792351166469
1260357499900891137
1260357650774142976
1260357974146650122
1260358790551126024
1260358854459756556
1260358869148209154
1260358916103438336
1260359608264265729
1260360224696864769
1260360667523092480
1260361466093461505
1260361583009640448
1260361804473122817
1260361860546793472
1260361958920007683
1260363078979461121
1260363130825302022
1260363477094404097
1260363930171514880
1260364048190910464
1260364290747441155
1260364363438882819
1260364510889680897
1260364959617253376
1260366093618561024
1260366141395996677
1260366223944056833
1260366284715438086
1260366820982304769
1260367034480824321
1260367553966284803
1260367672757362688
1260367688355975168
1260368391929335810
1260368760864739339
1260370499147902976
1260370629703991296
1260371501154533376
1260371692100161536
1260371692863569921
1260371841035784200
1260372612095623175
1260374566335139842
1260374956522831875
1260375424162582528
1260375764945506305
1260375797803683840
1260376671762481153
1260376901425790976
1260376987098628096
1260377837980340225
1260378353665822728
1260378647346712578
1260379376803287044
1260381096174370817
1260382815570538496
1260384688193056768
1260385165156679680
1260386518188863488
1260389238857707520
1260389573957468160
1260391982234509313
1260392451115757575
1260392526923608075
1260393439507726336
1260393826008674304
1260393890647019523
1260394053658718208
1260394556727660549
1260394594275131398
1260394777050308609
1260395198439399425
1260396316263428096
1260396765922168832
1260396775678115845
1260397508284551170
1260397923143086080
1260398770174472193
1260399337651265536
1260400450786000897
1260400923563737088
1260401586767093771
1260401607117701120
1260403108150161409
1260404531248185344
1260405571523678209
1260405770623037440
1260406729625473024
1260408388103614464
1260409007761764418
1260409099474423808
1260409158953766912
1260409219410518016
1260409264490852360
1260409999420948482
1260410045596086273
1260410360416350209
1260410546035326976
1260410770850033671
1260411119358926849
1260412031435497475
1260412073995055104
1260413030199943170
1260413800102199303
1260415149917253633
1260415593313980417
1260416169326059520
1260416512353017859
1260416643844517888
1260416979581784069
1260417635675779072
1260417701060775944
1260417811740049409
1260418190909280258
1260418402503610370
1260418445516120064
1260418489984200706
1260418529481887744
1260418741969584128
1260419437393514497
1260419695418671106
1260420277944619010
1260421833301659650
1260423355620040706
1260423528005931011
1260424255503826947
1260426817262977025
1260427036549681155
1260427559235457024
1260428231318155271
1260429276010217473
1260429289977270282
1260430702937616384
1260430708411117569
1260430899285540864
1260430974028054529
1260431323468050435
1260432385868533762
1260432543121387521
1260432555779768325
1260432754602319874
1260432810671816706
1260432827054788608
1260433177472118792
1260433189065146369
1260433203636187138
1260433283491512322
1260433300251971585
1260433300662910976
1260433677315645445
1260434685169209346
1260434731335856133
1260435085775581185
1260435748395921408
1260436145709686784
1260436307320483840
1260437243057094657
1260437301110484997
1260437342575366144
1260437784646598657
1260437974371704835
1260437981132922880
1260439557646028802
1260439642282905601
1260442648885760000
1260445338571325443
1260445781548507138
1260446012465983489
1260446887536189440
1260447088913063936
1260448790126919681
1260449122320093190
1260449261466107904
1260449426834886656
1260450731775201283
1260450844572561413
1260450877317492736
1260450890294734853
1260450916005810181
1260450989171257345
1260451603871604736
1260451695521390593
1260451889071751169
1260451975801470979
1260454197515952134
1260454925185753089
1260455424635084802
1260455439894020096
1260455453546479616
1260455470885736452
1260455499331522563
1260455550149636096
1260455578620645377
1260455597432078336
1260455610774171648
1260455623755550730
1260455642906726406
1260455658752704513
1260455674850545672
1260456019890786305
1260456556015112196
1260456671370936323
1260456720658313216
1260456824245030913
1260457330736541696
1260457384155271179
1260457442154024961
1260457774426849280
1260458213876645891
1260459261987098625
1260459417369280513
1260459553377914880
1260459785742364672
1260460280657645569
1260461001054527490
1260461315694440451
1260461335457955841
1260461399844798464
1260461739730186244
1260461941291651073
1260462187220553730
1260464199899193345
1260464464064843781
1260464470813442048
1260464498420469760
1260466220295487492
1260466943078924293
1260467488288124929
1260467539722862592
1260468013532405760
1260468597824110600
1260469870631714816
1260470360501358594
1260470378838843392
1260472814324330497
1260474126369796096
1260474264840527872
1260474680659542016
1260474763140571147
1260474783013261313
1260475255807713281
1260475265861464064
1260475943090618368
1260476436613390337
1260476445404672001
1260478080562446344
1260478389300887552
1260478655878311938
1260479047873806340
1260479732317028358
1260480248313008133
1260480886748872704
1260481113669210117
1260482650638364674
1260482852728307712
1260488272154935299
1260489270025912322
1260490076099940355
1260490417038143490
1260491199003197441
1260492729785745409
1260494125155172352
1260494790615064576
1260494805748121603
1260498980871516161
1260500073592520714
1260502851308134401
1260503480873234433
1260503921052848130
1260504086308368389
1260504654648979456
1260505794489061376
1260507015161565185
1260507028671299585
1260507302282563586
1260507427826475011
1260507441059561472
1260507529584480258
1260508023656714240
1260508057714466816
1260508159338262528
1260508180045586433
1260508268499173377
1260508284286636032
1260510949636743169
1260512023840018434
1260513613493739521
1260514656881434624
1260514920862486528
1260515559160057859
1260517024918310912
1260517838504280064
1260519752734212096
1260520284030992384
1260521451427414018
1260522681553891330
1260522957442605056
1260525997629353985
1260526937564381185
1260528901757054976
1260530250041176066
1260531519162023936
1260532678056710145
1260532996660215809
1260533069888569345
1260533773206159363
1260536396793753601
1260537652308213760
1260538261619060738
1260538364949925889
1260538812675117059
1260543998982316032
1260546150232449025
1260547068915068928
1260547513272217601
1260548337029320704
1260548471301582848
1260550842819784706
1260551255816011776
1260551766564843520
1260551931719823365
1260555388723789824
1260558153076355073
1260559497136943106
1260564012791726081
1260565590823129088
1260567483834081280
1260570871770624004
1260572121631272963
1260574402451832835
1260576218358972421
1260577582992560132
1260584290984787975
1260585668117499912
1260587765642727424
1260593309711568898
1260595112716926977
1260595113790705668
1260595625554567168
1260595721406906371
1260596181853515777
1260600038855712768
1260600133579935749
1260610127645806598
1260611719812046855
1260611862971940868
1260612242942369792
1260617765418926089
1260619352929378304
1260622195228839937
1260624529312841729
1260629498070028288
1260633191095902209
1260638814034448385
1260638889703858177
1260639149150867456
1260639459818733570
1260639653746675716
1260639744427544576
1260640054227197955
1260640136636891137
1260640697016823809
1260641296991084545
1260641718233374720
1260646743714066433
1260647309550870529
1260651434682355713
1260651741189562371
1260651902645071872
1260651941484310528
1260652713756393472
1260653774537777152
1260654207020883969
1260656047334678528
1260656428575895553
1260663446456209409
1260663962779164673
1260666210359955458
1260670610872717316
1260676589043568646
1260682405469474824
1260682468367183872
1260683696723628034
1260683836452745217
1260693955907334144
1260695503467134977
1260698156712497154
1260698450955567105
1260699360385470464
1260699513217601541
1260702877024165889
1260706917665648640
1260715677066891264
1260724801863323655
1260727527330504708
1260728080680828928
1260753038563774464
1260759236478369792
1260771461293379586
1260780330803433473
1260787862787821571
1260793726248652806
1260798396065107970
1260814074218250240
1260816182933938177
1260831148592312320
1260839788426530816
1260853330831650816
1260853385391153152
1260853932739506176
1260861656650874880
1260873552305233920
1260874022105100288
1260874392910913538
1260874447956959235
1260874674612908032
1260875400303042561
1260889340428857349
1260892894040375297
1260900485789335558
1260911369580433408
1260920840318709760
1260962657567465472
1260969715213774849
1260970022886879240
1260970523741356033
1260970911223644162
1260970965300850694
1260970981394432000
1260974315715035139
1260977394929807360
1260978018740244480
1260983545411108866
1260986173729714183
1260989133444579331
1261018394880552962
1261018641799266307
1261021817461968903
1261040338967412741
1261059004761026562
1261061194510712842
1261069117957816331
1261079730935169025
1261085392557740036
1261095766090674177
1261099679753949184
1261121769118842885
1261129631777914881
1261153127429963776
1261186384766873600
1261187685223448576
1261248942035144706
1261251264987435009
1261275912458383361
1261295345323126784
1261297634112872448
1261407961982910469
1261436530729512962
1261725869074251781
1261736550003625984
1261776901045190658
1261816904664186882
1261908850065788933
1261947069985669121
1261960624055222274
1262406753968414722
1262408949678182404
1262424597435219969
1262509627129896965
1262590070298677256
1262593902940471298
1262642152108101634
1262661851600609282
1262687648017195008
1262759891401203714
1263060710621356032
1263676079396605953
1265064344435462150
1265087439753875456
1265443722965200896
1266646933482999811
1267380231956049920
1268082825749770240
1269304660231368704
1270306079432421377
1271720352893280263
1272220481333211138
