id
1264711933741207552
1264715081486675968
1264721727642390529
1264724128394870785
1264731231465455617
1264732869462831104
1264736526132543495
1264741376211763201
1264742514248101888
1264742779101384709
1264745000631521281
1264746231009591297
1264748488753131521
1264750484914532352
1264752949336530944
1264754247633178629
1264756266657816576
1264756755931770881
1264760653060988929
1264763666278334464
1264764882307682318
1264765660376076289
1264767265855148034
1264768549819645953
1264768643512127494
1264769077672923137
1264769833842937856
1264770592940621824
1264770727330398208
1264770870230126593
1264771031715196928
1264772055410638849
1264774333328580608
1264774397879095296
1264774505735622659
1264774676842196994
1264775003888852994
1264775205790105617
1264776756902461441
1264777131248234497
1264778704032497665
1264778771728646144
1264779608429379584
1264781070177878016
1264781212498964484
1264781961115185153
1264783250938978304
1264783252717318144
1264783367482073089
1264783575746064392
1264784469296283650
1264784650758754305
1264786176604606464
1264786993055240192
1264787558459990016
1264789678026362882
1264790838443479043
1264791023122866176
1264791059164528641
1264792787481845761
1264792891349753857
1264793062208729088
1264793891510685701
1264794546744983552
1264794650629545985
1264795156202639367
1264795206425206785
1264795571811991552
1264795624169517056
1264796350945923072
1264796776378388481
1264797270626754563
1264797423190278149
1264797502638882817
1264797685091127296
1264798168312508417
1264798351725232128
1264801412472541184
1264801547969605632
1264801971090993153
1264801973909495809
1264802039508369408
1264802289082142729
1264802299228098561
1264802653344800768
1264803020367441927
1264803024574259200
1264804157808013313
1264804632775327744
1264805737215275009
1264806025359745024
1264808580705902594
1264808774159777793
1264809749041893376
1264809770457989121
1264809901076942849
1264809996769886208
1264810123668664320
1264810160834387968
1264810256137412608
1264810660153700352
1264810705343131649
1264810749890879489
1264811532111749120
1264811956042698752
1264811998631641088
1264812118358011904
1264812267188768768
1264812610056269826
1264812881188618240
1264814555085111296
1264814669040099329
1264815182624296962
1264815198990368769
1264816054989058049
1264816963123060736
1264817822074535937
1264818207086518275
1264818483453407232
1264818720360316928
1264818856528359425
1264819909458100226
1264820017104859138
1264820025225097217
1264820165394513921
1264820383557042176
1264820430663278593
1264820557616308226
1264820824856580098
1264821156202364934
1264821336691671040
1264822485171810304
1264823709967187970
1264824272113016832
1264825869341790209
1264826210837835776
1264826520293584896
1264826866877300738
1264827631142408194
1264827950551240709
1264828295255855105
1264828402441375746
1264828742138056705
1264829052696829952
1264829287514943489
1264830110294827009
1264831291490516992
1264831458130223104
1264831670668197889
1264831749101666308
1264831828629901314
1264832056770658311
1264832525450559488
1264832932885250052
1264833039324123137
1264833467134722049
1264833782407970818
1264833866365374464
1264833971264913408
1264834057734586370
1264834405769654273
1264836232372240390
1264837228791988225
1264837345846665216
1264837925340090369
1264838037697187840
1264838046618353664
1264838221273468930
1264838506309967873
1264839303382863875
1264839603770531840
1264839681134465024
1264839831420579840
1264839912232271872
1264839975998291969
1264839982948265990
1264840466064969733
1264840568779259904
1264840827244863489
1264840945805275137
1264841055389843456
1264841161388277760
1264841491614257152
1264841779913818112
1264842028275380224
1264842050429730816
1264842052703051777
1264842243120271362
1264842618913075200
1264842698244198400
1264843297115246594
1264843437016264706
1264843556990189568
1264843608382980096
1264843828357484545
1264843914290184193
1264844890636156929
1264845086539632647
1264845163693817856
1264845207192862720
1264845362407387138
1264846021106024454
1264846067230785536
1264846069512486913
1264846078429593600
1264846394076037120
1264847014891847681
1264847333407277061
1264847337509343233
1264847725251702785
1264847909641768961
1264848274470637568
1264848317923590145
1264848719306010627
1264848906632007686
1264849406928523264
1264849955061104640
1264850294569123840
1264850297832247297
1264850449129185280
1264850604809125889
1264850786258911232
1264851637602041856
1264851893949542407
1264852677487460352
1264852818046967809
1264853007168155648
1264853127368445952
1264853399553617938
1264853493703204864
1264853529891688448
1264853613601488897
1264853823316779008
1264853897908232192
1264853950517383168
1264854581223272450
1264854657710592001
1264855048720461825
1264855331370348544
1264855887673524224
1264856407465005057
1264856446887493632
1264856802291834882
1264858190056914944
1264858936282415104
1264859156399489025
1264859162766462977
1264859448692084736
1264859664065482753
1264860288987418631
1264860350517780481
1264860975628517376
1264861171401789440
1264861345373134851
1264861385978249216
1264861501204172800
1264862421275029505
1264862447812345856
1264862605564432386
1264862664280272897
1264862844518051840
1264862952450142209
1264863117198098433
1264864033326239745
1264864513788121088
1264864596034289665
1264864753643589632
1264866013679685634
1264866018754732032
1264866458321944576
1264866859813347328
1264867477986643968
1264867933903339521
1264868446002647042
1264869096077885442
1264869104340611072
1264869207658856448
1264869352089755648
1264869400043290625
1264869581727903744
1264869590082912262
1264870122965078016
1264870146381877249
1264870175784022017
1264870197636354049
1264870751284400128
1264871110484639745
1264871342542897152
1264871349769637891
1264871670684069888
1264871866382123008
1264872100915032065
1264872235522756611
1264872242934145025
1264872473939644418
1264872589672972289
1264872606668410882
1264872620597694464
1264872797207171074
1264872803863535616
1264872860348223495
1264872867562479617
1264872959912472576
1264873026522415105
1264873103970250752
1264873228834668545
1264873233905401856
1264873237575544832
1264873323416215552
1264873428764577792
1264873558733455361
1264873918013280256
1264873980760031233
1264874356389359616
1264874751929069573
1264874899467898883
1264875383318556673
1264875442659606531
1264875469104693249
1264875528714104832
1264875896294510592
1264876102255882240
1264876370481623040
1264876458712973312
1264876537028935681
1264876721620357122
1264876957222801414
1264876979469328384
1264876980303953928
1264877129969340417
1264877347213152256
1264877350841462784
1264877540755279873
1264877679632924673
1264877959623643136
1264878149512413184
1264878309051117575
1264878358984359943
1264878566069751809
1264878838770737158
1264878853077512194
1264879243164557313
1264879806870675457
1264879934734061568
1264879995236814848
1264880143656464385
1264880261759672320
1264880359608549376
1264880366491504642
1264880725398040583
1264880747141378049
1264881049395433474
1264881166819241985
1264881582835449856
1264881669359702016
1264881882484932608
1264882043302920192
1264882297972690944
1264882415216087040
1264882460468232192
1264882554236256256
1264882773732528132
1264883256119484416
1264883316995559424
1264884331660611585
1264884989059104768
1264885283914465281
1264885900619788288
1264886022745317378
1264886154123493376
1264886256636485632
1264886282100105216
1264886426270867457
1264886446265184256
1264886513453674496
1264886547884761090
1264886647998611462
1264886692168830976
1264886714344058880
1264887063805124610
1264887146239930368
1264887236572647424
1264887563145314306
1264887669001240576
1264887770843156480
1264888221114171394
1264888778252050440
1264889052123336704
1264889151696011265
1264889163918303232
1264889274266275841
1264889289093058560
1264889735144759298
1264889969367285762
1264889979769180160
1264890257553719296
1264890355658428417
1264890682642178048
1264890703202615299
1264890939748880384
1264891160889307136
1264891172218118144
1264891267047198721
1264891373519622145
1264891565086031873
1264891631901294594
1264892040522973186
1264892396342558721
1264892415917338629
1264892480950067200
1264892507403452416
1264892936896069638
1264893073345187842
1264893399536205824
1264893545195995138
1264893712171241478
1264893955616931840
1264894841206513666
1264894843769290753
1264894846478815232
1264894849112834048
1264894851822374912
1264894910462902273
1264895134744875009
1264895564904312832
1264895624111181824
1264896287390019588
1264896499537850372
1264896636217692163
1264896687874756608
1264896807206871040
1264896875188178944
1264896980431577090
1264897144080588805
1264897230097600514
1264897344367144965
1264897358829105152
1264897483710386176
1264897599678681088
1264897604829282304
1264897901257535488
1264898015732600832
1264898036708319232
1264898202341380097
1264898378334457857
1264898637383041025
1264898773693673473
1264898985468276737
1264899039012806658
1264899145254535168
1264899181791064064
1264899504349855746
1264899826388480001
1264899888829120513
1264899955443056641
1264900132253958145
1264900236809560064
1264900273874624513
1264900351997685760
1264900462555410433
1264900468041551876
1264900492456611841
1264900540187762688
1264901063930503169
1264901460602630144
1264901560850681856
1264901618052587522
1264901964531302401
1264902027529895937
1264902138251141121
1264902272498257921
1264902438546485249
1264902629911597057
1264902786698919937
1264902845654056960
1264902943402340352
1264902961983107073
1264903253625577474
1264903336232435719
1264903365580017665
1264903538704080898
1264903664138928129
1264903804396412928
1264904017370636289
1264904300985307136
1264904465448161280
1264904574265167872
1264904886803730432
1264905047554568192
1264905223518248961
1264905434923700224
1264905654919200768
1264905810146144256
1264905855885094915
1264905884708331522
1264905930510131206
1264906089256099840
1264906219917053954
1264906333654061062
1264906488482541568
1264906678434217985
1264906682582405120
1264906832625176578
1264907226722062339
1264907329742536705
1264907506914136065
1264907716444794882
1264907796748910592
1264908024227024896
1264908323259850753
1264908436908670977
1264908548808609792
1264908670208552964
1264908726017949698
1264908953328201728
1264909080528924672
1264910149220794368
1264910299540393984
1264910392259751936
1264910578579013633
1264910881919557633
1264910963968532482
1264910984591835136
1264911879023009792
1264912136788152321
1264912157436792833
1264912226944778242
1264912557187510272
1264912567849422848
1264912775761051649
1264913107450843136
1264913492009791488
1264913599266533376
1264913702354128898
1264913704245694464
1264913806431526915
1264913923305869312
1264914173487652868
1264914316718981120
1264914674124029953
1264914753069219846
1264915087027892226
1264915188278583297
1264915354456817666
1264915400279629830
1264915512234033154
1264915645818384384
1264915663094677507
1264915758037041153
1264915791604060160
1264915846029357056
1264916271323385856
1264916343024873476
1264916821494378496
1264916862204366857
1264917198918897665
1264917250571669505
1264917572979290113
1264917693293092864
1264917740017549312
1264917830962741248
1264917854643773440
1264918068855218177
1264918178125185024
1264918221976678417
1264918230021349377
1264918282429136896
1264918385474887681
1264918441779236870
1264918518966992897
1264918737175617541
1264918800690020353
1264918994131267585
1264919138163712001
1264919198515544069
1264919337791623168
1264919558403567619
1264919631967510528
1264919797290209280
1264920173326327808
1264920187008176129
1264920212580728833
1264920244566589440
1264920270147633152
1264920279849095169
1264920473361625093
1264920661413199873
1264921051173093377
1264921311362646017
1264921346443743235
1264921386532945922
1264921473493458944
1264921657782788096
1264921697326596097
1264921823894011907
1264921830512615425
1264921908228829184
1264922050499686400
1264922207286894599
1264922223435022336
1264922355538722817
1264922419896213506
1264922422299504640
1264922487403548673
1264922717200973827
1264922785446531073
1264922914438221824
1264923068205596672
1264923317666033666
1264923421617635330
1264923591814123521
1264923797314043904
1264924169365577729
1264924287577853959
1264924295391830016
1264924687332782082
1264924781226450944
1264924847169253376
1264924880014921730
1264924888281858049
1264925381540360194
1264925587631747072
1264925883875430400
1264925945741414401
1264926001005543424
1264926125618335744
1264926253393547265
1264926254240858116
1264926298880737281
1264926345710178305
1264926483144900611
1264926504418492416
1264926745133793288
1264926941053935616
1264927000084582400
1264927109551665155
1264927615179161600
1264927630253588481
1264927671890444294
1264927677758287874
1264927860290134017
1264928011775770625
1264928036308344832
1264928346280005634
1264928518737022977
1264928786786762752
1264929248642506754
1264929267022024704
1264929293114753031
1264929332465729536
1264929445019897857
1264929826911248384
1264929827976630272
1264930116049797120
1264930534087688196
1264930546293096448
1264930547043840002
1264930640853639174
1264930766858977291
1264930767064444928
1264930829937061890
1264930977241092097
1264931107411300353
1264931441777000449
1264932374003015681
1264932395012235265
1264933009171656706
1264933781741412353
1264934020481196032
1264934236232060930
1264934602566754313
1264934805315166209
1264935003080835072
1264935145079025665
1264935216210206724
1264935219204886528
1264935239064997889
1264935245440319489
1264935305884381186
1264935459660193792
1264935637469323264
1264936011672555521
1264936085043515392
1264936155075788800
1264936224663515137
1264936460865716224
1264936692928188416
1264936798914072576
1264936803074801669
1264936877544611841
1264936976261828608
1264936996247568385
1264937056138125319
1264937186488614913
1264937353719746560
1264937434317557763
1264937449840574464
1264937589729103876
1264937818104778755
1264938247777648640
1264938382658015233
1264938411804278784
1264938591584768003
1264938839069593602
1264939011845632001
1264939127084122113
1264939151851425792
1264939261456941056
1264939333418704896
1264939664680660997
1264939850031157248
1264939914124296194
1264939929622253571
1264940195901833222
1264940354836533250
1264940371299139584
1264940389968089088
1264940390651748352
1264940507437969409
1264940770924118017
1264940807599071232
1264941044371611649
1264941206888419334
1264941227511877632
1264941231194419205
1264941238735822849
1264941508979036160
1264941737363021824
1264941738579374082
1264941848549896193
1264942011813150720
1264942306114887680
1264942381310390274
1264942449488736262
1264942458133241856
1264942553025167360
1264942600194273283
1264943177057865728
1264943371556093952
1264943668135374852
1264943796229472256
1264944323721904128
1264944337957388288
1264944539258806280
1264944753025712130
1264944753117810688
1264944763599556610
1264944904800698368
1264945160942694401
1264945355977895936
1264945364601384960
1264945403520331778
1264945531148697600
1264945681233522688
1264945693778759681
1264945722413199360
1264945817653313537
1264946274341654529
1264946276531163138
1264946340825620480
1264946472258281474
1264946589342347268
1264946905605443584
1264946993408999425
1264947035112902656
1264947148178829312
1264947273773002753
1264947489255424000
1264947570964643840
1264947590027792390
1264947695850074114
1264947711498911744
1264947788447657990
1264947902004310017
1264947919851008001
1264947974997770242
1264948329089323013
1264948342594965505
1264948356117397505
1264948380414943238
1264948428238393345
1264948559465586688
1264948614184435712
1264948945979146240
1264949279774433280
1264949609517940736
1264949754431254528
1264949804020502528
1264950173781962752
1264950426983706626
1264950759017394176
1264951019018035204
1264951368890159105
1264951391799447553
1264951729633755141
1264952237354373120
1264952413364109317
1264952816713576448
1264952852411297798
1264952895197380610
1264953151226028033
1264953237041491970
1264953237439995913
1264953609336258560
1264954363275083777
1264954854180564998
1264955026478444548
1264955416477347845
1264955706039558144
1264957041325547520
1264957476945965057
1264957495547703296
1264957684392083458
1264957690138243074
1264957747717701637
1264957883394994176
1264958240573534210
1264958572829564930
1264958609504509953
1264958769869529089
1264958809677717506
1264958809975513088
1264958870709055490
1264958920570912773
1264958999365066753
1264959618859622402
1264959663809998849
1264959751361789954
1264959774187237376
1264960411625050112
1264960431703146496
1264960458072764417
1264960489664032768
1264960525525344258
1264960541543534598
1264960662138228740
1264960670287757313
1264960744518553605
1264960886478909440
1264961158886428674
1264961201655726081
1264961217728217089
1264961223440859136
1264961319217881095
1264961433764274176
1264961572037943297
1264961594133544966
1264961637162913795
1264961718146523136
1264961731203301376
1264961755870040064
1264961884547096576
1264962040315236357
1264962124876525572
1264962211543425025
1264962264651771905
1264962421485166594
1264962427885621252
1264962470378168321
1264963105194467328
1264963490298683393
1264963630589784065
1264963791319642115
1264963844562092037
1264964036875165698
1264964170652495873
1264964203003117569
1264964653014061066
1264964697658396672
1264964751655940104
1264964946280034309
1264965268650045441
1264965422761140224
1264965505816854530
1264965558920978433
1264966083326423041
1264966235881701376
1264966366915936257
1264966495400087552
1264966528279117824
1264967045910794240
1264967325813477376
1264967362270375936
1264967501424836608
1264967841293492233
1264968109867311104
1264968126661345281
1264968131501600769
1264968190729355264
1264968327782436864
1264968349336952835
1264968693089476615
1264968829203070976
1264969018609369094
1264969120736575488
1264969133277491202
1264969151606644737
1264969215578198017
1264969927900958720
1264969984796700675
1264970129193959428
1264970698013003777
1264970816762130432
1264970838064934912
1264970904376717312
1264971345823010817
1264971532050108420
1264971596722081793
1264971672014262275
1264971995957035008
1264972047890944001
1264972061233029121
1264972233052733446
1264973272480985089
1264973421869498370
1264973796295020544
1264973949013839873
1264974053204508672
1264974066827628544
1264974277209661450
1264974363994062857
1264974603467788288
1264974803909345288
1264975590337261568
1264975808134864899
1264975909431508998
1264976012296798208
1264976104474976258
1264976314806738947
1264976608949084160
1264976683733483523
1264976833478524933
1264976936071319553
1264977215248371712
1264978005723615234
1264978311727513603
1264978353158860809
1264978511850287104
1264978873135124482
1264979338467913728
1264979498497343488
1264979663627132935
1264979699555610624
1264979882116874240
1264980246790574081
1264981192601976832
1264981630541869065
1264981766416318465
1264981821013573633
1264982083144953856
1264982650365849601
1264982775196790787
1264983184179171329
1264983494817701895
1264983663160279042
1264984023123800066
1264984044170854400
1264984062256652289
1264984076328611841
1264984361021120513
1264984596262903809
1264984663866687488
1264984916892291073
1264984918628671495
1264984989470535681
1264985101399662597
1264985121872056322
1264985472297811969
1264985844026310662
1264986298504404992
1264986684640428032
1264986847190581248
1264986887212711936
1264987026790797314
1264987220412452866
1264987300099997698
1264987312188002304
1264987394350166017
1264987733316993025
1264987902016176128
1264988175396724738
1264988345568018432
1264988541823660032
1264988834649051137
1264988872427155456
1264988903452352514
1264988948541181952
1264989177365573632
1264989330411487237
1264989557407309829
1264989760260538369
1264989870121943042
1264990057330548736
1264990332934029318
1264990579823456256
1264990981264474114
1264991165868396544
1264991376174972930
1264991416058552321
1264991435025252357
1264991494886359043
1264991560749453312
1264991665204404227
1264991841969229826
1264991957174157313
1264991982100848640
1264992111725813760
1264992149151657985
1264992225987002370
1264992379976716288
1264992427938590720
1264992450491428864
1264992681975001088
1264992739332104193
1264992820324171777
1264993004311515137
1264993009378222080
1264993296331440130
1264993354355478528
1264993430075310081
1264993506474541056
1264993720694378496
1264993971958398979
1264994349877608448
1264994425115156484
1264994544229195776
1264994612751536128
1264994712609529857
1264994762400190468
1264994813113446400
1264994870546051072
1264995272075153409
1264995432637304832
1264995524450619393
1264995562018963461
1264995790218571776
1264995834015481857
1264996301760016389
1264996638352949249
1264997532175826948
1264998068317048833
1264998147585126401
1264998274886438920
1264998441526218756
1264998509956206592
1264998654416429063
1264998817981706240
1264998955978575872
1264999437149093888
1264999443679584261
1264999466676953091
1264999586592108546
1264999722881896448
1264999856558481419
1265000070816112641
1265000314597408780
1265000376085946369
1265000577949466625
1265000759852179459
1265001289404030981
1265001357553143809
1265001569025699840
1265001826795114496
1265001957196005377
1265002000565100544
1265002051454619648
1265002240781271041
1265002254286966786
1265002368753696768
1265002468439711745
1265002544406958080
1265002872816766976
1265002893314347009
1265002993398792195
1265003250895503360
1265003370525478913
1265003582916628480
1265003631356579840
1265004090251190272
1265004826259308545
1265005014378000389
1265005273187594242
1265005642634403850
1265005710498320384
1265005962957434882
1265006077512474626
1265006128502419459
1265006673325961225
1265007125358657536
1265007275539824641
1265007532008972289
1265007990001864705
1265008057148420097
1265008402889084933
1265008536293117961
1265008988011352068
1265009001135312897
1265009340337008647
1265009405956931584
1265009492380483584
1265009745523609605
1265009940294483975
1265010891340333057
1265011154096656385
1265011249026342913
1265012100533047307
1265012295366778880
1265012439734792193
1265012520156303360
1265012761664327680
1265013340407021568
1265013400628846594
1265013439199617025
1265013520787296256
1265013923553689601
1265013940599296001
1265013947041710081
1265014417852375043
1265014747923132416
1265015237977268230
1265015303823593475
1265015313520824324
1265015330419757056
1265015363990884359
1265015436544020480
1265015519146622978
1265016041584955398
1265016076418592769
1265016109184532484
1265016369231388673
1265016956534611971
1265017555233787904
1265017971451195392
1265018042133762050
1265018306760790016
1265018438004719617
1265019018018250755
1265019315738357763
1265019425402519553
1265019437071073280
1265020386015686657
1265021169360666630
1265021736422125568
1265022480156110848
1265022511386943489
1265023162259038208
1265023291850477568
1265023966479073281
1265024306247094272
1265025587338457089
1265025746885586948
1265026670135828486
1265026722078081031
1265026813476175872
1265027188400807936
1265027247938908160
1265027645248434176
1265027654031421440
1265027808700628992
1265028125127254017
1265028509128425473
1265028885458100233
1265029363755606017
1265029419686600704
1265029917726650369
1265030964994101249
1265031505446928387
1265031671730094080
1265033331755962368
1265035528640106512
1265036576314273793
1265036703590465536
1265036884184633344
1265037179761369089
1265038573847314433
1265039343829372929
1265041964535177216
1265042450051141635
1265042471458914307
1265043121852874754
1265044089814298624
1265044524268752896
1265045704696881153
1265045996842745857
1265046351055917057
1265048269652197377
1265051099624603648
1265051502672044042
1265051689524047881
1265051918218530816
1265052370544799746
1265053821019074561
1265053931639619586
1265055572501639175
1265058055156371458
1265058257632141312
1265058513425969153
1265058559345283072
1265060146381836293
1265060736331628544
1265060888068964352
1265060996588208128
1265061478924681217
1265062482164449280
1265064820161884160
1265065288963362817
1265065524553285635
1265067131407945728
1265067315290398730
1265068480996532224
1265068844516663302
1265069170179346433
1265069206481047553
1265069458613243904
1265069929059016704
1265069974193913857
1265070049523634176
1265073590195666950
1265073602304577540
1265074425759764480
1265075918395052034
1265076036288557056
1265076907894280196
1265077290561671170
1265077682699714577
1265078784971202562
1265078812355842048
1265079319958827008
1265079331333779457
1265080601482313729
1265082263634673670
1265083508764160005
1265085503138934787
1265085860296503297
1265087261332439040
1265088546232250369
1265088623822745600
1265091450007695366
1265092303363944449
1265092582159376384
1265093897119846401
1265094407038140421
1265097107259772929
1265097386336100353
1265097786242019329
1265098441551732737
1265099533077426177
1265100384651169793
1265100431761391617
1265100995090173952
1265101118842994690
1265101325680943109
1265105920004104192
1265106124384206848
1265108242817900544
1265108491217354754
1265108718401851397
1265109569916846081
1265109877661356032
1265110018363359233
1265110480911204354
1265110781944872961
1265111974830125058
1265112351130484736
1265112621071519744
1265113560822226952
1265114635918872576
1265116618700607488
1265117027846574081
1265122361679978498
1265123347106541571
1265125059321974784
1265125109427326976
1265125766666301440
1265126559494668290
1265127046591778816
1265127551359488000
1265128266995830784
1265128952391241728
1265129773732433922
1265130956278595584
1265131644970840065
1265132366265307138
1265134741608636417
1265134892834328576
1265135142194106370
1265137795846287360
1265138460693848065
1265138474237267968
1265139537023557640
1265140648539312128
1265140997908041733
1265141183447216129
1265141686809878528
1265142054633582593
1265143216451485698
1265145402661187585
1265145638154616833
1265146431268143110
1265149913194737664
1265152086737653761
1265153319607074821
1265153671379238916
1265153773007233024
1265156421613760512
1265156598688866309
1265156627029725187
1265156739248214016
1265160431016050689
1265161837802409985
1265162062738620416
1265165110663929857
1265165163679932416
1265165214523305984
1265165269011480577
1265166258779107328
1265170150250164226
1265172454458241025
1265172986082070528
1265173349614968832
1265173377536462849
1265176523671289856
1265177508577775616
1265177664731729920
1265177833124564993
1265178272566063105
1265178757846966272
1265183812042010625
1265185856635240448
1265188607779917825
1265188642932342785
1265188923267059714
1265189575594565633
1265190547565805568
1265190582231728128
1265191055860936711
1265192240235843585
1265192572982624257
1265192825483857925
1265193875863412736
1265199156190228483
1265199263384055808
1265200153562091521
1265200421049688064
1265200509310373888
1265202000012218369
1265206600240955393
1265212724188819456
1265213240625319938
1265214556613287936
1265215640249532417
1265216527403372546
1265217057659944960
1265218074564800513
1265218426030764033
1265218623762726912
1265218881464893445
1265219299204980741
1265219515874308096
1265219523084537856
1265219794745221120
1265220218877554689
1265223902315327488
1265228946909605888
1265229397117882368
1265232350708989952
1265233524874977281
1265234374502555648
1265234401178181640
1265234479343337472
1265235579052208130
1265237196417593344
1265237402848813056
1265238853495001089
1265239835947806722
1265253955870822400
1265258525758042112
1265258632419180544
1265258925236129792
1265270674702176256
1265271437679566848
1265272069694074880
1265278265364639746
1265280695842136064
1265281709895036928
1265285537595867136
1265286698377908225
1265286759492907009
1265287563503448064
1265290181432705025
1265298894939979778
1265301888481857540
1265302089477042177
1265309844959121408
1265311371190767616
1265313679953874947
1265316519334105089
1265332110480543744
1265334906919452680
1265337920963186690
1265343498741579779
1265348430311886848
1265351272049319942
1265367203186184197
1265384518141317127
1265385455954137088
1265385550833504256
1265385753279938560
1265385776310882306
1265385820095201284
1265443473072717829
1265453842969264128
1265473463365644289
1265483242427293698
1265492620157075456
1265524542073712645
1265557306072334336
1265557842884468738
1265557901076291584
1265558212545314816
1265560111373844480
1265592449709346817
1265593012731731968
1265610809041981441
1265686603764129792
1265739835236446208
1265747024055541760
1265942850489004033
1265953343215722497
1266039267131867139
1266262293043503105
1266383434064281600
1266756460123308032
1266788490416730112
1266867259194191872
1267163352389816320
1267163368017874945
1267163475513683968
1267416380296646657
1267453253425512449
1268211767978713089
1268673033855696896
1268674477417803776
1269653575669514242
1269915732562841600
1271070423397130240
1273733434452647938
