id
1259272798461140999
1259273539414261760
1259273604895854597
1259273735678373897
1259276856123101184
1259277663618961409
1259278893485350912
1259279745012969473
1259280381670555654
1259280640312315905
1259280951529570304
1259281561385611265
1259281831951765505
1259282240049160193
1259282388426899456
1259282932226760717
1259283376365801478
1259287038039187456
1259287825960316928
1259288438211256324
1259290109691731970
1259293678587215872
1259294466160066561
1259297329628282885
1259298485368524800
1259301743436935168
1259303654651297793
1259304313454805001
1259306771358851072
1259306963789393921
1259307356564922369
1259307366086062080
1259307526539087874
1259308868959703046
1259309164402278402
1259312953641369600
1259313010293772292
1259313130561208320
1259313216188014594
1259313315626565634
1259313524758712321
1259313547177320448
1259316695929368578
1259318208915521540
1259320838756720640
1259322762784649221
1259325064794779649
1259325302024687619
1259325453032198150
1259326221281787904
1259326589965402112
1259329395640197122
1259330129937010690
1259330190578237442
1259331817674506245
1259331847122817025
1259332276531462144
1259332585718759427
1259333411199729671
1259334722347511814
1259335160476110849
1259335178377445378
1259336433913024513
1259336655862972423
1259336687727120385
1259338041992384512
1259338843087679490
1259339493586468866
1259340190793031681
1259341793356910593
1259341894737371138
1259342590840844289
1259343176705466368
1259343253880610823
1259343528733310979
1259343705007407107
1259343765631795201
1259344240708063233
1259344393846378496
1259344883761979394
1259345440358760457
1259346830300778496
1259347117363146752
1259348043259957254
1259348430477983744
1259348450380038147
1259349443855425536
1259349996161380353
1259350091019833345
1259351274987929602
1259351844473778177
1259352082408263680
1259352409136148480
1259352989128708097
1259353781747187712
1259353799090753538
1259353862974124033
1259353945895571456
1259354308799315968
1259354346094985221
1259354377078345730
1259355572559843328
1259355736431308800
1259356028086386693
1259356735925616640
1259356807614652416
1259356938762158081
1259358064290996224
1259358199305646080
1259359087696982016
1259359844823334912
1259359859440594946
1259360526930530304
1259360904287748097
1259361022697234432
1259361387236806656
1259361650861318151
1259361734965460992
1259361785360023552
1259362203226050561
1259362392175230977
1259362534018158598
1259362702058643456
1259363484455895040
1259363572624359426
1259363756104134661
1259363934244671489
1259364125190258689
1259364308271710217
1259364475070828544
1259364850653945856
1259365146432061441
1259365372614017024
1259365913327022081
1259365973750054913
1259366269574316032
1259366855032147968
1259366944786067456
1259367334583681024
1259367982880436226
1259368671828414464
1259369485997420544
1259369616612241408
1259369974105346049
1259370060675796992
1259370082305638401
1259370273020706816
1259370497432838149
1259371340441751557
1259372814626426880
1259373176443867137
1259373268458487810
1259373550202507264
1259373827680866305
1259373836304293892
1259373916948238336
1259373928339865601
1259373970035539968
1259374108749574145
1259374191012438017
1259374374538354688
1259374795784765441
1259374835555319815
1259374992271302656
1259375043425062912
1259375056590983168
1259375106129870848
1259375174425677824
1259375441493864448
1259375493343780870
1259375673606635521
1259375678522363907
1259375823569780736
1259376065056776192
1259376223073026048
1259376225140776962
1259376227141529609
1259376258623864833
1259376281579290624
1259376354627391489
1259376888180609024
1259376892945346561
1259377102593437696
1259377631931305987
1259377633252564997
1259377774566965248
1259377790308298755
1259378017018748928
1259378279452233728
1259378283071918081
1259378466849525763
1259378530225459200
1259378763785273345
1259378847725883392
1259378955225911297
1259379426128736257
1259379533603627008
1259379981773406208
1259380016347066369
1259380116880318464
1259380169283981314
1259380171414667264
1259380173557977088
1259380310971764737
1259380321809809408
1259380963752189953
1259381030487683072
1259381055171289088
1259381303042093057
1259381406955786242
1259381424836145153
1259381662976299010
1259381682857263106
1259381864307056640
1259381869772189697
1259381975510548482
1259382003427946497
1259382093513179136
1259382136139890689
1259382394425159683
1259382583986720771
1259382884382781440
1259382974547742721
1259383031166644225
1259383258162266113
1259383368761970689
1259383421744406530
1259383437649117185
1259383450978652163
1259383454392868864
1259383469706280960
1259383485200052225
1259383748388433920
1259383919646040067
1259384032527351809
1259384189864075264
1259384376917360642
1259384476506996737
1259384502587142145
1259384524552708096
1259384584308916224
1259384774239621121
1259384851121278976
1259385003298795521
1259385077307490309
1259385202004176897
1259385243188027392
1259385395327848448
1259385589385900033
1259385628661174272
1259385731841175552
1259386068354437120
1259386293227851778
1259386394927120384
1259386675400257536
1259386722275799041
1259386790714191873
1259387043328786433
1259387210463313921
1259387301811060736
1259387366827012096
1259387431478067201
1259387496242253824
1259387553322536960
1259387554387894273
1259387852946800640
1259388067498115072
1259388138268635136
1259388913527001090
1259388933189906432
1259388985903845376
1259389602890219520
1259389991966425088
1259390033615818752
1259390051257122817
1259390146430066688
1259390398784561152
1259390775093321728
1259391154593939456
1259391311364440065
1259391594060410880
1259392404404211713
1259392687284850688
1259392732876861441
1259392772039213063
1259392866801135616
1259392967875473408
1259393005930283008
1259393215200989184
1259393677379743744
1259393989909737472
1259393989939208194
1259394022180827140
1259394048219111424
1259394181816094720
1259394311826915328
1259395013953425409
1259395023176687618
1259395072879210496
1259395093125107713
1259395144169787392
1259395228018126850
1259395237451096064
1259395380665626626
1259395690532241408
1259395715421306884
1259395801551429633
1259396096704593922
1259396296022032384
1259396524481695746
1259396600180477952
1259396642651942912
1259396974278856705
1259397724530761728
1259399022885974018
1259399022965485568
1259399030540550146
1259399209288994817
1259399519428661248
1259399548021149696
1259399806205689856
1259400058082115584
1259400339343769600
1259401085774696448
1259401146663407617
1259401357162881024
1259401419926323201
1259401622121308162
1259401949629341696
1259402368409653249
1259402407437623300
1259402756021985285
1259402919037853696
1259403138525782016
1259403715448012802
1259403732602757120
1259403734712541185
1259403753305837568
1259403838697672704
1259404177542909955
1259404417633341441
1259404490349961216
1259404681677352960
1259405036712493057
1259405054320222209
1259405634468040704
1259406174077714434
1259406852200247296
1259406903207251973
1259407833012989952
1259407907600433152
1259407966094209025
1259408034817867782
1259408234466676736
1259408315907559424
1259408553187717121
1259408594468057090
1259408692300128256
1259408759027388416
1259408823757963265
1259408886903255045
1259408921585950726
1259409837424852993
1259410002219012096
1259410156372267009
1259410868833484800
1259411026174521346
1259411428982824960
1259412220431290368
1259412477256876034
1259412583322435584
1259412592692531205
1259412601970331648
1259412655846100993
1259412795575209985
1259412849472016386
1259412864172879872
1259412946469478401
1259412978761379840
1259412996457140225
1259413271586713600
1259413356475224064
1259413557105606656
1259413674932002818
1259413721597779969
1259413971330883585
1259414018491645952
1259414169960550404
1259414811164774401
1259414903829520384
1259415009802797061
1259415446018818048
1259415503258468352
1259415860965408769
1259415864438292480
1259416639063363585
1259416675029602307
1259416735293345792
1259416813894619136
1259416851085438977
1259417136629534722
1259417508542664704
1259417676298018816
1259417709105811456
1259418206864904194
1259418523241242624
1259418662538293248
1259418675674779648
1259418710349090817
1259419004491399174
1259419165674397697
1259419197467222018
1259419231118131200
1259419247702421504
1259419679333941248
1259420346295431168
1259420475924545536
1259420648100843521
1259420665473572864
1259420699741032451
1259421054419841024
1259421071654047745
1259421380304650240
1259421455198101504
1259421607812087809
1259421918538727424
1259422059190530049
1259422130455875584
1259422513152606209
1259422639610900480
1259422775032365056
1259422847728058368
1259422932872224768
1259423015366021122
1259423053550739457
1259423171255644161
1259423172773978112
1259423302944161793
1259423933461389315
1259423959948427265
1259423962590785536
1259424105432047616
1259424193449467910
1259424198977617921
1259424364904230912
1259424884284948480
1259424983828369409
1259425274963333120
1259425388125728768
1259425508900642816
1259425608095981569
1259426200939909121
1259426367239852034
1259426520872955906
1259426840432820225
1259426904672743425
1259426932535549953
1259426948712972288
1259426967214010370
1259426972175908864
1259427020028641281
1259427144180150272
1259427165965344769
1259427183128346624
1259427193970659329
1259427279660126208
1259427280369127424
1259427345431252992
1259427368843841537
1259427493037125634
1259427559453925376
1259427618119704576
1259427639607136256
1259427642404753409
1259427659106353153
1259427886043463684
1259427904288698370
1259427985595252737
1259428074623586305
1259428151882547200
1259428518158622721
1259428654355972096
1259428715307716610
1259428743682146304
1259428801248968705
1259428849898729473
1259428852536938497
1259428994652549120
1259429036524285953
1259429066081538048
1259429214845050881
1259429263394189312
1259429312794681345
1259429410853224448
1259429588775702528
1259429739242180611
1259429875095666689
1259429904594210816
1259430066179751936
1259430140158894083
1259430169057669121
1259430226469310466
1259430291803963392
1259430511635828736
1259430514232082432
1259430574248378369
1259430620222144514
1259430629864857600
1259430645903867904
1259430705190371330
1259430761184342021
1259430798970818563
1259430964650029056
1259430988423270406
1259431686535811073
1259431700003721217
1259431908439732224
1259432231325569024
1259432258697560064
1259432425249259520
1259432660847517697
1259432678102835204
1259432951949012992
1259433168442134530
1259433268082085890
1259433313351208960
1259433402022924288
1259433548882288641
1259433554158718976
1259433627928203264
1259433640599093248
1259433700464492544
1259433808040001536
1259433821205905408
1259433865405480966
1259434005746892800
1259434116300316673
1259434352863252480
1259434381946564609
1259434748243574785
1259435149030277120
1259435294744629248
1259435306811621384
1259435595413192704
1259435976369344512
1259435990755741696
1259435993939300354
1259436000171962368
1259436016043274245
1259436057877250050
1259436095785361408
1259436352644329472
1259436419875065858
1259436503794622469
1259436767385616384
1259437024404275207
1259437045166018560
1259437132470464512
1259437139831521281
1259437145883885568
1259437157372047360
1259437186908389376
1259437245372628992
1259437820529324033
1259438029929803776
1259438429705830401
1259438580092375041
1259438844111249408
1259438851682111490
1259439083560017920
1259439133627486210
1259439171342647297
1259440341817712640
1259440784425865216
1259441040928526337
1259441050113830912
1259441331707002880
1259441379467505665
1259441687862153217
1259441976706990080
1259442037755125760
1259442077995237376
1259442162770591744
1259442175563177987
1259442214947696647
1259442531953266688
1259442647359459328
1259442660487593984
1259443063111335937
1259443889343266818
1259444085078855682
1259444153865441280
1259444207552512000
1259444305363701761
1259445094098391041
1259445441902632960
1259445512190726144
1259445716591751169
1259446118355787779
1259446197477085186
1259446273255620609
1259446449261154304
1259446619633786887
1259446741222506496
1259446764089815042
1259446792195899399
1259446866120499200
1259446882616647681
1259446910093602818
1259446992046096384
1259447070160797696
1259447087416193024
1259447118625943556
1259447128054796288
1259447131066241026
1259447169423224832
1259447244673224707
1259447261018415105
1259447382644842497
1259447531152474113
1259447671728857089
1259447751684829187
1259447753693974530
1259447797033697281
1259447899227914240
1259447909860413441
1259447997076832257
1259448158796394496
1259448247296417793
1259448442126041088
1259448954909057025
1259448963977162752
1259448964065234944
1259449005655896067
1259449167816073225
1259449250397724678
1259449266621333504
1259449289396367362
1259449297659183105
1259449354781249536
1259449378043035649
1259449491465347075
1259449552488275970
1259449583551287312
1259449609530888192
1259449636521152512
1259449656557395968
1259449931749904384
1259450044757016576
1259450079162793984
1259450084393091072
1259450124608118784
1259450500770140160
1259450513705316353
1259450612615438340
1259450624116174851
1259450739627352064
1259450746531205121
1259451062077005826
1259451160840343553
1259451180297699328
1259451196034756608
1259451435214872577
1259451468207345664
1259451514936008705
1259451538273165312
1259451722465832962
1259451789755154432
1259452295286263841
1259452364177715202
1259452486693335040
1259452685121658886
1259452685738217473
1259452803472338944
1259452874616115209
1259452903720394753
1259452977653469186
1259452988256661507
1259453057064210443
1259453224886710273
1259453259946885120
1259453673685561347
1259453723517964291
1259453769605091328
1259454072601665538
1259454119737282564
1259454448683941891
1259454484260048896
1259454735746314240
1259454853379772416
1259454994207686656
1259455469116145666
1259455476980383745
1259455575953420293
1259455581171015682
1259455655930482688
1259455720518569986
1259456228972998657
1259456316973748225
1259456509378953216
1259456558838185986
1259456684931547136
1259456755953778688
1259456837327286272
1259456894919467008
1259457114784890882
1259457244237910018
1259457422369964036
1259457948444753921
1259458070956183553
1259458130456559616
1259458261251694593
1259458501358862336
1259458524624584710
1259458735308668928
1259458737615638530
1259458742225166337
1259459091946065924
1259459342853644289
1259459403553615872
1259459570793095168
1259459716452884483
1259460427165118466
1259460570530689029
1259460996382568454
1259461253644378112
1259461323374710786
1259461334221152263
1259461439523340288
1259461739072172034
1259461775122223104
1259461852771336192
1259462010003230720
1259462442037530624
1259462639098396675
1259463195850182657
1259463291354722305
1259463354583846913
1259463432383930374
1259463546901073922
1259463652488470529
1259463788723605504
1259463879572123649
1259463933427138560
1259464024011485192
1259464590129336323
1259464607871229952
1259465022297772032
1259465082955804672
1259465099137429504
1259465116552216576
1259465187607920640
1259465252288303105
1259465599907958785
1259465619239514112
1259465697824067586
1259465727624581123
1259465972961902592
1259466124112146434
1259466243817553921
1259466574022479873
1259466585577832448
1259466602032115713
1259466620180840450
1259466650383982592
1259467171664707584
1259467379358289922
1259467433007611906
1259467457644773377
1259467492474392577
1259467806640390145
1259467966682464258
1259468058680332291
1259468231766454273
1259468314960683009
1259468323420614657
1259468368912027650
1259468549732646912
1259468656179851265
1259468763935760384
1259468775868555268
1259468799688036363
1259468921733894144
1259468922849505282
1259469030517280769
1259469216492773377
1259469668059885574
1259469729850363904
1259469743372808192
1259469788679745538
1259470401488457729
1259470407167619074
1259470548943482880
1259470724483502085
1259470860165013509
1259470971100114944
1259471114155196416
1259471164319113216
1259471255520055296
1259471269361266688
1259471348545449986
1259471451687657475
1259471461498212354
1259471788981080065
1259471805506564098
1259471847479029765
1259471848150097921
1259471971135262721
1259472062617395201
1259472068304756736
1259472156892835841
1259472232729980928
1259472255488122880
1259472287708913664
1259472299926917122
1259472416549613570
1259472418822860803
1259472439517601792
1259472474556690432
1259472497889685504
1259472528000659456
1259472549379018754
1259472563450843145
1259472578789416961
1259472590269296640
1259472741088059399
1259472996844163073
1259473304462688256
1259473319759396864
1259473536068005889
1259473588404596737
1259473705836650502
1259473812334301184
1259473842331942913
1259473867359297536
1259473915610619908
1259474020975751168
1259474038344253440
1259474393211813892
1259474548724060163
1259474615778398211
1259474627514023938
1259474647210483713
1259474674712481792
1259474840517521408
1259474888437501953
1259475328671588352
1259475333377601536
1259475780238749697
1259475824706834433
1259475978004434944
1259476318854492160
1259476419765297154
1259476499721306113
1259476553232195584
1259476629283364864
1259476703723819009
1259476968971665415
1259477040765558785
1259477104007282691
1259477127193407488
1259477183485132800
1259477312074121216
1259477312216674304
1259477387777015808
1259477540596527104
1259477636029579266
1259477676789829632
1259477810940391424
1259477971536162817
1259478032714280960
1259478493236269056
1259478506301505538
1259478516955000832
1259478707380592640
1259478784631345152
1259479595729944576
1259479626134536193
1259479706958774273
1259479800248512512
1259479825653301250
1259479844586500102
1259479851343532035
1259480346892042240
1259480975425273857
1259480986271862791
1259481338949898241
1259481432407314434
1259481506935902215
1259481536791031810
1259481594718552066
1259482290062852096
1259482471546183681
1259482876342665217
1259483010384179207
1259483221160611841
1259483333299302402
1259483517135785985
1259484048948441088
1259484562595418112
1259484615468822530
1259484800311853056
1259484899096104960
1259485040456675333
1259485436109602816
1259485497660973059
1259485541277544448
1259485692532592640
1259486081310953472
1259486264727875585
1259486588159045633
1259486848671416321
1259486918359879680
1259487154260099072
1259487248694861827
1259487349517414400
1259487567155781633
1259487603402964992
1259487636101750787
1259487721212514304
1259487778087321602
1259487957972652032
1259488018228002816
1259488723147816961
1259488727526789121
1259488976643198976
1259489226028179456
1259489371314688001
1259489389836734469
1259489454311571461
1259489511131709443
1259489528408084480
1259489677591162881
1259490122015428609
1259490428014952448
1259490461368176640
1259491125255188482
1259491331027722243
1259491363072159744
1259491656291758080
1259491659877888002
1259491789939060740
1259491920742670336
1259492017127731205
1259492153648123904
1259492155787284482
1259492170672807938
1259492221465886722
1259492235013427200
1259492432137379841
1259492465125572610
1259492509119627265
1259492604946927623
1259492792226713601
1259492796270030849
1259492838099881984
1259492913240772618
1259493027971817475
1259493078387359745
1259493129364873216
1259493175397437441
1259493185069481984
1259493187128889344
1259493336106311682
1259493467480305668
1259493652113559559
1259493656127574016
1259493706442383365
1259493726960959488
1259493876148166662
1259493962039123968
1259494300179738625
1259494313790234625
1259494315572654082
1259494692292399104
1259494945167212546
1259494998522892291
1259495038754537472
1259495099475677186
1259495161425465347
1259495305088765953
1259495579568259072
1259495596244848640
1259495727253852160
1259495822615592960
1259495923194957824
1259495937598251009
1259496149523804160
1259496208760033286
1259496220705394689
1259496231149146112
1259496246320017409
1259497238348419073
1259497662065278977
1259497664556806144
1259497673310298112
1259497718419947521
1259497834598092801
1259497871814078464
1259498030191063040
1259498251910250496
1259498427890581504
1259498504256397313
1259498528008699907
1259498645583470595
1259498703905329153
1259498742866198531
1259498808297357312
1259498845454708739
1259499050438713344
1259499088808116224
1259499131833405442
1259499200317972480
1259499266004996097
1259499329112412160
1259499354861244417
1259499588261732353
1259499629655273473
1259499821632798720
1259499887881748481
1259499962364301313
1259500365273235461
1259500556722331653
1259500569766526979
1259500766332665856
1259500776759713792
1259500959782371328
1259501255061364736
1259501393561497601
1259501621530288135
1259501773464784897
1259501810366189571
1259501838551920640
1259502175258054656
1259502346297630723
1259502354438782978
1259502495728107521
1259502541353648130
1259503015100375040
1259503028249468930
1259503263902121984
1259503581637545985
1259503716518039553
1259503858092474369
1259503980855640069
1259504217313685506
1259504231813390337
1259504259797667842
1259504311769403395
1259504350470250496
1259504523002986503
1259504563654217734
1259504727731175427
1259504730298073088
1259504754914459651
1259504860858384385
1259505197581324288
1259505206628421633
1259505234851790852
1259505261464731649
1259505261758251010
1259505500334567424
1259505602352549890
1259505978136903680
1259506053580042242
1259506054762725376
1259506141509402627
1259506192973475843
1259506351098732546
1259506502622208002
1259506645299798017
1259506806126252032
1259506819703222272
1259506822924419073
1259506848996220931
1259506860828364801
1259506872463364096
1259506939790270467
1259507031523934209
1259507082098851840
1259507146762399744
1259507150704934913
1259507193763827715
1259507421489307655
1259507451101052929
1259507480738041856
1259507519682154497
1259507629379989504
1259507657561571328
1259508055865253888
1259508122042818560
1259508233410150402
1259508907959074816
1259508920114204672
1259508931698851844
1259508954264207362
1259509194543300609
1259509443777171456
1259509569757249540
1259509645389037569
1259509657061728257
1259509672907849730
1259509684723220480
1259509743170789376
1259510084364914688
1259510497931599873
1259510526264172544
1259510637882900486
1259510826404380673
1259510867265294338
1259511075101433857
1259511080465899521
1259511292647309312
1259511316223528961
1259511432657473538
1259511522646200320
1259511705731825664
1259511775957004288
1259511876033134593
1259511923655270408
1259512059751956480
1259512086419341315
1259512205407588352
1259512213221642242
1259512361905504256
1259512464443494401
1259512583184400386
1259512765682790406
1259512791259590658
1259512819374006276
1259512900059881474
1259513098941206529
1259513125168168964
1259513264163246089
1259513313765011458
1259513639926730757
1259513699485847555
1259513715440979968
1259514012800352256
1259514031968268288
1259514032563851265
1259514247861735427
1259514292946251777
1259514294170943488
1259514295739613185
1259514361481232389
1259514375104344064
1259514396830838784
1259514488530837506
1259514641761406976
1259514726809317376
1259514812142432257
1259515013045334017
1259515136945131521
1259515242008190976
1259515552080572416
1259515639472979968
1259515838052233216
1259515919170224128
1259515996819374080
1259516057129299970
1259516069217255426
1259516402211401728
1259516411443118080
1259516423417757696
1259516658286239744
1259516704067129347
1259516705161859073
1259516722354311170
1259516736229040128
1259516824623988737
1259516840956628993
1259516873823182854
1259516883889463297
1259516895629398016
1259516957776322561
1259517048956301315
1259517064781410308
1259517216162222081
1259517329341321224
1259517476850806784
1259517664306880513
1259517916430598145
1259517973045432322
1259518134991585281
1259518194722750466
1259518549296545794
1259519074788409348
1259519267101442049
1259519817649922049
1259520016615198721
1259520135473369092
1259520276695592960
1259520295527989249
1259520322216136705
1259520332945395715
1259520368672485376
1259520494207991814
1259520549933457409
1259520673153781762
1259520955052949507
1259521110602919942
1259521422722031617
1259521453755637763
1259521523465039878
1259521590926217216
1259522033970536450
1259522123846037507
1259522230918225921
1259522264179118080
1259522397650268160
1259522455997120512
1259522488406548480
1259522611232587777
1259522674889555969
1259522714068332545
1259522732343115776
1259522811141541889
1259522858167857154
1259523279578116098
1259523299400454148
1259523451343253515
1259523485782740995
1259523635343171585
1259523751672242176
1259523856072617985
1259523952910708740
1259523962721251331
1259524066031153152
1259524105646362626
1259524261934497793
1259524304347246595
1259524493938167810
1259524713912680451
1259524919169253376
1259525076770316288
1259525260233367553
1259525285281660928
1259525409319931904
1259525425161797634
1259525464676339712
1259525575678590976
1259525610990379014
1259525700882780163
1259525724291182597
1259525750941679628
1259526038905917441
1259526044178096129
1259526080626556928
1259526106778161152
1259526126730428416
1259526223421636609
1259526414954610688
1259526419840983042
1259526433992593413
1259526441802387456
1259526465240158209
1259526504649801729
1259526718752260096
1259526723663728640
1259526738213777408
1259526866706354187
1259526877179457537
1259527011711713282
1259527218658791425
1259527378109444096
1259527379149602816
1259527393817100288
1259527507386208261
1259527507436503040
1259527510095589376
1259527613669916672
1259527812077293568
1259527928834150402
1259527958236213248
1259527959184125963
1259527972630994944
1259527980474343428
1259528019615629313
1259528023956692994
1259528123575676931
1259528446868324352
1259528458666999810
1259528461611393027
1259528462911537152
1259528627873439744
1259528635372965890
1259528763051630593
1259528907201667076
1259528935823544324
1259528949119451136
1259528978131554304
1259529013191720963
1259529016748449795
1259529084692049922
1259529302510653443
1259529378754711552
1259529426028695552
1259529460346425345
1259529607302307841
1259529735270543360
1259529756527091712
1259529760234930177
1259529840518221824
1259529899687268352
1259529918276341762
1259529921279467522
1259529969048457217
1259530081778765825
1259530142705225728
1259530199064088577
1259530227044290561
1259530262104485888
1259530312268349440
1259530374939578369
1259530384079011840
1259530441880752131
1259530483689545731
1259530485467885570
1259530521010483201
1259530581467181057
1259530706809769985
1259530796987228161
1259530816381685762
1259530854533120000
1259530958870634499
1259531009453940737
1259531029154607104
1259531035882258433
1259531040030425088
1259531040479199238
1259531111086071814
1259531128337285123
1259531140546863104
1259531219135598596
1259531220049952768
1259531263322578944
1259531277650333696
1259531284935835649
1259531304875548674
1259531351516164103
1259531360739512321
1259531433250639872
1259531455828561920
1259531471364198406
1259531518982176768
1259531529182687233
1259531534589210632
1259531589878415360
1259531648967811075
1259531662037258241
1259531677191278594
1259531737308303368
1259531940920799232
1259532077545992193
1259532081018871810
1259532121980502016
1259532139629969408
1259532192574734338
1259532197289025536
1259532372460044288
1259532419553779714
1259532475254149123
1259532519466242049
1259532520418185217
1259532576718491648
1259532576781479937
1259532630611169281
1259532674017959936
1259532701658501121
1259532743517634563
1259532825814085637
1259532860299579401
1259532900632014849
1259532901785403392
1259532979367444482
1259533003191128065
1259533009914597376
1259533051815755777
1259533067099742213
1259533077996503041
1259533137933152269
1259533170640392192
1259533336059490304
1259533487704588292
1259533672937598977
1259533725181845504
1259533759571005442
1259533765677912065
1259533827518730243
1259533899434164225
1259533925870960642
1259533948637581315
1259533963913240576
1259534039314292736
1259534084554063872
1259534163629219843
1259534223968473090
1259534249742434304
1259534355095080960
1259534380458020866
1259534415513948162
1259534422237470720
1259534445402558464
1259534546246262785
1259534618325397507
1259534636897701888
1259534677980975104
1259534708251205634
1259534784734400521
1259534821958782976
1259534856066945024
1259534894205730825
1259534932046753793
1259534946110242817
1259534946374385665
1259534966117072896
1259535079409418242
1259535147499696128
1259535153715699713
1259535209525121026
1259535253783416834
1259535366031319048
1259535449586053122
1259535663453614080
1259535734123495426
1259535737768337408
1259535799403663360
1259535813693657091
1259535968228556800
1259536044506206211
1259536064533970945
1259536075153965057
1259536082644938756
1259536094581927941
1259536161204207616
1259536176911794176
1259536177356582912
1259536197094969344
1259536206561447938
1259536324710871040
1259536336819757058
1259536347695665158
1259536360081367040
1259536374924967936
1259536449621430273
1259536476481753095
1259536502679371777
1259536535529181184
1259536595478147074
1259536612544983045
1259536638717419524
1259536699148972033
1259536796339392512
1259536799132778496
1259536827494674439
1259536840375373824
1259536854682140674
1259536877385809920
1259536995736596483
1259537047276204034
1259537088426450944
1259537142201663488
1259537154671288320
1259537158580375552
1259537166973259776
1259537179421872132
1259537221205573633
1259537294270308352
1259537337022910464
1259537378340933632
1259537403561246725
1259537419927465984
1259537431155572739
1259537445869309959
1259537541356818433
1259537569320259586
1259537718956249089
1259537739747340290
1259537772529975299
1259537772928434179
1259537790523539458
1259537809775431681
1259537936976162821
1259537937341001729
1259537980575883264
1259537983365091329
1259538007507578888
1259538020702867457
1259538028927823876
1259538086758879233
1259538243818840071
1259538258977009666
1259538266312843266
1259538299007512579
1259538314165661697
1259538347871088642
1259538507024007169
1259538552284741632
1259538596308168706
1259538618462408704
1259538645171789830
1259538664532697089
1259538682735988738
1259538693553098753
1259538749836480512
1259538854207520772
1259538856270954496
1259538861421727746
1259538932951326721
1259539025817481218
1259539250950934528
1259539398959431680
1259539407075528706
1259539518488748033
1259539553662185472
1259539556015190022
1259539689587052544
1259539796495564803
1259539837331308544
1259539846823116800
1259539853475225606
1259540060195651588
1259540073256755201
1259540189615194115
1259540201308860423
1259540255931273217
1259540347350396928
1259540355466354693
1259540655216492544
1259540668189413377
1259540731976433671
1259540784547848194
1259540839665143809
1259540861504778241
1259540872766599168
1259540927544164353
1259540938742956040
1259540947450429440
1259541025204420610
1259541087032573954
1259541157761122305
1259541162303598592
1259541250321063936
1259541256557998080
1259541510443470851
1259541514881024002
1259541516332290049
1259541567301451778
1259541585991270400
1259541599316516864
1259541619289862146
1259541665251045378
1259541705122086919
1259541737103646724
1259541745395777537
1259541810046738432
1259541972995526662
1259542025290035200
1259542122644082690
1259542127027068929
1259542191090929666
1259542193229959170
1259542252910714882
1259542309605081089
1259542492032176128
1259542634848227328
1259542644243476480
1259542663356977152
1259542782051602432
1259542809448796160
1259542902205751298
1259542928059482112
1259543052370219008
1259543067893403649
1259543090072891392
1259543183207403521
1259543187401641984
1259543372945031169
1259543413663371267
1259543523369648129
1259543525764587521
1259543673605414914
1259543675857768448
1259543693981372416
1259543722762604544
1259543847744520192
1259543943148187648
1259544037880717315
1259544050744655873
1259544139307368451
1259544236057296896
1259544355263729665
1259544416307556353
1259544482531487744
1259544517558091777
1259544559131987968
1259544589435797507
1259544601385459713
1259544635606786048
1259544667978444800
1259544797574029312
1259544825780506624
1259544836065103872
1259544911075893248
1259544931946893318
1259544960103317506
1259545016449536014
1259545065313239042
1259545115724570625
1259545178576207875
1259545202286489600
1259545208620036096
1259545381207265280
1259545478095671303
1259545587957055489
1259545605350789125
1259545989897216000
1259546121854169091
1259546130951651328
1259546180184350722
1259546334786445312
1259546484330188802
1259546527665700868
1259546925470060546
1259547081229897728
1259547098204311552
1259547170912550914
1259547250843430916
1259547424013549574
1259547642318782481
1259547710673346562
1259547774934269954
1259547800184008714
1259547908996829185
1259547995084906499
1259548055449280513
1259548067830824960
1259548244633366532
1259548247464558592
1259548329811365899
1259548563689766912
1259548688969535489
1259548704899465218
1259548956112990210
1259548970415722498
1259549112896303104
1259549194815143944
1259549242768621569
1259549311303548932
1259549327413968897
1259549332229029889
1259549481827172355
1259549486780735489
1259549496977088517
1259549528992231426
1259549621195608066
1259549625612107782
1259549840612167685
1259550427705741319
1259550521372925954
1259550544693211136
1259550559436144643
1259550584899809281
1259550674687229952
1259550678722248704
1259550686586580995
1259550699773284353
1259550710955417602
1259550758321741824
1259550768283222016
1259550916937736195
1259550987523629058
1259551044914352130
1259551075482447872
1259551229270798343
1259551282953584644
1259551308002013184
1259551500667432960
1259551509735407621
1259551509869625350
1259551529482272775
1259551672726163456
1259551694511321091
1259551724530028544
1259551837637804032
1259551922232664071
1259551929287553027
1259551931976093700
1259551963278184448
1259552037353725956
1259552060506324994
1259552298990292992
1259552403126390785
1259552414677557248
1259552554523951105
1259552576053313538
1259552613579849734
1259552949098942469
1259552952483790849
1259553053646209024
1259553057504976903
1259553115344437248
1259553174429601794
1259553341111181312
1259553368139354112
1259553493666447362
1259553594438823936
1259553746088079361
1259553778572935170
1259553780200353793
1259553872307159042
1259554071289176064
1259554103426002945
1259554163408723976
1259554186838134785
1259554318098878470
1259554324797173762
1259554615047184385
1259554686715269125
1259554794374602757
1259554866655105032
1259554925509574658
1259555006929350659
1259555019726237699
1259555091071320071
1259555140358594563
1259555157383303173
1259555163687223303
1259555241739108353
1259555350447095808
1259555387470159873
1259555402209021958
1259555446840532992
1259555728286679042
1259555787501973513
1259555857710428161
1259555880045023233
1259555896943947777
1259555903180857345
1259555905122770947
1259555967030538240
1259556156462313473
1259556245968748552
1259556270685794306
1259556456644444160
1259556465335025664
1259556658910552064
1259556748555362309
1259556752015740930
1259556766247014411
1259556785205239812
1259556832642846723
1259556965228961793
1259557131784785921
1259557216710987777
1259557219147882498
1259557250085064704
1259557267013349377
1259557327268655106
1259557404137709568
1259557408243888134
1259557472475496448
1259557484685123585
1259557571050049536
1259557571989553152
1259557577697964044
1259557740952731648
1259558176200052736
1259558435605164033
1259558605034065920
1259558679176777731
1259558936702787584
1259558944076431360
1259559055376384001
1259559148880093185
1259559249883140099
1259559427167920129
1259559547078877185
1259559558718070784
1259559584110428160
1259559712426688514
1259559787378941954
1259559796891475968
1259559894128132102
1259560056191889410
1259560075330490372
1259560083865792513
1259560089184239620
1259560132326932484
1259560379551813632
1259560422081990658
1259560526004314112
1259560555465113602
1259560573278306304
1259560603523395585
1259560750147928065
1259560757991223301
1259560868527902720
1259561026435121153
1259561028842643462
1259561242315886593
1259561299417186307
1259561429432258562
1259561438173188097
1259561440089956353
1259561532066861059
1259561568288870401
1259561613981560834
1259561683250487296
1259561712954589184
1259561806428766210
1259561843816910848
1259561980903460868
1259562243211091971
1259562338824466432
1259562353726640129
1259562914828161031
1259562979009462272
1259562989776261120
1259563057405218816
1259563179388153857
1259563183423066112
1259563210195308547
1259563477506625538
1259563595731476486
1259563611678289920
1259563682092244992
1259563695266508800
1259563854465503233
1259563884580651008
1259563939123339265
1259563952092131339
1259563979929726976
1259564106274738176
1259564192132214787
1259564486043799556
1259564805788139522
1259564817062526982
1259564825467916288
1259564923555852288
1259564960897777668
1259564979029712901
1259565165336580097
1259565382387601408
1259565429669933057
1259565494841024513
1259565871720288264
1259565894390493187
1259565903265632257
1259565915424919552
1259565945279918081
1259565950883573760
1259565956659118080
1259566121012858880
1259566218647871495
1259566268916662273
1259566275413630977
1259566300990509060
1259566322951819264
1259566357781282823
1259566391193153537
1259566546197843968
1259566618750914560
1259566843544637440
1259566941209010177
1259566956316950529
1259566968635523075
1259567063191957514
1259567194368880640
1259567315982733313
1259567657319370752
1259567733135597569
1259567850475356161
1259567902530945026
1259567957744779271
1259568159868231682
1259568193095467008
1259568306245242883
1259568327615184899
1259568559547723782
1259568686538555397
1259569048737787904
1259569075078008834
1259569098301804545
1259569117415321600
1259569183441944578
1259569352229171200
1259569688427876352
1259569751254347778
1259569834897084417
1259569960071856133
1259569993513041920
1259570040195690496
1259570194789421059
1259570329703383047
1259570399362322434
1259570449014493184
1259570740405428224
1259570741407866881
1259570815659577350
1259570928368996360
1259570929719545857
1259570943996964865
1259571312521076736
1259571531291770880
1259571766638379008
1259572318579372032
1259572449064165376
1259572532958638081
1259572577158209536
1259573339712094208
1259573382934261760
1259573454753484801
1259573472235266051
1259573565248045056
1259573638359068672
1259573655312400387
1259573866336313344
1259573877912502278
1259573897747464193
1259573977074327552
1259574096288985088
1259574201230516225
1259574319186939904
1259574320344584193
1259574387797303298
1259574411465637888
1259574448950333440
1259574507850928128
1259574535508148226
1259574544634908680
1259574672263393280
1259574821660303360
1259574910088863744
1259575049243287559
1259575091748171776
1259575206147960832
1259575236078342144
1259575361119105027
1259575386813456384
1259575463774650369
1259575492568649731
1259575503641620488
1259575653831258118
1259575692888616962
1259575777189912577
1259575810207309824
1259575879656714240
1259575918328270848
1259575980613566465
1259575986418483201
1259576019893223426
1259576042106359809
1259576118404804608
1259576281273896962
1259576285040443392
1259576343777497089
1259576362274349056
1259576396416004101
1259576412312416257
1259576539567489025
1259576596882771969
1259576647415664652
1259576678000533510
1259576693230120966
1259576728499994624
1259576764042547201
1259576824125931520
1259576844103192576
1259576905264771072
1259577052174397445
1259577141857062913
1259577184445960192
1259577254289571842
1259577268046827520
1259577320509247492
1259577398930046976
1259577483294367744
1259577692573372416
1259577827495686150
1259577881493192708
1259577984119451648
1259578023638175745
1259578134548172801
1259578397086437376
1259578399724634113
1259578517764870150
1259579094523658242
1259579106338852865
1259579219501355009
1259579494953877508
1259579541393158149
1259579684771201024
1259579779923300360
1259580174410100736
1259580207666782209
1259580220954292224
1259580261299298309
1259580334695383041
1259580439163002880
1259580484876742662
1259580548059717636
1259580770580148224
1259580783758540801
1259580794030428171
1259580938083807232
1259581082070106112
1259581087807873025
1259581134037549058
1259581139955716099
1259581205638414344
1259581409540427780
1259581472886923276
1259581549030375424
1259581583599841280
1259581591749304323
1259581632215953408
1259581779087896576
1259581872453177344
1259581879793090561
1259581954011299841
1259581985367961600
1259582035599011841
1259582057761685507
1259582124815978496
1259582240830480394
1259582313517760513
1259582443511832576
1259582549606772736
1259582633941622785
1259582740569165827
1259582869011402761
1259582974200291336
1259583016323735560
1259583997098811394
1259584038970548225
1259584448582029313
1259584506702581762
1259584691377758209
1259584702920491009
1259584845736480770
1259585009754595328
1259585017954676742
1259585286557831168
1259585329541103621
1259585369420566529
1259585380967419905
1259585458901782528
1259585740297641984
1259585860368060416
1259585900700368898
1259586024205889537
1259586044443398144
1259586151121334273
1259586219857653760
1259586475135578112
1259586826458861569
1259586923066204160
1259586926279041024
1259587034085240832
1259587242768531456
1259587297642795014
1259587397597233154
1259587576010289153
1259587704242790400
1259587726111911939
1259587753123164162
1259587967192117251
1259588051929493504
1259588092304003072
1259588113397157889
1259588277268549632
1259588563764740099
1259588662716772354
1259588678202130434
1259589157342654465
1259589243535609857
1259589750509514753
1259589824954105859
1259590000825569289
1259590210054209536
1259590253549162496
1259590313921974279
1259590336860618752
1259590368573734914
1259590418041356289
1259590626183647237
1259590643401318400
1259590956048924672
1259591001624260610
1259591027838640128
1259591086042951686
1259591138052321280
1259591166280040451
1259591275797454859
1259591347624980480
1259591425941016578
1259591528659460098
1259591655256186880
1259591830074732549
1259591837897175041
1259591846088581121
1259592017094508552
1259592099135025153
1259592121889275906
1259592225715040257
1259592473296416771
1259592730176557056
1259592777253388290
1259593406990385153
1259593429517991939
1259593583138615299
1259593590868783105
1259593762298228737
1259593860952571905
1259593911321976833
1259593986181869575
1259594013646225409
1259594052753899521
1259594188183736321
1259594295939674114
1259594534557831174
1259594930315550721
1259595159563632642
1259595188705677312
1259595572899651584
1259595586111770625
1259595615840940034
1259595933735702529
1259596021925130241
1259596064144756736
1259596095417659396
1259596209880281088
1259596740958846979
1259596925860548608
1259597194757373952
1259597313997185024
1259597385958916097
1259597464564379650
1259597481299587072
1259597640666353666
1259597668608860162
1259597954874257408
1259598029654503425
1259598079860359169
1259598086902632450
1259598146528841728
1259598228061896706
1259598370408194048
1259598583688581120
1259598754899881984
1259598796356542464
1259598812617814016
1259598823372083200
1259598959707860992
1259599057368072192
1259599207796822022
1259599367943618568
1259599388680257537
1259599575834333189
1259599605282545664
1259599648639062017
1259599782873571330
1259599894643380229
1259600119638482945
1259600133907505159
1259600148591714311
1259600184960524291
1259600223095140354
1259600383518937091
1259600414175092736
1259600595973033985
1259600728668151808
1259600750629527552
1259600777380802561
1259600833701953542
1259600837648711681
1259600906213101572
1259601137579315201
1259601224992768000
1259601265572503552
1259601295754899456
1259601630791716872
1259601651498876929
1259601708587638787
1259601744495095811
1259602078848241664
1259602175514144768
1259602187195494405
1259602229910220801
1259602562812182528
1259602576892444674
1259602583087468545
1259602753837555713
1259602893960814595
1259603029919178752
1259603075930763264
1259603297318637575
1259603333452640262
1259603452117868551
1259603517171433477
1259603958496182275
1259604038892560385
1259604072941920269
1259604079728263168
1259604127669256195
1259604155116724226
1259604155993395200
1259604375179272195
1259604399816572928
1259604454854127622
1259604527067680773
1259604653488119808
1259604676158291968
1259604681451601921
1259604975853998081
1259605026181468161
1259605148944474117
1259605236471287811
1259605352087158784
1259605410287357959
1259605757399633921
1259605936756441088
1259606676547596288
1259606719979827201
1259606728099971072
1259606849722232834
1259606883264008192
1259607044635664389
1259607104496766979
1259607308016984071
1259607398249107457
1259607593712070658
1259607834133749761
1259607863544217600
1259607868346716161
1259608139252617216
1259608349550796802
1259608675301429254
1259608804704096257
1259609100951916544
1259609390195388418
1259609449414701061
1259609456821915658
1259609647302029318
1259610022818000898
1259610239776837632
1259610398325702656
1259610600671453185
1259610620883763202
1259610869794824193
1259610900136419329
1259611537628594176
1259611723465719810
1259611768311164929
1259611833348100097
1259611834669248512
1259611954626408448
1259612189461225476
1259612190971252746
1259612375881261056
1259612520266039297
1259612645503754240
1259612776143687681
1259612888521682944
1259612903843471360
1259612995761713152
1259613000933224448
1259613109351743493
1259613143665344512
1259613226125398016
1259613248443355137
1259613617806282754
1259613726908522502
1259613744692203521
1259614147479842820
1259614188865019905
1259614226492141568
1259614469488926720
1259614499948150786
1259614935925088256
1259615210052214789
1259615253907849219
1259615317958983680
1259615344223756289
1259615481595670528
1259616040868352000
1259616361816502273
1259616402505379848
1259616481630924801
1259616524089753600
1259616542297333765
1259616577978277891
1259616612510023684
1259616635671007232
1259616763127517190
1259616798124752896
1259616847957241866
1259616860527562754
1259616879246823424
1259616940865265665
1259617094150361088
1259617157777887232
1259617204598910980
1259617336409153543
1259617344193728513
1259617377651699712
1259617576696643588
1259617994721964034
1259618041429704705
1259618101110374407
1259618129220710401
1259618215224840193
1259618645304541186
1259618655857451009
1259618665118478337
1259618785650266116
1259618835033882625
1259618908383989761
1259618951748890628
1259619183349903360
1259619217055387649
1259619245455020036
1259619280875814915
1259619306423439361
1259619681343766532
1259619691355570185
1259619734758309891
1259619779117297670
1259619800793468929
1259620057770065921
1259620145892335620
1259620213051580417
1259620267392929793
1259620508397711368
1259620549753438214
1259620579096891392
1259620724408348672
1259621129372778502
1259621184943071232
1259621327033569283
1259621329407553537
1259621568965226496
1259621723646898176
1259621774179926016
1259621779242397697
1259621948860116994
1259622191177633792
1259622398787301376
1259622410057404418
1259622532807831555
1259622585190531072
1259622713808818176
1259623333328453632
1259623607619158016
1259623901472206852
1259624058494296066
1259624212706328579
1259624295111811072
1259624377194287107
1259624478700646402
1259624567787663360
1259624616038973442
1259624713275482112
1259624831630401536
1259624872893992961
1259625063592198144
1259625152825999361
1259625162502275075
1259625455646318594
1259625591717986310
1259625832609394692
1259625949475340289
1259625976922865664
1259626300043649026
1259626409271734275
1259626480239337478
1259626655464787971
1259626787019128835
1259626938769031170
1259626966568841219
1259626978245840896
1259626992992956419
1259627096579727366
1259627162807787521
1259627168776228864
1259627195275841537
1259627244592541702
1259627275441655810
1259627328621228034
1259627387563769858
1259627704745410563
1259627721090576391
1259627918889824256
1259627938590277632
1259627943560540161
1259627953186578432
1259627960874795012
1259627983578574848
1259628111328575489
1259628244527190017
1259628509472919558
1259628531404943361
1259628636052893697
1259629106817359873
1259629176111403008
1259629190665703424
1259629390721359873
1259629556060782598
1259629596531658757
1259629865478885376
1259629911242833920
1259629927319711745
1259630110292000768
1259630421358317569
1259630454690504704
1259631161376210944
1259631282566422528
1259631461826727936
1259631653716197379
1259631927197405189
1259631946868686849
1259632217149583369
1259632346321563649
1259632414479040512
1259632499782832129
1259632588785934336
1259632610575290369
1259632724647780353
1259632724656230409
1259632838984503296
1259633010846175236
1259633110108512258
1259633392922091526
1259633660745089025
1259633676587077633
1259633736246796291
1259633773194420224
1259633856543461376
1259633884653858816
1259633893398831105
1259634169145155584
1259634446686437377
1259634836781793282
1259634878439514113
1259634946559348738
1259635127120015361
1259635189002706951
1259635289817055238
1259635561054248960
1259635807951912961
1259635823881998338
1259635898234388480
1259635943214104576
1259636217366315014
1259636316209381377
1259636473063706624
1259636586003730433
1259636847115931648
1259636992284995589
1259637530389098499
1259638680202940419
1259638722313797632
1259638736016617474
1259638736368918529
1259638894364155904
1259639274955255811
1259639388176297984
1259640634769657862
1259640704411881482
1259641353283211271
1259641467171155973
1259641680589991938
1259642040775737346
1259642130642939904
1259642462844354560
1259642862247063555
1259642964613255170
1259643582568443906
1259643597420462081
1259644267942809602
1259644967443664899
1259645363973246977
1259645700012376067
1259645733411618817
1259645836704743426
1259646090976133127
1259646688748285959
1259646704275673091
1259647202839932929
1259647719662137347
1259647926353014784
1259648316259864576
1259648495331483649
1259648500737900547
1259649158631362560
1259649234325975044
1259649302726676480
1259649345638588416
1259649406716051456
1259649690129387521
1259650859056730112
1259651484955934720
1259651800157900800
1259652384164327433
1259653299990601728
1259653763473780736
1259653934907633665
1259654378862120961
1259655120087851011
1259655363357442048
1259655553829265414
1259656164410884096
1259656338730352641
1259656397748342785
1259656559111688192
1259656676275355651
1259656844794003457
1259657028181667840
1259657224357662722
1259657227188809730
1259657433590497282
1259657525122805764
1259658336070504453
1259658672097067010
1259658692208799744
1259658720239407109
1259658847561699332
1259658850778693634
1259658857544069129
1259658870462570502
1259658880256299010
1259659489306959872
1259659832161902592
1259659945357783040
1259660140548100098
1259660660134293505
1259660719638929410
1259660721706631168
1259660934152425477
1259661145025150978
1259661332833583122
1259661420729438208
1259661667039948802
1259661747922894848
1259663013960978432
1259663234241425408
1259665571530133506
1259665770923073541
1259666394825789440
1259667114463498245
1259667447759724546
1259668108408692736
1259669491652280320
1259669786767785986
1259669876702171137
1259671411154698247
1259672774253125644
1259672876501868545
1259673507681755138
1259674537202876416
1259675313480622080
1259675612895162368
1259675963908112385
1259676260793552896
1259676434739736584
1259677619198529541
1259678857344495624
1259679834445398022
1259680612895645696
1259681768195657728
1259682409769054215
1259683225242423301
1259683610585677825
1259683806329671680
1259683988593168388
1259684054628274177
1259684308383645697
1259684618808287232
1259685561339609088
1259686200140599303
1259687868294991874
1259687953321857026
1259688007159996425
1259688464569769984
1259688673504788480
1259688741070872576
1259688754018766848
1259689168206249989
1259689576421089280
1259690026876784642
1259690030236385280
1259690656295014401
1259692694487564289
1259693363588194306
1259693395712319489
1259693601090609152
1259694425015554050
1259694496373190662
1259694745389084672
1259695127397912589
1259695626029281280
1259695848511897601
1259695996390592513
1259696066141868033
1259696880977612800
1259697028382306304
1259697487532744704
1259697590993649667
1259697595078844419
1259697738784145410
1259698134873190400
1259698159720202241
1259698887402627073
1259698905178128385
1259698918239219715
1259698934768861185
1259698982726574084
1259701070214946821
1259701551792300034
1259701774740525056
1259702596165664769
1259702768937381889
1259702997279440896
1259703234710720512
1259703286615040006
1259703383310696448
1259703919653146625
1259703931594330112
1259704209030754304
1259704250998951937
1259704370389712897
1259704490095239170
1259704506335535106
1259704658060292097
1259705509667627008
1259706378677104642
1259706778390007810
1259707299058286592
1259707380100718595
1259707796691529729
1259709497188265991
1259709657771319296
1259710230633553920
1259710367028011008
1259710573245317121
1259711495811842054
1259711508520620032
1259711576648671235
1259712403824050176
1259712707361755136
1259712871895834630
1259712900010303488
1259712913297879042
1259712925742309376
1259713234153635841
1259713347467063297
1259713413841903616
1259713735532449792
1259714127028793344
1259714163628224512
1259714202299662336
1259714444596318210
1259715658947977222
1259716946163126272
1259716956619452416
1259717184403599360
1259717662940291072
1259717794578432000
1259718224276533249
1259718395576094721
1259718730143186944
1259718745079119872
1259718756877680640
1259718770727190533
1259718784052531205
1259718803388317696
1259719147061043200
1259719497461661701
1259719778400440320
1259719976816181249
1259720609703043072
1259721262135418881
1259722290142511105
1259723026616266755
1259723145109540864
1259723857990205443
1259724220134760448
1259724256814026753
1259725871302270985
1259727171834335233
1259727570666389505
1259727593210892288
1259727824870612992
1259728060653461504
1259728464841773058
1259728500333989888
1259728527689220096
1259728721273065474
1259729297230659585
1259729317204054017
1259729899767640064
1259730096728014851
1259730120224448512
1259730222838157315
1259730604146507776
1259731649610297344
1259731860831207425
1259732079794892800
1259732814548918272
1259733939876442118
1259734867899822085
1259735270435536897
1259735610732032003
1259736584410275842
1259736756867530753
1259736758541070336
1259737306082299905
1259737907251773440
1259738259867013120
1259738709651578880
1259739581026623489
1259740446705815553
1259740884293255172
1259741606934175744
1259742179704135680
1259742386156167169
1259742579790405634
1259742861769289730
1259742865980260352
1259744101211279360
1259744239610744833
1259744321990987776
1259744475334746112
1259744771490414592
1259745454763409409
1259745574045265920
1259746147566006272
1259746318735597569
1259746618225627136
1259747006626619392
1259749754092716032
1259750287507623937
1259750391689986055
1259750506567786496
1259751004838510594
1259751078997917696
1259751107909292033
1259751279687094273
1259751531710164992
1259752211728478208
1259752228484722689
1259752357048602625
1259752685487751174
1259753440013680644
1259753466160963584
1259753475623305216
1259753770474450944
1259754146787405824
1259754418788012033
1259754452761874433
1259755291702427648
1259755322920579072
1259755342940065793
1259755512717103104
1259755986866315264
1259756004667011073
1259756163241062400
1259756258292310016
1259756317272608768
1259756472398995457
1259756483052482562
1259756577457934336
1259756704306270208
1259756948972544000
1259756967175901185
1259757829096902657
1259757900362375169
1259757915117936640
1259758053378924550
1259758555944624128
1259758858643308545
1259759836981534720
1259760152594481153
1259760648239616000
1259761626460442625
1259762348396556288
1259764231454388224
1259765243456172032
1259765911826939908
1259766503353786368
1259766638934704128
1259767345939132416
1259768114029506560
1259768563390447623
1259769195681677312
1259769474644873217
1259770361148825600
1259770781824946177
1259770824158035968
1259771535784579073
1259772733933707265
1259773352211873797
1259773646769459201
1259773899723636737
1259774140879384576
1259775198343188486
1259775203090939904
1259777308648407047
1259777837868945408
1259778038297964544
1259778251666440193
1259778296138604544
1259779124362711040
1259779632783659009
1259780024082800641
1259780628368809984
1259780629354471426
1259780855901364226
1259781489308438528
1259782588849426433
1259783500745576448
1259783523550015489
1259784626874302466
1259786834420404224
1259787187484266497
1259788494903394304
1259788983191638022
1259789907842813952
1259790835803205632
1259790902358351874
1259791252658237440
1259797492914413569
1259798568245825536
1259799397522722817
1259800000533536771
1259801688107597824
1259801963996250113
1259803182315814913
1259803256752087040
1259803755639431171
1259804887258484737
1259805414868365312
1259807748113473543
1259807887238541312
1259809516868206592
1259809980791824384
1259810429662048256
1259811226227523585
1259811577223659521
1259812243463712768
1259812383922536449
1259813009356013568
1259813457811116034
1259814949192437760
1259816853293203457
1259817464042606592
1259825361292079105
1259827755811651585
1259828125036359681
1259828153331171328
1259828170662064128
1259828211455791104
1259829381624745984
1259829778984701955
1259830379281858560
1259830430720819200
1259830580847542272
1259831090048651264
1259831547974299649
1259834877488304129
1259835442955980803
1259837764897472512
1259840820175306752
1259842596509188097
1259845794397655042
1259852569733746689
1259854190102405123
1259854852974403587
1259856889829081090
1259860638463078402
1259861773282430977
1259862887520223232
1259863075999580160
1259864218540691458
1259865533941514240
1259869004358967297
1259870766381793280
1259871282293878785
1259871728718749704
1259871746460717057
1259871970537156608
1259874329292136451
1259880564577861638
1259884940897980423
1259887280396939264
1259890594853335041
1259899079812943873
1259904310080569344
1259906870753533952
1259908170186543105
1259908739240427520
1259913689832009728
1259917634847625216
1259918569619554306
1259919611979534337
1259923101057499138
1259928173678125057
1259929809150521344
1259936293989101568
1259937167285071873
1259939147382427648
1259942510727700480
1259958753136427009
1259981892058845185
1259990256423747595
1259990403404697600
1259990737107771395
1259999783797866497
1260006302073446405
1260007857015029760
1260031196148297730
1260103829338689536
1260105556506935296
1260127048808497152
1260144948533432320
1260146738985394181
1260146945634508800
1260147753700769794
1260148820995948545
1260152934823837697
1260152972786503687
1260154615888257024
1260154913889361921
1260154919513980928
1260165399406153734
1260166368047124480
1260168323268055040
1260174469877956608
1260174838276272128
1260175276476182529
1260177418691772417
1260179291918270464
1260195733128560641
1260199413965828098
1260223196109910016
1260228529020637187
1260230355010883589
1260257917246324736
1260257941971763201
1260274105871409152
1260319539901931521
1260428129627262978
1260428142226944001
1260428160820293632
1260428184341921793
1260428836447059979
1260428849151696897
1260428862707642370
1260428887676399619
1260431175606304768
1260501617843060736
1260514997026861058
1260515016496885762
1260515029587243009
1260515044347043841
1260565656560427008
1260607050314395649
1260737396452265985
1260737424558358531
1260737439133585408
1260737451901026311
1260806904047075328
1260874064824078336
1260969032116842496
1260969040220164104
1260969049992900608
1261383028246327296
1261429434101436416
1261561142419349507
1261743526079070208
1261743645096652802
1261795962244214786
1261978493262401536
1261987511485816832
1262009137598259201
1262366265055854592
1262568063716777984
1262858135166992384
1262996614693748736
1265167780619464706
1265925086609051648
1266761426913427458
1266761441815789568
1266761485214191618
1266761515539070978
1266912554598662145
1267022402103451649
1267022452489687042
1267022464024039424
1267022673995014146
1267022713673199616
1267022723328413696
1267778598192193537
1275879457358843915
1278660655168589830
1278722997679992836
1289151300828110848
