id
1267988582192558082
1267991615567732739
1267991813073354754
1267993767891603458
1267998320624050178
1268002709136764928
1268004462628667395
1268005700858454017
1268007145708101634
1268007331356446724
1268008279638183942
1268008706316197888
1268010900977582080
1268012308401278976
1268014957708230661
1268016054531272710
1268016246567641089
1268017278475546630
1268018212937105411
1268018389668118536
1268020313079586817
1268022650934362113
1268023469826064386
1268023673207783424
1268025745907089410
1268026508989403138
1268027125619200001
1268027367743782914
1268027557527662592
1268029006798106626
1268030598427430912
1268031447656468487
1268031715886485505
1268036755804086273
1268037704421277697
1268037749933772801
1268038936309497856
1268039025757216769
1268039035274047488
1268039058418290689
1268039184054444034
1268039191218327553
1268039206074486784
1268039435351924736
1268040246156947458
1268040442832138243
1268040974707589120
1268041036024164354
1268041441093320705
1268041465634136066
1268042450939101184
1268042906218225668
1268043579055841281
1268043994887569408
1268044421611819008
1268044926442323968
1268045309822853122
1268045341762490369
1268046033881141249
1268047040681897985
1268047315316510720
1268048222909415424
1268048280363008000
1268048483828842499
1268048575885385728
1268048884108058624
1268049235879944194
1268049457427464192
1268049740899516416
1268049880511123456
1268050092499652608
1268050219410710528
1268050246006865920
1268050329788133378
1268050850607509504
1268050904156176386
1268051542147502080
1268052040074186757
1268052398234271746
1268052693014069248
1268052740065951746
1268052788304580609
1268052973470601218
1268053047705350145
1268053098372554752
1268053123488256000
1268053657456607232
1268053804408344579
1268054550080098305
1268054838798979073
1268054911654203392
1268054933380763649
1268055409677533185
1268055577894109185
1268055679002046464
1268055871440875522
1268056052043407360
1268056208230903808
1268056516700979201
1268056997833969664
1268057006230863874
1268057111272894464
1268057119493939200
1268057181162627072
1268057203014950913
1268057426961416193
1268057449581252609
1268057538345316352
1268057538441826304
1268057541281382400
1268057557899214848
1268057582553489409
1268057587578093568
1268057595056549890
1268057597824823301
1268057634751512576
1268057673506775041
1268057769107570690
1268057785087913986
1268057810257887233
1268057820097888257
1268057850967805952
1268057889920503809
1268057904847810560
1268057922942021634
1268057932073181185
1268057937764737035
1268057964289691648
1268057966340603912
1268058022481293312
1268058030622425088
1268058035919843328
1268058047525425154
1268058056476119043
1268058110184177665
1268058119613018112
1268058195345334272
1268058206309253122
1268058207554990080
1268058275439718400
1268058281970262021
1268058315000385536
1268058338647916544
1268058364057018370
1268058390518874112
1268058398718750723
1268058432130539522
1268058508307697665
1268058572786741248
1268058576515330048
1268058586938105857
1268058614666682369
1268058672376115200
1268058681154981891
1268058681167409152
1268058684644421632
1268058695709028352
1268058705444122624
1268058844392943619
1268058989880840192
1268059061527834624
1268059290658500608
1268059352537194497
1268059404764618752
1268059492643635201
1268059539846295553
1268059603092340736
1268059623535202309
1268059645840551938
1268059800102940673
1268059885687566336
1268059887272988674
1268059974376329216
1268060017971695616
1268060092965941254
1268060104340856832
1268060124947468288
1268060130882404353
1268060137169678336
1268060138277089280
1268060144602173440
1268060236805320704
1268060268409417728
1268060285774049280
1268060358603874304
1268060374277881858
1268060378942132230
1268060432272515074
1268060525918695425
1268060619862708226
1268060659247439874
1268060673868783616
1268060690889113606
1268060692038336512
1268060820941885442
1268060826482520070
1268060848234233856
1268061142565429250
1268061233439113217
1268061241785806850
1268061243606134788
1268061259145961473
1268061270076321792
1268061289642778624
1268061362124718083
1268061391337992193
1268061453157711872
1268061538675380224
1268061569994416129
1268061600839110656
1268061665620197385
1268061736420032514
1268061744867540992
1268061850823831552
1268061897451958272
1268061929341214720
1268061935762919424
1268061959552790528
1268062021376806914
1268062036711243777
1268062115908255744
1268062127899594752
1268062130843955201
1268062276290072576
1268062280995999744
1268062287736090625
1268062306472275968
1268062402907521024
1268062417306583040
1268062420800397312
1268062427637137409
1268062444015857665
1268062555664072704
1268062632864440320
1268062645824835585
1268062690791981057
1268062794798239744
1268062960825495552
1268063007902482432
1268063056409423872
1268063110239322112
1268063132703797249
1268063140639465472
1268063272810344448
1268063305177772032
1268063323083300864
1268063349150846979
1268063393606447105
1268063435033436162
1268063569154723840
1268063708166721536
1268063800239906817
1268063921102979072
1268064072420831241
1268064277014994945
1268064355569905664
1268064405532454913
1268064521328812032
1268064707132309504
1268064720164139008
1268064867396845568
1268064888661950464
1268064976477937665
1268064994945462273
1268065161702596608
1268065279872925696
1268065348042895360
1268065353147404289
1268065471611301889
1268065484265517056
1268065508479438849
1268065521305452549
1268065574891843584
1268065709470306305
1268065719784075265
1268065883835916288
1268065988936790017
1268066002857648128
1268066014333468675
1268066113318907905
1268066151055024130
1268066206038347776
1268066514860560385
1268066586205847554
1268066617184808961
1268066676378988547
1268066745496989696
1268066777721909249
1268066843861942272
1268066860932771840
1268066971930615808
1268067030789308417
1268067098997280768
1268067114851549184
1268067187031490561
1268067238520602625
1268067294766264321
1268067377700208640
1268067383169736705
1268067407635062784
1268067531077464066
1268067566263717888
1268067651332513792
1268067676410150912
1268067685213978624
1268067800037261312
1268067865338363906
1268067881251569665
1268067900641943552
1268068029016928256
1268068100722716672
1268068118292766721
1268068166728470534
1268068268276940800
1268068533398679553
1268068576575066114
1268068589082271745
1268068634607398912
1268068788777467904
1268068989218897923
1268069100435075077
1268069231175729152
1268069272439230466
1268069327036510210
1268069413028114433
1268069647179567104
1268069893762502656
1268069955389452290
1268069969201266688
1268070019239477253
1268070046263197696
1268070047697649664
1268070048507330561
1268070087157706757
1268070135337611267
1268070156921712642
1268070263591260161
1268070482068340736
1268070507234111490
1268070631246979072
1268070750402969601
1268070827062263808
1268071172098461696
1268071215022788608
1268071280194072576
1268071305028354048
1268071399077249024
1268071467368865792
1268071490471120896
1268071511564353536
1268072368208932864
1268072396256231426
1268072410277806083
1268072565974528000
1268072704336203776
1268072705850368000
1268073650197942274
1268073912740524039
1268074126616547330
1268074164675469312
1268074284963987456
1268074467214807041
1268074647460798464
1268074999321186305
1268075051993067521
1268075192279953409
1268075212190384129
1268075281924804608
1268075306809733122
1268075334865313792
1268075562066522113
1268075677669969920
1268075886273839105
1268076044084490241
1268076124136804352
1268076138942926853
1268076280815276032
1268076290499727361
1268076309881556992
1268076690443390976
1268077235153633280
1268077565127860224
1268077614922469381
1268077818736373761
1268077820422451200
1268077909354246144
1268078017353584645
1268078041286078464
1268078378243899392
1268078379279904768
1268078870378446849
1268079151602425859
1268079192911908864
1268079328937435137
1268079529806921730
1268079539562975240
1268079550392684550
1268080054010957824
1268080160621891586
1268080617465491459
1268080770356150272
1268080858482774016
1268080895531024386
1268080950266621953
1268081041689935873
1268081118089228288
1268081438001434625
1268081495723274241
1268081656897798145
1268081716352020480
1268081893154541568
1268081918957977602
1268081941615501312
1268082121337384961
1268082249783742464
1268082417560104960
1268082545553375234
1268082786537218051
1268083242688827392
1268083390634323974
1268083529231093760
1268083631483912193
1268083696588001281
1268084534530072576
1268084779901022208
1268084846661824512
1268084878324596737
1268084929222504449
1268085074152443905
1268085108625506304
1268085285017001984
1268085645739606017
1268085818863861765
1268085999508299779
1268086079933972480
1268086137525989376
1268086216148299776
1268086442229547008
1268086699491332096
1268086818886606848
1268087339739418625
1268087982461861893
1268087986752716807
1268088186300854278
1268088372947496960
1268088494737330176
1268088723339698177
1268088791987818499
1268088850976571393
1268089133433589761
1268089617636524033
1268089931835965441
1268090123607998464
1268090203526385665
1268090462038089731
1268090745925201920
1268090866771484677
1268090885604024321
1268090967183118336
1268091101103050754
1268091799085572096
1268091821080657921
1268092088861683712
1268092351957749760
1268092480907628546
1268094663023570944
1268095039084720128
1268095089995395072
1268095226079412224
1268095245675192320
1268095304512860160
1268095401485201408
1268095422368710658
1268096533838401541
1268096572136525824
1268097843212009476
1268098149018730497
1268098213266853888
1268098548668735488
1268098851010777090
1268099011874942976
1268099322165354497
1268099648100667394
1268100226000187392
1268100735700365312
1268101558115459072
1268101629162606592
1268101910084685825
1268102163496087552
1268102406195367936
1268102511413661697
1268102605932199937
1268102810500870144
1268102900494073856
1268103377860194305
1268103385040863232
1268104075112902657
1268104144658722816
1268104317443203072
1268104405330522112
1268104406567981057
1268104508493697024
1268104768091717632
1268105299594031109
1268105512953933825
1268105521778708482
1268105766776590337
1268106087015706625
1268106268780097536
1268106502360924160
1268106517305266176
1268106655163539456
1268107119569637376
1268107177119477761
1268107545090174978
1268108132770701312
1268108687744200704
1268109068977049600
1268109433000902661
1268109662710198272
1268109858496077825
1268110071520571393
1268110350940954624
1268111785640505345
1268112210821292032
1268112663437074432
1268113228749365248
1268113829042388993
1268113921249996801
1268114996753358848
1268115331916021761
1268116082994356224
1268117609796558848
1268117620579905537
1268118110890070017
1268119212221964289
1268119732001009664
1268119764628434944
1268120091352236033
1268120597327835140
1268121880462004224
1268122903318425601
1268123007932747776
1268123346245304321
1268123434275336192
1268123536960323589
1268123623769935872
1268123726681444354
1268124005107556352
1268124104177008643
1268124194656661507
1268124734069149697
1268124887429701638
1268125144272125955
1268125322240651265
1268125551732109317
1268125974077440001
1268125984420696064
1268126178910466048
1268128568774721545
1268128709275348992
1268128840934514690
1268128984643940354
1268129132925329408
1268130099447992320
1268130719005458434
1268130962598027264
1268131233000718337
1268132723899547648
1268133774128185345
1268134389487226881
1268135020293754881
1268135451380023300
1268135460238319617
1268135544191623169
1268135645815472130
1268135981464485888
1268136321811394560
1268136986210177028
1268138751273734146
1268139008699232258
1268139085723430912
1268139191449161728
1268139413843832834
1268139449793122305
1268139477441982464
1268139664373768193
1268141162709184512
1268141181998784512
1268141269047377921
1268141421313372160
1268141869671657472
1268142005458096130
1268142021413388288
1268142256172785664
1268142318659366912
1268142465355153414
1268143010354565120
1268143358121250822
1268143419869638656
1268144000642330626
1268145086698840065
1268145250486431744
1268145307579224065
1268145837986607110
1268146416129581057
1268146975750397952
1268147161947987971
1268147225898729472
1268148026071085058
1268148098657853442
1268148450740207616
1268148650703650819
1268148837278904320
1268148941868187648
1268149243677532161
1268149335356661761
1268149650034475017
1268149697119522816
1268149758436143105
1268150004566437888
1268150027156967434
1268150929230086144
1268151087493677056
1268151924785844224
1268152262372687873
1268152696785309699
1268152836040376320
1268152894886277120
1268152901458788357
1268153034149789696
1268154264049684481
1268154457906274306
1268154555180748800
1268154650047336448
1268154903244836864
1268155225602392065
1268155401289129984
1268155433073676289
1268155629149003781
1268156248647581696
1268156322052108288
1268156469859385350
1268156644506112004
1268156908369633281
1268156956335693824
1268157579500404738
1268157749868683265
1268158027896508416
1268158509041856513
1268158989327466496
1268159105962663936
1268159452257099777
1268159520838168576
1268159703558901760
1268159927710867457
1268160605766275072
1268160931718103042
1268161216528048129
1268161481083957249
1268162188914626560
1268162277225771010
1268162309446303745
1268162482947756034
1268162759910281219
1268162851534856192
1268162942169686018
1268163074344837121
1268164324981223424
1268164404547387393
1268164614266765312
1268166028535590912
1268166032436256770
1268166074790379521
1268166268655267840
1268166501762125824
1268166634612670464
1268166759628058626
1268166868541624320
1268167311648714753
1268167396038074368
1268167681519218689
1268168005260685312
1268168442311356426
1268168575497334785
1268169376101879817
1268169567450193921
1268169882736250881
1268169901740441601
1268169979473657857
1268170038973919237
1268170223649042433
1268170385159155713
1268170633109811200
1268171213504839683
1268171276989988865
1268171416924499969
1268171756541407233
1268171891610550272
1268172148545212418
1268172381350031361
1268173450402844673
1268173591805341701
1268173783006769152
1268174105993412610
1268174179792064523
1268174633599107073
1268174671163191296
1268175630467829760
1268175898252984322
1268175946005147648
1268175997192429569
1268176019145388032
1268176399283548160
1268176832458711041
1268176860749262849
1268177164266020864
1268177285649010694
1268177586133311488
1268177622967693312
1268177987779821568
1268178019690188801
1268178116154777600
1268178117178392579
1268178233414938624
1268178397391278082
1268178624777203713
1268180028472221696
1268180138929213441
1268180162677551109
1268180583563137027
1268180590458617856
1268180823640911872
1268180973658812419
1268181599582949377
1268181889572986883
1268182204301012992
1268182329954091011
1268182454847901700
1268183013264781312
1268183037046452225
1268183046534033413
1268183055253901313
1268183084916183047
1268183102037336064
1268183118206418946
1268183165568499712
1268183233415577607
1268183249299398656
1268183264553992194
1268183279645200384
1268183734710202368
1268183784198860800
1268183793652940804
1268183905762512904
1268183929871360001
1268183977396973569
1268184437038014464
1268184463399424000
1268184682014752769
1268184685882101761
1268184981337071616
1268185082008764416
1268185103227777025
1268185117551288326
1268185121078689793
1268185406484275200
1268185596553461762
1268185644066537473
1268185698076516353
1268186469312663553
1268186521791877129
1268186747730526211
1268186782681763840
1268188112632655873
1268188370494201857
1268188655467638785
1268188677718642689
1268188756936462336
1268189133777719296
1268189440264077312
1268189795781468164
1268189811849883654
1268189840413097985
1268189852828237825
1268190001810026501
1268190312750432256
1268190406753300480
1268190413027934216
1268190418967109632
1268190424927293443
1268191756128006146
1268192171800363008
1268192309947985922
1268192326981021698
1268192346463559680
1268193226139201536
1268193262495506435
1268193315477839872
1268193515281866753
1268193786263474180
1268194125578461184
1268194180565733379
1268194336400986112
1268194366356623360
1268194531649806338
1268194741344251904
1268194915143516173
1268195902188974081
1268195939434422272
1268196288170012672
1268197157246468097
1268197325786058753
1268197748920238083
1268197947977527297
1268198076839272448
1268198106023280644
1268198116303540225
1268198879830261763
1268199214569287681
1268199361747378177
1268199882407346182
1268200479533813764
1268200794727251971
1268201411390713859
1268201820813484033
1268201913809547268
1268202199068393472
1268202493491773441
1268202691131367424
1268203288807129088
1268203479522250753
1268203535516090368
1268204257255124992
1268204765839798273
1268205349099704321
1268205386659696647
1268205392103792640
1268205831956434945
1268205851866693638
1268206171996827648
1268206182453272576
1268206193777889280
1268206203361849353
1268206460045086721
1268206937524617216
1268207528183283712
1268207544046141440
1268208059031175169
1268208287226433539
1268208706749005824
1268209196719321091
1268209205711900674
1268209252944019456
1268209608344158213
1268209847281090561
1268209969989668865
1268210027501887488
1268210214588702721
1268210289385902081
1268210390359572488
1268210424060809216
1268210455090167812
1268210460022669315
1268210606093537290
1268210891343921152
1268210974802280448
1268211000421109760
1268211023259066376
1268211466886361089
1268211743622402048
1268212150243405830
1268212156740370440
1268212163153403904
1268212175342047234
1268212195646734337
1268212585012383748
1268212648325328902
1268212785558827009
1268212980228874241
1268213288921423872
1268213422191075329
1268213479955222529
1268213610095886336
1268214143607341057
1268214502509744131
1268214524068405248
1268215085706682370
1268215565455200256
1268215779092246535
1268215951243317249
1268216698483568640
1268216756125884422
1268217394083872769
1268217956116226048
1268218018624090120
1268218185662312453
1268218839222927360
1268218964318064642
1268219835814739974
1268220847568928768
1268221503256047620
1268221511829241856
1268221540933545984
1268221698236657664
1268222976685600768
1268223160194916361
1268223583194697730
1268224535905460226
1268224926391001089
1268224985346330638
1268225506966671361
1268225726882480133
1268225853739024384
1268226266605338624
1268226651122552832
1268227230443790336
1268227906884587521
1268227907761000448
1268227927826628608
1268227972055674880
1268228085255725057
1268228103379222528
1268228373030899712
1268228932085612544
1268229076113858560
1268229233941319681
1268229858464878593
1268230167119507458
1268230455809040384
1268230579419590656
1268230599552258048
1268231058602045441
1268231317277356032
1268231476157374464
1268231608609341441
1268231939644850176
1268232314481520640
1268232327634677760
1268232347461185538
1268232364792049665
1268232384547180544
1268232504953253890
1268232523898814464
1268232908407336960
1268232959108288512
1268233008563269633
1268233034475679750
1268233768587886594
1268235245553364992
1268235933188591617
1268236113702989826
1268236232313630720
1268236246498906112
1268236427327873025
1268236559473664001
1268236779993391104
1268236833009401859
1268236954518392832
1268237384195477509
1268237416525172737
1268237812949639168
1268238979972902918
1268239013883916290
1268239029746745350
1268239046133846018
1268239676323831809
1268239763544276992
1268240053462941696
1268240247080419329
1268241242158174209
1268242039784669184
1268242458028027904
1268242664652017664
1268242950447788032
1268243297757089793
1268243474022793216
1268243835446013952
1268243851149488128
1268243866479734785
1268243881700753408
1268244550755155975
1268245396423233537
1268246056359399425
1268250470545600514
1268251188106891265
1268251410052681728
1268254396296683523
1268256451564199936
1268258348559822848
1268258518143991809
1268258639954862081
1268258650780389377
1268258660653752320
1268258677833691137
1268259305930788866
1268261469377921025
1268261674672287745
1268266901278535680
1268269162008322050
1268270398304669696
1268270414859505666
1268270429061382149
1268270459218530306
1268272823077711873
1268272895802802176
1268273748701900800
1268295879901040641
1268298979051294720
1268311301647790080
1268314703878590464
1268326796891762689
1268328521207738368
1268343249464373248
1268348771550756866
1268362746388766728
1268366229175070721
1268368035032625153
1268368555139125249
1268369115808272385
1268370847833616384
1268373817572773888
1268377938472456193
1268380569353818113
1268380865706561538
1268381793893396480
1268382722524880897
1268383890730815493
1268383946020175873
1268383968291885062
1268383995173240832
1268384678790168576
1268387149038137345
1268387165555372032
1268387185755029509
1268387200292577280
1268388574308810752
1268390464136163330
1268391063250747393
1268391462321958912
1268391609613324294
1268392214159216640
1268392397597052929
1268402074955415553
1268402422868819968
1268406456702783488
1268413877634699264
1268413890595037195
1268413906135003139
1268413914464870400
1268413923549642752
1268418033200107520
1268418104045891584
1268419237418278913
1268419249577644033
1268419264584847360
1268419278329597952
1268420264339046402
1268420582548238337
1268420606938120193
1268420638986944513
1268421635419172864
1268423011725709318
1268423173017485312
1268426332892995584
1268427113079529477
1268429148852232193
1268429167391051777
1268429193534156800
1268429206104481800
1268429422450876417
1268430731946180608
1268434335297712129
1268435344589914114
1268436726151696384
1268437465993564161
1268438261296361472
1268438286806265856
1268438299955195914
1268438313381195777
1268446256453562368
1268447134497587200
1268447208443129856
1268450780085776384
1268451788740538368
1268452210595164162
1268452980111491073
1268455303164592130
1268460722369019906
1268462634954829824
1268465261792776193
1268466655736233984
1268469302254075904
1268472100727078914
1268472490155634688
1268477971037171713
1268484309528150016
1268495021709254656
1268501254432411648
1268519178455179266
1268521755288711168
1268525920882573312
1268539661129068549
1268545872624783372
1268546090388926470
1268548831920238592
1268549192500293638
1268557857185689601
1268557866740285443
1268557880203939840
1268557895290908673
1268562008443482117
1268565267275149312
1268567901025513476
1268569024117571585
1268570374196740097
1268575347366387712
1268575844676644864
1268581390116950016
1268589013121634310
1268606447895658496
1268615854951972864
1268615870332329984
1268620233650040833
1268622818108825601
1268721696023797762
1268758518032748545
1268767490940624897
1268784825856602113
1268787235438157824
1268796599129399296
1268800035887742976
1268801674224660481
1268802375252205572
1268803148652531713
1268842358461718529
1268886570884628488
1268886594850902016
1268886613603627010
1268924037834604544
1268935582836654080
1269044767498870784
1269128267237228545
1269137316494401539
1269137323855413256
1269139757264584705
1269149609106051079
1269160224625061888
1269163623810654210
1269199322165346304
1269237235951570945
1269237737170796546
1269238891673907200
1269239791813488640
1269240395742867456
1269247069299998725
1269301879743418368
1269313713997139969
1269979394858078208
1269979400767803393
1269979417599635456
1269979432241950722
1270008122040389633
1270020513042255872
1270046647536332800
1270255194551365632
1271643347854036992
1271727214501888000
1271727233611165696
1271727253072646144
1272181445889384448
1272784571147456512
1282547006511038465
1283282020223684608
1284104231704645635
1284388714290929664
1285904972857524224
