id
1277041384415870976
1277041799668760577
1277049073720127495
1277053685017841665
1277054106809430018
1277056982030008320
1277059413619044354
1277063360190636033
1277064336305868800
1277065905705414656
1277066689549459458
1277066690128277504
1277068276447580161
1277068354377801730
1277072884649693184
1277074354098982913
1277075320135233538
1277075713850437634
1277076679903506435
1277081356976091138
1277082124328157186
1277082647437557760
1277083081782919168
1277083235856420864
1277084407258664963
1277085259037675523
1277087396916494336
1277087496317349889
1277089206435819520
1277090797997879298
1277091076147314688
1277091761043591168
1277093710983860224
1277094203122745344
1277096291898519555
1277096653615362050
1277097189794131971
1277097436280877056
1277097445646729221
1277097498029379585
1277097908215574530
1277097972514172931
1277097974716174337
1277098156925190146
1277098296281116674
1277098562296283139
1277099012038909952
1277100077081751552
1277100802209746946
1277102181603147782
1277102825991012353
1277102994744643584
1277103187309158401
1277104439548051457
1277104590291271680
1277105028298182656
1277105240936837120
1277105698103590913
1277105727014760448
1277107203225219079
1277107370066231299
1277107779237343232
1277108754153123842
1277109161445203970
1277109343226179585
1277114908920778752
1277115961712144386
1277116081048453120
1277117637219106816
1277118346702450689
1277118460066033669
1277118710335942657
1277118799779512320
1277118886505254913
1277119016147005441
1277119075789860865
1277120598791970818
1277121205401604097
1277121304936607744
1277121426076524544
1277122557729140736
1277122741754163200
1277122797773287426
1277123805756796929
1277126180919894017
1277126504262991879
1277126547560755205
1277126711117623296
1277126922388959232
1277127019189489667
1277127248403980288
1277127519532052483
1277127674767400961
1277127795953422343
1277128110480273409
1277128704066383872
1277128861004599297
1277129369132003328
1277129381475790850
1277129430951964672
1277129481157619712
1277129843566493696
1277132407347441666
1277132507352231937
1277132693990281216
1277132740970725382
1277132965059817472
1277132996030500865
1277133290583908352
1277134129994190848
1277134377219010563
1277135452751851521
1277137613044891649
1277138945319374850
1277139018212237312
1277139457963995139
1277140360699932677
1277141543485235203
1277142195993112577
1277142803538014209
1277143939305230342
1277143957445554177
1277144072306790401
1277144176681840640
1277144868670697474
1277145697154813952
1277145923936649219
1277146287482253312
1277146499776827392
1277146745571442689
1277147336913809408
1277147899646767104
1277148067003654145
1277148570320175104
1277149453099479042
1277149551212793856
1277149572268199937
1277149590442192896
1277149652253577217
1277149660042403840
1277149737028857856
1277149748177383425
1277149990771556352
1277150121868886017
1277150951380410369
1277150986985848833
1277151499261366272
1277153125992763393
1277155639756681216
1277155704630059009
1277155776981680137
1277155954165985280
1277156173171560448
1277156195405402117
1277156318579527680
1277156425702051842
1277159535182884864
1277159782579920899
1277160175539896322
1277160263305670657
1277160637072699394
1277162311610806274
1277162501575229441
1277162796774387713
1277163007361953792
1277163037544214529
1277164948410339328
1277165188429406210
1277167678700978176
1277167809064140801
1277168284115271680
1277171190881271810
1277171240315150338
1277173803592765440
1277175132327305218
1277175697740427264
1277177630874169344
1277177758343258112
1277180357285011460
1277180539649179650
1277180718120984577
1277180788228816896
1277181469216182274
1277181660815998976
1277181732542808065
1277182019554832384
1277183664300994561
1277184718547476481
1277185718511718405
1277188734933323776
1277191206913503232
1277192415179243520
1277194476423798784
1277197500156243968
1277197636001337344
1277198018056314880
1277198141024919553
1277198243823153152
1277198319521951744
1277198329907048453
1277198354514997250
1277198559830347776
1277198759315869696
1277199119820320769
1277199166289018880
1277199510653947904
1277200536215805952
1277200772527079424
1277201086223233031
1277201883506057217
1277202593484165120
1277203641854803968
1277203998152351746
1277204886178926592
1277205511960768512
1277206465095163904
1277207068777181185
1277207609318109192
1277207766906609665
1277208497638330368
1277208681843617803
1277209541260632064
1277210112776499201
1277210193797894144
1277210494353301504
1277210587445903360
1277211186916806659
1277211517990006786
1277211981385068544
1277212748129042432
1277213003780218881
1277213524062683138
1277213595554607109
1277213716077932544
1277213833078038528
1277214700275527680
1277215907064893441
1277216841304170496
1277216959688556545
1277218858655416320
1277218999990800386
1277219680873115654
1277221969189101568
1277222113863073792
1277222186839769089
1277223748286869508
1277224309824446471
1277224943915130883
1277225250904666112
1277227077821820928
1277227309905272832
1277227480785448960
1277228410670997505
1277228792512081920
1277229617305141249
1277230656993423363
1277231138436608009
1277232429879529472
1277233274071351302
1277233721712631808
1277233749839605760
1277233964818653184
1277234653271715841
1277234715385139202
1277236261313318912
1277236963926355971
1277238457799020546
1277239624226582528
1277240316878221312
1277240449804062721
1277240891879505920
1277241104451219462
1277242922992369670
1277243263322214401
1277243379911442433
1277243483791790081
1277243764352966657
1277244000559398913
1277244169770000388
1277244174882897920
1277244412553162754
1277244872307638272
1277245864776331264
1277246452276752386
1277246943484416000
1277247092877123584
1277247116373442560
1277247290655207424
1277247588350210049
1277247690280251393
1277248138592415744
1277248517283569666
1277248632001974274
1277248800109637633
1277249409034514434
1277249432845680641
1277249660621516800
1277249719920496641
1277249796642750464
1277250659733999616
1277250990597533696
1277251366876884994
1277252739433553921
1277252792558563329
1277253048218329094
1277253625471856640
1277254255330709504
1277254368706748417
1277254406443077632
1277254527981404161
1277255196217757697
1277256558477373440
1277257783532908544
1277258182650298368
1277258440281174018
1277258781169090561
1277259281239138306
1277259282103169027
1277259604418801664
1277259901081812993
1277260116081864706
1277260118476779521
1277260131298729984
1277260774155657218
1277261604514443265
1277262163954921473
1277262331500613632
1277262949921558528
1277263155471638534
1277263929278791681
1277265987759296525
1277266480363638785
1277266921335881732
1277268033413672961
1277268151432929280
1277268421437095937
1277268592975740928
1277268660789207041
1277268845921660929
1277269420084092928
1277269946741841923
1277270513279045637
1277270921829421057
1277272684431323137
1277273135373447169
1277273143984353280
1277273152519696384
1277273162003013632
1277273173122154497
1277273539406675969
1277273560226992129
1277273842621181958
1277274182095699968
1277274461713006592
1277274530721878017
1277274959673319424
1277274966833221634
1277275055039246343
1277275424402190336
1277275868734214144
1277276251246350337
1277276854441762817
1277276921940893697
1277276942211837954
1277277049472704513
1277277171883618304
1277278268677210113
1277278532264177665
1277278545983598592
1277278768604811264
1277279134692052993
1277279221778243585
1277280283927040006
1277281687857172482
1277281710875410433
1277283700040859649
1277284036864425984
1277284665154387968
1277284709454606337
1277285120861298689
1277286917227163648
1277288985073610752
1277289609785798656
1277290325006942208
1277291078677192704
1277291485893885952
1277293168610799616
1277293229432385536
1277293464128876544
1277294575435079682
1277295255822499844
1277295627186077697
1277296652986941440
1277298376770351105
1277298936567353345
1277299799507628033
1277299892298199040
1277301302934925312
1277304386297819136
1277305877138006016
1277306067911933952
1277306557005303808
1277307015023353856
1277308936534671362
1277312054538276864
1277314904412680192
1277316165325340672
1277316329633013764
1277316881666371584
1277319397346914304
1277321930928844801
1277330956005699584
1277344273617149952
1277353678014484482
1277408108617310208
1277414704013553670
1277416008693821445
1277417707093164032
1277418675243323393
1277422572519358464
1277423152302141440
1277424047656075265
1277425630037118977
1277430439683125250
1277446450486657025
1277446935771705347
1277447051366682625
1277448298312298496
1277454312461922305
1277462190434344961
1277470039772237824
1277485840902447105
1277485884800036864
1277485981424250881
1277488700822192128
1277490706806759424
1277494197726130180
1277513839442100226
1277515767899025409
1277525508431863808
1277529284114964482
1277529301865259009
1277529320005660672
1277529340087906304
1277533696573222912
1277535645578063872
1277541325177413632
1277556417071730689
1277584918323888129
1277594289145409536
1277615167178633217
1277618231470026752
1277626098369605638
1277651119359930368
1277651394971832320
1277651752288804864
1277651924624404481
1277652177767428099
1278218256973656064
1278366105766150145
1278538644454666241
1281437474385006592
