id
1275233865733255170
1275235872636461057
1275243299876429824
1275244639490985984
1275244845888487424
1275245002763862016
1275254498114469888
1275259499125882880
1275260625094971392
1275262026235797505
1275269320151412736
1275269346512613376
1275270114196111360
1275272288892407808
1275272939236028416
1275280201081999360
1275281797073391616
1275283443681656833
1275284098680909824
1275284635895730176
1275287171147026437
1275287533505544192
1275288545045803014
1275292222846459904
1275292479659503616
1275300438108016640
1275301111033823233
1275301204235636736
1275302621461405696
1275302759433039877
1275302855893647360
1275303254491115521
1275303480782057473
1275305140132573186
1275305381707673600
1275305722570354688
1275307453341511681
1275307690558816256
1275308821498327040
1275309474299944960
1275310059698843649
1275312521570734080
1275315308798959616
1275315465028501504
1275316940953645056
1275317252393299968
1275317442382663680
1275317591368761344
1275317874135949315
1275317970437201921
1275318211823583233
1275318362847903744
1275318518062317568
1275318791879094272
1275319151431577601
1275319256398192640
1275319378603438080
1275319685861404673
1275319798667399168
1275320618502615040
1275321270180040706
1275322123179810817
1275322132701032448
1275322196370485248
1275322886602002433
1275323496797663235
1275324285859401731
1275324337462161409
1275324955178209281
1275325218832003072
1275325333378646016
1275327090011717632
1275327577708736512
1275327668259450880
1275327741605249024
1275327845510742018
1275328715921055744
1275328718819360770
1275330279880581120
1275330503411765249
1275330624815915010
1275330946737123330
1275334038383927296
1275334353518804992
1275335622333304832
1275337463796383744
1275337760233025539
1275338842350866433
1275339069598208000
1275339646176649217
1275341327148838912
1275342624098881537
1275344251933483008
1275344974779801601
1275346099503423488
1275346762740297728
1275349875522060289
1275350191055335426
1275351258346315776
1275351267070574595
1275351662278905856
1275352743712919553
1275352780916633600
1275357395611516930
1275358481617424385
1275359351079751682
1275361635960451072
1275361984418963456
1275363435191005185
1275367300808368130
1275369266871627781
1275370022219571207
1275370244941348864
1275370330027167744
1275370731572871169
1275370735037321216
1275371587009515521
1275371615413342208
1275371771634413569
1275372364985851904
1275372972010692608
1275373407765397505
1275373616218075138
1275373635994177537
1275373707330871296
1275374108344119296
1275374236949872641
1275374919505727488
1275376804933427200
1275377620281167872
1275378389042360320
1275379343133294593
1275380199446720513
1275380577584193537
1275380584320126977
1275380784317304834
1275380944401121285
1275381815306403840
1275382738401415169
1275383096855027715
1275383859979251715
1275386660801220608
1275388075712098304
1275389031644164097
1275389114192289799
1275389803618619393
1275390523230965761
1275391666782756864
1275392450966650880
1275393382349590529
1275394373019004931
1275395500070457355
1275395621210296320
1275396125646745601
1275397135752519680
1275398424142024704
1275398492844769280
1275398762144251910
1275399169444679682
1275399269361410049
1275399399452160012
1275400293996363782
1275400666199003136
1275401790419173376
1275402075162042369
1275402603761766400
1275404429907255297
1275404440376229893
1275405978087890945
1275408475863031811
1275409936793518080
1275410069903994883
1275412089188741124
1275412836622102528
1275412941462859779
1275413582012792836
1275413897424461825
1275414022087557120
1275414245614575616
1275414862450081792
1275415013575012358
1275416065212899330
1275416137669341184
1275417128779214848
1275419766237220875
1275422329238159363
1275424821963190272
1275425614284025857
1275431005067702274
1275431112429301760
1275432305922727937
1275432373161582592
1275432968815882240
1275433184314798081
1275434851722653696
1275435400476033032
1275435633238896640
1275436269024280579
1275436278163496967
1275436915244675073
1275437241905500166
1275437306225160194
1275437806559494144
1275438284127088642
1275438496912568320
1275438677485711362
1275439818986500096
1275440742870048769
1275440764785328133
1275441422879997952
1275441767811149824
1275441790355533825
1275441985852026881
1275442551403638786
1275442600778948608
1275442967726051328
1275444990081040385
1275445021441839109
1275445249343512579
1275445447700561920
1275446674018557954
1275448552622178309
1275448598352678912
1275450111150002179
1275450579146272772
1275451343054835712
1275452018086211585
1275452352581922820
1275454766286422026
1275455032226222085
1275455488390336516
1275456132488675340
1275456356099616771
1275456369957588999
1275456618587553792
1275456785613111296
1275456856467501059
1275457102488547328
1275457438494322688
1275458233583296514
1275458337967083535
1275459151955558410
1275459212634656768
1275459450317475840
1275459682237177857
1275459775258484736
1275459998353514498
1275460478550962176
1275460944055791616
1275461820661170178
1275462323684032512
1275462507709124609
1275462678329221120
1275462837414977536
1275463038317940741
1275463374885683200
1275463662287929350
1275464116312760321
1275464849170948098
1275465063290114048
1275465907779670017
1275465911080632321
1275466292972056576
1275466302149128193
1275466571335397376
1275466640532975618
1275466657159213056
1275466660422377472
1275466663278735360
1275467383402983424
1275467447311544325
1275467806604066816
1275469422082359296
1275471484497035264
1275471878669262848
1275472211466305538
1275472748035399680
1275473268011446273
1275473817347846145
1275474086139957248
1275474852615294977
1275475009721503747
1275475866894479362
1275476555058212864
1275476848877555712
1275477625356443649
1275478054580752390
1275478645784506369
1275478841369276416
1275478967219138560
1275479660101619712
1275479762048180224
1275481138014744577
1275481470480465926
1275481490864738307
1275482250780397569
1275482543068819457
1275482706776752134
1275483058867539968
1275483063372267521
1275483412053147648
1275483552931512321
1275483710813376514
1275483833064923136
1275483853071609869
1275484275140255745
1275484283621130240
1275484380564054017
1275484392941424641
1275484413606809600
1275484933054590976
1275485105901854720
1275485457258704896
1275486749209305091
1275486849021050886
1275487637671940098
1275487853468942336
1275489307910795265
1275489592003584005
1275491770533462016
1275491864003534848
1275493799175712769
1275494471942066176
1275494689060208640
1275495788269969410
1275495918226206721
1275496598441562112
1275501255427682304
1275502071005892609
1275502277978017792
1275502701325905920
1275502854535409664
1275503051025997824
1275503239010476033
1275503328638582785
1275503535346475008
1275503589142573056
1275503673133592576
1275503819581911040
1275506670618267655
1275507458140540928
1275508766742581248
1275518554385735680
1275533699325419521
1275536866851209216
1275591312134115328
1275591668213755906
1275609227713826818
1275613739434143745
1275617439691075589
1275620391159922688
1275620789279166465
1275620974600302592
1275623363096932353
1275630199061639170
1275631229354692608
1275638461316452357
1275638469461774336
1275640131655852032
1275640193119186944
1275640341555589120
1275643084475424771
1275653266089676800
1275653315888545792
1275656102059835394
1275658277758656513
1275661516239515654
1275661720170704896
1275661833471475712
1275668519867351042
1275668887674241026
1275671286006587393
1275672833398620161
1275673655813509123
1275682198323105793
1275698822371520512
1275700165895208965
1275714952838483968
1275719734999363590
1275720436320518144
1275728681357520904
1275743834387947520
1275749886441320450
1275751984776114177
1275753464287473671
1275786240604831750
1275789513294352384
1275797124932751363
1275809408249978881
1276191149133160448
1277197358271356929
1277213538239442944
1277529601921527809
1280886414326939649
