id
1271253225308426240
1271263495129124869
1271264747174821888
1271265080504541189
1271265491319848960
1271266666907701249
1271268008351039488
1271268484077334529
1271271934907449345
1271271952645324800
1271272138759004161
1271274775373967360
1271278257191579648
1271278601862696960
1271278802988003328
1271280127368781833
1271280563329003520
1271282065552465922
1271283821963382785
1271286572072067072
1271287134972862464
1271287150990909442
1271287735148408837
1271288186266738691
1271288364059119617
1271288517964869634
1271291263686336512
1271291442846023685
1271291551285567491
1271292181349720064
1271292607662919680
1271293351719956481
1271293539180113923
1271294339558313984
1271294418729889794
1271294468151316480
1271295017596776461
1271295114023821313
1271295615192797184
1271296313565474817
1271296932078448645
1271297655537205248
1271297818662076421
1271297984228024321
1271298015303733249
1271298025890050049
1271298026338828290
1271298528841621505
1271298855213006856
1271299109475848192
1271299203713531906
1271299370017677312
1271300018394107905
1271300092251668480
1271300185788997632
1271300206512857088
1271300278868992007
1271300739319558145
1271301091377008642
1271301407753158656
1271301507707625472
1271301647038164992
1271302047594246145
1271302338951516162
1271303598337519616
1271303651865264130
1271303977812934658
1271304010016845824
1271304558761787393
1271305716427440129
1271306077632475138
1271306278623514624
1271306293735829506
1271306333703159809
1271307421101600769
1271307650584600576
1271307755937165312
1271308545485533186
1271308632932532224
1271308651773349895
1271308748989046784
1271308795092692994
1271308800188768259
1271308905969147906
1271308948121870346
1271309022700777477
1271310321341194241
1271310415935479814
1271310428719640576
1271310852289781760
1271310933697032193
1271311114676998146
1271311917340975106
1271313393945677825
1271314932991094786
1271314993808412675
1271315152206364675
1271317133813669891
1271317201815912455
1271317254655799298
1271317259697262597
1271317349111484416
1271318139385438209
1271319174355152896
1271319350440427520
1271319721565020161
1271319752955183104
1271320772963758080
1271320825736515584
1271321548926812161
1271321891609784321
1271321968264896512
1271322788062621696
1271323848504418304
1271323926111547392
1271324061402984454
1271324521790767106
1271324959072124928
1271324981415129088
1271325494366007298
1271325822134054914
1271325935745171456
1271326319616258050
1271326721560596481
1271327455089811460
1271327751371280387
1271327851808079877
1271328717516623874
1271328770826235904
1271328788568109056
1271329051941072897
1271329401163005952
1271329452857802755
1271330844280418305
1271330858025148431
1271334106521939969
1271336244669059073
1271338379255242752
1271338671682154496
1271340102413774848
1271340206491176961
1271340262728458241
1271340452411629568
1271340686382493697
1271340818003972096
1271341391155589122
1271341646278524928
1271342311843131392
1271343320225271808
1271343726565064705
1271344565077729281
1271346807767879680
1271347756125360129
1271348638283739138
1271348923920076801
1271349097841057792
1271349138215534592
1271349150337003520
1271349185871097856
1271349188907892737
1271349205022343168
1271349227134676992
1271349293853495296
1271349684875878400
1271349738890092544
1271349758951481350
1271350304479436800
1271350517902520320
1271350570624974851
1271351619699929089
1271352076241530880
1271352747997061121
1271352818595577857
1271352826099142657
1271353351054262272
1271354668430417920
1271355779702902784
1271357714447298560
1271357811251953664
1271358047688900610
1271359015180591105
1271359769173831680
1271359776316731392
1271360274906275840
1271360373011156993
1271360554972540929
1271360685256171523
1271360830743834624
1271361158851596288
1271361217618079744
1271361647538569216
1271361707105873920
1271362799680225281
1271363338845466626
1271363628768190464
1271363845219512320
1271364316315320321
1271364488327909376
1271364667235946497
1271364945989566467
1271365021193256962
1271365295349927936
1271365632848613377
1271366175574724608
1271367257445117952
1271367330530914304
1271367377800712192
1271368442193408002
1271369271248064513
1271369301694353408
1271369591571148801
1271369615659204608
1271369669576806401
1271369878868389889
1271370157084966913
1271370331270180871
1271370375083909121
1271370446840016896
1271370657020866560
1271371379581976580
1271371744792608769
1271371786874228737
1271371972631379968
1271372746799419398
1271373237771841537
1271373441044635648
1271373970286112769
1271374094148096002
1271375045131030528
1271375191235391488
1271375437550116870
1271375473168154624
1271375677502021633
1271377435544576000
1271377509783756800
1271377632651694081
1271378287273492481
1271378610918588416
1271379564921368579
1271380086361452545
1271380095576322048
1271380137343250439
1271380172927721472
1271380841466261504
1271381029362847745
1271381193259245568
1271381196333694976
1271381265397227520
1271381701881544704
1271382067301904384
1271382275158990849
1271383177903304705
1271383490609573888
1271383898279165952
1271384426581278720
1271385710415642624
1271387416956407813
1271387494127468548
1271387699430125568
1271387821538856960
1271387833366806530
1271388316558979072
1271389252098482177
1271389432914968576
1271389877666447360
1271390036055867396
1271390160534540290
1271390422405992448
1271390574235594755
1271390983645810688
1271391341193228288
1271391358662488064
1271392294021632002
1271392468831834112
1271393357302910976
1271393431093252098
1271393706742919168
1271393713839890434
1271394273477324801
1271394710603603968
1271394896016891905
1271395409206759424
1271395655894720512
1271395710492012545
1271396473880502273
1271396518855979008
1271396841658003457
1271396975582146560
1271398002922532866
1271398132258144256
1271399460711489536
1271400054171942912
1271401310814826502
1271401329081020416
1271401378447978496
1271401615530946560
1271402687003684864
1271402951479750659
1271403345886896129
1271403633418985474
1271403835794178049
1271403888042803208
1271404021362786304
1271404055395364864
1271404375378784258
1271404411386949637
1271404488952131585
1271404800547057669
1271405835768549377
1271405886049746944
1271405915808206849
1271405969638072321
1271406091411181569
1271406149904916480
1271406303932346368
1271406638868520962
1271407239404773378
1271409960522444800
1271410041052999681
1271410210012229632
1271410869302263809
1271411030124453889
1271411269501767680
1271411457603727364
1271411907551887360
1271412599633014784
1271412796098351104
1271413312631091200
1271413531582267398
1271413600398106625
1271414142990118912
1271414367028785153
1271414870542397441
1271414878910115847
1271415081784360961
1271415284050669569
1271416553066696706
1271416604023119872
1271416642493267968
1271416942310510593
1271417320829620224
1271417603076919296
1271417735377870848
1271418656296022019
1271419405386182656
1271419913479938048
1271420779691782146
1271421995842801669
1271422717162450950
1271423307812765696
1271425202530824192
1271425344818593792
1271425516734517255
1271425633760038913
1271425883119607808
1271426226339475459
1271426330660233217
1271426920618450944
1271427129289216000
1271427330821390336
1271427373167079424
1271427817033666560
1271427847425581059
1271428377618989063
1271428441947033600
1271428931120508929
1271429028029673472
1271429873014198273
1271429917922586625
1271430097799544833
1271430403849625600
1271430654169776128
1271430980771946496
1271431063965822984
1271431083200966668
1271432105206018051
1271432127339528193
1271432774461739018
1271433293339164674
1271433349400150016
1271433661221494789
1271433742465167360
1271434050188664832
1271434625252880389
1271435428579512328
1271435738102415362
1271436861311868928
1271437687044497410
1271437760427986944
1271437927008985088
1271437977613332482
1271438361807319040
1271439247036178433
1271439653317435394
1271440132965449729
1271440808714006532
1271442881971138561
1271442976158347267
1271443235034947584
1271443257969348608
1271443597523431425
1271443893784109057
1271443943071395845
1271444181328617478
1271444312744583169
1271444790257741827
1271444795911618562
1271444808595320837
1271445099520692224
1271445168214941696
1271445174749560832
1271445319234904067
1271445529420062725
1271445590728048642
1271446042156793856
1271446387817930757
1271446457627873282
1271447011267674112
1271447059447476224
1271447114036293632
1271447153093734400
1271447257351512067
1271447295385464833
1271447345557692416
1271447641549705216
1271447840150061059
1271448114709192705
1271448274210189312
1271448587629522944
1271448661474467840
1271448805716590592
1271448836934787072
1271448883571257345
1271449146315030529
1271449325156151297
1271449428428128257
1271449602487533574
1271449611429789697
1271449816136994818
1271450146673311744
1271450648341602304
1271450685855260674
1271450730436558848
1271450743757815808
1271450799030145029
1271451061539287043
1271451159518015495
1271451738696896512
1271454197431427072
1271454680527147009
1271455148389220355
1271456008049577984
1271456046020653058
1271456182352457728
1271456238958755844
1271456472942039040
1271456679100420097
1271456735937458176
1271456757852889095
1271457012174385153
1271457162905018371
1271457382095179776
1271457712417566720
1271457931473506304
1271458491467616256
1271459173256044545
1271459529222270977
1271459872014360576
1271461349676072960
1271461781018259457
1271461863243436032
1271462247819128834
1271463194712633345
1271464705458974720
1271465957328896001
1271467157142990848
1271467314462855169
1271469143657570304
1271469573640876035
1271469685280632832
1271469713835487232
1271470591808163840
1271470641577779201
1271470689896161280
1271471080725598210
1271471573380198402
1271471840049823744
1271472624439181315
1271473007635161089
1271473193975349253
1271474386495660036
1271474754525040642
1271474907398848518
1271477351855951878
1271477695528853504
1271477981672697857
1271478234895376385
1271478507269308416
1271478535790776321
1271478645517942790
1271478832248156161
1271479040348524544
1271479526061563907
1271479670114938880
1271479674682499073
1271479780173438978
1271480193819873280
1271480312220880896
1271480507973296128
1271482345372213250
1271482378062422017
1271482879684444161
1271483703475105792
1271484019989860352
1271484362446352386
1271484461566189568
1271484908536385537
1271484918934065153
1271485234257604608
1271485245540274177
1271485319884312576
1271485464235503616
1271485519503880192
1271485709417734144
1271485768297443329
1271485884798468098
1271485995259584512
1271486035596152832
1271486042789384192
1271486115447541761
1271486165942583296
1271486182254276616
1271486223433883648
1271486708681371648
1271486862297911297
1271486934892908545
1271487240347123712
1271487436841861121
1271488016263942145
1271488404249694208
1271488652317790210
1271489073320833029
1271489137120403462
1271489919291060225
1271492111645372416
1271492171728736256
1271492565406068736
1271492688060141569
1271493576954744833
1271493706252574721
1271493772526776322
1271493892131545089
1271493904194351105
1271494449239977984
1271494454197665792
1271494506483834881
1271494563358576641
1271494579422969859
1271494829470408705
1271494960693436417
1271495096786173953
1271495217393266689
1271495277573177350
1271495494208876545
1271495499476905985
1271495778234544128
1271495991682691072
1271496556764524545
1271496824214282240
1271497065730699264
1271497085033078784
1271497832478806016
1271497973663297538
1271498440640303104
1271498814310899712
1271498850985897985
1271499391673577472
1271499778267000832
1271499912044089345
1271500863584923649
1271500967599419394
1271502001113686017
1271502337450729472
1271502615692455936
1271502747091664896
1271504001192742912
1271504069794750467
1271504278058721280
1271504306974289923
1271504592153395201
1271504625095458819
1271505081779679232
1271505125543051273
1271505590762606592
1271505640490328065
1271505725726945280
1271506156016427008
1271506193781895174
1271506275902210048
1271506656824659968
1271506692027543554
1271507120937000961
1271507154206248961
1271507760165916672
1271507883696377856
1271508147702607877
1271508385423228929
1271511359159599104
1271511568774082560
1271511645576101891
1271512677509029888
1271515242795724801
1271522879893471232
1271523403447652353
1271531909906960385
1271533076561031169
1271575571126837250
1271589617691578368
1271593889359556610
1271594700626165766
1271606450226225152
1271606515573628928
1271612111081226242
1271612176453660673
1271613366461579264
1271613823846236160
1271613844377333760
1271616884811558915
1271618609740218370
1271618810542460928
1271626429839503360
1271628257213820928
1271628443004874753
1271628534532894720
1271628651788824576
1271630082306707457
1271630921540571136
1271633497040367618
1271636209740034049
1271637360493490176
1271639515401031681
1271641746582036480
1271643535842762752
1271646583902224385
1271648218032398336
1271649346086481920
1271649912141172738
1271665403350024193
1271670250690338816
1271670382479597568
1271671575285121025
1271672062050889728
1271672604911259648
1271674009642360832
1271677980327084033
1271678326659145729
1271678372234457088
1271678407164616705
1271678685691523073
1271678725139001344
1271679592885940224
1271679643167477760
1271680141257834496
1271680400901824512
1271681593451528192
1271681951968063490
1271684265617633286
1271684882582798337
1271685212301221888
1271685876691505152
1271686711341461506
1271686752995028992
1271690548613533696
1271691294964883457
1271693945311858688
1271695633166905344
1271696390876360704
1271697240814260224
1271697250792566784
1271697401745559558
1271702149798354944
1271710122654396416
1271714104089042947
1271744234362564609
1271787733971636224
1271824015141863424
1271826855780208641
1271829482710552576
1271833083826716672
1271833256820830209
1271833714029260801
1271833876218785792
1271833904060588033
1271833947282894849
1271835622651514881
1272174238321897479
1272807709885075456
1272807928056041473
1273088149720166401
1273160611359346691
1273272870140096514
1273539339729817601
1273539641103151104
1273541820438310915
1274780286165741568
1276485859286663173
