id
1242520148461969415
1242493358628573186
1242486887207456768
1242470849451446278
1242470691087060994
1242470557448200192
1242469647393239040
1242469493567139841
1242468988472283138
1242468441417756672
1242467553412145153
1243036346354003968
1243036242750533633
1244823203777630209
1242510898415022081
1242507730595676160
1242505252063989760
1242496006614323204
1242495607270305792
1242495502924431360
1242494902228807681
1242494745034649600
1242494242213126144
1242494213763117057
1242493602552569856
1242493357282164738
1242492562604081153
1242492519176237056
1242743103741497344
1242706958362148866
1242650901711433729
1242648894934155264
1242643501222936577
1242629693557399552
1242511897120903169
1242474347643559937
1242470829557837824
1242463323825655808
1242442076299522048
1242440784520986625
1242408499239219202
1242385940347322370
1242380968977104897
1242380775749804037
1242373135510441985
1242371302918434820
1243901127298441216
1242707602238246912
1242697689462120448
1242697304202547201
1242691039930060800
1242683854726393856
1242670085103386625
1242669367814283266
1242667534974763009
1242651521705074688
1242642793052418049
1242641845013737473
1242637155048067072
1242636266526535682
1242630122236067840
1242629339708968961
1242629016479133696
1242617811152732161
1242614014909100032
1243662255625056257
1243547957263323138
1242485949105389569
1242474486026231816
1242376132042698752
1242359341245591553
1242350500655149056
1242350445604900864
1242339417970204673
1242680300980678658
1242670288640204800
1242477981135597570
1242463714684448768
1242513509725831168
1242512256459345920
1242509267439099905
1242508017557311489
1242503838608715776
1242503807503937536
1242503580470272002
1242501949104291842
1242501426208591874
1242501265273184256
1242500309793947648
1242499301630021633
1242498895655194624
1242498580272775170
1242498522424852486
1242498513981693952
1242498501772062723
1242498491240177664
1242498483174559744
1242498393617784837
1242498298155425792
1242497981271560192
1242497501992796162
1242497430123249665
1242497425220218881
1242497343712182273
1242497332295368709
1242497252687413253
1242497060730892291
1242497026329169920
1242496981542395905
1242496931999256577
1242496775086194688
1242489550414336003
1242488927962841089
1242486466338385920
1242485699300884480
1242484455576485889
1242483329833652225
1242482675824246785
1242481940319440898
1242481317616340994
1242481064355844097
1242477147706421250
1242475098734333953
1242475043302465539
1242474315196567552
1242473032670560257
1242471949835464705
1242469464148340736
1242468731780886535
1242468125641076736
1242465156149338112
1242464288138080257
1242463172851691520
1242462953342783491
1242461468701777920
1242459184228155395
1242458925208829957
1242458913221554176
1242457828696170502
1242457638517878784
1242457522977439744
1242457448650162177
1242456996764356609
1242456598569615361
1242456032476975105
1242455529475227648
1242452741320032258
1242452634390294530
1242449557838954499
1242449513794560000
1242447654132436993
1242447599799422977
1242447269598642176
1242443551989837826
1242442750370312197
1242442679796916229
1242441581723934723
1242441110846234629
1242439343710453761
1242437437088870400
1242435146189398016
1242435013565485056
1242433959147028481
1242433454567907329
1242433045501595649
1242432570404425729
1242430629490249729
1242429847261065217
1242428514130735104
1242428321217957894
1242427371808002048
1242426757803802627
1242426721950822401
1242425961938903041
1242425202086014977
1242424814754619392
1242424812909105152
1242424811650830337
1242423806569771011
1242422319655473152
1242422067636494342
1242421023774928897
1242420983362920450
1242420017234210817
1242419774774099971
1242419346850234371
1242417974205509632
1242417128713543680
1242416621987094530
1242416156507377664
1242415217746644992
1242415201590431744
1242414091999772672
1242412520750469120
1242411247229972480
1242409810261245952
1242409184718655489
1242409184630468608
1242408685562933248
1242408533426982913
1242394340015501313
1242393621027905536
1242393277791420416
1242392681403179008
1242392116988276736
1242391118404345856
1242389031297544193
1242388199478984704
1242387126030749696
1242386293146836992
1242386254819250176
1242385978397884416
1242385909166686208
1242382979457929217
1242382164349431809
1242381928918945793
1242381475598622720
1242380333414260737
1242380288467951618
1242380139834380288
1242379155800387590
1242377788834881541
1242377093637459974
1242377058728067072
1242376546968416258
1242375975339315200
1242374414022385669
1242373437047234560
1242372417323962371
1242371205375516674
1242370855721562112
1242370571939147776
1242369723284639745
1242369620419301376
1242369441356075009
1242367873374244866
1242365849958146048
1242365077585420290
1242364564198416384
1242364321918676992
1242362941095075847
1242360478963077127
1242360026208985088
1242358821466431488
1242358742777282560
1242358628926939136
1242358368875896832
1242358227070627840
1242358107507798016
1242358074922258432
1242357492702564352
1242357269838196736
1242357208622329856
1242357029332606976
1242356170788163584
1242354984152227841
1242354628982788096
1242354455779012608
1242353898645360640
1242353468922347521
1242352730133286912
1242351669695766529
1242350805442691072
1242350794613108736
1242350446921973760
1242350441394065408
1242348715584585728
1242347833614692353
1242347625879240704
1242347433989771264
1242347374070116353
1242346641476050944
1242346294753914881
1242346166345334784
1242345664203206656
1242345420673540097
1242345336783306752
1242345069631299584
1242344629053165574
1242344032631549952
1242342835392630795
1242342162949382151
1242341552774512640
1242340883833303040
1242340286832857088
1242339610849468417
1242339221483880448
1242339046803660800
1242338322581606400
1242338116981026816
1242336045477191681
1242335877214416898
1242334532600119298
1242333096160006146
1242332855323070470
1242332575604985858
1242332306754252801
1242332267738882048
1242332131524849669
1242331717337108486
1242331442811568128
1242331341233901573
1242331288448561152
1242331080604225537
1242330817902202886
1242329549481836544
1242328600927297536
1242328454533693440
1242328301139398656
1242327657427005441
1242327591421280256
1242327292451278858
1242327272788357120
1242327214890184704
1242327058333626369
1242326735212834816
1242326561673474048
1242326500579426305
1242325761664532481
1242325568919605248
1242324747582459904
1242324440567803904
1242324140335542274
1242323754157400069
1242323269396529154
1242322985714843648
1242322635783950337
1242321908617494535
1242321516299198464
1242320437029281792
1242319351727833088
1242319318685118465
1242319251056111616
1242319160417251329
1242318546798915584
1242318538209021953
1242318506986582016
1242318305869717504
1242318239041867776
1242318132061941760
1242317958942035968
1242317941380714497
1242317569270276097
1242317516371660801
1242316318495264770
1242315214151770117
1242315173697712129
1242314582569275393
1242313453315866624
1242310839161335810
1242310831745859584
1242309689783676929
1242309020808916993
1242307891471593472
1242302393192026113
1242302388687396864
1242298923429044224
1242297990686978048
1242293554367483905
1242287251473584128
1242287083793690624
1242286995235205120
1242283597236596737
1242280995060994048
1242276681311633409
1242270395551473664
1242268208498802688
1242261666504441857
1242258972670738432
1242256191222190081
1242245139176624128
1242244972549566464
1242786335900852224
1242722709831847936
1242695946502356992
1242680718867611648
1242674791552700416
1242627313348407297
1242626554049388544
1242489027250421760
1242481078423568385
1242477066722795523
1242476279577710593
1242470140899278849
1242469802058240007
1242462866449391616
1242438517361266694
1242396689866076169
1242388731895541766
1242385547382800386
1242380353525796864
1242366711585632257
1242360485594288128
1242359869614637056
1242356088340541451
1242349334269530113
1242346501239721985
1242345462562279424
1242345163176833026
1242342173078511616
1242338862719885313
1242333845384384513
1242326308631109634
1242322995286167552
1242315230731853824
1242568352444317696
1242561453413920769
1242558686611951616
1242535772617465856
1242529609897463808
1242524930396139520
1242523926292463623
1242518244717715458
1242511982600712193
1242511835452116993
1242510527428825089
1242502173797134336
1242499564914888705
1242499520451100673
1242495345881264128
1242491802717949953
1242491750465163268
1242489303541956608
1242488141878931461
1242486375984836610
1242484087467552771
1242483086039732224
1242482252753145856
1242481990013599744
1242481003563585542
1242480837322346498
1242477335900606465
1242476135687966720
1242474055237660674
1242472495350870016
1242472400287137793
1242471595035119618
1242470735261634561
1242469801924202496
1242469691010035712
1242469641512869889
1242469606918217728
1242469572927602688
1242468830267559938
1242468797023309825
1242468717390372864
1242468704203374593
1242468645525045248
1242468568085618692
1242468555200712704
1242468527669489665
1242468511856750595
1242468464951824384
1242468327663915014
1242468171447070724
1242467919507800064
1242454448103763969
1242454375433269248
1242449076169277443
1242446781973024773
1242445536470298627
1242444682774233088
1242443721259405312
1242437906586718208
1242433649766584321
1242430143282311168
1242423727272255489
1242423359163359232
1242413336475533320
1242407146542608384
1242402432501547015
1242377052331765761
1242371131476066304
1242363488451694593
1242357450788896768
1242357334883495936
1242351034313236486
1242349728861319174
1242334552057466880
1242334497095311360
1242331974921940992
1242331953598099457
1242331614866108418
1242329212444274688
1242327386718269447
1242325758741118976
1242276462889074688
1242488762178756608
1242488047670722561
1242487511290499079
1242487089737789441
1242486964776919040
1242486266630795271
1242485526453555200
1242484545405898754
1242484450593845248
1242484339377487873
1242484329256648704
1242484223971405826
1242484219005128708
1242483878977134599
1242483235973525505
1242483077906960384
1242483052200120320
1242482903944065029
1242482206104264704
1242481905796182017
1242481774711595008
1242481574777516035
1242481281797152769
1242478966247571458
1242476870890897408
1242475970155536387
1242475587375001602
1242475257312706560
1242474751731228674
1242473753184882689
1242473172152147969
1242473033148682241
1242471522490515456
1242471496263458816
1242470857789730816
1242470405731782657
1242470021390983168
1242469929334403074
1242469523447414784
1242469034282463232
1242920702346440705
1242829779717492736
1242781660753596416
1242772755101020166
1242731988953387008
1242703888878161920
1242703689183162368
1242694639720599553
1242682668023779329
1242661589980835842
1242642350934880258
1242642111364653056
1242635869082669056
1243438446921666561
1242468494974672898
1242468369292394497
1242467841405784065
1242467710434291713
1242467354556022784
1242467166202593280
1242467002020577282
1242466899381743617
1242466698248114177
1242466283041374210
1242466153072484354
1242465999716147202
1242465852995166210
1242465838977798151
1242465152722546688
1242465126399102976
1242464853979041794
1242464737033457669
1242464674169253888
1242463307744727040
1242462805552279552
1242462794097684481
1242462297844563968
1242461853713752069
1242461814106894337
1242461532375502853
1242461139948261377
1242458520794038272
1242457237022478342
1242457138808700929
1242456059232600065
1242454150983503875
1242452306320211970
1242451480277184512
1242443923789733888
1242443323085713408
1242443192642854912
1242442429669748740
1242442145002188811
1242441100570193920
1242439895617921024
1242435514663415808
1242432462703091713
1242432302677757952
1242431412982013955
1242431113110437888
1242428132029689857
1242427170250584064
1242422951192002560
1242416977466949634
1242410937102950400
1242407925328400385
1242407839093538816
1243148661523128320
1243102111463665664
1243034240343670784
1242370000280866816
1242369774757105664
1242366013666021376
1242363224881856512
1242362596235399173
1242362445429190656
1242361552147230725
1242360092382674945
1242358122972397569
1242357857410002945
1242356879189303296
1242355930949451776
1242349639514214400
1242349186147909632
1242348848858660864
1242348464865972224
1242346559372591105
1242346310944120832
1242339200843694081
1242335864979513344
1242335480294719489
1242335218536611841
1242334548894961664
1242333676093837315
1242333489166290946
1242332400702521345
1242332374106402816
1242331614685704192
1242328004283502593
1242327214462398464
1242325273976004608
1242325132988657665
1242324785985617921
1242323929034821632
1242320493274730496
1242318211091058688
1242317388529520642
1242311531402067969
1242310704595636225
1242308319815045120
1242305970492960768
1242305528665178114
1242305321403428864
1242302966712983555
1242301519006818304
1242301154295459840
1242300280642736130
1242286227140870145
1242283623740518400
1242279206236483585
1242272386138939392
1242244241025359872
1242243387434074118
1242769310143008769
1242462409941331972
1242462070064349187
1242461575518334976
1242460996804857856
1242459184903475209
1242457365770690561
1242457079232724992
1242456387738906626
1242455986377330688
1242455858891505664
1242455677752221698
1242455196954800128
1242455020236234753
1242454894549839872
1242454885225750529
1242454631713779712
1242454453669834753
1242453953347866629
1242453886511677440
1242453676221849602
1242453540435443712
1242444292146245632
1242440813839179776
1242434175317069825
1242433572088295425
1242431307818270721
1242428424788029443
1242427735982641152
1242424536798089216
1242424265334501377
1242423991941206016
1242423199096115207
1242422535834103808
1242422342002692097
1242422107813728256
1242421800199278592
1242421517843140609
1242418343061204993
1242418263084208129
1242415137497075712
1242412088708026373
1242408573935616000
1242408536044261376
1242406770712158209
1242402460779433984
1242400787906482176
1242391923324682240
1242390973985853440
1242389562304823296
1242385490642440192
1242384731246919680
1242379698954317825
1242378665394126848
1242377915645526017
1242377415562629121
1242375896582877184
1242373477417418752
1242372418666000384
1242370268720435200
1242362024178233344
1242641686066577408
1244290467946057730
1243054336474664960
1242520188882259968
1242490230109700096
1242484227012100096
1242460765837078528
1242458638465339395
1242451990170517505
1242432163599060992
1242432133743947776
1242431875853008896
1242373890359341056
1242373546568974338
1242368836633944064
1242364594254823425
1242362327116042245
1242361974077272070
1242361707592384513
1242354720532049920
1242346865665781760
1242346141129355264
1242345704397443074
1242332168266764289
1242328389198811137
1242326951798411269
1242290952024154112
1242276840074428418
1242490044314554374
1242482103805042691
1242475361255821315
1242468399437033472
1244810705490055178
1242373791293947904
1242344189884608515
1242372312793526273
1242322006139219968
1242457835197337600
1242325987498414080
1246720690721394689
1245456401918357504
1245539879657672704
1246368973496578048
1242579910696112129
1242559463459966976
1242539233539170305
1242539203575021568
1242538925400489984
1242533628464291841
1242526743165992960
1242526679337021441
1242525005545496577
1242522223149297664
1242519535397285888
1242519351380414465
1242517196170911747
1242509475426316288
1242507729928966144
1242506277634191365
1242503469589815300
1242500384330924034
1242499394567626759
1242499049363668992
1242497914360016898
1242496803594850305
1242495678065987589
1242490918562705410
1242490283410915333
1242489381006397440
1242488786686078981
1242487650537345024
1242485885070741504
1242478061301334020
1242475645306671106
1242475609462157312
1242475393447153670
1242475233774166021
1242474507819868160
1242474238524579842
1242474124309450754
1242473582317506560
1242473518626787333
1242473113800962052
1242472899916619779
1242472643586031617
1242470101204385793
1242469416907898881
1242468460250017793
1242706320949563392
1242697184912392192
1242671207817805824
1242663672444403714
1242645086090878976
1242635815043231745
1242615766895284233
1242614865945964545
1242986138383446017
1242985661012951040
1242464425962921987
1242463535394746368
1242463524338585601
1242684159904174081
1242588172434866176
1242541792513294337
1242536497913507840
1242531230647824385
1242528046680244225
1242502995331305473
1242499000361598977
1242496350899654656
1242484934482198528
1242484756832387073
1242484462081814530
1242466041445232640
1242465876135346178
1242465112960581637
1242465024355909643
1242464717995532293
1242464497689858048
1242464308795076608
1242464199994773505
1242464086467715072
1242376349441863682
1242373206633259008
1242361428478062592
1242343198489337857
1242341585255190528
1242339083378180097
1242337535734337536
1242329619237224448
1242328461949251590
1242328313541976064
1242327640981352448
1242320035613294592
1242569738804477955
1242550940051181568
1242515962642886656
1242515100600168448
1242514359558885376
1242513957828476928
1242513805252362240
1242513362052767745
1242511361894051840
1242511299269079045
1242511136160993281
1242510750498856962
1242510698124644355
1242494199179558921
1242488861680226304
1242488605152382981
1242485948203458560
1242478986417958914
1242477938081062913
1242476167812108290
1242476022085242882
1242469573644832768
1242468491699064833
1242465866316275715
1242465418784038919
1242464653931712515
1242464369893453834
1242463890719547392
1242463628063719425
1242462232383909889
1242461295187611648
1242456758603272193
1242456650679631872
1242456584380350466
1242447545516752896
1242443363883728896
1242443362205978624
1242443360196915201
1242443141111668737
1242442787007549442
1242442576092753920
1242441889388756993
1242440102392950784
1242439819080302592
1242438750161874944
1242429253855186944
1242426004594814977
1242420672803962881
1242420097890668544
1242419900036964352
1242419765919932416
1242404297909903362
1242401659055157248
1242400192936267776
1242397445918605316
1242397417271484417
1242397278934990849
1242396141112586240
1242395867287445505
1242395729617776640
1242389079913836544
1242388878922854401
1242388090716643328
1242383151919280128
1242376630707912704
1242373263776309248
1242372157461524481
1242371728103407617
1242371501355040770
1242370976475578374
1242368835753324545
1242368831626121221
1243884706560606210
1246154586496233472
1242601989684355072
1242556264996954112
1242556255652077569
1242549237008576512
1242547925122609152
1242547922341785600
1242542465862664192
1242541952563687425
1242541260033810433
1242531651449548800
1242528529662783489
1242528143270744064
1242525215999102977
1242525072729886720
1242539202966945792
1242503982792052736
1242480154846228481
1242468625291735041
1242464445697110016
1242463090223878146
1242463033630191618
1242462962104692738
1242457114393673728
1242364423764873216
1242315241675001856
1242314601393541125
1242580223855489024
1242542741118226436
1242531576308625408
1242521713557901313
1242516882113966081
1242515692076683264
1242511336338337794
1242510200398950401
1242509661762457602
1242509592136998915
1242503551009472517
1242503445879259136
1242503063031570432
1242501432487612422
1242500162720862208
1242499695064342528
1242497280831193088
1242495807565090818
1242495728758468608
1242494384156872704
1242492518870077448
1242489689665351680
1242489498153320450
1242488745644843008
1242487621034471427
1242487027322388480
1242486810799792130
1242486196023873537
1242480386937999361
1242479087861616640
1242478503183781891
1242478360032202757
1242475761459658752
1242474913207730179
1242472660472221698
1242472169847713793
1242471687074885638
1242470289918705667
1242469723444375552
1242468120255553537
1242467849077010432
1242464142721572864
1242462847214342145
1242461281912860674
1242460795985956867
1242460211836792832
1242459862367436804
1242457337098637314
1242455521140944896
1242453700347478016
1242451593187848193
1242451285023940609
1242447243451355137
1242446428703789059
1242444094623731713
1242439541195227137
1242439086675087360
1242438694826422272
1242437690097668096
1242434194480836608
1242433887071944706
1242433819430375424
1242423255698305024
1242416978280628224
1242416077474152448
1242415930878988288
1242415867452776448
1242415851816374272
1242414105107013638
1242413781545877505
1242411399386521601
1242409188979961856
1242404867856949248
1242402897599447040
1242402397034393601
1242401884129779717
1242401852907372544
1242401017125191681
1242400363363196929
1242399315017871360
1242395253958512640
1242394852526088192
1242393685808934916
1242392852333621248
1242388156369887232
1242384979725869058
1242384521011625984
1242381277497413632
1242380366557650945
1242379763521470465
1242379353163362304
1242379090889302017
1242378981455695872
1242378962166116352
1242378865516806145
1242377265620455425
1242377172804939776
1242376244534153218
1242374898279948289
1242373269828722688
1242366644980035584
1242363771936440321
1242362397811027973
1242360624102825985
1242359090929516545
1242357200229560322
1242351105503145984
1242346140856496129
1242338631412584448
1242337820796055553
1242336149059719168
1242335129030148096
1242333902791774210
1242333682322386944
1242318323133620224
1242315432440164352
1242311549303304194
1242308010162061312
1242291692998291456
1242291101685313536
1242290242482106369
1242289193910505474
1242283022038085634
1242278425752027137
1242277261551624192
1242276936631455744
1242276684344086529
1242786235124346881
1242747228466196481
1242735890360709120
1242731578746449928
1242642956021972992
1242631535674744840
1243816207129759745
1242741662561873922
1242739256516370432
1242453660673564675
1242451301323194369
1242431218567667712
1242381502974849024
1242274243720572929
1242622642609197057
1242442846113681408
1242400960577601536
1242341309869895680
1242364276569804800
1242352829693431810
1242348491260588033
1242347918725709824
1242346249530961921
1242339504989573120
1242338281267683335
1242338279053123584
1242336608210145281
1242329645707448326
1242321753390497793
1242317475561140224
1242315826625040386
1242315673805545472
1242314543730003969
1242312699863658496
1242312661414473728
1242312576932777985
1242311731268833282
1242311729154936832
1242310676971794433
1242310674807533568
1242308623214292992
1242308387175632896
1242307408078094336
1242307211503820800
1242303210431213568
1242301873702367234
1242285259942547457
1242282748930183170
1242281062610305024
1242280961850527744
1242278548397678594
1242854292383338497
1242751797665636353
1242668859217154048
1242663498234187776
1242640411887390722
1242523815730708486
1242508858867642368
1242492076521996289
1242481551960506370
1242473429296484353
1242466391262806029
1242456222084681728
1242453455408713730
1242453324957351936
1242452807182995456
1242452665675599873
1242452608117137410
1242452461266190336
1242612276307406853
1253755314714767360
1242402167119654913
1242332371317219329
1242286921986031617
1266635501940817920
1242593370918146051
1242501272726458368
1242494550674939905
1242492310736134144
1242490854184386560
1242487653032845319
1242487554974183427
1242486787756437505
1242486460533497857
1242460604792590336
1242458344570474496
1242458114227449856
1242453163904393221
1242447834789457920
1242447495990398982
1242446799001907200
1242444616214839302
1242443126947471361
1242442569675444228
1242439368633016320
1242439259258105856
1242434971073015809
1242434742701547526
1242433873054580738
1242432193760129024
1242429893264080899
1242429616708448259
1242428650835685377
1242425809987465218
1242424233168228353
1242423224534589445
1242422294976385025
1242421700727148544
1242421660877086720
1242420553736048640
1242420271799099392
1242399178535260160
1242394349754822657
1242373469670649858
1242370647130439680
1242368119177273344
1242367467764121600
1242365833407430656
1242365110829670407
1242364673317408768
1242362631547006976
1242362160241463297
1242359573781987328
1242358583263518720
1242348712346542085
1242596411637673989
1242576621497765889
1242529394725236741
1242529252307804162
1242520768182751233
1242506687031865345
1242504113281069056
1242500754461429761
1242499880427196416
1242497423378919425
1242496761270132736
1242493642851282944
1242493421220065284
1242492938363392012
1242490997436792832
1242370413176340480
1242356250727215106
1242337611877961728
1242334738758750210
1242316461768466439
1242410880744079372
1242625394819231746
1242520768124084224
1242520480046886915
1242520335389306880
1242520019059130370
1242519723616522240
1242516516530196480
1242516339589287943
1242514027978219521
1242407045921267713
1242406835270778880
1242406834255720449
1242406199557066754
1242405974041702400
1242405752569917440
1242405631329333248
1242405427310022656
1242405245445001221
1242404845803298816
1242403970351370240
1242401168501788677
1242400433571848192
1242399808985456640
1242399002466738176
1242398383953735681
1242398270401335296
1242398268547457024
1242398264252485633
1242397913101279232
1242397814363049985
1242397507050586112
1242397449768984576
1242396228412821505
1242395499493236736
1242640763374063616
1266716381451554816
1242551519494508545
1242527078592872448
1242526582238924800
1242522140114477056
1242521840939122694
1242517540619685889
1242507117438726144
1242506617112813569
1242503030727008256
1242495018184650752
1242486468934807555
1242479790357012484
1242478841081131008
1242452584113131520
1242425864727318534
1242424331784859650
1242422745083904005
1242421645593038849
1242390166813065216
1242378231484825600
1242366105269628928
1242359697803481090
1242352185603698688
1242350047729029123
1242335497097109505
1242302213252206592
1242287038067388416
1242827734352625664
1242698154731925504
1242690372431568897
1242639331287658496
1242508018484310016
1242472937694904320
1242449017692274695
1242427692307206144
1242421553221890048
1242386823789170688
1242522213170864128
1242340841957535744
1242340756393734149
1266564916674088960
1242457298443710464
1242441320003756033
1242440127881728000
1242439006312255489
1242437403471532032
1242511423089106945
1242488121834471424
1242839536369119232
1242814512773939200
1242566524600307714
1242558247598350336
1242548262487244801
1242544710998163456
1242542303761203201
1242537980905938944
1242530309385736202
1242529655837483008
1242528220592967681
1242527036909862912
1242525003096064000
1242523805089533952
1242521592430833664
1242521168688496641
1242520698121146369
1242520249737461762
1242519191904604160
1242518917244837890
1242518623802888192
1242518547730817024
1242513787028004864
1242510504913801216
1242510174377689096
1242510118496792577
1242509864905011200
1242488056424235014
1242485542626816002
1242485492290965505
1242484207030398977
1242476748786167813
1242469780424200195
1242466952632664069
1242466481004097536
1242465575521009669
1242448056144015362
1242828689953316865
1242807568679841792
1242806429154672647
1242805675966615557
1242805493841747968
1242805394952642565
1242725374741512192
1242719397753442305
1242709588564160513
1242709178134585350
1242691055855775747
1242686065699246080
1242678519689179136
1242675079277719553
1242669928324272128
1242668932722348032
1242666528652361728
1242661204016992256
1242660056941785088
1242655015543562244
1242654230248210433
1242651942767099904
1242649105538543618
1242646094917406720
1242645030105313280
1242633775973937153
1242627912240484352
1242627134260207617
1242611595261267968
1243085319131369473
1242531700392984577
1242522034115989504
1242521506250399744
1242512856714625024
1242509980386734080
1242509439720140817
1242506873351397385
1242505317470154752
1242505113077526528
1242504368735338497
1242501225158852608
1242489767268200449
1242489037522219008
1242487105617420288
1242487083387609089
1242486866529509382
1242481308967686144
1242481239472238592
1242479581027680258
1242479507048628225
1242479264059944961
1242479017820733444
1242478648910905344
1242475561244450816
1242474241158602752
1242473516978470913
1242473315060420608
1242473291752734721
1242473115273162753
1242470394147115008
1242468731386617856
1242466139134803968
1242466097753755648
1242465776130351109
1242463711572283397
1242455528342773761
1242529602863415296
1242524744743714816
1242490002887430144
1242455547154182145
1242437299436236801
1242427099387842561
1242412920673206273
1242317033531772930
1242297610414641155
1242492861209141248
1242485906407215106
1242465387423256578
1242464718494679041
1242463038029959168
1242416976292536320
1242387627661316098
1242386526744518656
1242386239640264705
1242360296619921413
1242349302388686849
1242533172308369408
1242528490689355786
1242510502569230337
1242508838604963840
1242501096720887809
1242498226449571840
1242495523044478977
1242494661450772480
1242488859809603589
1242487873573699586
1242487869589147651
1242486871520735235
1242484893197701123
1242484226106122242
1242483143933743106
1242482444332224513
1242480235271995399
1242479416116043780
1242479366941970436
1242478849272627200
1242471894206402560
1242468862131605506
1242468226337869824
1242467741673521152
1242467051723083782
1242466857229008897
1242466839617101824
1242466792045342721
1242466487941513217
1242464499153563650
1242463222629875718
1242462876398313473
1242462355478302721
1242461129571315713
1242368726026125312
1242687077109596160
1242672349079638017
1242644089440354304
1242584999083139072
1242549461315878923
1242524396675350531
1242524056806739968
1242523794008190980
1242521719656435712
1242520714227249152
1242518731290316800
1242517327326789632
1242513297716338688
1242499840526827520
1242499078208081922
1242487475349491712
1242482198822830081
1242481856915951617
1242472276773101568
1242467185496182784
1242466783933526024
1242466461773221889
1242465786821611524
1242463490322731008
1242462688216641537
1242461749380403202
1242458798700269571
1242457607270531081
1242456594316701700
1242455969675628544
1242455730965360646
1242455517500444672
1242452283331358721
1242446382734045186
1242444095416664066
1242442109015261184
1242439118157762566
1242439036473683968
1242438787390562304
1242438745954979840
1242435414364995586
1242433585572974593
1242432640633827328
1242431057733001216
1242422536563875842
1242420604881580032
1242420178425528320
1242416486934773762
1242415016822730753
1242412548361576448
1242409833308909569
1242409146873294848
1242409068808916994
1242408306108325889
1242407899277606912
1242403958653685765
1242402444094533632
1242402187872890881
1242397237742731264
1242395756562022400
1242395359545921537
1242388296925208576
1242387778215612418
1242386583518502915
1242384269646778368
1242380913788350464
1242380563685638144
1242372857138565121
1242363713195294722
1242357212661440512
1242355595417714698
1242354761636163584
1242351391495970816
1242350509362561025
1242350370992472064
1242350324230156288
1242350115718721536
1242349624184254464
1242349598309416960
1242349286060249093
1242348680612425728
1242348218459074561
1242347083073376256
1242346129401970688
1242345983318429697
1242345856403222530
1242345440646856711
1242340199058804736
1242334304933478400
1242329034136137730
1242304699144892417
1242735105707085824
1242693046564782080
1242690223068205056
1242662729246060549
1242627372937023489
1242627195408957440
1242620880485662721
1242620518542409734
1242619516992905216
1242549204335149062
1242542837125844999
1242513318117425157
1242511706590515203
1242511593633652741
1242511552344985600
1242511456190562306
1242511349554479106
1242511187700482049
1242511045983428610
1242510628587294733
1242507735272308736
1242496032279154688
1242476920932974594
1242467735461920768
1242432243034763264
1242431850267783168
1242420910969114624
1242368080635932672
1242292014915280901
1242751783585398785
1242751760835522560
1242751739960459272
1242712391785361414
1242643068953616384
1242469315812696070
