id
1239255079439331328
1239252028771028992
1239232232176250880
1239231575491072000
1239229069520240641
1239210631548375042
1239207962331287553
1239206909950849025
1239205337275568128
1239197932517232641
1239197836350128128
1239194700759724032
1239186868559736832
1239170276392304640
1239160356896997377
1239153589278265345
1239153349200465926
1239153132086546432
1239152458598772736
1239144527191060480
1239141680046956545
1239141132950360065
1239141019255336961
1239138449225121792
1239136386948780032
1239136031225438208
1239126694965006337
1239125394910924800
1239124548647337984
1239121677557960704
1239113787707404288
1239107962137800704
1239101580017713152
1239099345091227648
1239097787083440129
1239095108101746689
1239094204359266305
1239092101133950976
1239090481872556033
1239089108456222720
1239088895209295872
1239088114968059905
1239084727027421184
1239078914884014081
1239078618191425541
1239078283444183040
1239078057379377153
1239077322386374656
1239076222191230977
1239076087017033733
1239075917126725632
1239075477467197441
1239074327091228673
1239061350011138049
1239461460029235206
1239458657470832640
1240929071917400065
1239271137336528896
1239268911717257216
1239265748381401088
1239256635333169152
1239254832877199360
1239254173276766208
1239253850214633472
1239253293089488896
1239252278592356353
1239250778562293761
1239249812530200576
1239248380934500352
1239247508640915457
1239245502383656960
1239243837609897985
1239241492348067840
1239238498151837696
1239238271701520384
1239237937742532608
1239235076581404674
1239229869885550592
1239228718989447168
1239227816148779008
1239223158516793344
1239214433949245441
1239213001875447813
1239212782307823616
1239212525700300801
1239212176553861121
1239209366923829249
1239205182681964544
1239203856665411584
1239198159407988736
1239196106270978048
1239195076963848192
1239191296679370752
1239190640061079552
1239188990290358274
1239186355034284032
1239185546724790273
1239184653560487937
1239183693127671809
1239182433234362369
1239182052508852230
1239181899332907008
1239181844785942528
1239181793971990529
1239181432263606273
1239181060887310341
1239179116534018051
1239176850007396352
1239175218645499905
1239174979398160384
1239172775639564288
1239170217047023616
1239170197916770304
1239170176697782272
1239169873126674433
1239169337023397888
1239168352645296128
1239166984798916608
1239166982567550976
1239166979774091266
1239166977156861952
1239166974845804545
1239166968667623427
1239166966306226176
1239166963357585408
1239166961050734594
1239166958689374214
1239166641075679233
1239166274090885120
1239166191475642370
1239165617640361985
1239165139527426054
1239165065594408960
1239163198143512576
1239159666908618753
1239158886721916928
1239151600632913921
1239150844072751104
1239145417452945411
1239145392681283585
1239144105659076611
1239142732901355521
1239140671522353153
1239135409826697222
1239135385294274560
1239134657167257600
1239134002960683008
1239132505698996224
1239130291202969603
1239128715830775811
1239127360982503424
1239125071584624641
1239125070494097408
1239122163610742785
1239119413841821696
1239116056074924032
1239115141448208384
1239112840625057792
1239112439284654080
1239086360620908544
1239084443672944640
1239084346406912001
1239084096359256064
1239083867367018496
1239083180210044928
1239080813053898752
1239076878041808897
1239076729500487681
1239076599527428097
1239076582578216960
1239076350373195777
1239075992221519872
1239075150756073472
1239075009483534337
1239074082487820289
1239072408939540481
1239070355945222144
1239069579919294464
1239064624042930177
1239064440709902339
1239063259048636418
1239061898974265346
1239061624108924928
1239061502998368256
1239060201237385217
1239056721202429953
1239055970195701760
1239055732936331264
1239054730208276480
1239050504426016769
1239050340831358978
1239048777442291713
1239048491688574976
1239048061625630720
1239047659962294272
1239047442235973633
1239042223775219712
1239041143469273088
1239040349185519617
1239036366056374272
1239035364167151618
1239035325898465281
1239035112559235073
1239034467286581249
1239033702178369536
1239033332266131457
1239030864371052544
1239029440308338688
1239029439394017280
1239026201772978177
1239024028557295616
1239016401915928577
1239015714830168069
1239014488797409281
1239013242539610112
1239005597975994368
1238997833048440832
1238994071651147777
1239426425095983104
1239406799251365890
1239397381549879297
1239242549836972033
1239230619416014848
1239222457615056898
1239174756991000576
1239174024141262849
1239157375212220417
1239092041285419009
1239084203003670530
1239082916929400832
1239082781566627840
1239081440593117189
1239078099163045888
1239057046617513985
1239052370912239616
1239051270792474625
1239050060429701121
1239049451928342533
1239406303639785472
1241803473512878080
1239135288011579397
1239129968979787776
1239126784886661120
1239123057664339975
1239184074943557633
1239126610281820160
1239125951927050240
1239116223511584768
1239112900696068100
1239092145513881600
1239004973435768832
1239211148555280384
1239210429231984640
1239205873773395969
1239205593342185472
1239204940142260225
1239203293068320768
1239203285782769664
1239201743533043713
1239201033609449475
1239199724126777344
1239199421050638336
1239199197716414465
1239198948365139970
1239196840203038726
1239195685834108930
1239195354265985024
1239194040853094400
1239193104428576768
1239192993975824384
1239192051662520321
1239189882410545152
1239189585902608384
1239187055713742854
1239184971522134016
1239184747080945664
1239183676832911361
1239181538744467458
1239181331466055680
1239179417663860736
1239177928438509568
1239175276002562048
1239175121039810560
1239172254337916933
1239171226318356481
1239168783849144320
1239166672994516995
1239165701312499712
1239156935405867009
1239153168648302592
1239149595306921984
1239143224909930499
1239142534644994050
1239141762939195392
1239141510844764160
1239141482692513792
1239141474005995521
1239136333412483073
1239135045908140033
1239134891759075328
1239134406213693440
1239134154257838082
1239133836052742145
1239128486217830400
1239123277475278848
1239121359633920002
1239119857708421121
1239116447353364481
1239116374313783298
1239115226227695618
1239115036821422082
1239114131954749440
1239110307194089472
1239109449018720256
1239109180461637633
1239098227204341760
1239098149064650754
1239094233283387392
1239093602975748096
1239092159959138304
1239088412113715202
1239088326231105537
1239088242898735104
1239087493972201473
1239086282023809024
1239083077659275265
1239081110929367040
1239080864505446409
1239080602139160577
1239078813067169792
1239078535022739456
1239078257799999489
1239055512660049920
1239052631227564032
1239052212388556800
1239051647386411008
1239049112030347265
1239048675646717953
1239048516527259648
1239046796896342017
1239042422576795658
1239039951687172096
1239701039420297217
1239696214020575233
1239609060296511493
1239603937465925632
1239603422174691335
1239602695285039104
1239583900998840320
1239580041815752705
1239569336433381378
1239563104838705152
1239562390447869954
1239560664802353153
1239558820583612417
1239555491644280833
1239519338790559744
1239514784220844033
1239514430054043648
1239513115466829824
1239511318287142917
1239511199554945025
1239510180519444481
1239509840285712386
1239508387886280705
1239505738269163520
1239495547133685760
1239495226819043328
1239492935168614403
1239477783811645441
1239477720578285568
1239473341527994368
1239471542825672709
1239468374314242048
1239462602318716930
1239461509052248065
1239460368570896384
1239457243000524800
1239448059467059200
1239444402981961730
1239444018372562945
1239441961255235585
1239441809522266113
1239438852567134210
1239438175895863296
1239435200410431489
1239433691614543873
1239431651744088064
1239427071111094273
1239426942199201793
1239424913208942592
1239420309477810177
1239412693271867393
1239411433865007104
1239406280810225664
1239405534157008896
1239405258306019328
1239401330000740355
1239398691921735681
1239397047083491328
1239393306901184512
1239392780033519617
1239390944161488899
1239388601843986434
1239387703730298883
1239387556015374338
1239387302557650944
1239386447926321153
1239384928472596480
1239384497604505601
1239381441470803968
1239380013570330624
1239378824480960512
1239378288646242307
1239377058171457537
1239374631485595648
1239373765386985473
1239373519747608577
1239373276868042753
1239369265523769345
1239368238087041024
1239366642859233280
1239363112303824897
1239362137610317824
1239361487522709506
1239357949245452291
1239357196887969792
1239352643954200576
1239352053052260352
1239350515898564611
1239345297857241088
1239344951143485440
1239342474532810752
1239912362926206976
1239902439609753600
1239815721481146368
1239804669175541760
1239803014069682176
1239787418586251267
1239783212613681153
1239768589844058112
1239745568211177477
1240376179095252992
1240313490499239936
1240216488012906497
1240212243695845376
1240212104914894849
1240189356880457728
1240187476544651264
1240180702710091776
1240695459036803073
1240562657775648769
1240562465345138688
1240550035995144192
1240464589206110208
1240456595366010880
1241259197569720321
1240962469893300225
1240868765148917761
1239303373330853888
1239248122917707778
1239247810756632576
1239244274044035073
1239165755012165633
1239099535621750785
1239427612948103168
1239542629915865088
1239532308299833344
1239314005476421636
1239303705243127808
1239295087282204673
1239294486745759744
1239293569220751360
1239287512851288064
1239282830464765952
1239280709979631616
1239280706452422657
1239279359543758849
1239277392008380416
1239276693899988992
1239271931028873222
1239270852044025856
1239270647844556802
1239268972693827584
1239268705718001664
1239268414339690497
1239267224973479938
1239266826414108674
1239266365279621122
1239265730673160192
1239264755329699845
1239264134220238848
1239263654719049729
1239262096283459584
1239261702493016066
1239261318588370947
1239261213265145857
1239260566465568768
1239260330598871040
1239259545618153473
1239259512655265792
1239259445269389312
1239256874928594944
1239256737863143427
1239255522848595968
1239254120071966720
1239252167170469890
1239251909375971330
1239251409675194368
1239250897227694087
1239250453319254016
1239250373044359170
1239250372549472256
1239249708205232129
1239248365499461632
1239247973172645888
1239247291518607361
1239246250764947457
1239246075631816704
1239245743447142400
1239245395919699968
1239245237941198848
1239244323843178496
1239244179248762885
1239243787529908225
1239242792217366529
1239242399819476993
1239241492897517568
1239241395933556736
1239241293080842240
1239240738728116225
1239240372162670592
1239239868644864000
1239239160101326848
1239239039217217536
1239238500190429184
1239238315536076800
1239237851646169088
1239237694481408001
1239236928957845504
1239236777610637312
1239236182573080576
1239235944420495361
1239235538281885697
1239235313186115584
1239234959354646534
1239234530239643648
1239233850858930176
1239233684340985858
1239233117266644993
1239233042721341440
1239232925570199553
1239232730103152640
1239232633642438657
1239232598854889474
1239232408697765888
1239232289348833280
1239232167374229504
1239232089825800193
1239231984653623303
1239231524706361344
1239231430049366016
1239231118559203330
1239230997486592000
1239230804456136704
1239230707546746880
1239230632426745856
1239230215227752448
1239229488338284545
1239228973843914754
1239228842947964935
1239228006805041153
1239227993374908416
1239227962479620096
1239227944246980608
1239227784334938112
1239227614725910528
1239227408097705986
1239227202572414976
1239227032866709505
1239226803119697921
1239225823996964864
1239225753016786946
1239225539337965568
1239225502382071809
1239225478323425280
1239225463341383680
1239225448048910337
1239225418709905411
1239225377878208512
1239225253655699460
1239225035325206534
1239225032913584128
1239224849198874625
1239224796627349506
1239224785785294849
1239224719749963778
1239224137907757057
1239224112158879745
1239223887092535303
1239223826325504000
1239223695677120513
1239223664064655361
1239223637326139393
1239223534372696067
1239223491687137281
1239223446740987913
1239223394392039426
1239223219300769793
1239223183359655936
1239223002904084481
1239222905214566405
1239222709780803584
1239222667783348224
1239222657096331264
1239222588863401984
1239222555539456001
1239222534978977793
1239222521184034816
1239222479073062912
1239222475579437057
1239222387289149441
1239222344930844672
1239222343182016512
1239222305961771008
1239222254099034113
1239222250684981248
1239222178899349504
1239221501070659584
1239221313048391680
1239221282559811587
1239220838135558144
1239183326964932608
1239086074854432769
1239073805198188544
1239042800777187334
1239036079879024641
1239222127812734977
1239200960401965057
1239222084024188929
1239220395871358976
1239216993774886913
1239104285511520256
1239100763361513473
1239100622193831937
1239100025113686017
1239099027330707457
1239097770771795970
1239095057711415299
1239093293243174912
1239280680799883264
1239172872234389504
1239164560507985922
1239135925747232768
1239134838604443649
1239134008270675969
1239128482556198913
1239119890172215297
1239107511707414528
1239047458820251648
1239040136643350528
1238979321571749888
1239232153919066113
1239225350573428738
1239224999279390720
1239409028389695488
1239408906301927424
1239220051938611200
1239219761374023680
1239219564753440770
1239218074781274112
1239211593147322369
1239072510190080000
1239072456436076544
1239072362693197824
1239072162541002752
1239070268078817280
1239067185697288192
1239066958332440576
1239066127084539904
1239064785691394049
1239063800575176704
1239063703150104576
1239062191740866560
1239061289076436992
