id
1240415083076837376
1240414770257412096
1240388659163127814
1240366854281060360
1240358690537914368
1240347890997800960
1240335184718786561
1240334981093658624
1240330145161871360
1240303786926587910
1240293186322321408
1240291280833388547
1240291273883308034
1240291212440915968
1240290810760802305
1240289095047417856
1240258815028645889
1240673957314850818
1240591027708112897
1240587733011009536
1240563971045888001
1240557492989505536
1240530532514934784
1240524518101143552
1240509432577945600
1240499258148532224
1240492581898711041
1240481939926036480
1240477274668851200
1240476875933102081
1240474496248582144
1240462456759013377
1240444762848505857
1240441032224825344
1240251974559215616
1240212438823235584
1240207077303136256
1240200177937289217
1240198345131307008
1240196362546774017
1240183300058054656
1240170495720296449
1240144546274697217
1240139544407814146
1240139123903672320
1240135601015398406
1240369913799180288
1240368333481885697
1240367714574557184
1240359796269670401
1240353378288336896
1240348130656145408
1240345278521073664
1240342128036679681
1240341382897602561
1240341034048999424
1240338116394639361
1240337975776432128
1240337284655755264
1240337188253925376
1240336289238405120
1240335940150681601
1240334835664613376
1240333090557321216
1240333031635685376
1240331139924942848
1240330132880908289
1240329887765782528
1240328189647319040
1240325160424452101
1240324934066475008
1240323609073197058
1240321338868240384
1240320205353414656
1240313254900948994
1240312186402000896
1240309429343375365
1240309122446155777
1240306711841263616
1240305339712471041
1240304814132609025
1240304753352904704
1240299749762191360
1240299325936357382
1240299161746051072
1240298687546310656
1240298119079661570
1240296273342685184
1240295451221471234
1240294673521860609
1240290256223703048
1240284230355050497
1240283272254353414
1240281798715867137
1240280344294653952
1240279885433565184
1240279494960672770
1240278216805208064
1240277893898309634
1240277554096820229
1240277183584546818
1240276489569857542
1240276118071992322
1240272355919900673
1240271814581870592
1240271653742866432
1240271500441055232
1240271498205523968
1240270068111400960
1240269197889822720
1240265439059431425
1240264940822204420
1240263025866596353
1240262745129246722
1240261975369641984
1240260815686516745
1240259869225050112
1240259148652011520
1240254694426992640
1240254123292758017
1240254030720294912
1240253015606431744
1240252208219688962
1240252121775136773
1240251306037489665
1240250441918607361
1240249572338716673
1240249475278364673
1240249164430077952
1240248608575729670
1240247677432090624
1240247097934274560
1240246568344621058
1240245450898149377
1240245376235388928
1240244442365169664
1240244205273796609
1240244077880209413
1240241149563924481
1240240922471698433
1240240751570608128
1240240491792220160
1240240379741392896
1240239155176599554
1240227236692754433
1240226975609843714
1240226661238333441
1240226320895733761
1240225315919544320
1240221126271401987
1240220643225817088
1240218917680771072
1240218658489552899
1240218655431880704
1240218596741009410
1240218191835607040
1240217998042038272
1240217874750271489
1240217586312163334
1240215289326751746
1240213322328244224
1240213320310771712
1240212460478423040
1240212458943332353
1240211658980515841
1240211078149103616
1240210530083549185
1240210090692501504
1240207787558350848
1240207753462730752
1240206971246002176
1240206827037442305
1240206303361781760
1240205711008616450
1240205620231278592
1240204187272540161
1240203478581956609
1240203470486958080
1240202648239796225
1240202355334770689
1240201587659685888
1240200208480378880
1240199685937057792
1240199649111060485
1240198959894654978
1240197957472776192
1240197634788225025
1240197275298623490
1240196085462663168
1240195192872824834
1240193063776948224
1240192538754998274
1240192398858178560
1240192118200516610
1240190477065838592
1240190060114235392
1240189807583731712
1240188991715958786
1240186840335790081
1240186512123154432
1240184425469509632
1240183308354543617
1240182847459201024
1240176750178357248
1240176738358841344
1240176004770873345
1240175625614344192
1240174948527689728
1240174154541756417
1240174105887834112
1240173367484755968
1240172410218807297
1240172216517414913
1240170468339941376
1240170382763552774
1240170289318621184
1240168798340161538
1240168464590843904
1240168061849624576
1240167938797105157
1240166416420126720
1240166411760283651
1240166364330917888
1240165676746080256
1240162250805018624
1240161503690383361
1240160081183825920
1240158752872886273
1240154381309394945
1240154227869192194
1240153937740812292
1240151630781317122
1240150512068149257
1240149185556623361
1240147711174770689
1240147708037476353
1240147123733180416
1240146030840164358
1240145997294120963
1240145916545372165
1240144848092573696
1240144571973226496
1240142205269966849
1240141730747428869
1240141729648517120
1240141619325816835
1240140647291650048
1240139743272357891
1240138932999913474
1240138752099524611
1240136692872482819
1240135621596852225
1240134667984089088
1240133636638281728
1240133576030597121
1240133334669373442
1240133260879048705
1240127707956088834
1240127149820071938
1240121723372089347
1240121715256147983
1240121714459267072
1240119648395202560
1240116299029766149
1240113556147908609
1240103388311736321
1240100455528583168
1240099850206597120
1240097969640112128
1240095983981047808
1240090732280475648
1240087816178003969
1240081066142003202
1240080479073624065
1240077229318483968
1240074941346635777
1240731961565446144
1240537724278333440
1240521385434165249
1241562103133007872
1242021688482684928
1240427651371642881
1240417708660805634
1240367844786933763
1240360278421721089
1240358395619586048
1240354392567468033
1240352149587947520
1240348550749249536
1240345262071021568
1240339717763166208
1240338270346608640
1240333005744304129
1240332646338576385
1240332524196204544
1240331057200680960
1240330786055901184
1240327191071608833
1240312903846117376
1240306354839007232
1240302090725085185
1240300462907088896
1240298047877173253
1240289699953905664
1240289484794519552
1240285013372854272
1240284482202001409
1240284048200740864
1240281137714323463
1240276240675688448
1240276070873436160
1240275791088242688
1240275352959635456
1240273354327638016
1240267838704812032
1240262604842577921
1240262442103390209
1240260864499789826
1240256531125243911
1240255590049280003
1240255008672604160
1240254625422299141
1240252427556679681
1240252110035283971
1240251581510995969
1240244814278320129
1240243487796322305
1240242401886658563
1240241770832613376
1240231377678635008
1240230815126052865
1240222217549410304
1240219018973372418
1240218653913645057
1240217413188272128
1240217337162133505
1240213970629332992
1240213589471850496
1240212924091617282
1240212475930234883
1240207927123701760
1240207861512155137
1240205620705243137
1240201938509025280
1240198861785829376
1240197994357469185
1240193955330850816
1240192823036727296
1240191681879629824
1240187379748487169
1240185829198192641
1240183540622319616
1240183492459126787
1240179506167443456
1240173140627664897
1240172139660972032
1240171833586057216
1240170263653675008
1240169342655959040
1240168601656705026
1240160443764600832
1240160423799738368
1240152796323856385
1240144913913778176
1240144642391314432
1240144611697360897
1240143411576963072
1240140812954095617
1240139000591024128
1240138474839252993
1240134618956906501
1240114570947002368
1240111523554566146
1240110002951450625
1240080330880503808
1240591060763459584
1240519836796473346
1240472319593607168
1240467658459369473
1240170573243678721
1240168207459237889
1240165821529219074
1240161116677787648
1240160104353124352
1240146419895414788
1240145689075757056
1240144881437343745
1240144642353565696
1240141011231428608
1240140320026886145
1240137495750336515
1240132063187042306
1240098044319694848
1240734967145074688
1240674118137249792
1240669676755013632
1240646919862530056
1240576099974664193
1240575653063221250
1240554058789814272
1240547995076005888
1240542182169346048
1240536487466160130
1240535263308382208
1240532463513792512
1240531244498030595
1240528935026229250
1240528641324244993
1240527047174189056
1240526941360246785
1240519580021391360
1240519462501019649
1240517181827407872
1240490701592252418
1240485592070160384
1240481925619486720
1240477623337156620
1240470532417622021
1242516596452495360
1240477408974659585
1240234230094770176
1240190965240991746
1240459177669144576
1240443330091200512
1241363433490087936
1243948222072197120
1240367245043224577
1240325831752159232
1240325014701903875
1240321466601738242
1240306716408856576
1240300785453248513
1240293264499990528
1240289655070703616
1240269068881367040
1240227996385955840
1240258618026594304
1240256095953829888
1240247555843391488
1240238496855531521
1240237077825851392
1240233954973822978
1240231150599032832
1240228330303115265
1240216048084733953
1240215330674348032
1240213786675433472
1240209469063204865
1240200581303742464
1240195556812546048
1240195272006909952
1240186576333877249
1240186261450571776
1240177151762214912
1240174636517613578
1240173011975557120
1240171241190969347
1240170433489637376
1240155723566395392
1240143885474684929
1240139621167706112
1240109343267143680
1240108301561417729
1240097980063059968
1240095580891656193
1240458349511995392
1241552197571063808
1240462548119351296
1240297608112816129
1240280519977447429
1240265880103247878
1240297582846328835
1240294493561270274
1240294479484968960
1240294185728503808
1240274364139843587
1240227862998704130
1240222746224627712
1240213881336651777
1240210819041751050
1240207047385174017
1240203391474810881
1240202687112568832
1240199324878794753
1241218854870605824
1240291723399450625
1240291232657608710
1240291027371675649
1240280157807677442
1240278740271128577
1240278573082124292
1240278301505134592
1240353132086882305
1240322696413458433
1240271627339743232
1240265383187111936
1240213438145523713
1240187401676316674
1240462752482594817
1240281188431826945
1240484837405810688
1240477143412305922
1240470792128704512
1240318816384626688
1240317561327071232
1240317423531614209
1240316460049690624
1240315177502822400
1240238846219931648
1240238278814531586
1240237589757489152
1240237133975015424
1240234551936311296
1240230624109006848
1240229741757485056
1240073012499468293
1240068146758914049
1240139145474904069
1240298236251758593
1240279588053254149
1240236371714899969
1240235695534305280
1240184733990076416
1240183675888828422
1240182985523179522
1240167946313297921
1240136937903702017
1240352256987283456
1240331491684442112
1240325977634246656
1240306483327201280
1240300713239908353
1240293313497841665
1240278668280135680
1240278114963345408
1240277804555493378
1240269398167801856
1240254278108737536
1240242584540327937
1240227441693483010
1240220188269842433
1240213553132359681
1240212360708546560
1240212041094365184
1240210966874214400
1240209421558362112
1240208276672962565
1240191762057940995
1240178402973245440
1240175739003011073
1240167148577677312
1240161671697465345
1240160996187992064
1240155273228058624
1240136075030532097
1240114076593926145
1240599368660467712
1240387617818116096
1240359311257280516
1240356652424916993
1240355413587120128
1240352257536937985
1240350082865618944
1240345651403251713
1240315737903779846
1240306707689025536
1240304064233197568
1240300061256531968
1240294861779038209
1240294476054007808
1240288241124663296
1240287219119685633
1240286969667571712
1240286702033178625
1240286664368381953
1240286537302106114
1240283956379103232
1240403646514372618
1240403154165993475
1240381934125158400
1240344537353949184
1240317787999997954
1240362553437491200
1240344553292304384
1240344229097791489
1240343425435742208
1240302614643798016
1240294609143468033
1240281270824787969
1240280416155664385
1240278115588415488
1240271018800771072
1240269261118926849
1240266559769042950
1240248890181341184
1240246404225724417
1240214466525925377
1240214251144282114
1240171082734112769
1240151349188313088
1240124357852176384
1240117167061942273
1240114595479662593
1240702283857276928
1240526981856260097
1240502595283812354
1240486239486107648
1240480428936445952
1240464164994174983
1240339223078563840
1240336786275979264
1240336423598710789
1240333927518101505
1240331133734158337
1240321870194290690
1240304997721489411
1240289597986181120
1240284456969056258
1240281983172759552
1240262008856956930
1240261641087770624
1240261048759758848
1240255034165620737
1240251903985897473
1240248179670413315
1240248037370261505
1240244134960435200
1240243834237235200
1240239265419677697
1240227999322116096
1240225777372794880
1240218159786815488
1240211352242642944
1240209993124569089
1240209929836716035
1240209890892627969
1240205759549337600
1240204128929759232
1240203565660090368
1240203371178422272
1240202964788228099
1240202818843299842
1240196125967167488
1240733070518407168
1240689219074281473
1240636685429272576
1240577918478307334
1240567623064018951
1240555647315443712
1240503770410151937
1240503435419516928
1240503114605539332
1240501723401031680
1240397313417322496
1240397285982220288
1240370338086694913
1240369360042176512
1240369269076119552
1240365384651464704
1240365373347762177
1240365041515466752
1240362618780635136
1240360524749115392
1240340341754036230
1240338405319303168
1240332554890137600
1240330781756514304
1240311727620833287
1240311525409202176
1240306472736571392
1240306115293765632
1240304455821688840
1240333673846542342
1240332371120893952
1240330409789067267
1240329882191769600
1240329625286279169
1240329138591928320
1240328951970611200
1240328848345927685
1240328587145773060
1240212352806592513
1240183273252421632
