id
1249135161536643074
1249135591792443394
1249135907531378688
1249139028252909569
1249139773945585664
1249140397076631554
1249142711065731072
1249142799016001537
1249143133117480960
1249143235542429696
1249143238939770880
1249143488421203970
1249143566212923393
1249145184446812161
1249145708080435203
1249146018412875776
1249146567342391296
1249146576418885632
1249146647424229376
1249147182411808768
1249147360795598849
1249147366290194433
1249147375274377216
1249148052503396352
1249148083788750849
1249148489025622016
1249149220076032000
1249149245095055360
1249149318717681669
1249149391916670977
1249150326038507521
1249150798057164800
1249150944291495936
1249151619289231362
1249152041005600774
1249152091119124480
1249152182160633859
1249153324701679616
1249153827711877121
1249154736932229121
1249154956965416961
1249155088255455232
1249155153590128640
1249155728214032385
1249155873995468800
1249157220769640450
1249157509627236353
1249157563297529858
1249157706813976578
1249157734676811776
1249157847717416960
1249158049383755778
1249158397179674626
1249158944938958849
1249159582951395328
1249159659862310920
1249159862774308875
1249160021839097858
1249160163250110465
1249160965423353858
1249161363794132993
1249161415702822912
1249161568606130176
1249161700693159937
1249161754686500867
1249162282724179968
1249162489360797697
1249162986138341376
1249163014391115776
1249163190220587011
1249163717708853249
1249163855055519751
1249164076028174343
1249165276488359936
1249166077004824577
1249168002454601733
1249168013896691713
1249168511966097408
1249169255913984008
1249169259261018113
1249169447287435264
1249169548693176321
1249169550131761152
1249169674119643137
1249170062789038080
1249170125623889930
1249170217579819015
1249170499713806336
1249170861476757510
1249170885803749384
1249170950362447873
1249171227744317442
1249171499208056833
1249171561166393345
1249171581676503044
1249171618150207489
1249171852938928128
1249171854067105794
1249172090533679107
1249172104622342144
1249172126407495680
1249172182741237760
1249172197408673794
1249172221203021826
1249172281294807040
1249172296121671686
1249172388761272328
1249172488392769536
1249173018791809024
1249173152065884160
1249173237709275142
1249173270995390464
1249173298539307016
1249173313689128966
1249173336283807746
1249173353782525953
1249173418848792577
1249173441829318662
1249173471575379968
1249173529922338818
1249173615691599873
1249173756787990529
1249173881866326016
1249173920315592705
1249174455634530305
1249174643807846407
1249175046272188417
1249175109417517058
1249175166787170304
1249175471264317442
1249175710796832770
1249176003919908864
1249176036585148423
1249176053312094213
1249176161688727552
1249176198904778753
1249176301073838081
1249176684642869250
1249176827752599560
1249176920434114560
1249177790001426433
1249178167551688704
1249178171850797063
1249178211168260097
1249178558171357186
1249178598281543680
1249178620083482629
1249178637175226368
1249178672579436544
1249178842197045248
1249178963504697348
1249178978608431106
1249178989354237958
1249178994454470660
1249179091741347842
1249179156581097478
1249179301980880900
1249179338643255296
1249179541983109122
1249179939410186240
1249180076748484610
1249180114509877249
1249180355719987202
1249180789784416257
1249180862761050114
1249181019766489088
1249181217502695424
1249181246422384643
1249181426936938496
1249181588404961281
1249181627663691776
1249181852180635648
1249181895189028876
1249181932501565442
1249181941708001282
1249181958871154688
1249182029352251394
1249182257652412416
1249182996894289922
1249183011784085505
1249183080558071809
1249183099868655622
1249183245239029760
1249183257779896327
1249183263681380354
1249183352617340928
1249183900485771266
1249183953183035392
1249184232683036673
1249184235577053184
1249184356226260993
1249184393522024449
1249184506394836992
1249184638414852096
1249185061997592579
1249185522829983744
1249185620796284932
1249185679847931904
1249185725343510529
1249185954193190917
1249186119201275909
1249186487419240450
1249186514916999168
1249186522248744960
1249186556990107648
1249186756932624386
1249187186097995777
1249187221544095746
1249187576042393600
1249187627179401218
1249187708041297921
1249187725414195200
1249187791436742662
1249187846281445379
1249187880456552452
1249188513389727746
1249188556414861315
1249188673180098561
1249188838511120385
1249189089267650565
1249189135035895811
1249189484492656640
1249189621126356997
1249189661643333632
1249190147259879424
1249190385903116295
1249190522801004544
1249190594032930817
1249190655257194497
1249190772316024840
1249190887072108546
1249190891870457864
1249190926024572941
1249191001178222593
1249191057922895872
1249191094103027718
1249191387318411264
1249191407488831496
1249191486203314182
1249191497007861762
1249191755418947584
1249191910037688321
1249191933844566016
1249191953000026114
1249192085514784770
1249192213218824193
1249192246441914377
1249192556983918593
1249192902552694786
1249193121575055367
1249193143062462467
1249193274096705537
1249193314508836871
1249194062000914432
1249194166623633415
1249194470198951938
1249194627867062277
1249194687736557574
1249194695168798732
1249194712277360640
1249194771136028673
1249194947380752386
1249194970004754436
1249194971565035525
1249195005882912768
1249195181993332737
1249195199751950349
1249195280223932417
1249195300331360256
1249195330907901952
1249195851693600771
1249195989958905862
1249196025065213952
1249196163305279488
1249196203474026499
1249196580864958466
1249196635122479104
1249196709739184130
1249196889142112256
1249197525048967175
1249197540668563456
1249197800325251072
1249197855551692801
1249197928352268291
1249198141791965185
1249198340652310528
1249198485490073602
1249198513457594368
1249198517119221763
1249198594944569345
1249198753959096322
1249198774897053699
1249198850050527232
1249199055139475459
1249199107119472640
1249199146688491520
1249199290779664385
1249199430424825856
1249199729805844482
1249199949981593600
1249199954368892929
1249200204601085960
1249200231264260097
1249200266064343041
1249200394598854661
1249200408599420928
1249200409111138311
1249200527298236423
1249200541848272896
1249200613487005701
1249200868479643649
1249201000507940864
1249201177545322496
1249201351252459521
1249201419023978499
1249201571310768128
1249202559056785410
1249202584663003137
1249202965694558213
1249203002159833090
1249203105549385728
1249203426191380486
1249203543761960967
1249203568814559238
1249203581821095937
1249203621113274368
1249203826751672321
1249204257515024385
1249204314809262080
1249204427174666243
1249204431368916993
1249204453099687936
1249204454773186560
1249204571391614978
1249204891173650439
1249204921636970502
1249204961105383424
1249205064172003330
1249205200679731207
1249205242136350721
1249205500253741059
1249205755170951168
1249205764784295941
1249205813484322818
1249205870212284416
1249205966740099073
1249205984410710018
1249205985610280961
1249206191303069701
1249206221254602752
1249206372568367105
1249206502566645766
1249206537261899776
1249206598083510274
1249206725732950018
1249206787510874112
1249206788882382849
1249207030746882049
1249207151098290176
1249207436168306690
1249207464190529536
1249207725931847681
1249207945079992323
1249208043079950337
1249208132611514368
1249208134213779462
1249208142715654147
1249208174781104131
1249208224202571778
1249208225007894530
1249208245757059074
1249208312580751360
1249208380360720386
1249208383850373121
1249208389495934983
1249208456118181888
1249208504491147265
1249208549911212034
1249208684300861445
1249208763665580032
1249208880825020418
1249208975851229194
1249209230793596930
1249209380341460992
1249209471496269826
1249209727172608007
1249209857858850816
1249209931938639872
1249209981548793863
1249210098553151488
1249210159148212224
1249210232879882251
1249210366552408071
1249210380414603264
1249210391722426374
1249210435179630594
1249210739216302081
1249210825166016512
1249211094050181123
1249211197259419648
1249211218113572865
1249211265303695360
1249211282315776005
1249211326888632320
1249211560448450563
1249211587623145472
1249211591142375425
1249211818515607556
1249212063362224130
1249212108040032256
1249212414970736643
1249212440870440961
1249212499704061958
1249212514363154433
1249212539033907201
1249212665441869824
1249212793431240704
1249212962717433856
1249212985056378880
1249213116870578176
1249213205882245120
1249213336819884034
1249213338988556288
1249213431577579527
1249213459721523201
1249213509705117697
1249213604974350336
1249213689917472772
1249213823141240833
1249213857379299328
1249213936987181059
1249214054733950976
1249214065920049164
1249214540144873474
1249214595111227393
1249215181013618689
1249215252069261315
1249215379408187393
1249215444906622977
1249215893122490370
1249216107455504385
1249216277295566848
1249216548163780608
1249216693248786433
1249216771980013568
1249216828343062530
1249216830725472256
1249217384205783046
1249217486576185346
1249217512979361792
1249217517341388801
1249217692927590401
1249217790214430721
1249217810246430720
1249217930178396165
1249217932694925313
1249217973220327424
1249217996238831617
1249218213352599553
1249218279865856003
1249218361004896256
1249218383037358086
1249218423369785345
1249218494249316353
1249218511336902658
1249218840170344448
1249219093086875649
1249219161303035904
1249219314659385347
1249219432351580161
1249219567097802755
1249219599859478528
1249219853447118848
1249220014646779904
1249220038302654464
1249220129344258049
1249220193626144769
1249220372328615937
1249220445850628096
1249220454566391809
1249220583629320192
1249220813837885440
1249220815138082817
1249220823900024834
1249220843143450625
1249220885182943233
1249220957295661056
1249220963410952192
1249221049842978816
1249221129945800704
1249221160769708033
1249221286900846594
1249221376801562625
1249221385458597890
1249221585925332993
1249221982438055936
1249222419119853570
1249222474098565120
1249222507783057421
1249222547268194304
1249222577244889088
1249222948474372097
1249223029290221568
1249223035338412033
1249223043508875266
1249223163180773376
1249223221867618311
1249223222085574656
1249223304885329920
1249223708629012480
1249223982529703937
1249224093238517760
1249224152503873537
1249224157272784904
1249224237803397126
1249224343365668867
1249224351557111809
1249224412953325570
1249224424517074945
1249224492632563721
1249224624639901698
1249224635352145921
1249225052085579783
1249225122096926720
1249225201193070592
1249225297204924416
1249225385859903488
1249225480802205696
1249225579297009664
1249225580974768128
1249225752634986498
1249225764832079872
1249225948437925888
1249226054570557440
1249226096710766599
1249226156483784705
1249226214323015682
1249226316768890881
1249226393805709314
1249226552383922176
1249226670768189440
1249226717794676740
1249226841308585986
1249227092400541696
1249227124956749824
1249227144422703106
1249227180996886528
1249227236290334725
1249227393425747969
1249227525743665152
1249227690638360577
1249227821886492674
1249227934943985666
1249228228377612290
1249228281091485696
1249228408325693440
1249228411790221313
1249228586877247495
1249228934471774209
1249229022090768384
1249229055116767234
1249229372310999045
1249229431685541889
1249229516905447424
1249229551957348353
1249229613676412928
1249229631984549894
1249229635100917761
1249229644944924672
1249229685336100864
1249229777426210816
1249229849144619011
1249229851417907201
1249229885433737216
1249230001217523714
1249230152988409856
1249230250682146816
1249230424921894912
1249230452440719361
1249230502084542464
1249230572909543424
1249230584913620994
1249230601871175682
1249230830687465472
1249231010773889025
1249231133675368450
1249231262964826112
1249231345743581184
1249231391859953664
1249231609896685569
1249231660958265345
1249231663789256705
1249231726309552128
1249231951501742080
1249232150416642048
1249232199632580609
1249232218028773376
1249232336991838209
1249232454667235329
1249232468000956417
1249232483779874817
1249232539715162113
1249232552281456640
1249232667784216577
1249232713191526400
1249232741717037060
1249232890770198533
1249233088296583168
1249233101605068801
1249233112015327232
1249233222992449538
1249233261034799104
1249233307616677889
1249233391871873025
1249233402395365378
1249233487787208705
1249233666116485120
1249233677084545029
1249233683208232961
1249233802217439232
1249233879082254336
1249234121978568704
1249234260113817602
1249234485758947329
1249234577937166336
1249234868178841600
1249234987670335490
1249235392156450818
1249235598847569922
1249235757912322048
1249235884777435136
1249235956273516545
1249236042340851712
1249236284356231169
1249236353268641794
1249236449129402369
1249236492997844992
1249236516431224833
1249236543773933576
1249236604381626368
1249236753925287938
1249236773722443781
1249236796661051392
1249236903930384385
1249237004979593216
1249237005734731776
1249237009681379329
1249237124433317888
1249237440352542720
1249237518542704640
1249237591011913729
1249237738680766464
1249237831064498176
1249237973817675776
1249238207050309634
1249238321743769600
1249238322096070656
1249238463850790912
1249238507127619585
1249238612551573504
1249238828524515328
1249238847629615104
1249238866583859200
1249238889773948928
1249238988876943360
1249239233316843520
1249239242426814466
1249239298529849344
1249239394109669378
1249239468327886848
1249239628541878272
1249239660431196160
1249240132462317568
1249240370699014144
1249240388721872898
1249240622155755520
1249241109730955264
1249241120405504000
1249241137400827909
1249241323112022017
1249241489374203905
1249241781675233285
1249241986403450882
1249242243837255680
1249242762165149696
1249242802883461120
1249242985218203648
1249243280098770944
1249243539147374593
1249243564699054081
1249243571149918208
1249243662871080960
1249243767074205699
1249244053759115265
1249244159401066496
1249244861384933381
1249245634026041346
1249245850129186816
1249245871079862272
1249246044887461889
1249246136801492993
1249246186352988160
1249246198214455298
1249246353445638145
1249246374391996416
1249246506298667008
1249246849988300800
1249247076971450368
1249247707245338624
1249247943439220736
1249248069662588931
1249248179754651648
1249248423821193217
1249248431471763456
1249248515756261376
1249248977167384576
1249249057534431233
1249249297939312645
1249250001303134208
1249250055535710214
1249250215200055302
1249250266324463617
1249250340429422593
1249250477742493696
1249250490786803712
1249250586505039872
1249250701890314240
1249251062973968384
1249251197225021442
1249251205957562368
1249251257711280130
1249251301038231552
1249251769655259143
1249251795794145281
1249251861921558528
1249252088032514048
1249252183620517889
1249252216579354624
1249252800762003461
1249252803131740162
1249253188957540352
1249253246721556481
1249253317294710784
1249253399935086592
1249253420977938433
1249253422521409536
1249253777942683648
1249253850021691393
1249254020490747904
1249254415619391488
1249254720763351040
1249254836584890370
1249254957481484288
1249254993464459265
1249255033960411137
1249255106282795008
1249255211425652737
1249255330304757763
1249255353742548992
1249255389335400450
1249255644424630273
1249255911547211776
1249255950042591233
1249256061162237953
1249256075104149504
1249256159208288262
1249256341643726849
1249256361021435904
1249256406282166272
1249256678182154241
1249256892867547136
1249256957833129984
1249257453310676994
1249257563209621506
1249257768516804611
1249257780172603393
1249257918123225095
1249258157328625665
1249258842896191488
1249259044713328642
1249259172098486272
1249259173369569282
1249259265631481856
1249259432422203392
1249259537451724800
1249259600919932934
1249259688354611200
1249259746076442625
1249260239456780288
1249260378137210882
1249260408336035840
1249260711361966080
1249260950273716224
1249260966459527168
1249261780074811394
1249261971808989186
1249262088561643520
1249262307240062977
1249262351263686656
1249262758182322176
1249262769418817536
1249262812238503936
1249262856048005120
1249262866948952069
1249263186299121664
1249263226048692225
1249263311754936320
1249263560502341633
1249263687052886017
1249263778950049792
1249263848244146177
1249263875737948160
1249263883530801154
1249264047821697024
1249264272321830912
1249264470485942272
1249264477557555201
1249264924523524096
1249265391328587776
1249265818501701632
1249265857798098946
1249266346447089664
1249266361001373697
1249266382883024896
1249266768540880896
1249267005711998976
1249267683230539776
1249267922066755584
1249268080733065216
1249268407641362433
1249268693315411969
1249269128952573953
1249269207537037313
1249269510227382275
1249269525494681600
1249269556763189252
1249269704327340034
1249269969809854464
1249270106666008577
1249270254666018817
1249270468193878017
1249270551719194625
1249270938119491584
1249271189307940864
1249271324293230592
1249271486575038464
1249272383795417088
1249272393425547265
1249272458026221568
1249272590142603264
1249272646312677376
1249273019127615489
1249273111540723717
1249273180436312064
1249273331032813569
1249273357217882113
1249273396203884544
1249273734600339456
1249273750559715328
1249273785997340677
1249273840330555392
1249273903492415489
1249273973164015616
1249274007725027328
1249274081465098241
1249274162494844928
1249274300483289088
1249274380724600832
1249274392045146112
1249274613701328896
1249275027033190400
1249275043353251840
1249275068301131782
1249275584431063040
1249275928900808704
1249275948135886850
1249275981774217216
1249276133142450176
1249276724912635907
1249276783750348800
1249277033915355136
1249277127486251008
1249277169001353216
1249277292120911873
1249277425336209409
1249277490058518528
1249277564838789128
1249277680664510464
1249277703586336769
1249277938106691585
1249278026128347136
1249278219099860992
1249278582620180480
1249278983415324674
1249279060951199749
1249279414820638721
1249279497972711426
1249279564632612864
1249279682589216770
1249279853867786247
1249280099267928064
1249280129223671809
1249280346744487936
1249281024833359875
1249281083947896832
1249281419534188544
1249282451857223680
1249282948819378176
1249283241665679361
1249283464752279552
1249283568431509504
1249283596868669441
1249283771846672386
1249284576192516096
1249284865620672512
1249285114502057984
1249285116565704710
1249285210576846849
1249286227116744704
1249286462945648641
1249286625902735360
1249286822816911361
1249286937329852417
1249286956183244802
1249287077939695617
1249287353060868097
1249287438947647494
1249287745958072320
1249288135994818562
1249288606683770885
1249288865866600448
1249288954093826049
1249289068237606919
1249289103264206849
1249289187284549632
1249289251176321030
1249289338279456770
1249289421821628424
1249289423935569920
1249289535508238336
1249289648276262913
1249289830107762688
1249289847010766853
1249289863834173440
1249289906154659841
1249290124350889984
1249290154126131200
1249290183519813632
1249290384716353537
1249290582897250309
1249291140055969792
1249291184519778305
1249291205940105217
1249291658241249281
1249291706454835201
1249291755217768449
1249291764139036678
1249291872683483136
1249291940610232321
1249292176506466305
1249292263861055488
1249292275156279296
1249292357322694657
1249292624143380481
1249292891479896064
1249292969779138561
1249293364664520706
1249293372876943360
1249293408679518208
1249293410768281601
1249293669103853568
1249294198747975682
1249294486791786497
1249294665745969152
1249295120643403776
1249295428870230018
1249295550324682752
1249295715940962304
1249295758588813312
1249295792264765440
1249295821817827328
1249296006715281408
1249296741569925121
1249297078884286464
1249297181342748672
1249297478786015234
1249297572725915649
1249298079095746561
1249298099899478016
1249298272201478144
1249298493123883008
1249298854849040385
1249298996511649792
1249299220688859137
1249299377807446017
1249299584930607105
1249299627930615808
1249299984182153216
1249300163434131456
1249300397350457344
1249300492158750721
1249300592310149121
1249300783402795008
1249300810460098560
1249300952340992001
1249301145270415360
1249301254519455745
1249301263755309057
1249301329152860162
1249301697274343426
1249301735216009217
1249301838320398336
1249302163399962624
1249302621204054016
1249302763059601409
1249303657960468481
1249303680651628545
1249303815355912193
1249304212288094209
1249304333541236736
1249304339870404608
1249304386011947008
1249304622847516677
1249304704426770436
1249305560802947073
1249305690461462528
1249305790311088128
1249305860783788033
1249305885769437185
1249305996616298501
1249306049846247428
1249306187364855808
1249306262627479553
1249306579238662144
1249307173395419137
1249307402471641088
1249307675239657472
1249307827014754306
1249307954354032640
1249307957013045248
1249307988814262272
1249308084935114755
1249308268310061058
1249308351952871429
1249308358668103681
1249308495553245184
1249308639904530432
1249308714336686083
1249308908977520640
1249309273382776832
1249309363035975680
1249309395080470529
1249309447366668293
1249309465490239491
1249309555168645122
1249309568498143232
1249309602535088128
1249309693421318145
1249309794462085120
1249309936821157889
1249310269752238080
1249310278975512584
1249310478657933312
1249310574191599619
1249310668685078529
1249310823857545218
1249310837967179776
1249310939444211713
1249310948843638785
1249311238170935297
1249311321755009026
1249311453586341889
1249311921544798209
1249311965194809344
1249312288508502017
1249312494658539525
1249312519417548800
1249312595770658816
1249312754801889281
1249313016748769281
1249313047841099776
1249313296894660609
1249313389970509825
1249313409939566592
1249313586922446848
1249313616244822017
1249313748440973312
1249313756703645696
1249313767847899136
1249313820109090816
1249313908927549441
1249313961066938368
1249314027034914819
1249314056877379585
1249314289195708418
1249314423832895489
1249314537137823744
1249314539696357379
1249314545559994370
1249314743430418433
1249314994878988294
1249315140215787524
1249315161464139776
1249315690135220224
1249315707617075201
1249315903281356801
1249316106466025472
1249316247696633857
1249316359265124353
1249316624286380034
1249316748181950464
1249316810131824643
1249316923927597061
1249317002591621120
1249317101216493570
1249317200613138432
1249317294506827783
1249317678692458502
1249318422191591424
1249318436116676609
1249318438272561159
1249318714601648128
1249318801360863235
1249318857434484736
1249318909313830913
1249318971079143424
1249319175442403328
1249319248800825344
1249319519073402892
1249319761810305024
1249320076278288384
1249320390368714752
1249320647299223552
1249320668987928578
1249320858386083840
1249320863666561024
1249320914551857153
1249321026711781379
1249321053819715586
1249321063068004357
1249321087105523712
1249321091492798464
1249321294501306375
1249321334695268353
1249321635439505408
1249322281643307008
1249322731654377472
1249322792652115974
1249322853272559616
1249322952895500288
1249323063402848257
1249323347931955201
1249323486767542273
1249323646264344582
1249323653805658115
1249323689713303555
1249323697854275584
1249323736957767680
1249324116600975362
1249324170271326209
1249324218799415296
1249324304157696000
1249324312995061762
1249324455266050050
1249324460026376192
1249324624178888709
1249324652117147649
1249324699831554049
1249324900541554688
1249325237050568704
1249325243811782659
1249325485416308736
1249325515200024577
1249325743542165505
1249325976493928448
1249326161588563970
1249326169255632903
1249326220128522241
1249326303117021187
1249326334918250497
1249326513079500800
1249326595870838789
1249326709029011457
1249326740003885057
1249326842340728833
1249326856417030145
1249326866617384960
1249326890638118914
1249327030857949190
1249327103549399041
1249327131277942784
1249327295682056192
1249327422081662976
1249327495242895361
1249327502486417410
1249327694157729793
1249327702122741762
1249327885162184705
1249327982394499072
1249327992381140992
1249328032084406272
1249328262683090949
1249328277111504898
1249328360355815425
1249328389514620928
1249328422699986944
1249328467029581824
1249328525452042240
1249328590463700992
1249328661188116481
1249328739718017025
1249328848354721792
1249328854289833985
1249328879115718659
1249328918403993600
1249329123555553283
1249329477269651458
1249329623688556546
1249329783751593984
1249329834162970625
1249329893659119618
1249330110563373056
1249330193648345089
1249330285512142848
1249330398057893888
1249330460305612803
1249330624948621313
1249330626961887237
1249330858424561666
1249330933905281031
1249331024154124290
1249331087676821505
1249331116172951552
1249331163576954884
1249331232501948418
1249331236109266945
1249331260624736256
1249331301275992065
1249331306997022722
1249331840025944067
1249331873634897921
1249331906526605312
1249331989175558146
1249332141432778758
1249332263105388547
1249332365924560899
1249332510426714114
1249332560489877505
1249332646703841280
1249332661706842113
1249332714102087681
1249332722557792256
1249332725296717825
1249332738005430273
1249332779214680064
1249332794196541440
1249332891206602752
1249332923674722304
1249332995548311552
1249333006977740800
1249333006998749185
1249333019728580609
1249333134102941703
1249333149835776000
1249333172568899584
1249333306178453505
1249333352915755009
1249333408183930881
1249333417616932864
1249333475259240450
1249333690351546368
1249333968614199297
1249333986297438209
1249334024738234370
1249334075833241606
1249334098935443456
1249334145647398913
1249334186617397248
1249334308260564995
1249334333170536451
1249334344377761792
1249334364124540929
1249334446135730176
1249334718484660226
1249334762860208129
1249334929554411520
1249335420824870912
1249335431478398976
1249335475380224001
1249335621593645056
1249335632498806784
1249335771993001989
1249335788514324481
1249335888170999811
1249336217809764352
1249336250676293632
1249336383358955521
1249336536119705601
1249336610451156995
1249336789489213441
1249336899572924416
1249336937397145601
1249336997866434561
1249337281728528384
1249337465099284480
1249337554265985025
1249337676106362882
1249337678350278661
1249337864220860417
1249337940573995008
1249338069129412609
1249338596441522176
1249338757527949315
1249339012109578242
1249339429958742017
1249339431661666305
1249339486854668292
1249339505485598720
1249339633357320194
1249339675476520961
1249339691926601730
1249339764949409793
1249339803667030016
1249340063965569027
1249340131862958081
1249340245671399424
1249340290969686018
1249340334305206274
1249340544112713728
1249340713797443584
1249341003124707332
1249341054257512449
1249341137174712321
1249341156271374341
1249341428033097729
1249341479509618688
1249341606286651392
1249341632136142850
1249341643699830784
1249341874722058240
1249342090611314688
1249342148408827905
1249342288121085952
1249342288192507908
1249342328059367425
1249342364281262080
1249342538361843715
1249342971897470976
1249343058979610628
1249343301129396224
1249343362999648257
1249343813253910533
1249343861173805056
1249343945588391936
1249343946272018440
1249343985144827906
1249344233938378752
1249344321817460736
1249344322560024576
1249345128331763714
1249345158182666241
1249345266030796800
1249345291355959302
1249345585754169345
1249345598232260609
1249345823889997825
1249345830613479425
1249345915774619649
1249345937547264007
1249346081428627457
1249346417325248512
1249346774000488454
1249346810814115842
1249346960655441921
1249346967693430784
1249347080314707969
1249347170559348737
1249347200888512512
1249347421286486017
1249347565855768577
1249347575238373377
1249347587481583622
1249347892109668352
1249347952771907584
1249348073890828291
1249348110221860864
1249348158439579648
1249348426581463040
1249348428519227392
1249348542923026432
1249348648166543365
1249348755775614976
1249348921152778240
1249349133741076485
1249349408790941696
1249349868566351873
1249349922102456320
1249349988703858688
1249350172070428672
1249350189178998784
1249350197408198658
1249350269218861061
1249350319521161219
1249350797663461382
1249350866479378432
1249351003947896832
1249351132989648896
1249351145803243520
1249351383251210240
1249351456701870080
1249351458425716739
1249351520912474119
1249351642287202305
1249351673585139712
1249351692220428288
1249351699283623938
1249351755474907138
1249351758540763136
1249351870205890560
1249351897565122560
1249352040309862400
1249352342819885064
1249352387120132099
1249352488118968320
1249352492485234688
1249352496587264000
1249352506548916225
1249352594553626625
1249352678557093888
1249352731191414784
1249352852427788289
1249353229894168577
1249353442616700930
1249353524376252416
1249353603342422016
1249353693914230784
1249354122412716033
1249354131547942912
1249354215702409217
1249354223914868737
1249354439837663232
1249354861277138952
1249354862308896768
1249354963613970432
1249355113388371970
1249355404598898688
1249355409103532032
1249355425587138561
1249355455547113477
1249355536203567105
1249355541651976193
1249355628687941632
1249355657980997633
1249355859475361792
1249355974797742080
1249356193778171906
1249356245485551619
1249356280709316608
1249356442257297409
1249356524092178433
1249356534120771584
1249356543910273027
1249356711858597889
1249356804510769152
1249356945305169923
1249356961113501698
1249356988959485953
1249357009146675201
1249357059474112513
1249357169645895680
1249357291905638401
1249357527919165443
1249357897915662338
1249358099661520902
1249358114547064834
1249358268989767681
1249358609244254208
1249358677233922055
1249358716178034689
1249359010181951491
1249359076451962880
1249359145943232516
1249359187206746125
1249359261420806147
1249359315623796741
1249359382456000512
1249359436369534977
1249359595883159556
1249359614291759105
1249359759662362634
1249359795326353414
1249359833246994437
1249359946103132165
1249360127527800842
1249360357115572225
1249360564087746561
1249360610548047872
1249360672258998273
1249360705532211201
1249360954627723264
1249361019127750658
1249361058600374273
1249361135184179200
1249361225735004160
1249361338549166083
1249361362301509640
1249361540664283139
1249361815974232066
1249362010271125510
1249362068475506694
1249362135240462336
1249362392670035968
1249362788616634368
1249362807922913280
1249363492743688192
1249363809984077824
1249364192835932161
1249364268673200128
1249364376408055808
1249364780357316608
1249364970959032320
1249365034016231424
1249365068803969024
1249365103499075584
1249365189620875265
1249365195279020033
1249365339797741568
1249365394441158657
1249365611844472834
1249366011502977028
1249366094470475776
1249366108743716864
1249366280559198209
1249366287018422274
1249366528891523074
1249366539574185984
1249366543818838016
1249366792360820743
1249366840364556288
1249366841182408704
1249366987278397441
1249367073190338561
1249367210604130305
1249367525416206336
1249367649135382535
1249367694777843712
1249367814248562691
1249367847400169474
1249367948059242501
1249367981953437696
1249367986311290882
1249368064027582465
1249368227613790209
1249368295297306624
1249368434397163520
1249368557197996032
1249368597786267648
1249368598474153985
1249368877768880129
1249368888879411201
1249368897884540928
1249368996605882370
1249369033238925313
1249369403952521217
1249369763035283456
1249369821080440840
1249369837379313664
1249369984754520069
1249370146679820288
1249370171908612097
1249370424086892546
1249370569406943233
1249370722775863298
1249370831567728643
1249371108538605569
1249371329628782592
1249371331994333184
1249371622579924992
1249371778696142851
1249371886796132353
1249371926343999489
1249371941489618944
1249372049203580934
1249372107441500162
1249372350526545921
1249372400715620353
1249372811866456065
1249372925641121792
1249373117815885827
1249373397454188544
1249373636982476801
1249373884744228869
1249374086486052864
1249374309023232000
1249374379592556544
1249374443710877697
1249374507892162561
1249374573889343488
1249374582164750336
1249375280625410049
1249375318051188736
1249375615662403584
1249375921221427201
1249376172837748736
1249376963271086081
1249377043755614208
1249377180141776897
1249377245338075136
1249377544488415235
1249377773656948738
1249377843684847616
1249377854522970112
1249378685297147904
1249379034657521670
1249379077913317377
1249379106254446592
1249379180745240576
1249379341227585536
1249379396093263873
1249379410022502400
1249379570836312065
1249379809538396165
1249379847706574849
1249379941327630336
1249380185599643648
1249380263739584513
1249380409437081600
1249380430421188610
1249380464093102081
1249380483672219648
1249380508397535233
1249380679143415808
1249380751591735302
1249380780343734276
1249380819346440192
1249380823222149120
1249381037223763968
1249381141708070912
1249381256485167104
1249381354694946818
1249381657867476992
1249381659645902848
1249381699953127425
1249381723433062401
1249381767372361730
1249381920980586501
1249382013624299520
1249382171636310022
1249382562314612737
1249382571693051904
1249382603712421888
1249383043342581766
1249383129829130241
1249383145775890432
1249383451968409600
1249383564954615808
1249383786388680705
1249383962947932160
1249384062478737409
1249384369451487232
1249384848290185216
1249384910588014594
1249384969220141058
1249385022768865281
1249385310884003842
1249385606188126208
1249385662953865216
1249385690405539841
1249386243579760640
1249386365873090560
1249386499457466370
1249386499679846404
1249386711416623104
1249386821600989184
1249387620653658113
1249387774504873989
1249387822861205504
1249387826598170624
1249388125236809729
1249388313590386690
1249388362378534913
1249388381177557001
1249388719066337281
1249389115172433925
1249389195212148736
1249389209078468609
1249389494576406528
1249389688978165760
1249389799808438277
1249389848076533760
1249389864585322497
1249390525112668160
1249390525360345088
1249390627294330882
1249390901270433792
1249391256758714368
1249391272575393792
1249391401349111808
1249391442398773250
1249391459901394945
1249391617993138176
1249391819843973120
1249392155400916992
1249392783967653888
1249393185450835968
1249393440527233029
1249393445870813184
1249393532357324800
1249393644982816769
1249394207359250434
1249394533541937152
1249395010417672194
1249395110602772481
1249395126767624192
1249395220984332288
1249395310209589248
1249395441017303045
1249396106405928960
1249396372576423937
1249396395246628869
1249396651803807744
1249396663959027713
1249396699602112512
1249396773677699073
1249396924249145345
1249396995111837696
1249397102188171264
1249397178381942784
1249397953157947392
1249398078211145728
1249398449012756481
1249398449671483394
1249399118524370945
1249399119166275584
1249399682771681282
1249399897855414274
1249400351683268609
1249400716898099201
1249402186108289024
1249402207658602499
1249402705048567808
1249403290720190464
1249403884038168578
1249404008353148931
1249404116553482246
1249404846672773120
1249405595071000576
1249405712234450944
1249405772695359489
1249405898453221376
1249406327224504321
1249407049135353862
1249407316895522818
1249407610568105984
1249408468257099777
1249409042709016577
1249409326281703424
1249409828130361345
1249410483393789953
1249410691796094977
1249412285589622785
1249412774918144000
1249413141135409152
1249414272553111552
1249414336449216519
1249414587830505472
1249418452260900864
1249418642506186752
1249418729445675008
1249419700443836416
1249420083782287360
1249420175511674881
1249420495595995139
1249420884575567872
1249421052452593664
1249421172531326976
1249421304156962816
1249421425619812352
1249421794202664960
1249423383655116801
1249425087259959297
1249425908101832704
1249427212647858176
1249428307122089986
1249428386532868107
1249428597216952320
1249429272156090373
1249429520307744770
1249430750535077890
1249430928323039232
1249431115904864256
1249431292552155136
1249431607649288192
1249431607796064258
1249431812398440450
1249432772147437573
1249434550310060032
1249434985527799808
1249435837001093122
1249436054781751297
1249436216006713344
1249441705041858560
1249444718573805568
1249444928108847106
1249449341133025280
1249451756792111106
1249456245410578434
1249462058174877696
1249462543917162497
1249462750893522945
1249462828471185408
1249462832002818048
1249462850013126656
1249462988429561858
1249468975093698560
1249472281958637569
1249477096482779137
1249480254911139840
1249481137237319681
1249484504462327808
1249488101451300864
1249488191880482816
1249488836960247808
1249491444718436352
1249493831747129344
1249496219979788288
1249498042266337281
1249501024076922883
1249501770222432257
1249502154814971906
1249503434169937920
1249504811453566978
1249504931171536896
1249505406759489537
1249506958996103168
1249508080917704704
1249508587988111360
1249508863834898432
1249508962543833089
1249508990054064128
1249509102356533250
1249509178625777664
1249509210942869504
1249510385268305926
1249511215862145024
1249511416765116416
1249511423425708034
1249511770743427073
1249512376040185858
1249513536616714240
1249513914540285952
1249515846390538241
1249516746668511233
1249517728399888389
1249518308769984513
1249518908916162560
1249520256306909185
1249520370446671874
1249522341811380226
1249522358517297154
1249523668096409600
1249523676703150080
1249524431874961408
1249525105983549440
1249527341803401216
1249527757572173824
1249529418680135680
1249529926421630977
1249531371338383360
1249531569196294144
1249532167119450112
1249532168822390786
1249532355997401088
1249532358757199873
1249532590060523520
1249532990725615616
1249533256275333120
1249533390698606592
1249534169090150400
1249535005266604032
1249535302302978048
1249535763005362176
1249535890268930048
1249535890952581120
1249536412233289734
1249536895895228417
1249537634478592000
1249538243743191042
1249538884570152968
1249538978795028481
1249540108157456384
1249540719619891200
1249541447793004550
1249541474309423105
1249541917014020096
1249542142810157056
1249542236561268738
1249542671871270913
1249544392232206336
1249545745419522053
1249546125394272256
1249546603960000514
1249547695485673472
1249548391618473985
1249549402865152002
1249551450180476928
1249552465063624704
1249552470122147840
1249554702343143424
1249554997500497920
1249555024914427904
1249555041985482760
1249555129935761408
1249555408609476609
1249555695348985856
1249557641581359104
1249557999707774977
1249559887559835649
1249559904756482048
1249560051565514752
1249560177851813894
1249560347620470784
1249560450590601216
1249560528059371520
1249560635114811396
1249560971103870977
1249561050938093570
1249561507853000704
1249561798023548928
1249562140874178560
1249563283582926850
1249564514330136576
1249565767462518787
1249565957456003072
1249567488771100672
1249568951643693056
1249568967498199040
1249569376258289665
1249569435225952256
1249569556433158145
1249570369574334464
1249571214936248321
1249573841078087681
1249574151725056000
1249574727389085697
1249575109364518912
1249575131925458944
1249575339224788997
1249577124450537473
1249577447370051586
1249578679564251137
1249578980648210432
1249580394770345989
1249580755363041281
1249581061589200896
1249582961248194560
1249583049836310529
1249583295148560384
1249583698481119234
1249586045286518785
1249586379673071616
1249587133209169925
1249589956185485313
1249590432331264001
1249590454082920449
1249590536345772032
1249591162387574784
1249591853759877123
1249592868563369985
1249595058954870786
1249595759143432199
1249596699082764290
1249597728021032960
1249598231652134912
1249600106141081601
1249600904715591680
1249601541712928768
1249603182457688066
1249604116734545920
1249606166272823296
1249607130157420544
1249607630785376258
1249607871509057537
1249612694174322688
1249613153853247488
1249615340293640193
1249616244963078144
1249616448810450947
1249620012932812801
1249620069379764224
1249624993538789376
1249625966067892225
1249626361926320128
1249636876291432449
1249637178000289794
1249640642965204992
1249641619541782528
1249645676549435392
1249645708140920832
1249646812409061377
1249650292649381890
1249652966463639552
1249659756500877313
1249668967632736256
1249669321736871936
1249670493591887874
1249672185091960834
1249676628738945024
1249677672105381890
1249680673197056000
1249683675781816320
1249691498251075584
1249697954430103552
1249698023765987328
1249698714630762497
1249700993618472960
1249703378130595840
1249706075646877697
1249706101248937984
1249706172698865664
1249706200012214276
1249708999441895426
1249727417351954434
1249728065774563330
1249730928164761601
1249733937095573505
1249734935038111748
1249736006997180429
1249751434226106369
1249751529671688192
1249751637171695616
1249751683309043717
1249752726638137347
1249762609538183170
1249765269687259137
1249766936746930176
1249771494009266179
1249866270809264129
1249896063248429059
1249919846533320704
1249972427922100229
1249983241567612929
1250108668483256320
1250259767710212096
1250311014245007360
1250386540703780865
1250448360210915329
1250495049961402368
1251140270688620544
1251151712632451077
1251193454136360963
1251193585497669632
1251203422218567681
1251298841934077952
1251488342035673088
1252462477222334466
1252684535893905408
1252838253633269763
1256290855503015936
1256292328047697922
1256668846255153152
1256669013482053632
1256669062551273473
1269884729051869184
