id
1251307531823124485
1251313378057793538
1251317674950275072
1251325598133149698
1251325808901152770
1251325970688008192
1251326099008581632
1251326110345736194
1251326699641475079
1251327235631398912
1251327364975321088
1251328358790557697
1251328448724795392
1251328473114701824
1251329785487257601
1251330214686154752
1251331233033814016
1251331862078935043
1251332056296153088
1251332845684944902
1251334167784087552
1251335071165935616
1251335124383236096
1251335333217579010
1251337433163022336
1251337986169421824
1251338473384161281
1251338549841944576
1251338557240688640
1251338759007764480
1251339793310466049
1251340486062649344
1251340487753035777
1251341079934201856
1251341167515463681
1251342413605384193
1251342498267574282
1251342565019840512
1251342870738542592
1251343386600042497
1251343724006670336
1251343835713507328
1251344508274397184
1251344632941666304
1251344765318201345
1251345026296111104
1251345195456778240
1251345715478982656
1251345943544258560
1251346030873935872
1251346104274182144
1251346409929928704
1251346610421854209
1251346812914417665
1251346958058430468
1251347130343731200
1251347281153912832
1251347369116856320
1251347416608989185
1251347881853882369
1251348173932490753
1251348699499966465
1251348946514927617
1251348947781554181
1251349743625596930
1251349781873455104
1251349818363883520
1251350063051202560
1251350265950658560
1251350296984518657
1251350621191409664
1251350714191757313
1251350881242497026
1251350929472811008
1251351016974413824
1251351412283326466
1251352174149287936
1251352182550458368
1251352249562849282
1251352735523299330
1251352930751373313
1251353163531091969
1251355043120345093
1251355300164059136
1251355328253317121
1251355649528610818
1251357579466268673
1251357945947815937
1251358057746980865
1251358567199735808
1251359021061353473
1251359220013961216
1251359519856365573
1251359739503497217
1251359786714558466
1251360076721340421
1251360176566910977
1251360248880742401
1251361087057850373
1251361173854842880
1251361270642601985
1251361301206495234
1251361464293580800
1251361569167949825
1251361817441349633
1251361910252990464
1251362231352094720
1251362372637188096
1251362575532429312
1251362761478533121
1251362973735514112
1251363102202802176
1251363735681163264
1251363874948788224
1251364083514761217
1251364209260142592
1251364271750971393
1251364301966843905
1251364525154209793
1251364734625935360
1251364984975581185
1251365072892424195
1251366400767062017
1251366800522010624
1251366842188218369
1251367090641989637
1251367609229955073
1251367635540799488
1251367792668020738
1251367828805914625
1251367835927904256
1251367896468516864
1251368058146308098
1251368576818110465
1251368911393546241
1251369185986269184
1251369227530801152
1251369823868600320
1251370300622557184
1251370349834338305
1251370469803978752
1251370706815737856
1251371340277460993
1251371471114366977
1251371585925263361
1251372243617116160
1251372285887279107
1251372335283572737
1251372429781299201
1251372608978743297
1251372867737972736
1251373222596972544
1251373440793075714
1251374000682352642
1251374173542182912
1251374787273740288
1251374893687615488
1251374942001618944
1251375255865589761
1251375257882988545
1251375395028385793
1251375612104597506
1251375975738118145
1251376345990348800
1251377307782021120
1251377851649028097
1251378598516121601
1251378696994189313
1251378783388446720
1251379091602694145
1251379336852107266
1251379419089797122
1251379500585115648
1251379562090565633
1251379596513079297
1251379669649113088
1251379816571432960
1251379989930364928
1251380355321323522
1251380433968754688
1251380627351334912
1251380682149920768
1251380709664555008
1251380860135170048
1251381133645762562
1251381335714750464
1251381731099242497
1251382020778803200
1251382177607979010
1251382227209908225
1251382240627441664
1251382325243310081
1251382417610297344
1251382449642192896
1251382449688412160
1251382450258956290
1251382582110908417
1251382791385866240
1251382865981403136
1251383148136390656
1251383263748173828
1251383418736132099
1251383757866594304
1251383845544325120
1251383943607148551
1251384058933686272
1251384295773495298
1251384373154201600
1251385210173702149
1251385589808500736
1251386177350889473
1251386328761032706
1251386422939942916
1251386567223988225
1251386762997334017
1251387031445360640
1251388010798608384
1251388172354764800
1251388268458807297
1251388359521366016
1251388384360034304
1251388561158356992
1251388927027675136
1251389100050898946
1251389105986027520
1251389115288784896
1251389466830200832
1251389611441483777
1251389806434586624
1251390181921284101
1251390910455099392
1251391182988443651
1251391186234781703
1251391197509120000
1251391266505416705
1251391579434213377
1251392516148080640
1251392522032517121
1251392628106526720
1251392689003732992
1251392724076335105
1251392967165669376
1251392988229427200
1251393210607427591
1251393521367449601
1251393522625699840
1251393930123513857
1251394286249107456
1251394561684824064
1251394952224858112
1251394973242540032
1251394974408556544
1251395085578629121
1251395436348190720
1251395551267938307
1251395591952711681
1251395926570106881
1251395960816599040
1251396266027675649
1251396309799407616
1251396562757926912
1251396692143824896
1251397265140232193
1251397367623909379
1251397597312348162
1251398084224937984
1251398446327771139
1251398522835857409
1251398571380707334
1251398806656086016
1251398815921303552
1251398869927161856
1251399065499168769
1251399484325498880
1251399936320524290
1251399936555409414
1251399989953089537
1251400006675791872
1251400021393600512
1251400164855570432
1251400643266273280
1251400834291646466
1251400871411240960
1251400901031387137
1251401324018536448
1251401613761114113
1251401648372453376
1251401794187493376
1251401829570670595
1251401842690453506
1251401861996871682
1251401947833196544
1251401977025585152
1251401998953353216
1251402215249416192
1251402781589561350
1251403007138422785
1251403048800288769
1251403107377938433
1251403255348727810
1251403361116512258
1251404511098200065
1251404627234283521
1251404856981504001
1251405098783309827
1251405154240262145
1251406017260183552
1251406505397547013
1251406608942247936
1251406752941109248
1251407027970011137
1251407080830861312
1251407701248098304
1251407720600698881
1251407977518514178
1251408068568637443
1251408082883600384
1251408235799752704
1251408397745844226
1251408455446827012
1251408660124721158
1251408879625228289
1251409018444115974
1251409105937289217
1251409375769423872
1251409873843216384
1251410005099610113
1251410259287117825
1251410325951229952
1251410412769357824
1251410722606608384
1251410879284838401
1251411472585945089
1251412549205016576
1251412648773681153
1251412649360809984
1251413048914407432
1251413253000818688
1251413259783008259
1251413647114375169
1251413695764131840
1251413933291794433
1251414204189478912
1251414487300628486
1251414553516097538
1251415027380150272
1251415071097405441
1251415372537819136
1251415376111386626
1251415384806342656
1251415387079536641
1251415495028248578
1251415669305794560
1251416188246056961
1251416527842099200
1251416640635334656
1251416866972594184
1251416928502968321
1251417062674534400
1251417112628740096
1251417396889260035
1251417516426944512
1251417565328371712
1251418114958299138
1251418651183337474
1251419292337270784
1251419551863988224
1251419667198914560
1251419714330349568
1251420198365736964
1251420199762440192
1251420511743033345
1251420862214926340
1251421154696294401
1251421270933045254
1251421347873353728
1251421488877461505
1251421872442322944
1251422043410579457
1251422431744425985
1251422598556086274
1251422962705559555
1251423105441886211
1251423109359394818
1251423599346552832
1251423633802592256
1251423854443954177
1251423872282316801
1251424222108250117
1251424363166851072
1251424460206297088
1251424485712039937
1251424706009239554
1251424831267942400
1251424884628037632
1251424926969430018
1251425197531508741
1251425220927254529
1251425241584156678
1251425285305581569
1251425531729293314
1251425533977485312
1251425583377969152
1251425972835905538
1251425997418684416
1251426620667080705
1251426621388619777
1251426963438268423
1251427080119582721
1251427151447904256
1251427388203782146
1251427424434192384
1251427453995593733
1251427492881035264
1251427977146937349
1251428112794968065
1251428226972311556
1251428391581913090
1251428507931926528
1251428511107158016
1251428684692484096
1251428712324542471
1251428855320993792
1251429035634089984
1251429812905771009
1251429845239644160
1251430072411537409
1251430144948023297
1251430232885563392
1251430243623026688
1251430281837330432
1251430444920274945
1251430513073508353
1251430603615899649
1251430870709227521
1251431002884333569
1251431277435052032
1251431328156839936
1251431359186268160
1251431523074613248
1251431534399111170
1251431623729401856
1251431637125959681
1251431746861752322
1251432421741871104
1251432528797286401
1251432872101081089
1251433111075733504
1251433158634926080
1251433291485532160
1251433451732926464
1251433535069515776
1251433696155992065
1251433821746032642
1251433938666401792
1251434099387973634
1251434179369349121
1251434818300071936
1251434864810684417
1251434875120316416
1251435299487584262
1251435323252301824
1251435423366123521
1251435605516378112
1251435778439172096
1251436101325041665
1251436107050426368
1251436529072791552
1251436731888365568
1251437046570213377
1251437609961701376
1251437652177387520
1251437766526660609
1251437939663368193
1251438164767457280
1251438292492365824
1251438694164119552
1251438875383234562
1251439078005813249
1251439919890722816
1251440179866267648
1251440328390787073
1251440414969622528
1251440725977214976
1251440933851131905
1251441175606620162
1251441386471055360
1251441413335572481
1251441602876198913
1251441701534588928
1251441726914355200
1251441964488294412
1251442069668630533
1251442213902356481
1251442323646328832
1251442344013881346
1251442390205755392
1251443001781563393
1251443019498156032
1251443597569716229
1251443657607049221
1251444245510135809
1251444446413144065
1251444675287777280
1251445027345235968
1251445371307319297
1251445623770935298
1251445787659169794
1251445951354540033
1251446126839861249
1251446178434002944
1251446186688475136
1251446325708599298
1251446554801500160
1251446997464170497
1251447023733141505
1251447046860570628
1251447220823457793
1251447296161574912
1251447820294295552
1251447989643575296
1251448274285809665
1251448355214905344
1251448480297414656
1251448538740846593
1251448606860558336
1251448746627358721
1251448784065724416
1251448854001541122
1251449068875706368
1251449178955235328
1251449641574391809
1251449707508887552
1251449728211890177
1251449841831428100
1251450239627612160
1251450311731904512
1251450792772431873
1251451115687645184
1251451138802503680
1251451248009568256
1251451600503140353
1251452027541938177
1251452266726359040
1251452367641300992
1251452371118374913
1251453122838269952
1251454427870814209
1251454679998853120
1251455010916823041
1251456057739640832
1251456138580656128
1251456249851338754
1251456507499036673
1251456641305702400
1251456984848584706
1251457567252811776
1251457621204234242
1251457776552833025
1251457829577216000
1251457832991350784
1251458086637694979
1251458240887484421
1251458426741223424
1251458471691608065
1251458489366441984
1251458601840807936
1251458768765779969
1251458861665402882
1251458997816721409
1251459022571687936
1251459498868264960
1251459725910093824
1251459821909540871
1251460156472217600
1251460280539729922
1251460427860504576
1251460614788014080
1251460764776316928
1251460912038375424
1251460991432314880
1251461220265111552
1251461222601392130
1251461244575342593
1251461299021602816
1251461428457816064
1251461646125395968
1251461716962979840
1251461988594540546
1251462457802977280
1251462582902255616
1251463150769070083
1251463176954294272
1251463301051019265
1251463452423405570
1251463470676992008
1251463542957539328
1251463594169872384
1251463717960597504
1251463722951831552
1251463799300710400
1251464104415342595
1251464135847493634
1251464327061622786
1251464344866418689
1251464580624080899
1251464586697424897
1251464632906117123
1251464933708984321
1251464943699759109
1251464997273628672
1251465094971551744
1251465142249893889
1251465236382486529
1251465348991184897
1251465370067558400
1251465379701874688
1251465497092124677
1251465528922816512
1251465609201643523
1251465628617027585
1251465696657072128
1251465827301224449
1251465872515964929
1251465881953034245
1251465914488258561
1251466158277967872
1251466165882253314
1251466250737217543
1251466326494769152
1251466329590128640
1251466352021213190
1251466411932672002
1251466458783252482
1251466503595139073
1251467278563958784
1251467331085066241
1251467664054038530
1251468076152807430
1251468278305746944
1251468538751012865
1251468676311597056
1251468790958710785
1251468828808114181
1251468833296015362
1251469114876391426
1251469124695232512
1251469383932641280
1251469552677838848
1251469583753437184
1251469591454248960
1251469720563269632
1251469891967860737
1251469931079598080
1251470243760754688
1251470304179703808
1251470323674804224
1251470489697935360
1251470580143943685
1251470622825172992
1251470658854195200
1251470682325581824
1251470715888394240
1251470732799836162
1251470769940389890
1251471070483251201
1251471221683818496
1251471242986582017
1251471577041924096
1251471596155355138
1251471668590948353
1251471841836687361
1251471869787734019
1251471918026256384
1251472313167474689
1251472322415869954
1251472438765871104
1251472444050731013
1251472470827167745
1251472751279304707
1251472817318584320
1251472948428328961
1251473094876659712
1251473141248823296
1251473366629978112
1251473383641935873
1251473450746523649
1251473481797005313
1251473732624773120
1251473775331127297
1251473786538348544
1251473834890289152
1251473980222894080
1251474130597146625
1251474747323342848
1251474896204357633
1251474977217376258
1251475191936385025
1251475414158962688
1251475473252536320
1251475892292870146
1251475928162566144
1251475958172770304
1251476417939832833
1251476496952131586
1251476702313635843
1251476864050159619
1251476908035862536
1251476992907571200
1251477166308511744
1251477236328173568
1251477358546055168
1251477370755661824
1251477472220250115
1251477573898403840
1251477737488805888
1251477760712704000
1251478101822853125
1251478288838520832
1251478337052000256
1251478373899124742
1251478430782091265
1251478573224882177
1251478661041012737
1251478691563008003
1251478929526804480
1251479021168128000
1251479037895012352
1251479112084074499
1251479271865868289
1251479334839148544
1251479457660981249
1251479476577292288
1251479705569517571
1251480072630030337
1251480175792947201
1251480652047773696
1251480683492458496
1251480735686385664
1251480785510531072
1251480958458454016
1251481014536265728
1251481087412301824
1251481153128800258
1251481201698693120
1251481472591990784
1251481479944663046
1251481504015765506
1251481538178342917
1251481571644727297
1251481693866782721
1251481701013794816
1251481949568299008
1251482624708599809
1251482776747929602
1251482799346835456
1251483404392161282
1251483417847296005
1251483547426189312
1251483713063358465
1251483733221400579
1251483772941291521
1251483820647309317
1251483917854498817
1251484081310666755
1251484124277137409
1251484484886843393
1251484614863929345
1251484667250765825
1251484825388638208
1251485083334144002
1251485302343884800
1251485304860499969
1251485322837323776
1251485328814137349
1251485778280091649
1251485983163334658
1251486041392812034
1251486113694433280
1251486291881013249
1251486328421638144
1251486570328158210
1251486955243630592
1251487065574801408
1251487154032664579
1251487166875594754
1251487359989760001
1251487526251925505
1251487612566597632
1251487619206180865
1251487725703708672
1251487927365820416
1251488009670672384
1251488083163348992
1251488345168867329
1251488368627761154
1251488737290145793
1251488756118388739
1251488831284502528
1251488918416965632
1251489304821424129
1251489324228423685
1251489410752712704
1251489412120117248
1251489462032297984
1251489541094993921
1251489626818146304
1251489680740110337
1251489779427930113
1251490333789061121
1251490435492507649
1251490500030259201
1251490663633309696
1251490679970074626
1251490907242631176
1251490965874806791
1251491126139252738
1251491188814708736
1251491363079614465
1251491592600342528
1251491693028954113
1251491755414810624
1251491775253889024
1251491850428362758
1251492351777755142
1251492391070007296
1251492434724311040
1251492452575277056
1251492558493986817
1251492622876553217
1251492764107206656
1251492813675433990
1251492874153193472
1251492912149323776
1251492943526948865
1251492986816323586
1251493025622011906
1251493405466587140
1251493434701099009
1251493470755098625
1251493727773683718
1251493857310597121
1251493960515612673
1251493967624982528
1251494005155610624
1251494036138979329
1251494335423500288
1251494412124696576
1251495394720112641
1251495404610281478
1251495724627476480
1251496086054645762
1251496138722521088
1251496469539901441
1251496565316792320
1251496861761892352
1251497046978121729
1251497119803998208
1251497130629296128
1251497134593105920
1251497201068466176
1251497275089510400
1251497396158083072
1251497456254152705
1251497679852470273
1251497944714342401
1251498059642679296
1251498186390163457
1251498188520873986
1251498269718413317
1251498449251348482
1251498525671604224
1251498564586373120
1251498839300640768
1251498847198605312
1251498854337269760
1251499332919910400
1251499343271477248
1251499503204495361
1251499530794618880
1251499615636996098
1251499780519292933
1251500031812628481
1251500034295648258
1251500122774532096
1251500137165189121
1251500286692057089
1251500328211619842
1251500475683225600
1251500481995661313
1251500937920700416
1251500943222296576
1251500975044440068
1251500980379586562
1251501069655400449
1251501077133848576
1251501166778650624
1251501217953406976
1251501426032820228
1251501832666415107
1251501889054576641
1251501921623396353
1251502051516792832
1251502280253169664
1251502328554885122
1251502418300293121
1251502555118460928
1251502821205094402
1251502904449490944
1251503152181833733
1251503245991858178
1251503784804577280
1251503827569659904
1251503866920591360
1251504017563254784
1251504102288343041
1251504163374026752
1251504167941574656
1251504426281340928
1251504500147277826
1251504792418971650
1251504849763495937
1251505303419486213
1251505449121144832
1251505880069099520
1251506028404867072
1251506175234805761
1251506276992823303
1251506607105601536
1251506767172759552
1251506770133970944
1251507012279525386
1251507241473077250
1251507421668835329
1251507428392202243
1251507521149210626
1251507537087774720
1251507553680252928
1251507750032400384
1251507855435247616
1251507942362435585
1251508068938133505
1251508277776723968
1251508375797415941
1251508623131373570
1251508663556194308
1251508696162525185
1251508698129633281
1251508698721157121
1251508751015632897
1251508861988560896
1251508928594063361
1251508939839037442
1251508960739262464
1251508975532556289
1251509144453910529
1251509271973335040
1251509316068052992
1251509582829981696
1251509898807926785
1251509966155874305
1251510170569650177
1251510697554350080
1251510717955465217
1251511085611376641
1251511354441121792
1251511359621132288
1251511516773314560
1251511841672421385
1251511977232326657
1251511999034318848
1251512031192256515
1251512114541244416
1251512171650899968
1251512231595917312
1251512313242214402
1251512428048703489
1251512603626532864
1251512660505456640
1251512948054351872
1251513029650378752
1251513134289833984
1251513340364419073
1251513726324203521
1251513782309777408
1251513819647455233
1251513955735883778
1251514003471257600
1251514036602023937
1251514093304868864
1251514203493392385
1251514269440421890
1251514328416686083
1251514466979569665
1251514520348037120
1251514784165400577
1251514910296600578
1251515066844712962
1251515385611870208
1251515398144487424
1251515470630449153
1251515650461204481
1251515954569175040
1251515985124716544
1251515996768137217
1251516143329828864
1251516162254336001
1251516310711865346
1251516487723970560
1251516534809399296
1251516635598295050
1251516651612311553
1251516757732470786
1251517142526119937
1251517305940574209
1251517498110795781
1251517760661712899
1251518095320993794
1251518196743471105
1251518243245682689
1251518345167474689
1251518397487013889
1251518990007951360
1251519256539410434
1251519432699998208
1251519640024477698
1251519813261787137
1251519844874248200
1251519899693797376
1251519899869954048
1251520040425455616
1251520088785612807
1251520132121161729
1251520288979685377
1251520659601059843
1251520747186446336
1251520927113699328
1251520973716598785
1251521216717811712
1251521499300679682
1251521863706009600
1251521933297901574
1251522153855553536
1251522196175859713
1251522259367256067
1251522313566093314
1251522324311863296
1251522372546334720
1251522385330634759
1251522457174863872
1251522518365532160
1251522817364946944
1251522844963545093
1251523051482562562
1251523129672790017
1251523279312961536
1251523318219341825
1251523561769930752
1251523563057602560
1251523682603659264
1251523824761237505
1251524161840668672
1251524234121117697
1251524344611627008
1251524511976976389
1251524528095846409
1251524874121564160
1251524925417861123
1251525409201483777
1251525968436490242
1251526033389445125
1251526061306806274
1251526456087199750
1251526620411641857
1251526646214975489
1251527367886958593
1251527941839675394
1251528227031412739
1251528419583471617
1251528580867084289
1251528857628237829
1251528896610070529
1251528948019650563
1251529027589795842
1251529039648419843
1251529242199969796
1251530130800799747
1251530285759426562
1251530382618423301
1251530556069691392
1251530557709672449
1251530698072047617
1251530785829482502
1251530861553442818
1251530946404167680
1251531015614390272
1251531155544911872
1251531475398176768
1251531569363386373
1251532097468149760
1251532161024266240
1251532679549313024
1251532696792293379
1251532874802769921
1251533588442386433
1251533725906554888
1251533740364324864
1251534129193201665
1251534478649913344
1251535234799038466
1251535385714278401
1251535405205172224
1251535454807064578
1251535557068386311
1251535618456223747
1251535639012618241
1251535663800840197
1251535739923259392
1251535841924493313
1251535904180629504
1251535936929718272
1251535991120130049
1251536019482009606
1251536028017532930
1251536276966248448
1251536601466863619
1251536712972382208
1251536733734203393
1251536792676970501
1251536827695030273
1251536887937855492
1251537260027117570
1251537290406461440
1251537567876431872
1251537701368520704
1251538776389677059
1251538996561231873
1251539163876225024
1251539242376806406
1251539314451705856
1251539623190249472
1251539654270214145
1251539904984580096
1251539936412459008
1251540352915234817
1251540375203835907
1251540637490397184
1251540637960167424
1251540676895928321
1251541035899146251
1251541387796979712
1251541545666449411
1251542034231353344
1251542091542302722
1251542610725924864
1251543108795265024
1251543337837801472
1251543566217703424
1251543588229402624
1251543617119739907
1251543756936867845
1251543951481245698
1251544086571450368
1251544127415689217
1251544135154065408
1251544510758219777
1251544539208101890
1251544777482358784
1251544811057766402
1251545124888121344
1251545126205186050
1251545194744307718
1251545201018994688
1251545504548155397
1251545529105833984
1251545615718211589
1251545687772336128
1251545688627793921
1251545840268636162
1251546151330869251
1251546233929256960
1251546601132158977
1251547292349300736
1251547475602632704
1251547495034843136
1251547560470147072
1251547583329316864
1251547805727911936
1251548178236600323
1251548397892321280
1251548424312197125
1251548448723046408
1251548472660164608
1251548484886388737
1251549101528776704
1251549187642032128
1251549531423903745
1251549840225341441
1251550135227539456
1251550149047799808
1251550494775865345
1251550495375671296
1251550517957758980
1251550622744100865
1251550702750457858
1251550846531170305
1251550899123544064
1251550970237956097
1251551195316891649
1251551587987632129
1251552016192569345
1251552147621031936
1251552267087392770
1251552428572307456
1251552452513415169
1251553602990030849
1251554849365213184
1251555098485911553
1251556095622971393
1251556200132407296
1251556380613337088
1251556582900379648
1251556649841709056
1251557040385716224
1251557144156966913
1251557395131592706
1251557729358864384
1251557948427386881
1251558320919343104
1251559074753204224
1251559122622795776
1251560082808033281
1251560586183241729
1251561297319038976
1251561646650060800
1251561952364466178
1251562443316191237
1251562500618776577
1251562652859428864
1251562855373000705
1251563109380046849
1251563254649946114
1251564172459925504
1251564240898490370
1251564818995150850
1251565154774343680
1251565534220480512
1251566649292935168
1251566854880948225
1251567609218121728
1251568240192630785
1251568852464308224
1251569274725863424
1251569378438471680
1251569512177995777
1251569712846143488
1251570631272919040
1251571082953322497
1251571241258848256
1251571704352014336
1251571858148749312
1251572153897463808
1251572222210142209
1251572226140209153
1251573089135034368
1251573636504317953
1251574169935831040
1251574573436243969
1251575559269695489
1251575577523314688
1251575735988310017
1251575796717645824
1251575910647635968
1251577707542036480
1251578007661182976
1251578285957365761
1251580102678380544
1251580630162276352
1251581893570695168
1251583258661396480
1251584617120854016
1251584853159493632
1251585445571551232
1251586294536302593
1251586827594555392
1251587680732712961
1251588038095847424
1251589600687951873
1251590949353873408
1251593843255971842
1251593957366042626
1251594082020765697
1251594527359426560
1251595829749506048
1251597674731786240
1251597737931374592
1251600564942589952
1251601097757605889
1251602802712801280
1251602878445359112
1251603279810871303
1251608942641209344
1251609884681842688
1251610339927449600
1251610379299389441
1251613329170235407
1251614198951325697
1251615874194132992
1251617287272116224
1251619153238163463
1251621019602714625
1251624041892413440
1251633856706297856
1251639141273493504
1251642004485754880
1251642021678321666
1251644754925944832
1251646690748248064
1251646771463221248
1251648490192596993
1251650359703076867
1251652887781965824
1251654241166389248
1251654338407272449
1251655776424226816
1251657134380630016
1251660191067705347
1251661670872686593
1251666789768937472
1251673215690141696
1251675763817869312
1251676085034647555
1251676391667642368
1251677325659275264
1251678539407151104
1251678932501442561
1251679967160786946
1251681757180473344
1251683256329629697
1251688497200746496
1251688850012778497
1251689578764701696
1251690231595589632
1251690515709517826
1251692823876980736
1251693328992788480
1251694340574978048
1251695190009495552
1251696612671291393
1251698380989886464
1251703574750359552
1251703657432678400
1251703894490492930
1251704091002015747
1251704614648344576
1251704835969175553
1251704863466983424
1251705487407476747
1251706807585656832
1251708413937156105
1251709854332248065
1251710025485086720
1251712116828110848
1251714207839473665
1251714240299151360
1251714730684821505
1251715610125504513
1251718860337635329
1251719534345519104
1251721477113516035
1251722183467864069
1251723402554949634
1251724170896998401
1251725773624340484
1251727358094016519
1251731253277016066
1251731923677753346
1251732298367549441
1251733588631973891
1251733615328800770
1251733873815257089
1251736212739522561
1251737439984447488
1251739535542611968
1251741957786722304
1251744446393184258
1251745769029173249
1251746202019745792
1251751633379180544
1251754473153638405
1251755136973787136
1251755882314006529
1251755918762508292
1251756380236550144
1251756766213238790
1251757225208459265
1251758131924750341
1251758416558768128
1251760064291102725
1251761137353285632
1251763704795992064
1251763939668570122
1251767364250566657
1251771342128656384
1251775961487544322
1251775987295141888
1251779820490391554
1251779857165381632
1251785324356751361
1251793847807434754
1251794684952756224
1251797773155880960
1251798831819190272
1251801362360344576
1251802997560012803
1251805316448055296
1251814743343534082
1251825271587704832
1251825789592616960
1251830447790632962
1251831580567339008
1251832316898361344
1251833221458862081
1251834538780766208
1251837358585966597
1251849776943050754
1251850229172834304
1251853497626132480
1251881267114762242
1251887805115928578
1251897854039175168
1251911944547663872
1251966879545069569
1252018471589883911
1252045974811394048
1252052417127931904
1252071716970352642
1252071850860920833
1252073457040457729
1252105899247718400
1252134918231961601
1252134926603808768
1252134942424748032
1252156657741824002
1252163628523876352
1252180198621052928
1252183193232474113
1252189154538147841
1252195167668301825
1252214900212019201
1252279979989139456
1252426287223681031
1252506612234772482
1252513625127956481
1252561925474357250
1252612411921707010
1252847994669428741
1252926132782903296
1252926146246701058
1252926159911653376
1253528934097907713
1253529115627413505
1253679761638985728
1253679776436383744
1253679816638791681
1253719028876496901
1254265036987527168
1254265060471435265
1254289682390814724
1254298059833393153
1254312932843745280
1254321905244372992
1254391994618531841
1254392010833719296
1254392022368055296
1254404281656016896
1254404294717177858
1254405054829867009
1254670302560292864
1257611877397348355
1265164121458311169
1265164138613014528
1266398810869166080
1266409925640622082
