id
1246235342006439939
1246235692696358912
1246237191774208001
1246238491257651200
1246240871663595521
1246241971657531393
1246242322498629632
1246243074776248321
1246243501446053889
1246245426233131009
1246246498532126720
1246248257438642177
1246248608753528833
1246248791881089024
1246250171845001216
1246250309266968577
1246250322319704065
1246250642105982976
1246250645050372096
1246252204563951618
1246253562155249664
1246253757131718658
1246254125626445829
1246254200213794816
1246255053846921216
1246255505212751873
1246255749501571072
1246256539721068544
1246257587210735616
1246257836931383297
1246257852395565056
1246257980720308225
1246258420409405440
1246258640505294848
1246258761041240064
1246258792355860482
1246259792240234497
1246260483553812481
1246260835963383808
1246261964126310400
1246262007419899904
1246262315512545280
1246263004984791040
1246263764976107521
1246263932077006848
1246264060661784577
1246264064877060096
1246264565228167170
1246264888218902529
1246265390847733765
1246266230488494082
1246266398763933696
1246266741602185217
1246266936452739074
1246267368520552448
1246267480076464128
1246267751343112193
1246267815788556290
1246267906574278656
1246267942020382727
1246268044113932290
1246268110749007872
1246268195096289280
1246268363757604866
1246268382938157056
1246268580208848897
1246268920069337088
1246269007696519168
1246269540658339841
1246270933234417664
1246271010308907008
1246271111387475968
1246271369941155841
1246271474106658818
1246271865120632833
1246272066845732864
1246272815319281664
1246273717249794049
1246273875354116097
1246273890361331720
1246274479216447488
1246274799254425601
1246274857328717824
1246275306756796416
1246275319364902912
1246275337496887296
1246275489825611777
1246275705135984643
1246275771833827329
1246275795649097729
1246276125891809280
1246277255338184705
1246277691130564609
1246277725817434112
1246277727541284864
1246277780007862272
1246277820986191872
1246278053732315137
1246278128697323522
1246278268547813376
1246278833336025088
1246278874268229632
1246279096071585792
1246279151146827776
1246279215529349122
1246279344646795264
1246279401727131649
1246279578928087042
1246279617062699008
1246279628349534208
1246280060937486337
1246280140314664960
1246280205443858432
1246280267615981569
1246280565633896451
1246280663205965825
1246280680595755010
1246280791102861317
1246280794542239746
1246280833192693760
1246281031377797120
1246281301251981312
1246281327407554561
1246281743922900992
1246281745890041856
1246281828308152320
1246282141664600064
1246282165450506240
1246282614089986053
1246282645194956800
1246282656947429376
1246282758621519872
1246283154534608903
1246283486568181760
1246283543430303744
1246283791703764992
1246284392730955778
1246284419343593477
1246284445050474497
1246284567444512769
1246284667461840896
1246284698147577856
1246284915026452480
1246285126683611136
1246285165879365632
1246285593698398209
1246285679174111235
1246285754151489537
1246286219769610240
1246286372547088385
1246286386249908226
1246286502834790401
1246286780535463937
1246287343633473537
1246287640409690113
1246287729517662211
1246287747196710915
1246287883616407552
1246287885562556416
1246287979775004672
1246287980685221888
1246288281790119937
1246288883030953985
1246289031916212224
1246289078229684224
1246289282433609730
1246289435357937669
1246289481054834688
1246289533332639744
1246289550369910784
1246289609660592131
1246289759128838147
1246289803701678086
1246289823674974215
1246290001475686400
1246290117553033217
1246290142421082118
1246290435196063745
1246290461385461760
1246290574010916864
1246290691052822528
1246290721163710465
1246290873865863170
1246290902756155392
1246291933619556361
1246291990091685888
1246292358326411264
1246292375963664384
1246292385807515648
1246292422633459712
1246292469349617675
1246292560793833473
1246292611125542913
1246292927401218048
1246293011861884928
1246293041331097600
1246293089062227968
1246293196105117698
1246293291919765504
1246293323838402563
1246293392453013505
1246293531041222656
1246293583117737986
1246293857995644928
1246293995581562881
1246294092222312448
1246294433697533952
1246294573799714817
1246294810563993600
1246295027313065984
1246295068639666177
1246295342968160257
1246295406461345792
1246295621910188033
1246295661508608001
1246295769952317441
1246295799253757952
1246295942568931330
1246296008738271232
1246296025955848192
1246296165995274240
1246296488491110401
1246296794549501952
1246296863759691776
1246296986422104064
1246297114197364738
1246297170678071296
1246297175094480896
1246297279742373888
1246297354539417600
1246297513872613376
1246297549171871744
1246297665299775490
1246297714033221632
1246298571705470977
1246298849125097473
1246298864413372417
1246298867215155200
1246299020961579009
1246299150599090176
1246299197801811968
1246299249068789761
1246299275715170305
1246299283151679488
1246299924825694209
1246300055868489728
1246300080249769989
1246300096829902848
1246300119269552128
1246300143533449216
1246300299720937473
1246300401168601088
1246300433242443778
1246300443187089408
1246300572455546881
1246300572602355712
1246300584036036608
1246300736415133696
1246300884859944962
1246301020436590593
1246301080540962817
1246301130058948608
1246301312448229377
1246301551972343808
1246301729395576832
1246302061165047810
1246302143058829313
1246302170212753410
1246302207512739840
1246302221416841217
1246302294703890433
1246302361137512449
1246302371921059840
1246302398638850049
1246302450539061249
1246302977490432000
1246303043672408065
1246303160198508544
1246303188421980161
1246303266658369536
1246303318088888322
1246303448867287046
1246303451878838272
1246303483159965697
1246303499408695299
1246303524364804097
1246303577775071232
1246303578496487424
1246303861561679872
1246303914388901891
1246303931006947328
1246304138494767104
1246304144245157889
1246304654247460869
1246304761155973120
1246305082917842944
1246305098810023936
1246305134893625345
1246305264384397312
1246305286677127169
1246305331329650688
1246305346437537793
1246305352900984833
1246305764106330113
1246305866963464192
1246305919773728770
1246306099117973505
1246306100221071361
1246306209549791233
1246306224762695680
1246306393616867331
1246306773813739525
1246306877647908864
1246306888876097538
1246306912158666752
1246307043230666753
1246307120909176832
1246307408118304770
1246307421376483328
1246307431585480704
1246307525978238976
1246307555896201217
1246307620387844096
1246307687396044800
1246307747093676032
1246307809978806273
1246307890341662721
1246307950773153793
1246308004405760001
1246308105639432193
1246308122978738176
1246308495479078912
1246308500738719744
1246308719308111872
1246308741764362243
1246308832487165952
1246308948845576192
1246308963366260737
1246309014872289282
1246309019540586496
1246309019590918147
1246309037525700608
1246309046312787968
1246309081536581633
1246309164147593216
1246309200457633793
1246309211631267840
1246309398315597825
1246309546802286592
1246309621385424898
1246309717799874560
1246309769373085697
1246309839707365376
1246310140422156289
1246310162366738433
1246310166091481088
1246310174467305477
1246310185875861505
1246310421021126657
1246310569537236992
1246310600591814656
1246310919447035905
1246310921829363719
1246311325086527489
1246311589231247360
1246311833406820352
1246311844211376128
1246311846253981696
1246311943234662402
1246312032388788227
1246312069407723520
1246312425059540993
1246312436887515138
1246312529694830592
1246312541971595264
1246312549252878336
1246312645809983490
1246312712830742529
1246313034642894849
1246313057044709376
1246313088749461504
1246313242189651968
1246313282262020098
1246313300926722049
1246313350834855936
1246313356731924481
1246313392815497218
1246313435698098176
1246313473589432320
1246313501175328768
1246313558813503489
1246313603117932544
1246313635518926848
1246313648693248000
1246313689864531969
1246313725495144449
1246313806550249474
1246313980471078912
1246314043289112576
1246314171647442945
1246314283379486722
1246314300039258113
1246314386366423040
1246314425495109632
1246314539735343105
1246314549835251712
1246314634241544192
1246314643615707148
1246314671507828741
1246314763086254086
1246314765095325697
1246314817180188672
1246314889938751488
1246315129651658753
1246315207162355712
1246315240855179264
1246315243711520769
1246315253282963458
1246315273642110979
1246315274422251520
1246315277827993600
1246315285977665536
1246315290377371649
1246315297826578433
1246315301244821504
1246315307083296769
1246315310908497920
1246315311076270083
1246315334006497282
1246315339278733313
1246315355909132288
1246315365111455744
1246315367942610944
1246315370169937920
1246315372346662912
1246315375777566720
1246315395734048768
1246315398246563845
1246315406660268032
1246315426574815232
1246315435319934976
1246315437337395200
1246315438796992512
1246315439073816576
1246315459051307008
1246315474889007104
1246315490416275457
1246315505633210368
1246315524528549894
1246315553217642498
1246315557927809024
1246315573522214912
1246315576386961408
1246315579935522817
1246315585719250950
1246315599417864194
1246315624206237696
1246315645823680512
1246315651548897284
1246315653394391040
1246315670599430147
1246315683308138497
1246315700588691458
1246315701716967424
1246315716501880838
1246315740216475649
1246315746646315010
1246315773074653185
1246315790032187395
1246315854670651392
1246315876179038214
1246315885041725440
1246315887268782080
1246315897666461697
1246315900958937089
1246315944676184064
1246315977253376000
1246315982475292674
1246315995691487232
1246316013269868556
1246316021125955586
1246316060317339650
1246316069679071232
1246316072166277123
1246316073042894848
1246316084027744256
1246316123659747328
1246316123684917248
1246316131511439366
1246316235899293697
1246316239485407232
1246316247463030784
1246316251619581952
1246316290014248961
1246316298952302592
1246316308091645958
1246316309106708480
1246316332347305984
1246316350366076928
1246316356590428160
1246316358142328832
1246316359220211712
1246316365184552960
1246316380636344321
1246316396956356608
1246316420322873345
1246316420352184320
1246316469438144513
1246316491164672001
1246316511351828480
1246316543652159493
1246316627936727040
1246316662803927040
1246316683855159296
1246316685365145601
1246316728591585281
1246316745201045505
1246316746094477312
1246316761017757696
1246316779871145984
1246316808598106112
1246316850989813761
1246316890479157253
1246316915414294528
1246316931675590656
1246316937367314432
1246316972259729412
1246316985576599553
1246316987694768128
1246317032322166785
1246317067038380033
1246317111636422658
1246317113691607040
1246317120238977025
1246317152321196034
1246317186118901760
1246317200715046912
1246317206201229313
1246317209518923777
1246317210580086789
1246317287424045056
1246317300187193345
1246317329345986560
1246317339982741504
1246317380214476800
1246317386736611328
1246317388900921346
1246317408173711360
1246317428289593344
1246317465652449280
1246317482924584960
1246317549312036865
1246317563451043840
1246317570728194048
1246317571323736064
1246317574343626752
1246317587014627328
1246317609076678656
1246317645655199744
1246317743340544000
1246317825209159683
1246317834935734274
1246317836361854977
1246317885565231105
1246317943312371713
1246317970952867840
1246318054494973953
1246318099202076672
1246318106231762946
1246318116516147201
1246318123692613642
1246318135323418625
1246318180294787072
1246318194144378886
1246318224695627776
1246318240835354624
1246318241791664128
1246318252596310017
1246318253267251200
1246318304139964416
1246318315619770368
1246318382338543617
1246318456883908608
1246318525070766080
1246318623817252864
1246318634047168514
1246318674538926080
1246318724958711809
1246318739399696384
1246318741652213760
1246318744739053568
1246318772735979521
1246318774354997248
1246318815140405249
1246318946862563330
1246318965975961600
1246318984237969408
1246319072926547968
1246319077217292292
1246319107751854080
1246319109471490049
1246319134352105472
1246319181269618689
1246319182586580996
1246319208650043392
1246319275859566592
1246319278980091909
1246319354150408192
1246319374610259969
1246319392029200384
1246319413747277824
1246319437994545153
1246319523973611520
1246319566424133637
1246319615644282880
1246319643137945600
1246319649114873856
1246319689858342913
1246319692433600514
1246319706232872960
1246319730429837312
1246319734036951040
1246319764298797056
1246319889477849091
1246319899716096000
1246319906460585985
1246320010974248961
1246320123792601088
1246320128859320320
1246320129073246208
1246320156059435008
1246320224669806597
1246320229241606145
1246320293041197056
1246320361861304321
1246320372422713344
1246320377690615808
1246320390001119237
1246320391141773312
1246320394899881984
1246320395617095682
1246320402390872066
1246320516824096768
1246320521362329600
1246320683992240129
1246320689885274117
1246320705676783617
1246320777760083970
1246320796458508298
1246320858966028289
1246320959260246016
1246320963475525633
1246320975873888256
1246320996484698112
1246321021885399041
1246321050796716032
1246321078953070592
1246321079380930560
1246321102755856385
1246321113325436928
1246321129515442177
1246321159701852161
1246321239632654336
1246321278291599361
1246321281479278592
1246321293684703232
1246321318288445441
1246321333383737344
1246321354430754816
1246321385586085888
1246321414623256578
1246321421459943426
1246321425528393729
1246321489319563264
1246321542713114624
1246321594462425089
1246321706987171840
1246321744463331329
1246321745302192129
1246321791556968449
1246321876227375104
1246321880509734912
1246321881830936576
1246321970850852865
1246321986755649537
1246321989284855808
1246322005370003457
1246322012882010113
1246322041453563904
1246322043437514753
1246322047434674176
1246322051251490816
1246322051880603648
1246322066225106947
1246322093047705602
1246322130775461891
1246322192943435776
1246322196470890496
1246322215957565440
1246322248220213248
1246322275231518720
1246322294533709826
1246322324439105536
1246322430659837952
1246322440101220353
1246322448175230976
1246322528978698240
1246322529649569796
1246322542849060865
1246322556941959168
1246322598129963008
1246322605440655360
1246322679969247238
1246322705596588035
1246322745249370112
1246322793882345472
1246322809845846016
1246322856000024576
1246322913386442753
1246322973155311618
1246323034513764356
1246323072690339840
1246323072694550529
1246323154672160768
1246323214113845249
1246323225975386113
1246323269990416384
1246323281499545600
1246323289745588224
1246323308372455424
1246323323186757632
1246323360688037888
1246323363968094214
1246323405374148608
1246323420817575937
1246323433022951425
1246323463595401221
1246323476144599040
1246323484747124738
1246323560726945792
1246323568079597568
1246323668457787392
1246323726041223168
1246323751102197760
1246323823252668417
1246323864482668545
1246323887089971200
1246323934129094656
1246323946250625024
1246323958250496000
1246324006224941056
1246324035404722178
1246324040467271680
1246324072520110082
1246324118955253760
1246324119211323395
1246324119643099136
1246324136382574592
1246324190887608320
1246324207312441344
1246324328372682752
1246324359691563010
1246324382709895169
1246324402674749441
1246324467535466498
1246324474372182016
1246324515195346945
1246324576566444033
1246324657646493696
1246324845073162241
1246324918003757056
1246324945849737217
1246324976782675968
1246324993182466048
1246325120735391744
1246325137730748419
1246325150057934848
1246325205049298945
1246325230693265410
1246325239660732417
1246325405352525825
1246325469110099968
1246325483056197632
1246325662417219584
1246325674337435648
1246325790452494337
1246325833490255874
1246325948678471680
1246326012612186113
1246326137875095552
1246326240396447745
1246326241528954880
1246326245039566850
1246326253126205442
1246326273875431425
1246326306058330112
1246326337645600768
1246326343664455681
1246326388300197889
1246326405001969665
1246326454305976321
1246326554184933376
1246326561415938049
1246326567971614720
1246326627887280128
1246326653153763328
1246326666172874752
1246326701744738305
1246326704873717762
1246326963767132161
1246326976174063617
1246326979789352966
1246327050337542144
1246327062148698112
1246327077747355648
1246327142171815936
1246327226947088384
1246327230587756544
1246327299126906880
1246327324389376001
1246327431205511175
1246327438453256192
1246327455272452098
1246327470371921921
1246327478265626624
1246327627704684544
1246327671501377536
1246327814715887618
1246327880172236800
1246327906722181120
1246327911411380225
1246327924141125632
1246327979782762497
1246327980227301376
1246328245324091393
1246328287866966017
1246328340853583872
1246328375645356032
1246328454573740035
1246328462404538368
1246328528343191554
1246328546185773056
1246328563306885123
1246328602297159681
1246328625223225344
1246328698736795648
1246328741116047360
1246328748024008705
1246328808245878787
1246328856513896448
1246328895613177856
1246328965981073408
1246329202330066944
1246329237591584768
1246329252938579973
1246329381527547904
1246329456391684104
1246329471923154944
1246329476109094912
1246329488197083142
1246329552688656384
1246329559512834048
1246329563954597889
1246329566768951299
1246329568597704706
1246329571521097731
1246329573345615872
1246329623916371968
1246329685471969283
1246329751477694466
1246329784289746945
1246329816413925376
1246329823477133312
1246329837721010176
1246329853218926593
1246330013462323201
1246330052674912260
1246330112154333184
1246330125651566597
1246330190797537285
1246330262440382465
1246330348104900609
1246330354786418688
1246330391092318208
1246330409975242753
1246330525821718533
1246330571225059329
1246330830370123776
1246330905662091265
1246330906777808897
1246331181890547712
1246331250253627394
1246331337071415296
1246331523084640257
1246331545612255232
1246331665028268032
1246331694409342978
1246331712042184705
1246331929739309056
1246332034382827521
1246332096215306240
1246332123490824192
1246332129568415744
1246332142482870272
1246332513175220226
1246332633497219073
1246332663612370944
1246332720663482368
1246332734886330368
1246332837348773888
1246332848946044928
1246332950066556933
1246333103364169728
1246333157420531712
1246333387289186304
1246333434525437952
1246333465827495936
1246333652906082304
1246333680353554433
1246333738948141057
1246333768706768896
1246333772674424832
1246333865972494337
1246333874982051841
1246333888319950848
1246333934360641536
1246334000085401600
1246334104058159104
1246334340235067392
1246334365463805952
1246334408971268097
1246334741122437121
1246334853689167873
1246334901479038976
1246335054558531590
1246335216811040768
1246335245370023936
1246335355843801088
1246335659045871616
1246335847302975489
1246335983433334786
1246336204380893188
1246336316742066177
1246336336438521856
1246336416000303105
1246336437483491328
1246336439148675072
1246336852958875648
1246336969317072896
1246337034785939457
1246337193850941440
1246337205540245504
1246337290592370688
1246337293343789071
1246337349572685825
1246337403465302016
1246337418489290752
1246337489159127040
1246337561523601414
1246337694310887424
1246337759251296256
1246337840373305344
1246338004773265408
1246338019939897344
1246338070166683649
1246338100088860672
1246338126408085505
1246338200064258054
1246338211762372611
1246338239578779648
1246338254837698564
1246338314086387712
1246338376518610944
1246338383212711937
1246338390087192576
1246338501836070913
1246338527895252992
1246338662507278337
1246338728680816644
1246338785207435265
1246338839041343489
1246338907878215681
1246339120663678977
1246339148325085187
1246339171708370944
1246339218516869123
1246339218659516417
1246339218680549376
1246339222216282112
1246339256034791425
1246339326297821185
1246339386624466944
1246339405045874688
1246339483722809345
1246339626953895936
1246339660697108487
1246339710059827200
1246339763008749568
1246339846227947521
1246339853173678080
1246339854889181184
1246339870684885003
1246339906789662720
1246340058329694218
1246340143025291264
1246340218040377344
1246340259513655296
1246340301754687488
1246340326391812096
1246340392183664640
1246340441441632257
1246340602360291328
1246340622845390848
1246340684916776960
1246340689647915008
1246340720388014080
1246340733230927872
1246340744551362562
1246340779053727744
1246340798053924864
1246340822334767105
1246340970808922112
1246341037582237698
1246341219556265985
1246341319842131969
1246341363638996994
1246341382991515648
1246341388897103872
1246341403828875264
1246341425068826624
1246341585941323777
1246341675380662272
1246341734876868610
1246341780015943680
1246341780531843072
1246341838430076929
1246341937562415107
1246342100351762433
1246342184564998145
1246342199727382529
1246342346398150656
1246342489465696256
1246342568029253634
1246342628804833280
1246342641026912256
1246342643111477250
1246342673855680513
1246343156834033672
1246343246109794304
1246343328276209669
1246343381753581569
1246343386300166151
1246343496853671937
1246343597315592192
1246343607482601473
1246343632501608448
1246343654509170689
1246343701741187074
1246343798864502785
1246344050636132352
1246344083582287872
1246344339858403331
1246344355402694656
1246344426584027137
1246344507341197315
1246344542183239683
1246344646692765696
1246344860346380289
1246344932207534081
1246344978164416512
1246344998955565056
1246345024515657728
1246345150072119296
1246345156908814337
1246345413734490113
1246345620421406721
1246345650742034434
1246345654248472582
1246345733256515585
1246345775308664832
1246346165806723072
1246346198782480385
1246346219011489794
1246346287751938048
1246346304050982920
1246346515775283200
1246346570338975745
1246346644926283776
1246346715969413121
1246346768729526272
1246346769350496256
1246346809200410624
1246346871989080064
1246346982848753664
1246347117251067906
1246347204261851138
1246347314404290560
1246347537159614465
1246347579954266114
1246347689219907584
1246347715316867072
1246347814050955264
1246347895005044737
1246347899413258240
1246347933991067649
1246348062890422273
1246348193954017280
1246348214569066496
1246348215835754496
1246348244575080448
1246348432018567170
1246348462326595584
1246348494224289792
1246348505053986817
1246348511550951426
1246348579981021184
1246348846478675968
1246348907933626370
1246349113198669824
1246349122652651521
1246349212314243073
1246349261408624640
1246349272397709313
1246349290152198144
1246349408062455810
1246349514484535296
1246349576031727617
1246349687105490945
1246349728998215680
1246349796475932672
1246349801731403782
1246350098621067265
1246350133102399488
1246350172021374976
1246350349037756416
1246350540033818624
1246351542782836736
1246351604686569474
1246351631265837057
1246351652409335808
1246351693773590529
1246351734462541824
1246351769929539584
1246351816905768960
1246351819422552066
1246351832214953985
1246351839357833218
1246351918227533824
1246351962934669312
1246352017045344256
1246352104802795520
1246352167239221248
1246352192006582273
1246352368175706113
1246352389294063616
1246352392871759874
1246352703174787073
1246352719952007170
1246352833999331329
1246352850961051649
1246352934528409602
1246352946528317440
1246352959807475712
1246353053126516736
1246353233108275200
1246353298690433024
1246353327597576193
1246353397512425472
1246353435298910208
1246353464445136897
1246354053027655681
1246354074288570368
1246354076234731520
1246354078717767680
1246354117540233216
1246354203229876224
1246354253003681792
1246354277175398400
1246354287799586817
1246354318669815809
1246354318707441665
1246354318988431361
1246354319646973952
1246354328270462977
1246354379038285824
1246354469643681793
1246354491214934017
1246354657812705280
1246354881801142272
1246354956120031232
1246355031344832512
1246355259783434240
1246355395091685376
1246355428272832513
1246355501937332225
1246355531188465664
1246355697744273411
1246355738554843136
1246355798566948865
1246355826576515073
1246355952812474369
1246355976145367040
1246356134799130624
1246356253644746752
1246356530456178688
1246356544427413504
1246356866302533637
1246356887999635456
1246356974502957057
1246357008325869568
1246357035848957952
1246357044648497152
1246357111417622529
1246357131680288768
1246357293282680832
1246357356608249856
1246357409070809088
1246357511109636096
1246357661345439744
1246357731889401856
1246357978388676609
1246358030620348416
1246358133053616133
1246358390151868416
1246358442538721280
1246358479662702592
1246358511597973504
1246358519017660416
1246358693236502529
1246358726354694145
1246358933213609984
1246358933956001793
1246358937596657665
1246358997793267714
1246359040747167745
1246359072426692610
1246359135878144001
1246359215259529217
1246359218271047681
1246359236994633729
1246359241713213442
1246359488770134016
1246359518952542208
1246359601408139265
1246359628503343105
1246359669267779585
1246359793624682496
1246359931491471361
1246359995450404864
1246360061649145857
1246360089012797440
1246360664106356739
1246360876753375232
1246360953609846784
1246360972777881600
1246360980071665664
1246361028218273792
1246361050129129473
1246361152075915269
1246361169444491264
1246361209395277824
1246361273249325057
1246361289980440576
1246361293956644864
1246361369663770624
1246361596936343553
1246361622534180865
1246361798242000897
1246361855276302336
1246361869062897664
1246361915099475968
1246362154145656832
1246362181584601088
1246362267563593729
1246362270411526144
1246362391266246656
1246362425462415361
1246362488553127936
1246362507578507265
1246362682418057217
1246362708116570112
1246362725870997504
1246362751909253120
1246362766920704005
1246362797719482368
1246362884998713344
1246362899984994304
1246362905169104902
1246363197906419712
1246363296397062144
1246363384850735105
1246363434175754241
1246363635762380801
1246363664300396544
1246363713138872320
1246363759288832000
1246363763650904066
1246363798321025025
1246363964616794112
1246364019243380736
1246364079553273856
1246364231412248576
1246364427667910656
1246364469065682945
1246364672653004801
1246364777099579392
1246364966837346304
1246364994519715841
1246365021497462785
1246365036097855488
1246365067488014336
1246365238057828352
1246365412662468612
1246365448754479106
1246365486658383873
1246365601171271680
1246366010342404097
1246366031347474434
1246366146044915713
1246366248511746048
1246366429936574465
1246366487398547457
1246366552858951681
1246366684497272832
1246366688381210625
1246366873177837568
1246366949195436034
1246366981973925890
1246366982917611520
1246366984251400192
1246367120595836929
1246367334287192064
1246367335188795394
1246367406047383552
1246367447872966656
1246367719940751361
1246367740073410561
1246367789322915840
1246367826505539584
1246367841621659648
1246367922844393473
1246367933963501570
1246368051043295233
1246368060518227969
1246368368203988992
1246368398663012352
1246368413426958336
1246368502434238464
1246368541181239297
1246368542598901760
1246368674111303680
1246368719816687617
1246368745821356032
1246368808517767169
1246368826473598977
1246368847667445760
1246368848116236288
1246368856290951168
1246368941775020032
1246368954420834304
1246369098025455622
1246369183597617152
1246369273842257920
1246369417526558721
1246369417623146496
1246369434232442880
1246369447922696192
1246369602214359040
1246369641720508416
1246369709932437504
1246369722959925248
1246369796582551553
1246369860289851392
1246369896293961728
1246370042653990912
1246370160614584321
1246370227958329346
1246370292491927552
1246370353888350208
1246370363153567744
1246370417003999232
1246370694960525313
1246370861692510208
1246370891363041280
1246370940788723715
1246370957087793153
1246370980038991872
1246371107285790720
1246371114441248769
1246371117905764352
1246371164412207105
1246371195194310656
1246371215393976320
1246371230623490054
1246371231659520001
1246371234381582336
1246371248096940038
1246371290828570630
1246371306129375232
1246371321967079424
1246371329541984256
1246371338794631168
1246371347631968256
1246371367450103809
1246371369862004736
1246371387427532801
1246371401583345665
1246371428267479040
1246371477319897088
1246371498673070080
1246371517652320256
1246371530059083776
1246371569628114944
1246371571331141632
1246371577765101571
1246371633310453760
1246371641522900998
1246371653178671104
1246371663182049280
1246371682840743936
1246371703388688385
1246371704177188864
1246371706714783744
1246371707402649600
1246371737479958528
1246371779423027201
1246371793700442112
1246371853632860160
1246371864579952640
1246371916039872512
1246371920062214144
1246372012567613441
1246372014413058050
1246372023527333889
1246372037473341440
1246372051482316800
1246372054099611648
1246372095954567168
1246372108000563200
1246372116171276289
1246372150782464000
1246372166519545856
1246372178758492160
1246372202062041089
1246372219460050944
1246372225516589057
1246372341656911873
1246372348128718849
1246372356093652993
1246372389207691265
1246372412641312768
1246372424158818304
1246372433122082825
1246372433411489794
1246372451644141569
1246372483671805953
1246372498041524224
1246372503141797888
1246372577255149568
1246372597761220608
1246372606845960192
1246372620544573440
1246372639813152769
1246372700265709573
1246372731412598784
1246372767278059520
1246372862144819201
1246372886215938048
1246373072073936896
1246373111391342593
1246373198763044864
1246373320007671808
1246373334498938881
1246373384826617856
1246373423749554176
1246373428451401729
1246373439557873664
1246373607913041920
1246373651248627713
1246373661533040642
1246373756726947841
1246373765555970048
1246373773210574849
1246373795796938752
1246373827661017088
1246373877627813889
1246373897747853313
1246373901476610048
1246373970921820160
1246373994946650115
1246374046947663872
1246374091352731649
1246374099825201152
1246374118523416581
1246374133887381504
1246374271598727174
1246374413366218753
1246374444970332161
1246374522879528960
1246374598444109825
1246374748784709638
1246374792120250368
1246374889159680002
1246374981488889857
1246374992545120256
1246375007837511680
1246375134882975744
1246375150053965827
1246375282447020035
1246375357428559872
1246375374381936641
1246375569647734786
1246375693463605249
1246375927300476930
1246376017494568960
1246376028487835648
1246376102794149888
1246376114701754369
1246376179847716864
1246376229344669696
1246376353236013056
1246376393832665089
1246376405559963649
1246376439202471937
1246376457942622208
1246376529438769153
1246376561629999105
1246376636951355393
1246376731251863562
1246376784729432065
1246376803146575872
1246376805390372865
1246376818589892608
1246376845882216448
1246376852844761088
1246376995782455296
1246377004737298435
1246377057988169728
1246377173969076225
1246377249802076161
1246377262900858880
1246377326918504448
1246377337777606658
1246377341967720448
1246377432132681728
1246377432807948288
1246377440215281666
1246377441280446464
1246377467666780161
1246377476772651008
1246377538353430528
1246377549384437760
1246377574227308544
1246377696067588097
1246377724899282944
1246377772819165185
1246377894189789184
1246378059847962626
1246378070329544704
1246378146674307074
1246378216375250945
1246378221752311808
1246378225363587072
1246378264894902272
1246378357136097280
1246378424253333504
1246378428573421568
1246378443798769665
1246378485225934849
1246378495451598849
1246378516850987009
1246378516976824325
1246378560182337536
1246378577647374337
1246378606655410176
1246378617304543232
1246378653820153862
1246378691526971393
1246378777317232640
1246378805607804928
1246378930845757440
1246378932825231367
1246378978685771777
1246378987904999424
1246379099448172544
1246379099498483718
1246379150740312064
1246379178016022528
1246379196164771841
1246379231640051713
1246379243547684865
1246379264510849024
1246379319657508865
1246379383637413888
1246379414046126081
1246379434480828417
1246379435030245376
1246379452407242753
1246379467074760704
1246379514340331523
1246379659396182016
1246379749200420875
1246379818255437824
1246379859372167168
1246379969409765376
1246380046861950976
1246380084262359045
1246380112867725312
1246380228634689538
1246380239711866880
1246380244103081989
1246380302475227136
1246380363200360448
1246380373946150914
1246380619484954625
1246380620046987265
1246380694009335809
1246380754679947266
1246380874322661376
1246380907017187330
1246380919524478976
1246380935257325568
1246380938805702656
1246380958611275776
1246380963971469312
1246381101494554624
1246381153646305286
1246381216384692226
1246381225763192833
1246381262069092352
1246381331103145985
1246381473449426944
1246381576448905222
1246381585890304001
1246381601044303878
1246381621315391489
1246381703112699904
1246381798289846273
1246381951898062848
1246382216847872000
1246382403939000321
1246382431168368640
1246382457823219712
1246382469407883265
1246382541956775936
1246382544066621440
1246382693161398278
1246382743165890561
1246382905854578688
1246382955615760389
1246383055075282944
1246383078596939776
1246383115477454848
1246383130606309377
1246383132854665216
1246383324840353793
1246383472681222149
1246383480734277632
1246383511847579649
1246383545599188992
1246383561172586497
1246383662255370242
1246383702734712838
1246383703107842048
1246383743268458496
1246383748033196032
1246384157262876672
1246384177739485184
1246384237906780162
1246384318181605376
1246384335990620161
1246384338314260485
1246384398217297923
1246384486490632192
1246384497383182337
1246384738819911682
1246384818507530246
1246384835179905024
1246384857204154368
1246384859217416193
1246384865290960901
1246384905925169154
1246385090298392576
1246385095612567556
1246385103078481920
1246385326354022402
1246385426182459392
1246385434403278849
1246385446721957888
1246385509317742594
1246385592922828800
1246385611759439872
1246385684165713925
1246385880735993856
1246385937539452928
1246385962260692992
1246386003671052288
1246386118074855427
1246386119568011264
1246386120062988288
1246386420366708736
1246386658615779328
1246386691104899072
1246386721308069888
1246386741218426882
1246386834944319489
1246386873221570560
1246386880498651137
1246387050648965122
1246387059989704705
1246387097281253376
1246387169444245509
1246387196451368961
1246387203346841601
1246387324977467393
1246387397199163393
1246387423082237953
1246387465109176320
1246387475502616576
1246387500622311426
1246387571455746049
1246387615709851648
1246387714938691585
1246387764007858178
1246387908249939968
1246387975400779778
1246387987534843904
1246387999211843584
1246388185581490176
1246388208696324096
1246388404897468417
1246388540709031939
1246388541828919297
1246388681084002305
1246388736788557825
1246388740571844609
1246388826928377856
1246388852165496833
1246388894729289728
1246389003986669573
1246389037356679170
1246389061494816770
1246389087323348994
1246389092230676480
1246389097863630849
1246389106596122624
1246389260820729856
1246389308996456448
1246389481038462977
1246389482653249536
1246389608532729861
1246389718914191361
1246389805606289408
1246389859989651464
1246389888766771201
1246389899621584897
1246389948644618241
1246389993414647808
1246390006727331841
1246390026222485505
1246390065938329602
1246390233106542594
1246390299967893504
1246390447888461826
1246390622543433728
1246390630344843264
1246390647931539462
1246390776184983552
1246390868967395331
1246390929839116289
1246390961585811456
1246391209125273605
1246391306869280770
1246391407796838400
1246391490873397250
1246391521777045505
1246391627469316096
1246391646163480576
1246391734809948160
1246391894143188994
1246391992533135362
1246392094584864768
1246392106593038337
1246392125580689410
1246392132580999171
1246392261564219392
1246392313217052673
1246392387892436993
1246392443647299587
1246392500899602432
1246392519887212546
1246392540330262528
1246392546424582144
1246392578229952513
1246392592134094850
1246392592792604672
1246392639773011968
1246392742655090690
1246392789627092993
1246392867578249216
1246392889849950211
1246392896296607744
1246392898578497536
1246392918752944128
1246393089180065792
1246393108360617985
1246393286786338817
1246393359754653696
1246393644950544387
1246393651594317824
1246393755780780032
1246393961947643910
1246394082840260609
1246394093522923520
1246394111982104579
1246394126913830912
1246394136502009858
1246394487305199616
1246394557807202304
1246394799856345088
1246394830638342145
1246394907616395265
1246395014630068224
1246395052445691907
1246395079905837062
1246395143193681920
1246395152836382721
1246395176328630273
1246395251901616129
1246395315248218112
1246395387545399297
1246395404146503680
1246395413185224705
1246395537336627200
1246395590885310465
1246395653854355457
1246395747882250240
1246395765175357440
1246395835388022784
1246395916556222466
1246396011334914048
1246396165802754049
1246396205719941121
1246396236636119041
1246396276008075265
1246396370157596672
1246396473333305344
1246396497324691456
1246396513992884225
1246396617185320960
1246396662659989505
1246396670817992704
1246396740468604929
1246396862430498816
1246396885729816576
1246397074926522368
1246397124759007232
1246397165477302274
1246397180656545793
1246397202206867457
1246397209085501441
1246397230581506049
1246397287271518209
1246397510735679491
1246397567593660416
1246397735239962624
1246397772703494144
1246397815485431815
1246397821059645440
1246397842328969216
1246397929688088576
1246397964265893889
1246398053503787008
1246398100878422017
1246398150274768896
1246398197339049984
1246398320274051073
1246398339886669825
1246398358421299202
1246398381611577345
1246398494287552513
1246398498330660864
1246398531587334145
1246398635199225857
1246398660373430272
1246398725976555521
1246398746641891328
1246398866418569216
1246398928225882112
1246398957497937920
1246398997398310912
1246399047272779778
1246399085931683841
1246399246649028608
1246399295051325441
1246399340614012928
1246399494716968961
1246399505970245632
1246399543081439232
1246399675822825472
1246399728935264257
1246399786082684928
1246399989128953856
1246400118904897536
1246400132372971520
1246400139322740736
1246400235959488513
1246400443493777408
1246400498598477824
1246400528633876480
1246400848952868864
1246400953428951040
1246401052691148801
1246401165048217600
1246401311693615105
1246401322955370497
1246401423333396480
1246401481235808256
1246401528279085057
1246401566468214784
1246401675587248134
1246401694931415040
1246401696885911553
1246401737545510912
1246401766704336896
1246401817023352832
1246401963446505472
1246401985185583104
1246402164777336833
1246402365617561601
1246402416859176961
1246402497591181313
1246402500300664832
1246402594064314368
1246402604243943424
1246402615941804037
1246402668823597058
1246402792920506368
1246402796586500096
1246402822771363840
1246402872025079808
1246402946100637702
1246402951242895360
1246403278000152576
1246403499245498368
1246403566790565888
1246403972379734016
1246404205645942786
1246404483250368514
1246404636891729922
1246404663064309760
1246404704675835904
1246404739585044480
1246405031873507329
1246405057576230915
1246405091805913089
1246405106871889921
1246405172286369793
1246405205316390913
1246405253731250176
1246405279094198272
1246405285276569600
1246405356990779399
1246405399638491137
1246405433725562883
1246405437110415361
1246405544677478402
1246405594539388928
1246405842057842689
1246406003223965700
1246406039295021056
1246406058882396160
1246406238738341888
1246406405763915776
1246406584995102720
1246406754901954562
1246406853862420485
1246406988939980800
1246407171408982019
1246407290829193216
1246407337797021696
1246407384227917824
1246407391060492289
1246407469414285314
1246407654190149632
1246407732497801216
1246407743067447297
1246407747433684994
1246407770594619392
1246408089575686145
1246408126582018049
1246408283125993474
1246408354823434240
1246408471072985088
1246408497480101888
1246408563003551744
1246408806935826432
1246409176923824131
1246409342267486211
1246409447775162370
1246409688016617473
1246409696157843456
1246409819520503810
1246409836918530049
1246409961824911360
1246409970209308672
1246410003210063879
1246410026517794816
1246410114023567360
1246410246022516737
1246410266062905345
1246410400490352642
1246410421088579584
1246410439723905024
1246410464407343104
1246410516345446401
1246410660151345152
1246410763503169537
1246410833187475459
1246410912531013634
1246410993346981890
1246411031305269248
1246411113937268737
1246411343193714688
1246411440946200576
1246411447011143680
1246411457446608896
1246411631111712769
1246411704658841600
1246411717531160576
1246411833793077248
1246411989225627648
1246412081999446016
1246412138215657473
1246412256784429056
1246412404633686016
1246412468479352833
1246412505166966784
1246412615913320448
1246412652865376257
1246412784562126849
1246412788261511168
1246412858855845888
1246412923854934016
1246412992075280385
1246413186791641095
1246413195020922881
1246413207104708609
1246413306480308224
1246413392061087744
1246413443743154183
1246413620264734721
1246413698001862659
1246413712405049344
1246413732298670085
1246413894882484224
1246413898019827713
1246414085001891841
1246414143953014784
1246414159589199877
1246414168841801728
1246414308424028161
1246414339025907712
1246414378464718850
1246414399163600896
1246414418285432832
1246414440406355970
1246414476074569730
1246414699337408514
1246414756614770688
1246414793159786497
1246414976031444992
1246415026748919813
1246415071053398016
1246415220282503170
1246415263852978178
1246415268978388993
1246415292768473088
1246415423764979713
1246415466509164551
1246415770474573824
1246415785582448640
1246415798031151106
1246415912644644865
1246416180023160832
1246416246200881152
1246416305055358982
1246416383233019907
1246416387326636032
1246416468582924288
1246416566888984577
1246416569086783488
1246416653325185025
1246416656101830656
1246416737601388544
1246416977633120256
1246417166531883010
1246417204645527552
1246417378994302976
1246417409675636736
1246417440449257478
1246417446954602500
1246417487253532672
1246417521336438788
1246417553225728000
1246417597261733894
1246417621790097408
1246417646163279874
1246417686315188225
1246417734356746240
1246417772340367361
1246417791735025670
1246417826635628544
1246417835720495106
1246417911738060802
1246418025592455169
1246418156492427265
1246418203749711874
1246418373673496576
1246418418493845508
1246418428207882240
1246418568121438209
1246418709666607105
1246418807070941186
1246418928252760066
1246418994195623937
1246419048696434691
1246419086789111809
1246419163276554240
1246419201507516416
1246419247611310080
1246419314422370305
1246419328871747584
1246419461638205440
1246419485768077314
1246419536489746432
1246419605360263168
1246419710733774848
1246419721387257856
1246419764227932161
1246419796943441920
1246419827620581376
1246419862961803264
1246419868615753728
1246419888890982401
1246419894809190400
1246419909472468993
1246419914119712768
1246419914480480257
1246419924139950080
1246419935078711299
1246419937540726786
1246419946768220161
1246419954796126210
1246419972600918018
1246419976396746755
1246419983367692289
1246419985582288897
1246419999079579648
1246420032101347328
1246420051252506631
1246420088405651458
1246420106537840641
1246420107527688193
1246420145532096512
1246420183230476288
1246420193556844544
1246420200645210113
1246420212406083584
1246420234610700294
1246420249777332225
1246420253170528257
1246420257431937024
1246420262184054789
1246420284095094785
1246420301920882688
1246420304999493632
1246420305687367680
1246420306236825600
1246420329825632261
1246420348091813888
1246420375593824256
1246420388277448704
1246420395265122306
1246420408426835968
1246420424960835589
1246420434263760897
1246420444917272576
1246420452953616386
1246420457399574532
1246420473170161664
1246420479918800896
1246420494586220544
1246420502190493698
1246420510746882048
1246420576622620675
1246420585745244161
1246420613222154243
1246420624811208704
1246420640271237122
1246420668071030784
1246420692385460225
1246420725503844358
1246420740494069761
1246420749532856320
1246420756063375360
1246420786019053568
1246420793463996419
1246420808236294144
1246420812095057924
1246420828071182336
1246420842570895361
1246420861592178688
1246420888230060032
1246420905556770816
1246420906366418945
1246420915082027009
1246420959990403072
1246420991502237697
1246421003397263360
1246421004026441728
1246421009751662593
1246421038251966466
1246421074532687872
1246421096280158208
1246421123740270592
1246421147589074944
1246421189850836992
1246421225775104002
1246421260994637825
1246421295509598211
1246421312588771329
1246421313129861120
1246421315675811840
1246421317961707521
1246421320285294598
1246421326769696775
1246421337872064513
1246421385997512711
1246421405383544833
1246421406541172738
1246421445242060801
1246421488397246464
1246421491706560513
1246421504826290176
1246421521532403713
1246421521825841153
1246421536707248128
1246421553190825984
1246421555246063616
1246421578692222976
1246421580344770561
1246421597902131200
1246421644890886144
1246421657918427136
1246421660833435653
1246421681486221313
1246421690487173120
1246421693947473921
1246421719557894144
1246421766827732992
1246421768719433729
1246421776805933056
1246421835182272514
1246421904656756736
1246421938718658562
1246421939658223619
1246421999913553922
1246422030808805376
1246422047422480386
1246422064291971073
1246422079286595585
1246422110257295360
1246422115831537664
1246422121640628224
1246422176430985216
1246422222727548930
1246422265190707201
1246422269049606144
1246422286623600640
1246422329954992128
1246422345033453570
1246422381771362307
1246422398485708801
1246422440256786434
1246422444207792128
1246422509081092100
1246422511689945088
1246422512587567105
1246422513820684288
1246422543788990464
1246422609069133826
1246422624676134912
1246422653092708352
1246422681794166785
1246422702270763008
1246422720125890561
1246422775171932161
1246422802904670208
1246422805802913792
1246422828594786304
1246422891949785088
1246422909419044864
1246423012691197952
1246423016549928960
1246423019368505345
1246423024523300876
1246423029694906373
1246423116831584256
1246423118748323840
1246423126356840448
1246423171340746753
1246423203829833729
1246423225686306820
1246423238390898688
1246423267893637120
1246423285119647744
1246423347895750661
1246423373858521089
1246423399338934273
1246423439566495745
1246423466523283461
1246423530641584130
1246423599365287938
1246423633586774017
1246423682584424448
1246423683091943425
1246423698652844032
1246423710946324481
1246423767967924226
1246423782727663618
1246423793192427525
1246423795167985664
1246423823018156032
1246423835307413504
1246423837178118146
1246423869029744644
1246423916140085249
1246423920288256001
1246423929528307713
1246423937380012032
1246423946104201216
1246423978958295042
1246423981982277633
1246423985425768448
1246424024051142657
1246424042699026432
1246424047535210496
1246424049380515842
1246424155630665735
1246424162006007808
1246424224052310017
1246424242117177345
1246424264334397440
1246424272693682176
1246424293606555649
1246424331086745606
1246424332030672896
1246424390394195970
1246424501719457792
1246424510242291712
1246424513283158016
1246424514084229121
1246424550679523330
1246424554257276928
1246424559613431818
1246424630186786818
1246424683483992064
1246424702534316039
1246424731902824449
1246424772742803456
1246424799519207424
1246424802237149184
1246424808520159234
1246424954876248066
1246424974539116551
1246424975168270336
1246424983737208832
1246424989613428741
1246425003874123776
1246425046999904256
1246425053333467136
1246425084367007744
1246425095444160514
1246425183629393920
1246425261265977349
1246425285420929024
1246425287258247173
1246425421475766272
1246425427213602817
1246425442841538560
1246425455546077184
1246425490425925633
1246425493219532802
1246425500861353987
1246425505990987777
1246425531970510848
1246425542426898433
1246425572072255488
1246425607027621888
1246425620734603265
1246425679140274176
1246425681480704005
1246425707871260672
1246425721280446469
1246425732235943941
1246425843720691712
1246425861282291712
1246425888171921410
1246425916936421376
1246425937400356866
1246426023278731265
1246426094334435328
1246426147820204033
1246426171148914689
1246426210919309314
1246426268985221121
1246426293295394816
1246426300945805313
1246426314250137600
1246426316649332736
1246426317131845632
1246426487831449600
1246426506831650816
1246426668635287552
1246426777808855040
1246426813468831744
1246426829839196160
1246426832762626048
1246426911003348993
1246426914669178887
1246426918682947584
1246426944108785665
1246427028905029632
1246427044050681856
1246427114401714181
1246427123943759875
1246427156420255744
1246427218592403457
1246427241849876481
1246427257490432000
1246427287278374913
1246427346359300101
1246427392203051009
1246427392827994114
1246427429511593985
1246427530875138048
1246427570825908229
1246427581471010816
1246427597090652160
1246427614861881344
1246427643240525825
1246427743241129986
1246427760517468160
1246427783418372096
1246427901995544577
1246427906080817153
1246427924321861639
1246427992634429446
1246428080542973954
1246428101166239750
1246428112188919808
1246428117817643009
1246428144543748096
1246428229390368773
1246428262722441216
1246428300731244549
1246428371950530560
1246428404238311424
1246428456562216961
1246428469711405056
1246428535306113030
1246428555203887105
1246428577479852034
1246428649043025920
1246428688133971968
1246428708925108224
1246428774859599872
1246428778647052290
1246428816425140224
1246428880367316992
1246428895206731778
1246428943550279689
1246428961095077889
1246428967902392320
1246429032658296834
1246429041667665920
1246429100899627008
1246429186035798017
1246429200644333568
1246429252066537472
1246429274199842817
1246429308844822530
1246429380860973057
1246429402335834113
1246429409797496832
1246429421159862274
1246429442408251392
1246429514965471239
1246429528731205633
1246429567562051585
1246429568099123206
1246429628824276993
1246429685388431360
1246429702505377795
1246429720041816069
1246429762236461058
1246429800383664129
1246429816980525057
1246429837385924610
1246429847804616704
1246429851856166913
1246429859972169729
1246429915257262083
1246429936962826240
1246429995452395522
1246430023378038786
1246430077996285960
1246430128269230080
1246430131372978176
1246430139417628673
1246430262382084096
1246430265972387842
1246430307198197760
1246430321949544450
1246430473766744066
1246430504213032960
1246430592436064256
1246430593627426818
1246430641303908357
1246430657561022464
1246430725332545538
1246430755904864258
1246430816575488000
1246430850687762433
1246430860368203776
1246430866852605953
1246430871717941249
1246430882564648960
1246430913203851264
1246430993461825537
1246431002093916161
1246431030161989632
1246431115872808961
1246431156674805762
1246431195635707905
1246431294990348289
1246431305375465473
1246431357829443584
1246431383083311107
1246431435843457025
1246431493733269507
1246431574192611329
1246431580207214593
1246431623282749440
1246431625895759872
1246431696213250048
1246431744657469441
1246431775657611265
1246431791130411010
1246431810222829570
1246431879974154240
1246431901948100609
1246432003374772233
1246432052917850113
1246432130797727747
1246432143091343361
1246432159428038657
1246432261009887235
1246432303733063681
1246432379687899141
1246432424709328896
1246432437141270529
1246432443889926145
1246432471043813377
1246432476454666243
1246432489054208001
1246432582842994688
1246432586181652480
1246432608742862848
1246432615776714755
1246432781137088512
1246432784475762689
1246432988566417409
1246433032006844416
1246433108032798722
1246433168103624706
1246433225578291203
1246433323494207489
1246433324668616704
1246433338778357761
1246433374949896198
1246433414871318533
1246433455388233728
1246433479094464512
1246433574846435328
1246433590537097216
1246433647835508736
1246433685198368768
1246433717037355008
1246433744631631872
1246433772272115713
1246433808007581696
1246433825762074627
1246433865595412484
1246433903763546113
1246433904774369280
1246434079223894017
1246434133166841859
1246434205455667201
1246434241937727492
1246434290725875713
1246434306706284545
1246434327757352961
1246434368979005441
1246434371176771584
1246434401795235841
1246434429662162944
1246434553863876611
1246434565540864003
1246434612856774656
1246434714291863552
1246434717018271748
1246434721598328836
1246434926854987778
1246435071482974210
1246435089195470848
1246435126847746048
1246435136737906689
1246435154471481346
1246435283496611840
1246435316518404097
1246435362047545346
1246435371014975488
1246435371400876032
1246435383790800896
1246435446344671232
1246435456205475840
1246435462354325504
1246435464141082625
1246435623302381569
1246435660132569093
1246435665618878467
1246435666516271105
1246435770908327943
1246435793083736066
1246435816110313473
1246435816697520129
1246435937137000448
1246435945957609472
1246435960126083076
1246436168377327616
1246436287336177665
1246436326833971202
1246436366465953793
1246436368202354688
1246436391078092800
1246436415597989889
1246436441917255681
1246436468358123521
1246436522418515968
1246436760831143936
1246436820553850882
1246436884114374656
1246436967866220546
1246436983326380033
1246437077517910017
1246437132958392320
1246437251745116162
1246437410285617152
1246437539868594178
1246437626627772417
1246437649533067264
1246437656940040193
1246437704599867392
1246437759494934530
1246437780944596992
1246437811458199554
1246437910850596869
1246437956597854210
1246438047224193024
1246438067621072898
1246438100533833728
1246438136323796992
1246438191017553920
1246438209271160832
1246438327869267972
1246438366423351297
1246438371351654401
1246438422698287104
1246438423998509058
1246438512804544514
1246438577342263296
1246438600113156097
1246438667809198080
1246438827557883904
1246438847103168512
1246438953277775873
1246439118747209734
1246439198350966786
1246439275660365825
1246439349492711425
1246439359017963520
1246439408540069889
1246439484704473088
1246439633715523584
1246439691252948993
1246439694717485056
1246439740326309888
1246439870287040517
1246439988482301953
1246440058258731010
1246440090278047744
1246440163389005825
1246440179700826112
1246440254980214784
1246440378242338816
1246440445036474375
1246440460635090951
1246440580156141568
1246440695893647367
1246440717720797190
1246440731255779328
1246440833911369728
1246440887686541312
1246440909371092992
1246440962450026496
1246440988920254465
1246441068314292226
1246441075603980288
1246441141571993600
1246441188543975424
1246441225219182592
1246441235377565696
1246441474645876737
1246441496334618624
1246441514185547777
1246441537778716672
1246441570632519680
1246441576345169920
1246441611141267456
1246441613145952258
1246441618489499648
1246441795795345409
1246441900313210883
1246441912225026054
1246441916960391169
1246441920135602176
1246441945427103744
1246442047713603584
1246442107616858114
1246442108191264768
1246442158988636160
1246442173995692038
1246442193981599745
1246442218258411521
1246442479278161921
1246442489596088320
1246442494436315136
1246442525767995406
1246442671377248256
1246442770492841985
1246442796396904449
1246442825857683456
1246442921374576640
1246442986755338245
1246443009048076288
1246443015113228293
1246443029390655488
1246443066254217218
1246443101708845057
1246443334161166336
1246443367661101056
1246443378721480704
1246443457171734529
1246443457528229889
1246443506618355712
1246443551610687488
1246443724399394818
1246443772105224194
1246443823938457600
1246443886953689089
1246443951231578114
1246443968235102210
1246443980851683328
1246443986824253440
1246444030180777985
1246444030612795392
1246444030738612224
1246444057766891521
1246444066667020289
1246444112225513473
1246444170215960578
1246444213757071362
1246444235475128321
1246444264768204800
1246444271969787905
1246444278857060352
1246444401628459009
1246444495899635712
1246444532947808256
1246444556830142467
1246444576149102596
1246444605689614337
1246444621057724421
1246444630276620290
1246444705568546816
1246444743191433216
1246444762942627846
1246444789144244226
1246444816533032961
1246444816625324033
1246444916194115590
1246444956778033152
1246444968215863297
1246444991964041221
1246445048150941698
1246445057298673664
1246445072012308481
1246445121484161026
1246445190606249984
1246445204195790849
1246445277659009026
1246445283690471424
1246445328049434624
1246445350484754434
1246445369023660032
1246445395544117248
1246445437520728071
1246445438032461825
1246445438431084545
1246445475797938177
1246445521197084672
1246445615879340034
1246445621700988929
1246445703787712513
1246445704995672068
1246445723199000578
1246445724172046337
1246445740290789376
1246445824554307585
1246445954015719424
1246446064762150912
1246446221184688129
1246446241082257409
1246446243884171266
1246446271331622912
1246446338343981056
1246446341556817920
1246446407831023616
1246446442471813121
1246446459211276288
1246446507131166727
1246446512109785088
1246446518296510464
1246446585484939266
1246446587808632832
1246446653550161922
1246446791278522370
1246446813034336256
1246446907427184640
1246446939660378112
1246446951580585984
1246446979162329088
1246447031993823238
1246447136679624705
1246447243671916545
1246447471397494789
1246447537680027648
1246447646220283910
1246447763417489408
1246447831293915136
1246447855671205888
1246447880832868352
1246447974986604544
1246448276330573825
1246448277496553472
1246448295582396416
1246448565221613574
1246448690119806983
1246448743206928385
1246448863004602369
1246448888778645507
1246448930180739077
1246448960346021889
1246448984765407232
1246449088612012032
1246449100855185408
1246449127128322048
1246449133419810823
1246449228618104832
1246449473808560128
1246449497875476481
1246449556763467776
1246449573381287936
1246449632701337602
1246449644286033920
1246449792063918080
1246449881025253378
1246449888642183170
1246449892148408320
1246449953720823809
1246449988588023808
1246449995982811138
1246450026064138240
1246450098168426496
1246450116703055872
1246450145379659776
1246450180616003585
1246450232524541952
1246450239180947456
1246450300157751296
1246450336392286208
1246450438397767680
1246450476939272194
1246450518949421056
1246450571655008258
1246450659399852033
1246450787443781633
1246450929378852865
1246450964292198401
1246450986970824706
1246451019669594112
1246451033343172610
1246451123604443136
1246451146190802945
1246451255217709056
1246451344694587392
1246451345634156545
1246451590703099910
1246451644381839360
1246451685267918849
1246451686442323968
1246451699134255104
1246451776661815297
1246451855489732611
1246452002353184776
1246452032476606467
1246452033898434561
1246452073777905665
1246452087048654849
1246452116429975552
1246452183089938433
1246452193474908161
1246452228862251008
1246452290585653251
1246452305618075649
1246452354213240832
1246452362647973889
1246452429589303301
1246452447842795521
1246452451735228419
1246452468491243524
1246452468596256769
1246452475663716358
1246452494168928256
1246452494496083969
1246452522111217664
1246452611399561216
1246452785974894592
1246452848675532802
1246452875892387841
1246452914685501440
1246453006540746753
1246453075667288064
1246453124815941638
1246453189995425793
1246453204604219399
1246453459965972482
1246453610872885249
1246453624487604225
1246453731144564736
1246453735791792130
1246453781702664193
1246453798958059521
1246453799012552704
1246453999923916802
1246454130450690049
1246454130647814144
1246454233081118720
1246454273644195841
1246454315369168897
1246454391059562496
1246454395488747520
1246454398663917568
1246454463117832198
1246454472357720064
1246454476669509632
1246454600934162435
1246454612808228864
1246454650389155845
1246454678268846087
1246454712208994304
1246454758535127041
1246454876088852483
1246454966522445824
1246455058599829504
1246455070704590849
1246455259632824321
1246455311830933504
1246455458908401665
1246455551145336832
1246455577758142465
1246455635757035522
1246455771136589826
1246455794003935232
1246455799531986945
1246455808855928832
1246455872085037057
1246455889407557637
1246455892645523458
1246455909477273606
1246455928985010176
1246455955841101824
1246456055262920704
1246456058840637440
1246456149970489345
1246456190193655810
1246456199970615305
1246456302521348096
1246456388647174144
1246456416077930497
1246456446268645376
1246456460025839616
1246456474080952320
1246456715270164481
1246456761881591809
1246456820299776000
1246457153004556288
1246457175305621505
1246457264921137152
1246457288119873536
1246457386140725253
1246457440134201344
1246457457754267648
1246457527740465153
1246457539945889792
1246457724289683456
1246457734607716352
1246457870863855616
1246457875708305409
1246457941802115072
1246457949481926656
1246458180986535937
1246458303099494401
1246458402726871041
1246458416148516865
1246458416702218240
1246458426600742922
1246458428714713088
1246458464114577410
1246458465758793728
1246458484272427010
1246458488357675010
1246458495559299073
1246458621216448513
1246458685427077120
1246458760161189888
1246458782260973568
1246458794562826242
1246458827538489348
1246458839496404994
1246458866608402433
1246458886762176520
1246458903958700032
1246458940486864898
1246459061668732929
1246459182238203904
1246459288224067585
1246459508232257538
1246459548275216385
1246459688662618114
1246459733613015040
1246460015772233728
1246460065239846914
1246460181480792065
1246460310623412224
1246460357872218112
1246460368089538562
1246460458598424576
1246460475795058689
1246460537216454656
1246460562097074176
1246460629881253888
1246460634528509953
1246460672138866688
1246460763981537282
1246461036502355968
1246461050066739202
1246461135290761221
1246461145650614272
1246461233085079554
1246461270590554113
1246461310159577092
1246461321509388288
1246461339523928064
1246461350571847681
1246461385803890695
1246461450605879298
1246461495971438598
1246461516527947776
1246461521955131393
1246461526132666368
1246461566565748743
1246461586379702273
1246461605967056897
1246461619325956097
1246461669858889729
1246461693061808129
1246461695028899846
1246461782769590272
1246461816030429186
1246461836817346560
1246461841074794497
1246461853007413249
1246461960775815168
1246462061799821312
1246462064823947264
1246462096692236288
1246462178372116480
1246462224798863360
1246462251361374209
1246462269464047616
1246462300111822849
1246462500956024834
1246462502893801472
1246462567242805248
1246462611543056384
1246462631721877504
1246462656845733888
1246462828351029248
1246462903361798145
1246462908663386112
1246462913075789825
1246463036551880705
1246463045276073987
1246463080122351616
1246463113794183169
1246463123961171969
1246463127853494272
1246463175517556737
1246463305692205057
1246463311463370753
1246463331688263681
1246463337203781632
1246463353045704704
1246463455902621697
1246463462387007493
1246463482741977089
1246463506473299968
1246463512634748928
1246463516367699969
1246463519140327424
1246463617073061888
1246463661180256257
1246463688405651459
1246464035962249216
1246464062608666624
1246464077674749952
1246464182574186497
1246464313956511744
1246464314086694912
1246464328804401152
1246464361343987712
1246464426783330304
1246464429857767424
1246464450510458881
1246464452116926467
1246464492373807105
1246464497927237632
1246464609176829952
1246464630118965253
1246464654169100288
1246464697269796865
1246464753133813760
1246464862907056128
1246464887657816067
1246464912236384256
1246464969144561664
1246465034626056193
1246465063394750466
1246465120827400192
1246465164162904064
1246465166469771264
1246465232454561793
1246465324590874624
1246465361672732672
1246465381834752000
1246465403015983104
1246465429159047170
1246465432766177280
1246465460532473859
1246465521471516672
1246465570532282370
1246465572549742592
1246465600865456128
1246465665973682177
1246465709942509568
1246465833724973057
1246465870517264384
1246465910602268672
1246465936787267585
1246465994668691456
1246466006609870854
1246466008316952577
1246466154299678722
1246466167264276480
1246466244812738565
1246466267373957121
1246466271643746305
1246466297241559040
1246466333211942912
1246466482340429824
1246466519757815810
1246466529312399360
1246466564745920513
1246466574292111360
1246466579593695233
1246466651869949954
1246466781683650563
1246466847781736449
1246466853691469824
1246466941604118528
1246467005688901637
1246467016942206977
1246467042468753413
1246467042691039232
1246467191278407681
1246467273352597511
1246467278092132353
1246467378239508486
1246467471650897920
1246467553938952193
1246467564013645825
1246467574381985792
1246467608297291776
1246467697103290370
1246467737003495430
1246467764883095554
1246467800429809666
1246467892977250305
1246468059662958592
1246468118064422912
1246468127442915330
1246468150616412160
1246468182279254017
1246468221235916800
1246468276093194245
1246468364412715008
1246468428715548672
1246468446851760129
1246468498009686017
1246468763391647744
1246468822271328256
1246468828978012160
1246468854529667074
1246468903447875585
1246468908414128130
1246469001498095616
1246469093185581056
1246469120511447045
1246469209283944448
1246469235171344392
1246469251239567366
1246469270961176577
1246469292264022017
1246469416499306498
1246469419410186240
1246469466893910017
1246469468043259905
1246469612352372737
1246469684456599552
1246469714248749056
1246469819697938434
1246469921837469697
1246469982805950465
1246470089580240897
1246470156441665540
1246470239744745473
1246470265363509248
1246470308959154176
1246470363061473282
1246470408964124674
1246470548458057735
1246470621476712449
1246470742721441792
1246470858605916160
1246470866369560576
1246470901568122880
1246470907637321729
1246470986884460545
1246470988134416387
1246471011429527552
1246471035051847681
1246471036645699584
1246471074281226240
1246471109123301376
1246471133337022464
1246471136897929221
1246471189104484356
1246471249888333824
1246471329332617217
1246471365630119936
1246471420193861632
1246471447897198593
1246471505115926530
1246471560375840770
1246471563563548672
1246471652919009280
1246471683982016512
1246471697953206274
1246471706245337088
1246471775925334017
1246471780740427777
1246471808267751424
1246471932427374597
1246471944632807425
1246471947891830789
1246472000614223872
1246472021942337539
1246472066661904384
1246472083346870274
1246472104402235392
1246472362368827399
1246472411232403458
1246472569630289920
1246472615335620608
1246472632855171073
1246472842687836160
1246472960728317952
1246472974837764096
1246473124025110528
1246473220921806848
1246473380838035456
1246473430968315905
1246473544118046720
1246473560635265025
1246473616453062657
1246473620227887104
1246473650510786563
1246473700330704896
1246473716294246403
1246473735294472193
1246473887358971905
1246473965012279297
1246474044108488705
1246474188291854337
1246474290649694211
1246474319997227011
1246474448259223553
1246474483310960640
1246474520120213504
1246474591167328260
1246474829202513920
1246474878590607361
1246475053966848000
1246475104839585793
1246475109784621056
1246475115136577542
1246475132832321540
1246475142177288192
1246475149345349633
1246475324654678016
1246475400072445952
1246475465293873152
1246475485116162048
1246475534336327680
1246475760560308226
1246475874980913152
1246475888796954624
1246475923525791745
1246476019638263811
1246476063502303232
1246476183895564294
1246476211015962624
1246476224320245766
1246476277843779584
1246476286559752194
1246476339672002565
1246476352611430401
1246476372819746821
1246476416360710144
1246476632287612929
1246476677397561345
1246476696301137922
1246476788135424000
1246476801217425408
1246476834079834114
1246476839830179841
1246476863154733060
1246476876245131265
1246476905127141381
1246476921568808960
1246476969023160320
1246477055065092096
1246477125814640640
1246477313622986752
1246477395466412037
1246477483681017863
1246477533475770369
1246477557916033025
1246477559828582400
1246477626685915143
1246477818893963265
1246477830336024577
1246478027866943496
1246478206686744576
1246478261997072384
1246478368490450944
1246478393601691648
1246478436777914368
1246478539320201216
1246478800549900288
1246478856145391617
1246479017546584064
1246479133497909248
1246479171938709507
1246479184660033538
1246479220311601152
1246479282492203009
1246479299722407936
1246479533471129602
1246479551963598851
1246479616908263424
1246479700978880519
1246479740954804227
1246479862979678210
1246479929111277569
1246479973214326784
1246480115699036160
1246480134636326912
1246480156278919169
1246480186175918080
1246480266220015616
1246480369366360064
1246480379097186305
1246480399443693574
1246480428652871680
1246480549297811456
1246480570277748736
1246480623650422786
1246480712913416194
1246480853204492288
1246480958540271627
1246480966295535622
1246480972893184001
1246481071903928321
1246481296085245953
1246481348002369536
1246481477002387457
1246481504370184192
1246481550251708416
1246481718514552832
1246481985326813184
1246481993556045824
1246482021167190016
1246482182371082241
1246482207947907072
1246482226780368896
1246482277552377856
1246482279079251969
1246482456452239360
1246482549699784704
1246482619002310658
1246482620264919041
1246482664032538624
1246482743921262592
1246482757687148545
1246482934187593730
1246483021953298432
1246483023454859264
1246483065070710786
1246483174995013633
1246483307296108546
1246483323800576000
1246483333996892161
1246483508362502144
1246483513810907136
1246483535084441600
1246483608401035264
1246483636972433416
1246483786939813888
1246483884113420289
1246484001621078016
1246484155770142720
1246484187923615744
1246484513003311111
1246484678762049536
1246484756276989953
1246484804528418824
1246484878066995200
1246485108720205829
1246485123299602432
1246485419912392704
1246485501617545217
1246485615694102528
1246485690667479040
1246485726046248960
1246485758921379844
1246485772514938880
1246485927364415488
1246485928756957184
1246485998747279361
1246486071610765312
1246486090036285440
1246486135481593857
1246486191131648000
1246486207955001344
1246486230646140928
1246486260375404544
1246486450842914816
1246486481918558209
1246486760626040833
1246486781295341569
1246486818670792704
1246486884878028801
1246486947423350791
1246486956462059521
1246487036397142016
1246487078235299840
1246487207302455296
1246487237119766528
1246487364601401345
1246487387313565696
1246487407546920960
1246487432050008064
1246487464513957888
1246487671548989441
1246487686824595457
1246487687260823556
1246487719661862912
1246487789538914304
1246487827417710592
1246487937723682817
1246488095320502272
1246488151507361792
1246488231824093189
1246488232046383104
1246488234873335808
1246488390263955457
1246488434811662336
1246488482106601472
1246488635219668992
1246488648779890688
1246488682632077313
1246488760411283457
1246488917626499076
1246488930695839744
1246488942926426112
1246488977873354753
1246489072530378752
1246489097385861120
1246489149856567296
1246489423417491457
1246489663210008577
1246489701835403270
1246489705710927873
1246489723293532160
1246489883192909824
1246490015737077760
1246490016341204993
1246490112763899905
1246490182397775874
1246490193751760896
1246490227754930183
1246490247124283392
1246490382960971776
1246490404926574600
1246490578918883330
1246490583025119237
1246490675421433856
1246490690885832704
1246490728127029248
1246490932561588227
1246491013079683072
1246491157972090881
1246491161830645760
1246491460150497280
1246491471848411137
1246491639687688192
1246491798848933888
1246491826334425088
1246492084413935616
1246492224931524613
1246492422667792384
1246492533888335874
1246492674665746433
1246492680713953281
1246492685575155717
1246492746568753152
1246492821885865984
1246492846913466368
1246492865120710656
1246492909559590915
1246492938240024576
1246493028442759169
1246493171271548929
1246493183267074048
1246493534825222144
1246493771182702593
1246493875826393088
1246493997993873408
1246494200520036355
1246494210603110401
1246494429591916551
1246494504858710016
1246494704486608897
1246494740297596934
1246494863945650176
1246494949933084673
1246494997521633282
1246495473751314433
1246495482890706944
1246495588243263489
1246495603393089538
1246495807471112192
1246495883962626050
1246495938488631296
1246496008441335816
1246496016708169728
1246496364651053057
1246496383890309123
1246496615059165185
1246496635217014788
1246497066148192257
1246497080106876928
1246497126009286656
1246497564548976640
1246497733092884485
1246497988098297862
1246498037809074177
1246498252230254592
1246498702534922240
1246498843690029056
1246498958223929346
1246498977761107968
1246499025978658816
1246499127111778304
1246499133445173249
1246499771478499328
1246499850209787904
1246499858560585729
1246499935840845826
1246500023300427776
1246500190934020096
1246500410396798977
1246500527782785024
1246500566898864128
1246500718501978113
1246500761032220672
1246500783962505216
1246500822222950401
1246500910504636416
1246500915172888576
1246500935792095233
1246501154860589056
1246501706818621440
1246501791107149824
1246501986440073216
1246502073488650240
1246502106959245312
1246502168288546817
1246502317609889793
1246502376007028738
1246502494756163584
1246502632723636224
1246502938480001024
1246503094231408640
1246503297713750016
1246503610541735936
1246503614169763843
1246503762073509892
1246503825415925762
1246504071311306755
1246504309447155713
1246504402459877376
1246504509574004736
1246504531229159424
1246504572140392451
1246504577454743555
1246504838332133376
1246505236664971264
1246505242721566726
1246505299399208961
1246505700693389312
1246505751025037313
1246505935792558081
1246505957833637888
1246506243159724033
1246506322046021633
1246506386181066752
1246506671829954560
1246506708102512640
1246506881968816128
1246506884871254016
1246506925417627648
1246507023518191618
1246507085434675200
1246507214954622977
1246507346974486529
1246507433167441920
1246507578202320896
1246507865168281610
1246508258979962880
1246508341712408576
1246508390118854656
1246508840981389313
1246508919993724928
1246509554302664706
1246510139374366721
1246510300825706496
1246510387073126400
1246510644813160448
1246510713587159040
1246511013102358529
1246511264278306817
1246511478087221250
1246511548333318145
1246511908661760001
1246511980023697408
1246512372702830597
1246512535089496064
1246512648994217985
1246512664504872965
1246512997024952320
1246513326311370752
1246513526882963457
1246514383489863680
1246514551304212488
1246514787887894530
1246515162724491265
1246515315569127424
1246515644591263744
1246516069549740034
1246516196008022016
1246516202207207424
1246516333077876736
1246516611596640264
1246516885455171586
1246516906682544129
1246516956737368066
1246517312464670720
1246517365832998912
1246517388486438912
1246517609652047872
1246517975340838912
1246518117423071238
1246518235429658624
1246518260863922181
1246518277397811200
1246518380057645059
1246518567580971008
1246518671800823808
1246518890886098944
1246519650134843392
1246519801964609537
1246519876191006720
1246520172245962752
1246520364651253760
1246520515059040256
1246522072630562816
1246522279741100032
1246522411110916097
1246522518258593792
1246523160972820480
1246523280036519936
1246523540259475456
1246524163684044805
1246524467922325504
1246526593683644416
1246526600860098562
1246527332489125889
1246527336134017024
1246527372364402688
1246527590543659008
1246528749551546368
1246529185847209984
1246529408103399424
1246529411635015680
1246529870445727746
1246530357387821064
1246530453332361216
1246531521936154624
1246531773506269184
1246532156056154112
1246532677533970432
1246532804634009600
1246532866936156161
1246533699019177984
1246533734188212224
1246534238469586945
1246536086618177537
1246536932684775425
1246537089702756352
1246537693363752960
1246538388460560384
1246540188727349251
1246540206095753216
1246540389168771073
1246541439963553792
1246541910757355520
1246542225946755072
1246543016904609799
1246543542102544384
1246543792179531776
1246544505991352321
1246545456429174785
1246547442511810567
1246549757020868608
1246550249709154304
1246551165443047425
1246551607149391872
1246555200636301320
1246555803193987072
1246556916576182272
1246559943324397568
1246562819400589313
1246568265054212096
1246570216626192389
1246572446712565761
1246573268292775936
1246574456350429186
1246575172775223300
1246575781964214272
1246577202516201474
1246578960793776135
1246580578750611456
1246581268763955200
1246581291203604482
1246584225353981952
1246584357369724928
1246584989308743681
1246585830434435072
1246586791961825280
1246588496866754562
1246591850565099520
1246593042842337282
1246593310426148864
1246593420920934402
1246593738127732736
1246594259513311233
1246594601164521472
1246594836217692161
1246595515451609088
1246595614277697537
1246595626047090688
1246595742048780288
1246595926405165057
1246596550203076609
1246597536866914304
1246599276077047808
1246599334088466432
1246599559322767360
1246599699642998784
1246600047619264512
1246600069630980096
1246600108898004993
1246600297281019904
1246600709371506688
1246601164646301696
1246602115511812096
1246602440293535744
1246603403905495040
1246603625217945601
1246604003196063744
1246604494353252353
1246605046969585666
1246605053261217792
1246605116339138561
1246605945842454528
1246606077661024256
1246606408306421761
1246606561474015234
1246606817037189120
1246607144557764608
1246607306378231809
1246607407775494146
1246607659475722240
1246607824236376066
1246608166722269184
1246610679705960449
1246610878461403136
1246611027157905410
1246611027346636801
1246611249347035136
1246611349657903104
1246611562032324609
1246611694849122304
1246611950257098752
1246612197129637890
1246613154408181760
1246613298566565903
1246613451188789248
1246613512035528705
1246613952299020288
1246614150505095169
1246614754598117377
1246615149181415424
1246615660488093696
1246615698593288193
1246616033562996737
1246616198101397504
1246616579485229057
1246616902987706368
1246617242277576704
1246617608134127617
1246617677721825281
1246617873101074432
1246617966566731776
1246618627215785985
1246618842215804929
1246619278582796289
1246619600671784961
1246620422289756166
1246620919423848449
1246621484631511040
1246622110132219904
1246622291338743808
1246622503767666688
1246622676908531713
1246622758647132161
1246622830508179456
1246623331303841792
1246623785039478785
1246623810888986625
1246623862093045760
1246624173939503109
1246624178150596608
1246624204381806593
1246625052457463808
1246625550820454401
1246625966698291203
1246626033345814529
1246626072805797888
1246626658162896896
1246626699808145408
1246626846348726273
1246627095549075456
1246627385392295936
1246627954131681280
1246628190803480576
1246628329630756865
1246628702420480000
1246629201056116736
1246629265535164416
1246629415468982274
1246630210675433474
1246630246100529154
1246630418557763587
1246630791611736066
1246630889229914118
1246630965184614400
1246632220384808960
1246632416397029376
1246632450949664768
1246632636132413440
1246632877787189248
1246632933005262848
1246633015758872576
1246633049468465152
1246633678865747968
1246633852459573248
1246633926812004352
1246634011088130049
1246634382502191104
1246634802310045696
1246634821289312256
1246634944408899584
1246635006853885953
1246635095949099008
1246635342829989888
1246635467270840322
1246635654982688768
1246635819600728064
1246635981270179840
1246636047083003905
1246636129937272837
1246636194567303168
1246636411647700992
1246636706456989700
1246636770193575936
1246637213808394242
1246637268355485696
1246638570351120386
1246638781635035138
1246638789126049792
1246638823347499010
1246639161215340544
1246640718791102464
1246640735882903552
1246640764563517441
1246641103769485312
1246641221583269888
1246641270178459648
1246641334330548224
1246641585657466880
1246642214962257920
1246642279848108032
1246642389722132481
1246642463248281600
1246642784334778372
1246643019840774147
1246643215811244033
1246643279493566464
1246643312942956544
1246643628623052802
1246643789923418112
1246643941627183105
1246643991325499392
1246644277792215041
1246644455429435394
1246645047707213824
1246645072226996224
1246645555092000770
1246645835477053441
1246646347538677762
1246647052467089408
1246647103520047105
1246647212295086082
1246647215554093057
1246648695975587841
1246648870966353920
1246648968450199554
1246649094031822848
1246650017131061248
1246650129169313792
1246650285889474560
1246650707685466113
1246651064616534016
1246651117779316736
1246651804873412609
1246651808463769600
1246652151595782145
1246652252980305921
1246652298245406721
1246652568639549447
1246652780699217923
1246652797434593280
1246653010144399360
1246653011243433984
1246653413552783363
1246653432515223552
1246653607241383936
1246653925370900481
1246654421175431172
1246655568665882625
1246655947973382144
1246655989077680128
1246656294590832645
1246656927364505600
1246657208487567360
1246657220395307008
1246657317010989057
1246657968856125441
1246658716776026113
1246659639388729344
1246660194400010241
1246660598210809856
1246660955791970307
1246661099484635138
1246661608241127424
1246662968424595459
1246663011495886849
1246663013995692033
1246663025664221185
1246663593073897478
1246663665950089216
1246663724024262657
1246663753413820416
1246663836788117504
1246664393036718081
1246664935884517377
1246664978431524865
1246665292802961409
1246667174984298498
1246667218844372998
1246667367049908224
1246669043597111297
1246669473177690113
1246669904104677379
1246670093699829761
1246670302425174017
1246670595875463173
1246670616121360384
1246672923777261573
1246673492218540033
1246673609101152256
1246674402772729856
1246674445814484993
1246674581831610368
1246674979770400770
1246675676389732353
1246675725286952963
1246676179249033218
1246677197718302725
1246678753519886336
1246679272963469312
1246679351254380549
1246679741651767300
1246680416146227201
1246680737194991621
1246680860637548545
1246681816146141184
1246682545128738825
1246684569295663105
1246684818147921920
1246685712004472834
1246685764563243009
1246687299275874304
1246687300613853184
1246687410290741248
1246687422701637640
1246687510282919937
1246688125801267200
1246688651343351808
1246689315754610694
1246690366431973376
1246690764379148291
1246691358611369985
1246692428758712320
1246692465530171393
1246692617825292288
1246694264660062208
1246695333100314624
1246695626890346497
1246695962573017089
1246696251250401283
1246696752620515328
1246697253529509890
1246698668553457669
1246700022697086977
1246701515118497793
1246701725404114945
1246701891959980032
1246702355103416320
1246702629431824387
1246703154089136128
1246704301138792450
1246704389928058881
1246704811463983105
1246705811474149377
1246706441181777920
1246707711170895872
1246707787339456517
1246707830599471110
1246708048720056329
1246708123915538437
1246708431433502720
1246709298169815040
1246709480747745282
1246710083175600131
1246711219102203904
1246711712213958657
1246712693374894086
1246713286545956869
1246713291688181760
1246713320108744704
1246715798380400640
1246716387256446980
1246716644401000450
1246717272728600581
1246717424956624896
1246718001694380033
1246719579520294912
1246719841043484673
1246722297261518848
1246723689577504769
1246724785691918336
1246726356102070273
1246729282845413376
1246732370348322817
1246734987212152832
1246735153956679681
1246735249138044931
1246736573443403777
1246737022837907457
1246738809330356226
1246740282642558976
1246740415153197056
1246741053153185792
1246741217477443584
1246741878164221952
1246742147111378944
1246743355549257728
1246743473375424512
1246743601477857280
1246752780577951744
1246753875547185152
1246755440471478272
1246755575041425408
1246756728340762625
1246757219590262785
1246757979312906243
1246758528330559494
1246759023497469954
1246759877344518145
1246760695695200258
1246761478243233792
1246765872808517632
1246766782364278784
1246768437084303361
1246770178852966400
1246771048080498689
1246776760957468673
1246777970192052226
1246780161481043972
1246780513882214401
1246780596149293058
1246780706619043840
1246780754794696704
1246780909631590400
1246781174925541377
1246781839806738438
1246784133897961472
1246786818399277063
1246792378137972736
1246794936479027205
1246795923365040130
1246795957192159234
1246796094610104321
1246796349133082630
1246796542612144129
1246801278694346758
1246801491475623936
1246802254545457152
1246803558776705024
1246806522472148995
1246812240587583489
1246819203673255936
1246819598202056706
1246820311607083008
1246821437865771009
1246830396786049024
1246840411470966786
1246841948977184773
1246842370307448838
1246848515524792321
1246849156896845824
1246852205157605376
1246852760529596418
1246854374963339264
1246857796299063296
1246857799667085312
1246863189712621570
1246877374378999808
1246955757288828928
1246988318966874112
1247009173294002176
1247016729449922560
1247041192237215744
1247053303730466816
1247070373696307200
1247081318107639808
1247101536485773312
1247109577671237635
1247175281724416001
1247221254894968832
1247226493962309633
1247231593975930883
1247356542631862273
1247369546517729280
1247546431692398592
1247550985540481024
1247598500855967744
1247609239100510213
1247862614329135104
1248117032656109568
1248117040553922560
1248117084426366976
1248117096254287873
1248117102440894464
1248235070998990848
1248235083414163457
1248243877397446656
1248576045772443648
1248604310000132102
1248607065477500928
1248609138034085888
1248627277300002824
1248638256876404737
1249257549511241729
1249270070347358208
1249270503144960002
1249342641654792192
1249985513618116609
1250017170634899458
1250043208869928971
1250067501771350017
1250094604461826048
1250673731715821568
1251343496633389056
1252187539642843139
1252482684070227973
1259504765135798272
1259526235740426248
1261673465880252420
