id
1254564963860967424
1254568922805755904
1254572646076870657
1254575516348186624
1254578237549789186
1254579455768424454
1254579939384279041
1254580294356627461
1254581268047519745
1254581729295134720
1254582524069601286
1254583251017977859
1254583254398545921
1254584093779484672
1254584371408891904
1254585185170976770
1254585503627780097
1254585788026814465
1254585837196505088
1254585843529834499
1254586114175758336
1254586202457432064
1254586342693978119
1254586863102222338
1254586948225626113
1254587980318007297
1254588050891407362
1254588797230157824
1254588806839193606
1254589397594300422
1254590155400380416
1254590191437635585
1254590241626894336
1254590939948961792
1254591420532314112
1254592004572491778
1254592312807526402
1254592635362324480
1254593370397147142
1254593589134290950
1254594657301876742
1254595129546993664
1254595187592085504
1254595238326226945
1254595401245548544
1254596122200305664
1254596874083766273
1254598083435872257
1254598642067034117
1254598683104088064
1254599613497192455
1254599672368226304
1254599819328274439
1254600162355351554
1254600362079617029
1254601005938900993
1254601463709315072
1254601838852214784
1254602877445656577
1254603170841456640
1254603261505531906
1254603266190569474
1254604024214458368
1254604345242501121
1254604734641537024
1254604796792672257
1254604867097804800
1254605254634737669
1254605259109920768
1254605580007870470
1254605901438152705
1254606224676450306
1254606357333807105
1254606482248658945
1254607137335959552
1254607307876384769
1254607395403239425
1254607466106511363
1254607466131623936
1254607473048092672
1254607524172427264
1254607570607669250
1254607825508003841
1254607866477961216
1254607887919284225
1254608000305762311
1254608037878231042
1254608178542571520
1254608453701529600
1254608586157764608
1254608632244658177
1254608655766323200
1254608786192347136
1254608955281530882
1254609014844821504
1254609058511740928
1254609309754773504
1254609380504289280
1254609417665798144
1254609451689992194
1254609481440223232
1254609584628482049
1254609638726627331
1254609983808790529
1254610007737266176
1254610009335320576
1254610050389168128
1254610077740302336
1254610226143096832
1254610273316425728
1254610295114227712
1254610673448808449
1254610829632172032
1254611011937525761
1254611057240231936
1254611117491404800
1254611121706696704
1254611129625571328
1254611175095988224
1254611614113779712
1254611921375920128
1254612068705030145
1254612136044531712
1254612531689086976
1254612661972504577
1254612841300135937
1254612915589509120
1254613200839905281
1254613319853342721
1254613356125630466
1254613438568914944
1254613443090345984
1254613444008935425
1254613516750749696
1254613558983372801
1254613605389004800
1254613621939638273
1254613717267869696
1254613822293241857
1254614039281483776
1254614237629960192
1254614287198220288
1254614291237310464
1254614697153687552
1254614762568081408
1254614765831286784
1254614833581846528
1254614902427222016
1254615142257606662
1254615449301442562
1254615620022198272
1254615713748115456
1254616065314713600
1254616289688948737
1254616415190962177
1254616562415202304
1254616575363055618
1254616915361673218
1254617059301810182
1254617114373218304
1254617347404386306
1254617908740677634
1254617973257469953
1254618092774121474
1254618102878228481
1254618161682382848
1254619144525426688
1254619153098391553
1254619197780475915
1254619521660284929
1254619652413685764
1254619821104197633
1254619969343479808
1254620118320967682
1254620121995198464
1254620189611552769
1254620220905287680
1254620273870946305
1254620746929799171
1254620786901614593
1254620854228365312
1254621235239149568
1254621428437024773
1254621511475855360
1254621708675362818
1254621753873100801
1254622064545275910
1254622066109583360
1254622490019561473
1254622617278930945
1254622670018109440
1254622694324097025
1254622714012348421
1254622814419603456
1254622910209241097
1254622924469911552
1254622960930787328
1254623012663422978
1254623150374916099
1254623360849375232
1254623438125371397
1254623442982146048
1254623645525176321
1254623882188779520
1254623890359218178
1254624024220413952
1254624085067227137
1254624116834889729
1254624290948825088
1254624671405727744
1254624683560800260
1254624987190681600
1254625064927891458
1254625098851483649
1254625224567341056
1254625596442845185
1254625756338024449
1254625837560680448
1254625912978411521
1254625989134389249
1254626291694911488
1254626558930636800
1254626699389489153
1254626728292597760
1254626799171985409
1254626871897026572
1254627302324879360
1254627355105980422
1254627423959703552
1254627492087820289
1254627577848709121
1254627704076288000
1254627770241388544
1254627877749813248
1254627914487717894
1254627965037494273
1254628053105307648
1254628885959815169
1254629181607968768
1254629369990934528
1254629374449422336
1254629638296354816
1254629701978484736
1254629814641627137
1254629844777746432
1254629958393098240
1254630094015889408
1254630185128783873
1254630294516166656
1254630312975319040
1254630490109288448
1254630494177603585
1254630879357480962
1254630968180084736
1254631409613893633
1254631762589650944
1254631780763570176
1254631893175164929
1254632063497572352
1254632270880595968
1254632800650768384
1254633030099931136
1254633160760889346
1254633180503568385
1254633180629360642
1254633223092461568
1254633620532150272
1254633762773581824
1254634590796500992
1254634758828523523
1254634844266524673
1254635083329200134
1254635228905091072
1254635356722327553
1254635663757996032
1254636437296672768
1254636689038774273
1254637025086578690
1254637220322926595
1254637314212376577
1254637387893936128
1254637490054586373
1254637570580856834
1254637669688147968
1254637848784846849
1254638062505570304
1254638188930363392
1254638705798717441
1254639065225261056
1254639262529728512
1254639501558726656
1254639521498464256
1254639553077338112
1254639696916905987
1254639723697455104
1254640009824489472
1254640140703555590
1254640233607389186
1254640699670069249
1254641390073479169
1254641532369620993
1254641940731031555
1254642261448486912
1254642541544083456
1254642990263316481
1254643069254688768
1254643518225764362
1254643767962791936
1254644214924668929
1254644220427567107
1254644247598206977
1254644510522576896
1254644547889451008
1254644830979817472
1254644840681226248
1254644866279038976
1254645005991374848
1254645162787041281
1254645235906252800
1254645563049472002
1254645613506916358
1254645792855351296
1254645865379008514
1254646309006393344
1254646518977400833
1254646735390928897
1254647141609295872
1254647440646434816
1254647606107533313
1254647737477300224
1254647769265930240
1254647830821498880
1254647915735207936
1254647991635304454
1254648546927624193
1254649004178067456
1254649187666288640
1254649268901732353
1254649284328185856
1254649374581223424
1254649516101234688
1254649570270707712
1254649637094506496
1254649960659738626
1254650175416483840
1254651020505800706
1254651152408276992
1254651242699087872
1254651751971598336
1254651991231311874
1254652024110661633
1254652086832095232
1254652161155198976
1254652229895680000
1254652528089632776
1254652761402077184
1254652863575281667
1254652909263835139
1254653098582138880
1254653351972737025
1254653384977612800
1254653405483556864
1254653587319185408
1254653621066534912
1254653894921056256
1254653959320436736
1254654115285614592
1254654189281538048
1254654631218761734
1254654823892267008
1254654953676824577
1254655116252024832
1254655134518226945
1254655413745639424
1254655437883838465
1254655642704338944
1254655702771085312
1254655723230736384
1254656118443274241
1254656161476837388
1254656381455462400
1254656548137132032
1254656750415835136
1254656813112295425
1254656887057903618
1254657059133378563
1254657217409634305
1254657248615444481
1254657310502207488
1254657546847227905
1254657736391790592
1254658064755511296
1254658595133616128
1254658648053174273
1254659030691135490
1254659053617393664
1254659113386008576
1254659126853959680
1254659223549407232
1254659264129335296
1254659388662362115
1254659391002902528
1254659483516755970
1254659670309994496
1254659719131615232
1254659770629292033
1254659883858890752
1254659972266291201
1254659994525462528
1254660335849672706
1254660369974472711
1254660416678092800
1254660438400348160
1254660579270287360
1254660750821425152
1254660875501395970
1254661218918215687
1254661407569739783
1254661684259516416
1254661976908652544
1254662015462723584
1254662311505096706
1254662495610044420
1254662623578083328
1254662772958261248
1254663092497076224
1254663110931083264
1254663259879362562
1254663547109249025
1254663688054730752
1254663894489915393
1254663931685031936
1254663949208838144
1254664002052882432
1254664163651190784
1254664309239619584
1254664337802711040
1254664393276571648
1254664609216118784
1254664851823050753
1254664856407404550
1254664913286426624
1254665141309726720
1254665358851534848
1254665466078883840
1254665566696153088
1254666040639811584
1254666070339620864
1254666399265353728
1254666402616586241
1254666821212368902
1254666977852813312
1254667139543445504
1254667384188571653
1254667443349286912
1254667456045514752
1254667784497188864
1254667884070146049
1254668091646083074
1254668317589028864
1254668659118632962
1254668737648746497
1254669024257966081
1254669061801144321
1254669094688747521
1254669263031242753
1254669276537073672
1254669611628326912
1254669887382806529
1254669913756782592
1254669914628972547
1254669948594483202
1254669981465403392
1254670167885459457
1254670223552032768
1254670260721946630
1254670288911908866
1254670349435895808
1254670433862823937
1254670718060474368
1254670848927035392
1254670858397683712
1254670900244279302
1254670940228562945
1254670987271921665
1254671005768839169
1254671092167307265
1254671095556272129
1254671103412154369
1254671165609541632
1254671629898018820
1254671636990537728
1254671699401830401
1254671750282924032
1254671773536096259
1254671818948042752
1254671920764555264
1254672054667800577
1254672072829071360
1254672405907165184
1254672422613090306
1254672445656588289
1254672699613462528
1254672806895210498
1254672866471075840
1254672887425888256
1254673025007366151
1254673084830806016
1254673160391147520
1254673181329068032
1254673254616186880
1254673750659706882
1254674483245281281
1254674560722427906
1254674879862849536
1254675238555496449
1254675341039165441
1254675689917173761
1254676039319670784
1254676168483024896
1254676418685841414
1254676672080564224
1254676694725615616
1254676746844045312
1254676782164262912
1254676826657456128
1254676849344557061
1254678023929950209
1254678364343816193
1254678499396210688
1254678806163415040
1254679172581961728
1254679539596185600
1254680242779635717
1254680434551721989
1254680804078301185
1254681429922836480
1254681576438476801
1254681692284973057
1254681987480092673
1254682999393628161
1254683270165311489
1254684323094999041
1254684436592918529
1254684534651715590
1254684827271467008
1254685146797600768
1254685263663493122
1254685315396038657
1254685593298141185
1254685667348500480
1254686579097956352
1254687097010585600
1254687196612718592
1254687644677582848
1254688211122544640
1254688401804017664
1254688925022633986
1254688998561218560
1254689411398160389
1254689510761226241
1254689666747576321
1254689777632399367
1254690420023373824
1254691128743309312
1254691226516774914
1254691622765264896
1254691756181864453
1254692330394673158
1254692634225807360
1254692691394220032
1254692700923719680
1254692751829921792
1254692758624690176
1254693010069061632
1254693013621821445
1254693013852499968
1254693162007789568
1254693223135506432
1254693264113860608
1254693311715127297
1254693458062778370
1254693486701326337
1254693640649261057
1254693785604251649
1254693926197288960
1254693947542171648
1254694204795613191
1254694241919471616
1254694302241845250
1254694312735956992
1254694323838304256
1254694523701100545
1254694771597012992
1254694886613282819
1254694980376948736
1254695078859137025
1254695260862550018
1254695266524950529
1254695926393757696
1254695982719217665
1254696030307639296
1254696332616441856
1254696581959315457
1254696671285358594
1254697240293236736
1254697594552496128
1254697924073676801
1254698139887431681
1254698501683982337
1254698687957065729
1254698833176457218
1254698950524715009
1254698971169280001
1254699020825407488
1254699466814156801
1254699739527835649
1254699868750147584
1254700003701874688
1254700055564480512
1254700263438340097
1254700369273221121
1254700462810398721
1254700524223389696
1254700758311657475
1254701105071534080
1254701420466454528
1254701471884472320
1254701784171286528
1254702095686463488
1254702264482066432
1254702323265236992
1254702348137459712
1254702622029697026
1254702632024764416
1254702815827484677
1254702817429737473
1254702965320896513
1254703208103985152
1254703267486945281
1254703491873820672
1254703697373753344
1254703928270176256
1254704002224107520
1254704304671186944
1254704306277675008
1254704338779246592
1254704426733854720
1254704549996027906
1254704643000565762
1254704723837493254
1254704838379634689
1254704838971138048
1254705242429624326
1254705321706020864
1254705335408844802
1254705874523701248
1254705937744457729
1254706346387107844
1254706570371321856
1254706641926107138
1254706851414831104
1254707024140529666
1254707256366489600
1254707769761951744
1254708113409601536
1254708113808093185
1254708165410566144
1254708169143488512
1254708479777857537
1254708537466384385
1254708705414635520
1254709358027354112
1254709414394646533
1254709988234129410
1254710416191582208
1254710530092044288
1254710708861677568
1254710734656647168
1254710807805390848
1254711335813672960
1254711424158298114
1254711889801535488
1254711890229571584
1254713583579000832
1254714325006254080
1254715195580178433
1254715199203930113
1254715408860344321
1254716669483552775
1254716675024248834
1254716692552278016
1254717027165433857
1254717028226592768
1254717103560482823
1254717477738536960
1254717668231270401
1254718127612428288
1254718135111790592
1254718645239865345
1254718667754926082
1254719052922056704
1254719125101789184
1254719604926091266
1254719681568505856
1254719726682402820
1254719742008418305
1254719835902107648
1254719989996650497
1254720106015289345
1254720292708061189
1254720388791242752
1254720501340966912
1254721829580632071
1254721878498799616
1254721994802688001
1254722131163668481
1254722625441538050
1254723767902691328
1254723807392043009
1254723813910044672
1254724113140076544
1254724246669914113
1254724458637479937
1254725395175239682
1254725556626575360
1254725652328009733
1254725979718762499
1254725986521767939
1254727015514726400
1254727031364845568
1254727732665049089
1254727922394505217
1254728058101272578
1254728244248678400
1254728505348292613
1254728672394702855
1254728949206138880
1254729174746456065
1254729310860013569
1254729346457034752
1254729369055969282
1254729470616891393
1254729540141645826
1254729919713566721
1254730661610622976
1254730778786889730
1254731112313585664
1254731338432708610
1254731402001571845
1254731814914060288
1254731818273632256
1254731971646742529
1254732091373182979
1254732239654404096
1254732288488730625
1254732419514728448
1254732580416401408
1254733567315214336
1254733818298155008
1254734538783232000
1254734775375458306
1254735183141535744
1254735411185762307
1254735501786935297
1254736382351663104
1254736414626832384
1254736452782440448
1254736651613437952
1254736819997913088
1254737285469224960
1254737420374835200
1254737519960363008
1254738227250020357
1254738475716231170
1254738922128564229
1254738927367254016
1254738973227876352
1254738986427441152
1254739043641745408
1254739677912764416
1254739749656354816
1254739781260460032
1254739850835591170
1254740373102047232
1254740509450481666
1254740678455652352
1254740714178572288
1254740996706807810
1254741030576050176
1254741408663040000
1254741468570284032
1254741633775501312
1254741665396305925
1254742001074999302
1254742091801870338
1254742720209289216
1254742918776057857
1254743634630438912
1254744043679973376
1254744248403951617
1254744599676870656
1254744620010856448
1254744802723106816
1254744909040345088
1254745136623280129
1254745291690930177
1254745667349540867
1254745668918243330
1254745682063261696
1254745800963309569
1254745838762393602
1254745850049228800
1254745864771219456
1254745955795996672
1254746319953883136
1254746571821875200
1254746842933297152
1254747257519259648
1254747427132731399
1254747460490100736
1254747687439794177
1254747694939152384
1254748054156017664
1254748105376964612
1254748140202110976
1254748308783853568
1254748625747316736
1254748959857348608
1254749943115333635
1254750257851719680
1254750630683512834
1254750752246951938
1254750797931274245
1254750987442466817
1254750998398005248
1254751071135690753
1254751137099419650
1254751468835401728
1254751485268684800
1254751546035695616
1254751572065685504
1254751585567203328
1254751669629394945
1254751679871741952
1254751928736776192
1254752089785298949
1254752101240053766
1254752174195777536
1254752252629303297
1254752282303852546
1254752313119584261
1254752346812280832
1254752584994185223
1254752616401125376
1254752712559693837
1254752987550871554
1254753002742665219
1254753327083974656
1254753626611871745
1254753762993790976
1254753810133610496
1254753877443764224
1254754180775854080
1254754421424091141
1254754573912117248
1254754891114909697
1254754985868312579
1254755276143710208
1254755289288540160
1254755311770112000
1254755367122173953
1254755502963089408
1254755551537438720
1254755824443879431
1254755846308782080
1254756057785626624
1254756072469889024
1254756274836606979
1254756322282631170
1254756710020812802
1254756730610696192
1254757080583376896
1254757205753991169
1254757221080104960
1254757221671464961
1254757221772247040
1254757222367756289
1254757464580468737
1254757480216715264
1254757546570608641
1254757568875917312
1254757644000038913
1254757696575692803
1254757710366519296
1254757753052168192
1254757754411143174
1254757780893777921
1254757801924030467
1254757885621538821
1254757963765411840
1254758026667421697
1254758210549899266
1254758243538067458
1254758251746463749
1254758286269673473
1254758330964357120
1254758406461755393
1254758547805667328
1254758550359818247
1254758561382457345
1254758628361302017
1254758679808638977
1254758731214184448
1254758914165321729
1254759004829442053
1254759165840330753
1254759220832088064
1254759235763580928
1254759291573039105
1254759318764703745
1254759457461944321
1254759548386230273
1254759602261913600
1254759616505733123
1254759678703284226
1254759717387137024
1254759730947354624
1254759900493656065
1254759919171108865
1254759946601652225
1254759962032484353
1254760074557317121
1254760277817483265
1254760449398263809
1254760520952934400
1254760583196405760
1254760589827678208
1254760653480292353
1254760681813016578
1254760692839706631
1254760700997595136
1254760710363439105
1254760718844358656
1254760838679769089
1254761353320919041
1254761618271023104
1254761806041501696
1254761863285366785
1254761886987350022
1254761928125104129
1254761958756225026
1254761989517324288
1254762093451939842
1254762143032868864
1254762232719835136
1254762325157933057
1254762388802490369
1254762391683899393
1254762408326782977
1254762454367653889
1254762476165459969
1254762538568302595
1254762626158080001
1254762641995649030
1254762663051231232
1254762813202939904
1254762897311293443
1254763061069611009
1254763080606609408
1254763266334580739
1254763320239767553
1254763339634233349
1254763401152049155
1254763504051064832
1254763558421721089
1254763678647255041
1254763864861732864
1254764218651295744
1254764363673559047
1254764372414480386
1254764385056124928
1254764394019385349
1254764403129380864
1254764738447212546
1254764809393852416
1254764946904113152
1254765077871263747
1254765278363152385
1254765294058266628
1254765304598523904
1254765440049352707
1254765545762643970
1254765563609415680
1254765734330159111
1254765799106994177
1254765949414068227
1254766058612744193
1254766083556294657
1254766136438059010
1254766283687464960
1254766610927083521
1254766617562497027
1254766627813380097
1254766753327939585
1254766799461076994
1254766858546245632
1254767096954712064
1254767170661179392
1254767185983008768
1254767192119205888
1254767477642326024
1254767500329435136
1254767528284286986
1254767814038020098
1254767969013428224
1254767985966804995
1254768023707070466
1254768094217564165
1254768222840053763
1254768247334858753
1254768291207249920
1254768319812349956
1254768325072023556
1254768472069828609
1254768509009063937
1254768839872544770
1254768940628078593
1254769025084559360
1254769208757325831
1254769279699804160
1254769667215769604
1254769775340732417
1254769805908795392
1254769926704750593
1254770077557125122
1254770130896076807
1254770396894687237
1254770590176514048
1254770594282745857
1254770660989005824
1254771054259482628
1254771148681707528
1254771154880888832
1254771185176305667
1254771261353234432
1254771466807074816
1254771519370084356
1254771652082102274
1254771852653629440
1254771855887458306
1254772152831627264
1254772213665816580
1254772261933813761
1254772375633055745
1254772469279252485
1254772691732533249
1254772696409239552
1254772759919382531
1254772773450166281
1254772946922397697
1254773159573651457
1254773191160918017
1254773512067117058
1254773796285804546
1254773805831995394
1254774087051689987
1254774107704455172
1254774174112866307
1254774430410043393
1254774498852663302
1254774601084592128
1254774776507203585
1254775053901639685
1254775130544205825
1254775236840394752
1254775330151096325
1254775504797720577
1254775618102648834
1254775626222825475
1254775767159828482
1254775784197156865
1254775785509883904
1254775804845633536
1254775858604081153
1254775877683957764
1254775899091726336
1254775977114132490
1254776048287232004
1254776303200301056
1254776325954351105
1254776412763914243
1254776508272369671
1254776581932777478
1254776624513290241
1254776902885105666
1254776981276639235
1254777048746192896
1254777144623816711
1254777355257524231
1254777487646552066
1254777829683654657
1254777997652942849
1254778331968360451
1254778463065485316
1254778589746065415
1254778723460542464
1254778737146474497
1254778784407928832
1254778891866042369
1254778973080281093
1254779005103820806
1254779092269797380
1254779147638853633
1254779285740482563
1254779292921114635
1254779379311210496
1254779443450503168
1254779554440216576
1254779585406709767
1254779725219684353
1254779855784177666
1254780026232246278
1254780106603552771
1254780196525244418
1254780731047292931
1254780827038134272
1254780949281116162
1254781142965706757
1254781146337951745
1254781290286481411
1254781366018822145
1254781508931301387
1254781847466201093
1254781866931941385
1254781901182627840
1254782067658743809
1254782283816464387
1254782289818447875
1254782424996708356
1254782578617249795
1254782669184888836
1254783085779931136
1254783183339446272
1254783215941771269
1254783269645606912
1254783345138884609
1254783610751791104
1254783783514955776
1254783941313089540
1254783983797145610
1254784142585131011
1254784548702806018
1254784689497206785
1254784741582069763
1254785159338942464
1254785381125353472
1254785391858561029
1254785507336220673
1254785656791810056
1254785797699432453
1254785805093990402
1254785807522516993
1254785847125139462
1254785867102609411
1254785879098327042
1254785879995899910
1254785882340470786
1254786038284746754
1254786101828452362
1254786369018191874
1254786629534748675
1254786742076358667
1254786789316784129
1254786803107676164
1254787001359847426
1254787014731259904
1254787045441953797
1254787050638696448
1254787060239499265
1254787078744752128
1254787354469924865
1254787420236599296
1254787433046044674
1254787472053026816
1254787579200720897
1254787791998734336
1254787873020104704
1254787919811735552
1254787948005847041
1254788311840772096
1254788497820364802
1254788546176532485
1254788548382781443
1254788587356221446
1254788591214948357
1254788837877772289
1254788937718960131
1254789026256547852
1254789045571317763
1254789191780593666
1254789253508132865
1254789311259480064
1254789484891131912
1254789583528591362
1254789752332537856
1254789790777487360
1254789851087384578
1254790042603552773
1254790106096910344
1254790134085545984
1254790290168147973
1254790341951057921
1254790493424087049
1254790504396451841
1254790509035352066
1254790584977330179
1254790870529830913
1254790886178738182
1254790909754920961
1254791033998565376
1254791067217494021
1254791160620613633
1254791181596164097
1254791264827879425
1254791491739742210
1254791693276049409
1254792098911404035
1254792132197584896
1254792144478302211
1254792189705547777
1254792275915235330
1254792375119069184
1254792506811789312
1254792586780389382
1254792608922009600
1254792891282513927
1254792952653639680
1254793262801358848
1254793374780936194
1254793384817917955
1254793494121476101
1254793505529933829
1254793513918701568
1254793561322582017
1254793589084819457
1254793592163336192
1254793675894165504
1254793718411870208
1254794066748817408
1254794159543681025
1254794159698952193
1254794183937671169
1254794187951575042
1254794263969370119
1254794272940814336
1254794285268062209
1254794292943630336
1254794318058946562
1254794519272476673
1254794682707537925
1254794691830145024
1254794799372210181
1254794887175852033
1254794912643477511
1254794937205501958
1254795330287095809
1254795408942874627
1254795770714152965
1254795950360592391
1254795979481591814
1254796204346535936
1254796273250533377
1254796590520381441
1254796623722328064
1254796677426434049
1254796678441209856
1254796705762963456
1254796719507664896
1254796760288919552
1254796862965481473
1254796893525143553
1254796957572161538
1254796978682200067
1254796985242013696
1254797007153065985
1254797041714311174
1254797234069098497
1254797281112387586
1254797307955933185
1254797341355200515
1254797389392568321
1254797804624437250
1254797838736715778
1254797857099354112
1254797912644685829
1254798037584539650
1254798077703024640
1254798087467352065
1254798104391380992
1254798144333680640
1254798286399004672
1254798365499387904
1254798380955430913
1254798628939395073
1254798666574909447
1254798738947620864
1254798805423190019
1254798811605549056
1254798864835416064
1254798877380579328
1254798878471188480
1254799059048513537
1254799060013215744
1254799091260776453
1254799140149760006
1254799179009757184
1254799259712598019
1254799345817235457
1254799355472535552
1254799577330274310
1254799711350878211
1254799736759922689
1254799772155891713
1254799949100773376
1254800036447182848
1254800198649303041
1254800313640312832
1254800477620826112
1254800746819837959
1254800810019414016
1254800947890384896
1254800975778295808
1254801036310700033
1254801072528515078
1254801213045927942
1254801529749467136
1254801568861470720
1254801615728435200
1254801725522927616
1254801979722723329
1254801985301168128
1254801999536836608
1254802158857285632
1254802198376005632
1254802223932092417
1254802338168156161
1254802352634163200
1254802388914864131
1254802576588943362
1254802659967561730
1254802705903570944
1254802765144109057
1254802792171986945
1254802845963923456
1254802929997041664
1254803309791031297
1254803456784691203
1254803531355193346
1254803652407066630
1254803674196369409
1254803686808866818
1254803742802640897
1254803752206233600
1254803766324326401
1254803803314028546
1254803914265747459
1254804070813986816
1254804614999937028
1254804722684358658
1254804823452422144
1254804873448751105
1254804930386251776
1254805025521467393
1254805155721015296
1254805241867862017
1254805259974656001
1254805410680274947
1254805438790381569
1254805520323510275
1254805522487734278
1254805642877034506
1254805917364654080
1254805989053743105
1254806063754313733
1254806401060200449
1254806451446444033
1254806559894335489
1254806839063183361
1254806839331446784
1254806851931209730
1254806905299468290
1254806973461102597
1254806975961018368
1254806990296977409
1254807193032900608
1254807281570648066
1254807349342007297
1254807409731698688
1254807723402833922
1254807766897537025
1254807839270371328
1254807936288751624
1254808221690155008
1254808238215753728
1254808399427977217
1254808407137124355
1254808489748135938
1254808537357783042
1254808569427320832
1254808578726248449
1254808694648430594
1254808739904778240
1254808856665915392
1254808924928331782
1254808946164015104
1254808957303939074
1254808988278874113
1254809072450314241
1254809095246245888
1254809199571165184
1254809309008953349
1254809315988422657
1254809323949027328
1254809393549344776
1254809498637815810
1254809559274647552
1254809770520797184
1254809829400621056
1254809968009609216
1254810109479272448
1254810115904950273
1254810238068260864
1254810252324683777
1254810270494408704
1254810507367702528
1254810529794670592
1254810538653016064
1254810544797712384
1254810592973488128
1254810810196676608
1254810959912321025
1254811025494478854
1254811115533463552
1254811249273012224
1254811496430764033
1254811507096879111
1254811667839541249
1254811675699511301
1254811708582854671
1254811812270231553
1254811953349881857
1254812016973197317
1254812204832043010
1254812248905678852
1254812416132608001
1254812436345077768
1254812502384234496
1254812541873610753
1254812616590979072
1254812652070735873
1254812693707370496
1254812714280476672
1254812907151360002
1254812968107139072
1254813126152749057
1254813132138168322
1254813443544285185
1254813491044761602
1254813651502075905
1254813682464223234
1254813712969433093
1254813952053149696
1254814232622723073
1254814306706747392
1254814332686225409
1254814373618388994
1254814386994085888
1254814404710826005
1254814461459759105
1254814536185581576
1254814561967861760
1254814606993719297
1254814742159544322
1254814753655885824
1254814768612835328
1254814834983501826
1254814963425673217
1254815063988297733
1254815180149542914
1254815253772173318
1254815341701521408
1254815442423578631
1254815474774233088
1254815475516624896
1254815476284178432
1254815498946048000
1254815656270131201
1254815666550345728
1254815681930878976
1254815686255247368
1254815698007687170
1254815712914272256
1254815747974389761
1254815768375525378
1254815867629527045
1254815918481453057
1254815955743502336
1254815956766883845
1254816051356823553
1254816067240656900
1254816141135904770
1254816149801324545
1254816248140926976
1254816348569350145
1254816386343305216
1254816450679898119
1254816622621032454
1254816928687783940
1254817057910251520
1254817162507755520
1254817300722495488
1254817357857320960
1254817368125198338
1254817748485472265
1254817906795266048
1254817952085377028
1254818485403713538
1254818502223036418
1254818919338016769
1254819301070012427
1254819327590596610
1254819527868612619
1254819560068431873
1254819594713235456
1254819597456457728
1254819618981470208
1254819650262773761
1254819657837457408
1254819833881022466
1254819848355381248
1254820644434264064
1254820785027346432
1254820820465188866
1254820828782329856
1254820830363684864
1254820925331042304
1254820958809939969
1254821201349758976
1254821240876957707
1254821317842370562
1254821744722010119
1254821748559630336
1254821837529202688
1254821938171650048
1254822014906335235
1254822238978637829
1254822897396449280
1254823109884084227
1254823185570136072
1254823276007895040
1254823379363745793
1254823540647329800
1254823609899548673
1254823709258526721
1254823716858429440
1254823769366904832
1254823829240610825
1254823893572845568
1254823978474053632
1254824058849394688
1254824404808237057
1254824757410754566
1254824846099447808
1254824898796519429
1254825065117618177
1254825101054205952
1254825192519434243
1254825363047251969
1254825778329448448
1254825896319438848
1254825954410557440
1254826137575817218
1254826239426265089
1254826269633462277
1254826303385030656
1254826381654937602
1254826479285710849
1254826627789254656
1254826694935900160
1254826948691398660
1254827336144285698
1254827431950643200
1254827524867014656
1254827623185698817
1254827640147415040
1254827646107570176
1254827728479674368
1254828029362057216
1254828731757031424
1254828745086517248
1254829031020728320
1254829043335041024
1254829130874576896
1254829234960261120
1254829278140620800
1254829351784325120
1254829357568266251
1254829718521573376
1254829943768461313
1254830007043584001
1254830286975561729
1254830865080713217
1254831049449889793
1254831078457524224
1254831108299960320
1254831261262045184
1254831323631378432
1254831362692902912
1254831978441895938
1254832093927899136
1254832121706938373
1254832649958494215
1254832742316904448
1254832777632968705
1254832862974656513
1254833116981522437
1254833167191519233
1254833275559751680
1254833306882830337
1254834008405360640
1254834124793081856
1254834602239287301
1254834749442371584
1254834818983948296
1254835000895082496
1254835259180347395
1254835555755413504
1254835969963876352
1254835999768809472
1254836075505184769
1254836110485667841
1254836264542429184
1254836298382098438
1254836563868938246
1254836812591308800
1254836915561328640
1254837245871157248
1254837878145708034
1254838038737203200
1254838307839598594
1254838309496320000
1254838583254347776
1254838639692939264
1254839030702911489
1254839557033361408
1254840366622072832
1254840906034733056
1254840935629938688
1254841035756199936
1254841042794233857
1254841131264692224
1254841225053704192
1254841382960656400
1254841539714379776
1254841555640356865
1254841775530799105
1254842093354184704
1254842490064195585
1254842839009120256
1254843281499774976
1254843369534025729
1254844572544299012
1254845431894274055
1254847368924745728
1254847863957254145
1254848440581816320
1254848744715141122
1254849491041087489
1254849631399424009
1254850327381082112
1254850328341561344
1254850527436738560
1254851510489489409
1254853916660920320
1254854358832799744
1254854785049624576
1254855052600020992
1254855524673155073
1254856458904072192
1254857078809571329
1254857430808145925
1254857966689214464
1254858172797341696
1254858746875883520
1254859313375596544
1254859580749656070
1254859623364005889
1254859776258867201
1254859942361812996
1254860365151666176
1254860453110353920
1254860987326361601
1254861424628600832
1254862153296646145
1254864229502300162
1254864337392422912
1254865389667758082
1254865542592073728
1254865952425914372
1254867495883689984
1254868359394414593
1254868475698384898
1254869310708707328
1254870047899684873
1254871152050057219
1254871324792688640
1254871948808486912
1254872472517619716
1254874027161563138
1254874375745986560
1254874447627956224
1254877721081131012
1254878010412429313
1254878587309772800
1254880426340089856
1254881245588156416
1254881407270174721
1254883397186379776
1254883969641807872
1254886554297917440
1254886763438325760
1254887303417298944
1254887652538462209
1254887750735745024
1254887778938228744
1254887874400448512
1254888349200003074
1254889111095332864
1254889161137537027
1254889262861836288
1254890678552653825
1254890855795585024
1254891087522443267
1254894710671507456
1254896115196899328
1254898558085369856
1254898704416272385
1254899738740228107
1254900589957242880
1254903043910324224
1254908028282761216
1254908192108081152
1254908362849832962
1254908429501513728
1254910509167652864
1254910574548246528
1254913239902679040
1254913290158788608
1254913700961456128
1254914450349363200
1254914852444758016
1254916151189966848
1254917445850103808
1254919962625359872
1254921023306305538
1254922108817178624
1254922884419424256
1254926543442214912
1254926789752745984
1254928122190782464
1254928449031909377
1254928584172384257
1254928660869464065
1254929756727853060
1254930159561347072
1254930652446617600
1254931462152876033
1254932819899342849
1254934890392416256
1254935484075147264
1254936264563965957
1254936791745847297
1254936918065700864
1254937398821044225
1254938234729172993
1254938347794923520
1254939871233208326
1254940071200821248
1254940843045081089
1254941120556986368
1254941791251398657
1254941895853301760
1254941986282328064
1254942154587205632
1254942842348122112
1254942920500588545
1254943370893389825
1254943796904804352
1254943862432415746
1254944111087325187
1254944356991025152
1254944404256591873
1254945193620418562
1254945446193070080
1254945816222949378
1254946454583472128
1254946813561323520
1254947625234599937
1254948055322734592
1254948679183740934
1254948693532270592
1254948979059462144
1254949463870730245
1254950471753703424
1254950656260993025
1254951027192651776
1254951596552646656
1254952043292135426
1254952275467886594
1254952479113895937
1254952607392522240
1254952801051873280
1254953113510793217
1254953208008466432
1254953338644226049
1254953398362923011
1254953653980495875
1254954268681003010
1254954537804152832
1254954870303383552
1254955133651173381
1254955532990820352
1254955870758162432
1254956232961482753
1254956915764932608
1254957037177524224
1254957339607568385
1254957458189160452
1254958227860709376
1254958328838586383
1254958376703926273
1254958540696911877
1254959631085875200
1254959659271610369
1254960045709803531
1254960403248902145
1254960535516450823
1254961302784618503
1254961332958433281
1254961465842438150
1254961575607308294
1254961771145650176
1254962546861240321
1254962890819252224
1254963139264700417
1254963752665047050
1254963785904738304
1254964460155834368
1254964587155292160
1254964709356449792
1254964812905234432
1254965043327688704
1254965199402078208
1254966258593705986
1254966422188503042
1254966457244377088
1254966484851359747
1254966713948528640
1254966914322857984
1254967318301405184
1254967328309047296
1254968014820175873
1254968035472859138
1254968243199963136
1254968441749921793
1254968956185645057
1254969010422198273
1254969225581457408
1254969742244233216
1254970292604149760
1254970354394525696
1254970594623279106
1254970674554134528
1254970729604370432
1254971657401389058
1254973944202817537
1254974153570037760
1254974310541901825
1254974973409665031
1254975171162550273
1254975220231749632
1254975548993855488
1254975587560505345
1254975815080501253
1254976529366306816
1254976687567245314
1254976711147446272
1254978048325111808
1254978291338932225
1254978853350457344
1254978880063942656
1254979350140579840
1254980238951378945
1254980302486687744
1254980594045349888
1254980621463457793
1254980649137700869
1254981185081683968
1254981431127752705
1254981747395231745
1254982197871816707
1254983636807372802
1254984483532505089
1254985131640549376
1254985683623489537
1254987563913211904
1254987820445265921
1254988626116571138
1254988733167755264
1254989481884745731
1254989483411308544
1254989552671916033
1254990312612564992
1254990483329150976
1254990715035115521
1254990792344494080
1254991389198290945
1254991646762156032
1254991881626284032
1254992455231066124
1254993005699665920
1254994533097455617
1254995337074311168
1254995757477724161
1254996443422580737
1254996456580149253
1254997434595340289
1254997653894639616
1254998279554818050
1254998384009601024
1254999155937882113
1254999292533596160
1254999511472070661
1254999795795517441
1254999956458483713
1255000339604004864
1255000465391054848
1255001262329696257
1255002305763696641
1255002722538930177
1255003075179417600
1255003240501936128
1255003713401389057
1255004552727687168
1255004877727494145
1255005188638687232
1255006014606204928
1255006021149495303
1255006350863523840
1255006567952310272
1255007071507845120
1255007875056799747
1255009431206547456
1255010454809780227
1255010956314206208
1255012037899415555
1255013213831401475
1255013636772204544
1255014280912486403
1255014771088187393
1255015620585783296
1255015840711245826
1255016711205425153
1255016871335624706
1255017182703972352
1255017703712014341
1255017948290314240
1255018190670688258
1255019443861647361
1255020135624122368
1255020282122665984
1255020648331726848
1255020975223009285
1255021435451404290
1255021730722189312
1255022174768820225
1255023014908837895
1255023829283299328
1255023908580782081
1255024875686621184
1255025543159754752
1255025712588746752
1255028218542747648
1255029358088974337
1255030209306177537
1255030908199067649
1255031678474391552
1255033663655301138
1255033850855645184
1255035887810826241
1255036549856542721
1255039973834670081
1255041339688796162
1255043420399136768
1255045645372493824
1255046142745735169
1255046494249521154
1255046821249871872
1255047886011633664
1255048264174448642
1255048368331436034
1255048703590596608
1255050597700599808
1255050984549609472
1255052432511401984
1255054016863588353
1255056205254291456
1255059866953101312
1255065336564469763
1255065437957586944
1255066962402529284
1255078199194783744
1255084430214848513
1255086544840343552
1255086870255611904
1255086944070983680
1255087316642566145
1255087636055613445
1255091401144045570
1255096412821389313
1255097158518181890
1255099461547810816
1255100321128484865
1255109534927839233
1255118782726619136
1255120777868750853
1255122218717024257
1255122693285752833
1255122989667868673
1255124460442615808
1255133749123051521
1255133782459346948
1255151335223095296
1255163388700749825
1255169777175277568
1255170270576476164
1255171769335504897
1255171937422069760
1255174830321594368
1255182756507578368
1255183380846608387
1255184101662834688
1255194059909390338
1255199251002359810
1255222795182669831
1255305526637932545
1255325559103672321
1255331580484243463
1255352232939307010
1255362711984144384
1255447848927322113
1255450434904510465
1255465604217257986
1255479285319700482
1255504578382041088
1255523181974208512
1255549228262146048
1255683404432998402
1255829796237565952
1256023204407083008
1256050322176278528
1256223819460730882
1256922682945228800
1258220522451730436
1271089346225950721
