id
1246598126460272640
1246598128569946114
1246604250190233603
1246604255244345344
1246608728796753921
1246609780010913792
1246610680695812097
1246610855359373319
1246611498396291075
1246613153569333249
1246613336470347776
1246613721599717376
1246613749709987840
1246613778164150272
1246613988521029633
1246614030556389383
1246614878980202496
1246614978364190723
1246615395902976001
1246615816151293952
1246615818042892291
1246616182473379840
1246616563769151488
1246617453234245632
1246617860648009728
1246618226353561600
1246618263896772610
1246618290086002689
1246618801065476096
1246618990434107392
1246620497690820608
1246620630461513730
1246621856154542080
1246622263547314176
1246622700031729664
1246623104878514176
1246623325499031552
1246623393580855296
1246623671147356161
1246623997162221568
1246624107661123585
1246624213944827905
1246624248065474560
1246624311089041408
1246624313916055552
1246624421520916480
1246624556044832769
1246624584956170240
1246624743114985472
1246624879463415815
1246625286638071808
1246625510102200321
1246625648308703232
1246625654516269057
1246625707452588033
1246625751555661824
1246626118334996485
1246626136739676160
1246626150878572546
1246626767068000257
1246626904511098880
1246627337849851904
1246627353339383810
1246627399346708481
1246627772492951552
1246628211967967233
1246628282071646208
1246628325386149888
1246628331635617792
1246628369791246336
1246628857060286466
1246629072773365761
1246629088241975296
1246629164536365056
1246629174711709697
1246629219863388162
1246629344031596545
1246629349488394241
1246629484054249472
1246630313297465344
1246630495787479040
1246630557250772992
1246630588984901635
1246630602255654912
1246630886528839680
1246631125880950789
1246631168335732738
1246631482652680192
1246631587489308672
1246631926061883392
1246632435976036358
1246632469954101254
1246632598236852230
1246632668302729216
1246632707179724800
1246632996616036352
1246633022725578752
1246633057911623680
1246633403560022016
1246633702894923776
1246633975625314305
1246634286872055808
1246634299714990084
1246634732680404993
1246634808815448066
1246634938708840448
1246635021550489601
1246635161434775553
1246635258881048576
1246635542281764865
1246635690458140677
1246635762075881473
1246635892829126656
1246636245603639297
1246636737868083200
1246637204996157440
1246637283391852546
1246637697499717632
1246638132621008896
1246638139898130432
1246638390142881792
1246638508501905411
1246638668262998016
1246638724902875138
1246638758201561089
1246638979497115649
1246639309324607489
1246639557203726336
1246639619510165504
1246640410581012481
1246640687551926273
1246641208304242693
1246641339506159618
1246642194854772737
1246642315713810433
1246642424874586114
1246642633591500800
1246642658967056386
1246642761937211394
1246642889951711232
1246642915662680065
1246643728845926401
1246643778623909888
1246644372562722817
1246644421312933889
1246644621939060742
1246644786649616384
1246645041709236230
1246645089188712449
1246645210911653888
1246645310576832515
1246645393154342912
1246645548964167683
1246645794528047104
1246645877890002944
1246645987487051778
1246646098329890817
1246646207125975042
1246646220019265537
1246646262356574210
1246646303766933504
1246646482603659266
1246646501113135104
1246646590720208896
1246646597984727046
1246646869393952769
1246647103033499648
1246647203944267777
1246647263666962432
1246647541342457861
1246647550276292608
1246647651216404480
1246647738743193600
1246647794602926080
1246647796590981121
1246647830506352641
1246647833261834240
1246647836311040001
1246647866979831809
1246647909220634624
1246648228558196736
1246648244551090177
1246648259407482880
1246648298854744064
1246648953631690752
1246648995088195584
1246649161572851712
1246649268154163200
1246649380335222784
1246649401042337792
1246649491966447616
1246649587386863617
1246649598988259330
1246649743263981569
1246649778424803329
1246649864005373952
1246650027809878016
1246650086370594822
1246650170143432704
1246650213114064896
1246650267962970112
1246650300967972864
1246650340310568960
1246650470166224896
1246650525061439489
1246650607475159041
1246650644028518400
1246650916108767233
1246651060812316672
1246651699747385345
1246651845117788160
1246651908204331009
1246651985928916992
1246652020745883648
1246652572166803463
1246652709341560832
1246652922252779521
1246653084144558080
1246653171419590656
1246653441495072769
1246653522579312640
1246653568834097152
1246653628913291264
1246653856127135746
1246653984686948358
1246654078010056704
1246654239050305536
1246654278539849728
1246654360169394177
1246654392834461696
1246654898399145985
1246654908939390976
1246654968523657217
1246654981479915523
1246655014103396353
1246655072617914369
1246655170332602369
1246655274858852353
1246655291766136832
1246655675859533824
1246655776510234624
1246655830365102081
1246655972396810240
1246656159643086849
1246656168023306241
1246656215603499011
1246656296507650048
1246656307777564672
1246656537566691328
1246656630260817921
1246656736062107648
1246656914861113344
1246656951666130945
1246657062450286592
1246657066090909697
1246657127885574144
1246657236358836224
1246657399634538496
1246657467393757189
1246657496036438023
1246657584251035651
1246657661229125637
1246658065652314112
1246658403008577537
1246658425959792641
1246658466250240001
1246658645359648768
1246658658550702081
1246658729161961474
1246658781464813570
1246658843838464002
1246658975707222016
1246659003481899013
1246659338220883969
1246659529208508416
1246659597642813441
1246659630723293184
1246659720871542785
1246659898315857920
1246660059414671360
1246660089991200768
1246660189895286784
1246660244186398722
1246660326436683776
1246660346665766912
1246660387547873281
1246660516178587648
1246660544968310785
1246660775587876864
1246661063845613568
1246661162600546304
1246661207152635904
1246661406587412480
1246661529006559237
1246661553497071621
1246661640503713793
1246661651492818947
1246661771420557312
1246661859920379904
1246661898080116736
1246661902467387392
1246661938370633728
1246662015818633216
1246662017508876288
1246662038186643456
1246662171003518979
1246662324682981376
1246662354768543749
1246662359164182533
1246662441737416704
1246662529285156864
1246662637091344385
1246662769203531781
1246662769270611968
1246663175971295232
1246663189342769152
1246663226080649221
1246663354996764672
1246663378329731074
1246663448022245376
1246663465869049856
1246663510848720897
1246663530029264896
1246663587830984704
1246663653471875073
1246663742257090560
1246663749135519744
1246663851833053184
1246663989632745472
1246664033740009473
1246664054875316224
1246664542572040195
1246664583814590464
1246664601028005888
1246664622586789888
1246664704417615872
1246664826048274432
1246664854355603459
1246664886165196801
1246664893933076480
1246664940460462081
1246664942234656768
1246664993031897090
1246665026217205760
1246665101295280128
1246665148300845056
1246665215611006977
1246665249060564992
1246665277791547392
1246665294673637376
1246665413301166080
1246665453792972800
1246665512559341568
1246665589055086592
1246665693526777861
1246665773159981060
1246665822749233152
1246665824435240960
1246665984376631298
1246665992786161664
1246666145437908993
1246666317400162304
1246666381648490496
1246666407397355523
1246666499080589312
1246666505607094272
1246666634263027712
1246666701527076865
1246667007107280898
1246667093661147136
1246667166574772224
1246667195859365889
1246667211168567297
1246667349006024705
1246667360896864256
1246667432778817538
1246668284922974208
1246668301008330753
1246668333862150144
1246668431736238080
1246668454528090112
1246668469443031040
1246668712486158339
1246668884129615875
1246668955856580608
1246669211230846979
1246669364192894977
1246669430873944066
1246669465330188289
1246669494577053696
1246669625418379264
1246669774928535552
1246669810777255937
1246669960824356865
1246670150041874433
1246670243218378752
1246670272687554560
1246670568902086656
1246670645712175106
1246671101523939328
1246671104204107776
1246671162693677056
1246671244621012993
1246671303848804353
1246671407271952386
1246671407532171264
1246671786248294400
1246671799527411717
1246671816837304320
1246671907300110336
1246672098493259776
1246672314655068161
1246672553717841922
1246672672164962304
1246673033244241920
1246673223271337985
1246673581200650240
1246673648678658049
1246673670421897216
1246673732975779841
1246673754572251141
1246673761379569667
1246673808221585409
1246673841335627776
1246673923086757889
1246673923938209794
1246673941864669184
1246674042863513602
1246674221331177473
1246674311349440512
1246674340768145408
1246674394962751488
1246674445839654912
1246674465158770689
1246674478144208896
1246674484972511232
1246674563347419145
1246674678992613376
1246674693446201345
1246674699108532224
1246674748706148353
1246674809842356229
1246674838883688448
1246674920844562432
1246674984157790208
1246675052377944064
1246675464938074114
1246675758623240192
1246676036944678913
1246676204528103424
1246676237549887488
1246676262573297664
1246676286115733505
1246676318265020416
1246676353899880449
1246676361512542208
1246676363232161792
1246676395079720962
1246676427467980800
1246676781836292102
1246677096145080322
1246677400504553472
1246677607896076290
1246677625843535873
1246677864172228608
1246677881381474304
1246678020485574658
1246678119550836736
1246678321578086400
1246678343728001024
1246678565128568832
1246678641305473024
1246678715263635458
1246678722666618881
1246678723169898498
1246678790211637249
1246678791742574593
1246678841583480833
1246678870239084545
1246678873879674883
1246678877402886144
1246678987000221696
1246678994403168256
1246679023112974341
1246679029744189440
1246679384620060673
1246679389640601602
1246679864192581634
1246679869573853184
1246679895033315330
1246679946572914688
1246680453513273345
1246680557100007426
1246680575588454400
1246680809475420160
1246680929260597248
1246680958117400576
1246681181640253442
1246681268730785792
1246681304852135937
1246681497286799361
1246681513694912512
1246681561182814208
1246681842352132096
1246682467454472192
1246682552061984775
1246682814533103618
1246682994863034368
1246683089004191745
1246683269518639105
1246683432706379776
1246683489312755713
1246683536683220992
1246683542743994370
1246683633731039233
1246683676554887168
1246683752111017984
1246683864338030594
1246683866326278144
1246683932344479744
1246683972798578689
1246683975562571776
1246684012896272390
1246684015232499713
1246684019003027457
1246684068198023169
1246684076095860737
1246684110287810565
1246684150540595200
1246684209885745153
1246684272246673408
1246684310528090114
1246684325518528512
1246684415612162050
1246684448587825154
1246684558445010952
1246684606910189568
1246684644973481984
1246684679786258432
1246684845096534017
1246684936511209472
1246684962763329538
1246684983143661569
1246685030358716416
1246685115561816067
1246685210457956354
1246685267383074816
1246685271162155008
1246685352976236550
1246685353538281472
1246685356176613378
1246685475395579904
1246685480030097409
1246685532261773314
1246685571780665344
1246685655742070785
1246685770678702081
1246685790387617792
1246685823547740161
1246685851754455040
1246685885212418050
1246686015751729153
1246686024450723841
1246686096710221824
1246686161927467009
1246686257637240832
1246686506837782528
1246686506980270081
1246686645551681536
1246686758919495680
1246687056329183234
1246687225221238784
1246687254120026113
1246687561340215296
1246687621113356292
1246687762624868353
1246687763862155264
1246687927909994496
1246687964693856256
1246687965016801285
1246688066091110400
1246688200396963840
1246688265568206850
1246688323071930369
1246688408912592897
1246688637783175168
1246688693542203394
1246689027262210049
1246689212742553601
1246689613923508225
1246689675483332608
1246689765463711744
1246689898741895168
1246689942467534848
1246690057609601024
1246690236773445634
1246690243417264128
1246690314485510145
1246690353282875394
1246690434664902656
1246690477912420352
1246690657877385216
1246690767768129536
1246690770351828992
1246690845299896321
1246690891210752000
1246691314311127040
1246691589721747458
1246691717350187008
1246691734836240384
1246691746878115840
1246692051661570053
1246692097412853761
1246692104174108674
1246692211795755008
1246692262010068993
1246692669889196032
1246692714294300674
1246692830669504515
1246692888479588352
1246692921996279809
1246692937540329472
1246693046466510848
1246693079492378624
1246693102187880448
1246693400436289536
1246693513162448896
1246693580959141888
1246693669937147905
1246693872157085696
1246693958048047104
1246694102625685506
1246694209320452097
1246694328002465793
1246694391713955840
1246694535276580864
1246694879226253313
1246695038651961345
1246695134600867843
1246695156322988034
1246695291857678337
1246695389551423488
1246695598922891265
1246695704346513409
1246695823397621760
1246695864665432064
1246695937986052098
1246695996840488961
1246696183868710913
1246696389020733440
1246696535930241024
1246696579953610756
1246696857969065984
1246696902927593472
1246697133819826182
1246697429111427072
1246697473369731072
1246697552893956096
1246697661585121280
1246697935355572224
1246698032260714496
1246698415620157441
1246698616061693954
1246698655651786752
1246698701457739782
1246699261628002304
1246699315617136640
1246699476326072320
1246699523402952705
1246699700884869120
1246699910063247361
1246699952027262976
1246700078242254854
1246700216847175681
1246700467180077058
1246700592384401410
1246700650068492290
1246700782730141696
1246701006454325249
1246701017195933699
1246701104055889921
1246701120723902464
1246701204123484160
1246701441470697475
1246701606629814272
1246701607846199297
1246701655434776577
1246701716902277120
1246701763299688448
1246702286694277121
1246702365975048193
1246702396207542272
1246702410531135489
1246702455179448322
1246702461148000256
1246702504001163264
1246702705940115456
1246702821816160256
1246702826673192962
1246702915487535104
1246702984735547393
1246703122858180609
1246703145478053890
1246703177631580160
1246703262075506689
1246703415423459331
1246703751362043906
1246703778213978113
1246703948733353990
1246704271438970880
1246704332587712518
1246704414133383168
1246704449227083776
1246704459918401536
1246704529795510272
1246704649173749760
1246704671160336385
1246704841876897792
1246705331180163072
1246705407361351681
1246705659032174592
1246705665474588673
1246705927375310854
1246705996283572225
1246706156350763016
1246706237531619333
1246706431702626305
1246706620597321729
1246706627291447297
1246706829951791104
1246707193531023360
1246708081767010309
1246708098665811968
1246708169897693184
1246708423443378179
1246708514250244096
1246708794844827652
1246708895201947649
1246709090396463104
1246709288053030912
1246709389983010816
1246709734113079296
1246710165581074432
1246710209793277952
1246710523904716800
1246710644507848704
1246710715517267969
1246710759146393601
1246710800477085701
1246710881322299394
1246711358864781313
1246711715099627520
1246711765938786305
1246711882276196352
1246712017437614080
1246712192751161344
1246712244345298944
1246712494158217216
1246712930965565440
1246712954801647616
1246712957574066178
1246712968126926848
1246713354162278400
1246713859248812032
1246713922939305989
1246714022243655682
1246714046784720896
1246714209296977923
1246714399856799746
1246714432165564416
1246714858621390848
1246714885787942912
1246714941060464640
1246714974770266112
1246715225392304128
1246715331898257408
1246715402954014721
1246715591567777792
1246715636111163393
1246715829422452736
1246715839199490048
1246716098055045120
1246716232415367168
1246716441681743872
1246716483578679296
1246716619956486144
1246716695982596096
1246716988220637185
1246717302768160771
1246717372435533825
1246717385660391429
1246717399996313601
1246717597493497856
1246717962922233856
1246717966520946694
1246718163569397760
1246718171056226304
1246718176877936640
1246718184427667457
1246718221291417600
1246718240778149888
1246718257173651456
1246718445896355843
1246718496555192321
1246718496748101632
1246718553216053250
1246718559062904838
1246718860679467014
1246719082390360064
1246719281489776642
1246719368571916289
1246719516270153730
1246719572155068416
1246719778753937408
1246719831165956099
1246720309924745216
1246720443140038657
1246720456939278337
1246720525717528576
1246720561138372609
1246720728931524608
1246720962600419329
1246720968187207681
1246720989825658880
1246721396534685696
1246721534766600192
1246721565510828032
1246721849310003201
1246722048308596741
1246722104059260928
1246722195264425984
1246722242530045953
1246722391335555072
1246722431730872320
1246722515767975936
1246722689924022276
1246722869016457217
1246723003997536259
1246723441685716994
1246723468835479552
1246723477442191360
1246723530277793793
1246723561181466624
1246723587320328192
1246723691955642368
1246723791520059392
1246723915793092610
1246724096097832961
1246724158504833024
1246724688971104257
1246724706780102657
1246724736140201984
1246724819057405958
1246725151997091841
1246725838315220993
1246725938810740737
1246726077629657089
1246726466567626753
1246726514126667776
1246726718582210565
1246726737498533889
1246726960572592129
1246726970949242880
1246727174855393280
1246727738100051968
1246728014710181888
1246728410488909824
1246728438154530816
1246728729520246784
1246728733932879873
1246728757622083585
1246729017400520705
1246729470683131906
1246729785125957638
1246730116320944129
1246730291097542657
1246730476238372865
1246730997908918273
1246731090473222144
1246731144474710016
1246731144684376066
1246731169741172738
1246731281028669441
1246731326314688512
1246731512210280449
1246731954940080131
1246731967497998336
1246732195802148865
1246732277238857729
1246732284188938242
1246732402078011392
1246732501084594182
1246732678931644417
1246732701731655682
1246733104993062915
1246733219279462400
1246733487257747456
1246733539040792576
1246733688420749313
1246733762420822016
1246733771967090688
1246733875830636546
1246733926065790978
1246733947242819584
1246734275602333697
1246734331466272772
1246734395311935489
1246734495413186565
1246734506263891969
1246734511913570305
1246734588891639808
1246734624128004098
1246734647058292738
1246734694181462017
1246734698404917250
1246734908212436994
1246734941389348864
1246734968639778816
1246734980983607299
1246735102417100809
1246735560900628481
1246735898697326593
1246735905919885312
1246736078565830659
1246736090385371140
1246736167954976769
1246736232316465152
1246736234313060352
1246736303317815296
1246736303703511043
1246736501200674816
1246736663344107520
1246736781401182208
1246736867417927680
1246736934438752256
1246736968307728385
1246737101569142784
1246737160344154113
1246737187413975040
1246737224642613248
1246737272097116160
1246737272260747264
1246737284432453640
1246737388631515136
1246737440594780162
1246737460182183936
1246737547893420032
1246738109934387200
1246738130385776640
1246738132990640128
1246738314817921030
1246738360535617536
1246738489808269317
1246738668494061568
1246738757111480320
1246739067535912960
1246739213577408513
1246739354556473347
1246739356062076930
1246739357475598336
1246739362773118979
1246739471682244608
1246739537809690624
1246739558936408066
1246739561897738240
1246739644315774978
1246739687726878723
1246739719158763521
1246739734098882560
1246739805813145601
1246739849442283521
1246739925162061824
1246739981357346816
1246740102270693377
1246740168595267584
1246740288267264000
1246740355808022529
1246740367350935553
1246740532308705281
1246740593679597574
1246740607042596864
1246740672742191104
1246740747207856128
1246740808708939778
1246740995539996673
1246741096069132288
1246741115572633600
1246741194966585345
1246741315070525440
1246741372394070016
1246741374516350980
1246741392476389379
1246741590531399680
1246741780067909636
1246741941225545728
1246741944509665281
1246741988075958272
1246741988847898624
1246742031180779520
1246742044329959425
1246742113171025920
1246742546287484929
1246742559889805312
1246742714135097345
1246742767587352576
1246742809001910272
1246743009682690048
1246743286745690115
1246743407952723969
1246743475082518528
1246743697594572803
1246744093163573248
1246744190362382336
1246744283182297091
1246744339306262530
1246744639689773057
1246745214833704961
1246745554257735685
1246745602710368257
1246745746029678593
1246745752455409664
1246745816577925120
1246745881639972865
1246745920558911490
1246745954788597761
1246746096233099264
1246746178718334976
1246746395089858561
1246746401146433536
1246746433002201088
1246746523880140800
1246746800809078790
1246746868807172096
1246747096205733889
1246747111552622603
1246747718782877698
1246747847925436417
1246748347861315584
1246748728066637826
1246748742922817536
1246748760299802625
1246748902037970945
1246749106200031235
1246749106673823746
1246749227906002945
1246749228426129409
1246749387880972291
1246749450602565635
1246749475093090305
1246749550536081408
1246749574468964354
1246749691712135169
1246749763099377669
1246749777418543105
1246749798679674880
1246749887560962048
1246749915180482560
1246749995946008576
1246749997179105280
1246750059808452608
1246750145686855680
1246750252322955264
1246750303593975808
1246751077183000576
1246751138235342849
1246751164382601216
1246751218401030144
1246751362068566016
1246751564078788608
1246751576301043717
1246751632471339009
1246751694454583304
1246751783919087616
1246751801514184706
1246751954136518656
1246751993927892994
1246752047048740867
1246752083602219008
1246752088056418305
1246752151851790336
1246752244449439746
1246752265685221376
1246752406655901697
1246752510338928640
1246752589225451531
1246752640270127104
1246752696624766976
1246752748520919040
1246752898605711361
1246753115501559811
1246753117322055680
1246753138729615360
1246753283554676738
1246753358301388805
1246753443856834560
1246753620437032960
1246754020938506245
1246754030430216192
1246754081659473921
1246754100131188739
1246754173619585024
1246754213671006210
1246754288178794496
1246754456886071297
1246754701002956800
1246754715397849088
1246754770364186625
1246754827050213376
1246754996399398912
1246755112745230336
1246755356794966016
1246755448822198272
1246755473379844096
1246755536629981185
1246755932085731330
1246756207538270208
1246756224630063104
1246756402602733568
1246756438359175170
1246756579484917761
1246756589760991232
1246756760079097856
1246757032327131148
1246757059510464513
1246757650345279489
1246757806667001858
1246757847653740546
1246757874245632002
1246758080341139457
1246758140483264512
1246758408721780736
1246758781330964480
1246758855813378048
1246759399021936640
1246759474250964992
1246759531910057989
1246759572557053952
1246759629763170305
1246759665397952513
1246759804821012482
1246759849959940096
1246759895325605888
1246759901956718595
1246760061369630720
1246760064796495872
1246760079501606917
1246760097298038788
1246760144916144129
1246760197764206593
1246760291381030913
1246760358275993603
1246760385631236096
1246760529936310272
1246760538496876544
1246760542804606976
1246760621137264643
1246760633543954432
1246760651491381251
1246760707565084674
1246760887009947648
1246760924335288321
1246760965330231296
1246761166304501761
1246761508257726466
1246761534216441856
1246761662796857346
1246761829507854337
1246761869789917186
1246761869806714882
1246761873527070720
1246761902115393540
1246761959015321600
1246762017060319233
1246762022026412032
1246762061259878405
1246762072324444160
1246762072601329665
1246762174812315649
1246762269825847299
1246762275194589185
1246762365325938692
1246762398666514432
1246762446347354112
1246762510050418688
1246762510918643712
1246762571635421185
1246762610399145984
1246762618838114308
1246762942189547522
1246762979342811136
1246763045646258179
1246763307395985408
1246763349863354368
1246763363800997888
1246763406989778945
1246763435691356161
1246763617271181312
1246763627027156994
1246763891322810369
1246764243996667904
1246764275558834177
1246764301714468864
1246764321712918528
1246764370257801216
1246764402709168136
1246764429187756032
1246764705424834560
1246764714513686528
1246764734591819782
1246764777361326082
1246764905711058945
1246764945510789122
1246764960169877505
1246765070954008577
1246765292320985090
1246765356816818176
1246765446847578113
1246765715798888448
1246765740138491905
1246765764897435649
1246766316888788994
1246766428159504384
1246766531762991109
1246766587220070404
1246766618522185728
1246766752928694272
1246766820431785984
1246767009347465217
1246767088271634433
1246767098715451392
1246767287127793666
1246767601570603008
1246767625322893313
1246767669241511936
1246767694944198656
1246767758152331266
1246767766335414275
1246767838091567104
1246767926201339904
1246768056300212224
1246768069373919232
1246768106141294592
1246768172373442561
1246768323519336448
1246768727065952256
1246768743243321345
1246768852253290496
1246768912747786242
1246768946994282497
1246769154255806464
1246769158680743936
1246769243284058113
1246769281586479104
1246769453641003014
1246769538634403842
1246769555650699268
1246769562927824896
1246769591319224320
1246769671132471301
1246769739327631361
1246770128110243841
1246770327251750912
1246770517387800576
1246770541802844160
1246770551311360001
1246770589567602689
1246770667590225921
1246770756895133696
1246771089096785921
1246771227168894977
1246771229463179265
1246771445402726400
1246771698742874114
1246771703864160256
1246771745350012928
1246771752274759680
1246771777658703872
1246771782570266624
1246772050930200577
1246772111252713472
1246772338613350406
1246772412521177090
1246772445727485953
1246772478409506818
1246772598727294976
1246772633602912257
1246772688997187585
1246772709326852097
1246772750112317440
1246772753639718912
1246772837852934144
1246772868613988356
1246772871990517760
1246772916722651137
1246772922028404736
1246773060046221313
1246773084058562562
1246773111376080896
1246773184063361026
1246773259770589184
1246773273884389379
1246773399298375683
1246773488276238336
1246773574687326208
1246773733814972416
1246773797367226374
1246774118503997440
1246774212519276544
1246774384225730560
1246774525586366466
1246774628304879616
1246774638568333317
1246774716733329410
1246774745787297793
1246774970295832577
1246775096775028737
1246775231433203712
1246775354892550146
1246775416926490624
1246775468553953280
1246775542482755585
1246775559901741057
1246775642697261056
1246775694635433985
1246775724742238209
1246775729326419970
1246775878425530368
1246775965151195138
1246775984751140864
1246776011007524864
1246776106612453376
1246776157107662848
1246776266008625157
1246776292306870272
1246776460318257152
1246776598226849792
1246776663683153920
1246776769304092672
1246777109147779072
1246777128361705472
1246777256711610368
1246777341621096448
1246777374898671624
1246777454145961984
1246777512534798338
1246777594369855489
1246777707654008832
1246777779951034368
1246778268566470663
1246778468114759682
1246778651640659973
1246779070416740353
1246779294904225792
1246779590724456448
1246779709561552896
1246779722127699968
1246780152836579330
1246780333451694086
1246780345489305600
1246780555976310785
1246780731247996928
1246780778035294213
1246780797496856578
1246780813271695360
1246780844108206088
1246780856678506496
1246780894167236609
1246780904531300352
1246780951796928514
1246780990384525312
1246781010626240520
1246781052921643009
1246781077022113792
1246781105522364417
1246781241753350144
1246781286833848320
1246781462742999040
1246781612047470594
1246781704066314241
1246781729257320448
1246782109919744000
1246782166131806209
1246782354577715200
1246782355802451968
1246782385934315520
1246782389658849280
1246782432717590528
1246782480629129227
1246782574053044225
1246782581682491393
1246782663156854787
1246782689543368705
1246782705326571520
1246782995203145729
1246783055831818240
1246783171342954496
1246783234718875653
1246783242025357312
1246783294697435142
1246783367518928897
1246783503993192448
1246783630912786432
1246783651246792705
1246783680229466114
1246783732150710272
1246783756431548418
1246783766799904774
1246783806972891137
1246783822198276097
1246783872601227267
1246783893916626952
1246783982831722497
1246784054705287169
1246784082089893888
1246784142429130753
1246784144631197699
1246784474085355521
1246784474571870209
1246784480418754563
1246784859978121216
1246784949660692480
1246784965062168576
1246785026122899458
1246785167085076480
1246785234974019584
1246785423059218434
1246785458614317056
1246785788936765442
1246785931228655616
1246785952116117504
1246786102536491011
1246786420947038218
1246786491910483969
1246786564698427392
1246786597502107649
1246786620214226944
1246786627281629191
1246786760807337985
1246786845750378497
1246786872766062593
1246786940965289987
1246786945948082179
1246786973341106185
1246786985022324736
1246787035748171777
1246787053045420034
1246787125015543812
1246787254535598085
1246787355609976832
1246787363306483713
1246787445988851713
1246787447695921158
1246787495599034369
1246787501739540486
1246787505015447554
1246787506496057344
1246787603434622978
1246787604403515397
1246787605129129984
1246787613295403010
1246787659055259649
1246787697789698050
1246787697894502402
1246787724054429696
1246787899707650049
1246787901603504131
1246787970335518720
1246788044927033345
1246788107204247556
1246788230206242816
1246788251395870720
1246788351476109313
1246788711162867712
1246789007750713350
1246789179171729409
1246789255369613330
1246789290765377537
1246789572593213440
1246789604432207879
1246789740080197632
1246789895160393728
1246789900437000194
1246789920854650881
1246789949195616256
1246790010184990725
1246790115139006465
1246790209909297153
1246790418777247744
1246790518022926344
1246790645768810496
1246790927655374848
1246790928955670539
1246790935330959361
1246790958319984641
1246791051978764288
1246791084807602182
1246791248804970498
1246791480913477633
1246791543102402565
1246791621833674754
1246791701202530308
1246791756219174921
1246792041654337536
1246792327710027777
1246792464549081089
1246792480269320198
1246792498845908998
1246792531276267520
1246792531641159681
1246792762608906241
1246792786864570368
1246792981966811136
1246793037004410885
1246793054985445378
1246793087495450626
1246793134282911746
1246793141165764613
1246793189073158146
1246793293079298048
1246793302080401409
1246793370342572034
1246793399933403136
1246793657086177281
1246793708256681984
1246793938821771264
1246794006924673024
1246794034447695873
1246794103431421957
1246794179121795072
1246794194842091520
1246794198197600256
1246794269370667010
1246794343777624065
1246794382428135425
1246794418612367361
1246794534991749120
1246794538737373184
1246794550389215232
1246794744321191936
1246794772385128451
1246795011594715136
1246795042452156417
1246795089294151681
1246795163642384384
1246795166175727616
1246795300527730689
1246795387614060551
1246795401539149828
1246795476050931712
1246795589292945411
1246795600516927489
1246795746768080899
1246795923134406656
1246796083776221189
1246796123529809924
1246796159869276166
1246796256459911168
1246796299657080832
1246796334222327810
1246796442833838080
1246796523888771072
1246796768622211073
1246796883600654336
1246797050546511873
1246797372274782210
1246797468202754048
1246797640253100032
1246797690748334081
1246797849150361600
1246797946856681476
1246797947607474177
1246798001835667456
1246798050124689408
1246798311014559746
1246798366299680769
1246798439666421765
1246798701974020103
1246798734429540352
1246798769619755008
1246798973781676033
1246798980790378498
1246799038227218433
1246799070095540224
1246799284776751104
1246799353693405187
1246799368646090752
1246799396332646400
1246799430402994178
1246799515211816962
1246799539312439296
1246799553925271558
1246799599676739585
1246799755843231746
1246799783504695297
1246800048551124993
1246800170483732481
1246800444396933121
1246800630565330945
1246800895372742656
1246800965677641729
1246801026578927616
1246801048171233281
1246801470273421312
1246801522568151041
1246801561159749634
1246801582739443712
1246801603006353409
1246801655305142272
1246801810536316929
1246801847534243840
1246801889640865792
1246801942258450434
1246802238892199937
1246802321419276288
1246802355095392262
1246802368731074560
1246802401408868352
1246802438927134720
1246802531981942784
1246802583185797120
1246802590437797890
1246802993116098565
1246803315096092672
1246803507606245378
1246803528204431360
1246803610601541632
1246803754336190471
1246803805192065024
1246803905209483270
1246803920095043592
1246804062202253313
1246804238136520704
1246804254884376579
1246804300371812352
1246804399403323393
1246804506815299586
1246804566777008128
1246804607688273925
1246804624520015874
1246804796096385031
1246805006780514305
1246805015630475264
1246805128440668162
1246805155334336513
1246805337056743424
1246805419227373568
1246805477586907142
1246805491969228800
1246805625431920640
1246805703995453440
1246805764116639745
1246805845377048577
1246806001522593802
1246806022854807554
1246806258759299072
1246806318029012992
1246806464372473856
1246806578419740672
1246806596748894209
1246806630588702720
1246807002862374912
1246807190242877440
1246807241027489793
1246807854742269952
1246807866641506313
1246807912745320449
1246808045385961472
1246808146506473473
1246808155666800640
1246808201007226880
1246808211744641025
1246808295400067074
1246808388060598273
1246808434218905600
1246808498702176261
1246808522056028166
1246808524291633152
1246808572706480129
1246808693305274368
1246808855293517824
1246808888927588354
1246808904257937408
1246809003117572096
1246809052086034438
1246809200719781893
1246809327832158209
1246809423684620288
1246809544912564225
1246809588113895426
1246809644409864192
1246809693533556736
1246809770985549825
1246809863520305152
1246809918436454404
1246809961981546497
1246810019045052417
1246810034664640512
1246810066553950209
1246810126901587968
1246810131112660993
1246810199895076865
1246810322318413824
1246810335303983105
1246810476404592643
1246810887526191106
1246810916236091392
1246811029083803649
1246811141721829376
1246811169978863617
1246811337923031040
1246811361608376323
1246811506349445121
1246811576167886848
1246811641309609984
1246811699501355009
1246811804677730304
1246811851058335744
1246811851557490689
1246811925029117952
1246811929122729984
1246812037134438400
1246812049931300871
1246812058143735810
1246812221910528003
1246812249244626945
1246812260959281153
1246812454144708609
1246812465196929024
1246812541088460800
1246812596591677443
1246812627239460866
1246812809893216258
1246812836724006913
1246812848040206336
1246812887944810498
1246812998645080067
1246813333442846720
1246813375473938433
1246813392980992001
1246813500027973632
1246813661206732800
1246813708417773568
1246813836289638401
1246813942686547969
1246814010286039040
1246814065046904832
1246814128661876736
1246814162224726016
1246814459852709888
1246814466412613632
1246814524658704385
1246814537078063104
1246814571114852353
1246814575372029953
1246814608838426624
1246814635438809094
1246814661816664065
1246814719605907459
1246814852762361858
1246814855337656325
1246814859024465927
1246814867194933251
1246814895120642048
1246814895556792323
1246814932542214149
1246814951546609665
1246814969984716802
1246814993334460419
1246815008874352642
1246815020127666176
1246815043330740225
1246815136544743424
1246815171416166400
1246815193385979906
1246815211564044288
1246815247479877634
1246815299006943238
1246815300223299584
1246815373162426369
1246815540607422464
1246815563772379136
1246815628423544833
1246815631841902592
1246815650435059712
1246815800909942784
1246815885366624256
1246815896569434113
1246815986595946497
1246816136160636929
1246816138450751488
1246816260555325440
1246816602755960834
1246816751465017344
1246816773778706432
1246816781127344130
1246816921133043712
1246816933262983169
1246817027290853376
1246817090314485766
1246817231713054720
1246817261228195841
1246817427473584133
1246817446855507970
1246817447740571650
1246817613956743168
1246817753631043587
1246817771792433154
1246817866126471169
1246817885353381889
1246817939455537154
1246817940256645125
1246818083752136704
1246818191613067267
1246818193718403072
1246818408236105731
1246818412531077121
1246818478423543808
1246818535055097858
1246818568966041602
1246818586498199555
1246818825326055424
1246818827016364038
1246818909774327808
1246819099763589120
1246819151299014656
1246819368840777728
1246819447245062145
1246819639310483457
1246819800459825157
1246819964079583232
1246820567505723393
1246820806442676229
1246820809525485568
1246820958146449409
1246821070897729536
1246821096193654786
1246821246714560514
1246821302138097664
1246821380026331136
1246821467322368000
1246821503246581760
1246821695039500294
1246821955472216065
1246822418636664833
1246822621674532866
1246822634261643264
1246822678670917637
1246823062302908416
1246823111804272641
1246823114152882176
1246823158235238400
1246823496883167232
1246823498359562240
1246823574674931712
1246823734389780480
1246823755503898624
1246823796717256709
1246823884214513664
1246823950631370752
1246824002347126784
1246824003395661824
1246824202683981825
1246824203162025984
1246824333290270720
1246824349874544640
1246824539759063041
1246824629412311040
1246824703110443010
1246824757367992322
1246824795242524679
1246824874745589760
1246824889492713472
1246824922371854336
1246825015800037376
1246825128224116743
1246825135161499648
1246825197602103296
1246825409724866560
1246825450636107776
1246825545083449345
1246825564943589382
1246825578294018048
1246825658149371908
1246825687110975488
1246825703527469056
1246825738625417216
1246825917835382785
1246826046399188993
1246826109687103489
1246826243296616448
1246826384510631939
1246826420908818433
1246826435181973504
1246826461303959553
1246826547052335105
1246826653034012674
1246826716015845377
1246826729294839808
1246826751457546241
1246826810555256833
1246826875680243713
1246826961927729152
1246826962040918016
1246826962871439361
1246827001874276352
1246827032513667072
1246827049580281856
1246827129263673344
1246827133487312897
1246827143171985408
1246827148586954757
1246827162704867333
1246827171496071170
1246827175132585985
1246827184049676288
1246827219185307651
1246827235211792386
1246827240072990721
1246827268623630337
1246827273371545600
1246827284209831936
1246827370234793984
1246827430200795137
1246827473569845249
1246827479320252416
1246827495241814017
1246827496328200193
1246827550971576321
1246827573750964225
1246827574942031872
1246827589768892417
1246827611017359361
1246827621666574339
1246827652150788097
1246827667413819392
1246827680521048065
1246827681145950211
1246827720216109056
1246827740663123968
1246827775631081473
1246827828236021762
1246827847005560832
1246827911446851584
1246827937594101760
1246827947807264769
1246828016103067649
1246828046109118464
1246828084327632897
1246828096335925248
1246828117525762049
1246828175352463363
1246828259796377600
1246828277144129536
1246828294571347974
1246828325273604099
1246828361600532481
1246828393598836736
1246828393976324096
1246828398686523392
1246828404516589568
1246828407767232512
1246828413601660928
1246828483545665536
1246828525316800513
1246828526549925888
1246828548624543744
1246828556421718016
1246828567108808709
1246828577607176192
1246828584162832384
1246828598540947456
1246828600801628161
1246828625413812225
1246828655931609088
1246828665297489921
1246828669420449792
1246828672603967489
1246828683190394880
1246828689112715264
1246828709375430657
1246828724298723329
1246828739662467073
1246828754824876033
1246828763335122945
1246828768192335872
1246828798277849088
1246828815357104128
1246828842666221570
1246828899020890113
1246828905081606144
1246828938531201024
1246828938589900800
1246828945737048064
1246828959821524993
1246828963407613952
1246828997691838466
1246829032601092096
1246829043837587456
1246829045322416129
1246829047197216768
1246829109776273408
1246829197709860864
1246829211299377152
1246829213383942144
1246829213660753922
1246829214210248705
1246829228827357186
1246829243834568705
1246829252827213826
1246829253057904641
1246829280035852289
1246829297274245120
1246829311325138945
1246829336721678336
1246829357789671424
1246829397404815362
1246829414010109952
1246829425615753216
1246829436663500802
1246829464312373249
1246829486626103297
1246829539298119687
1246829552149712896
1246829563134402561
1246829602435035146
1246829602783166467
1246829619765903361
1246829633208639489
1246829634517225472
1246829639751749632
1246829640297009152
1246829713730883584
1246829717707042817
1246829726263414784
1246829727941193728
1246829775882076162
1246829791048761344
1246829800775249922
1246829824724717570
1246829859554246659
1246829886355828738
1246829920757547008
1246829939657076737
1246829950146994176
1246829977879773184
1246830008196149248
1246830052051832832
1246830055042338816
1246830067960786945
1246830080208154625
1246830081722351617
1246830081781055493
1246830109786435586
1246830109924847616
1246830111128612865
1246830167869149185
1246830171329462273
1246830179919343617
1246830198328160256
1246830240845795328
1246830245396631552
1246830269434171394
1246830299847118849
1246830301411606528
1246830308298608642
1246830346538278912
1246830364112203777
1246830453408985090
1246830461176836096
1246830482433511425
1246830509465817090
1246830584225120256
1246830596325642240
1246830609063800832
1246830613572673538
1246830652827131904
1246830656098721797
1246830683747520514
1246830722725203969
1246830828253929472
1246830844242616320
1246830854086656001
1246830882947645440
1246830937658122241
1246831012476104704
1246831022961872897
1246831050203860992
1246831051449614336
1246831055698571269
1246831078939054081
1246831107267416065
1246831153492836353
1246831218873626624
1246831292328456192
1246831300129861632
1246831325958377472
1246831334917410816
1246831373416988672
1246831374734176256
1246831393285345282
1246831410511372291
1246831442748833792
1246831449170309120
1246831457395507200
1246831464907280389
1246831565008556032
1246831610630029313
1246831639730192392
1246831662379323392
1246831670759546880
1246831677080391681
1246831755388055552
1246831775269015552
1246831789324173314
1246831810358607872
1246831862607007744
1246831869317931008
1246831909256065024
1246831921616670721
1246831939098521601
1246831958128078848
1246832010024218624
1246832025400569857
1246832044577107968
1246832046309326851
1246832082904547330
1246832112319123456
1246832131772309504
1246832147203145728
1246832149887504384
1246832163560947713
1246832194200301570
1246832194716233728
1246832196737839104
1246832219772997632
1246832232481742851
1246832279323676672
1246832361892790274
1246832378598666241
1246832381383725060
1246832391802335232
1246832411935010820
1246832423075287044
1246832472253280261
1246832480977448961
1246832489978454016
1246832523977490433
1246832605791547394
1246832620568117249
1246832664000094212
1246832708434530307
1246832719029391365
1246832751463915520
1246832755331104777
1246832784359989249
1246832792920559616
1246832804270198784
1246832808351240192
1246832872285024256
1246832909803110400
1246832926559371264
1246832933710606336
1246832941902098432
1246833025112924161
1246833053336391680
1246833109858844672
1246833147028758530
1246833168029585409
1246833181963087872
1246833195032539137
1246833211910443009
1246833227613884420
1246833266591559682
1246833281900806147
1246833311957172224
1246833316206014464
1246833331049615360
1246833406261874688
1246833418207252480
1246833521068355584
1246833590375084032
1246833609467736066
1246833611824717824
1246833624864841729
1246833662840025089
1246833668057739265
1246833682549100546
1246833846693195781
1246833873473769473
1246833892725669888
1246833912564703234
1246833958697889793
1246833973449220096
1246834009075679232
1246834009964859395
1246834017518751746
1246834018034704384
1246834033184493569
1246834090667466752
1246834109994995712
1246834119071293441
1246834178420690945
1246834194933673984
1246834260645801985
1246834281483096065
1246834375557140480
1246834479995351040
1246834492938964992
1246834496445407232
1246834516640927744
1246834527491612676
1246834544314953729
1246834546588303370
1246834591693803521
1246834591756738560
1246834615551062018
1246834683666546691
1246834687865049088
1246834688770969602
1246834691312738309
1246834701873975298
1246834702746390529
1246834751488413696
1246834768446013441
1246834791321722880
1246834806647734272
1246834830907551751
1246834857868546049
1246834858141216768
1246834877023924225
1246834939804266496
1246834971873931264
1246835006674104321
1246835116552237056
1246835141411913729
1246835143861350401
1246835165541756929
1246835180670607360
1246835186806870017
1246835221284024320
1246835227189743617
1246835282487328768
1246835313579667457
1246835339366260737
1246835343564795904
1246835350229495810
1246835404768047109
1246835410883325952
1246835447587692544
1246835465359175682
1246835550478151680
1246835561056202753
1246835579964162049
1246835588193325058
1246835634129350656
1246835653016346624
1246835667742556160
1246835675569303552
1246835687111835657
1246835697354305537
1246835710025334790
1246835732812980225
1246835737544146944
1246835775624417282
1246835799129116678
1246835806926331904
1246835817005199360
1246835830078836736
1246835846189182977
1246835848009502720
1246835859631910912
1246835877445169158
1246835953693388800
1246836001441337345
1246836014565314563
1246836042801369089
1246836044726587392
1246836045171134469
1246836083679088640
1246836101509083136
1246836102008147968
1246836133667000325
1246836135608737792
1246836153883316224
1246836166332010496
1246836228802011136
1246836247303262208
1246836267846787073
1246836288256270338
1246836315481505792
1246836324390191104
1246836330115379200
1246836339955228673
1246836401099829248
1246836411736571904
1246836421102415875
1246836515168063489
1246836576014893057
1246836596097183745
1246836655610183680
1246836768931901441
1246836800988954625
1246836811982229504
1246836821276807168
1246836884677902336
1246836954173329408
1246836980471582722
1246836997940891658
1246837027657506818
1246837053779775491
1246837056984076291
1246837060373078016
1246837136776515584
1246837139989356546
1246837170196729857
1246837182809047040
1246837202018897920
1246837207748337665
1246837224114544640
1246837258088407042
1246837274819448833
1246837288878759937
1246837305165238273
1246837318746431488
1246837323536326656
1246837342226153474
1246837347347390470
1246837384504733696
1246837423817912322
1246837472568303618
1246837503497080832
1246837541648515074
1246837562200621057
1246837565090443268
1246837587764842511
1246837635709976578
1246837665586003968
1246837683470495745
1246837685622366215
1246837735152734210
1246837762759643137
1246837880019795971
1246837881282252802
1246837896717295616
1246837958579122177
1246837965285801985
1246837968251338755
1246837973791830017
1246837984587952128
1246838001348435968
1246838047301201920
1246838075654692866
1246838096265531397
1246838097720922113
1246838103668428803
1246838132999213056
1246838142205702145
1246838150997012480
1246838161990242305
1246838186015219718
1246838200217169922
1246838203140599809
1246838207838220288
1246838217527050240
1246838222551826434
1246838229573054464
1246838321583517696
1246838326490853376
1246838354840154112
1246838366022201350
1246838366072528897
1246838373299281921
1246838452265422848
1246838505591820289
1246838538236133377
1246838580170895360
1246838704657723392
1246838721741074432
1246838739495604225
1246838746789457920
1246838750912503808
1246838752506343424
1246838754234347520
1246838779886755842
1246838811683729408
1246838850422312966
1246838852410421248
1246838866369224710
1246838915866062848
1246838931519234049
1246838950485880837
1246838969125367808
1246838972216532992
1246839004579815424
1246839088193212416
1246839096774778883
1246839104752349185
1246839121198247936
1246839140890472448
1246839210952118272
1246839249636188160
1246839330439487488
1246839350068797441
1246839457673670657
1246839470717947904
1246839480813629442
1246839490636742658
1246839545095524357
1246839560559984641
1246839566494871552
1246839594814824448
1246839646471897088
1246839654671740928
1246839683214000128
1246839691850084352
1246839734594224128
1246839753024000001
1246839776528830465
1246839832728354817
1246839854643564545
1246839935828553729
1246839947845238785
1246839985510051840
1246839999397416960
1246840052006584321
1246840121241948160
1246840154112704512
1246840173624606720
1246840175243616259
1246840208764497920
1246840281112014848
1246840290775715842
1246840468811341832
1246840525451214851
1246840542282956803
1246840544724049920
1246840585425547264
1246840605554044929
1246840668095270913
1246840760265093120
1246840769177997314
1246840779873464321
1246840844797104130
1246840849331183616
1246840861750628355
1246840893182627842
1246840920428822528
1246840931610791936
1246840985654607872
1246841018772631556
1246841022031646721
1246841049563054082
1246841055682547713
1246841126700515328
1246841241263734784
1246841294611083264
1246841301326168065
1246841354652545026
1246841364072955904
1246841371589144576
1246841394250932224
1246841412475179014
1246841432599490561
1246841434524618752
1246841439444545537
1246841440765788161
1246841456670543872
1246841462303514625
1246841526359150594
1246841540212736003
1246841559607177216
1246841609318088705
1246841774753992705
1246841868073099264
1246841909940633600
1246841926176739328
1246841947483828224
1246842154959245314
1246842178543841282
1246842180158676997
1246842185145708549
1246842194939408384
1246842196843773953
1246842216749789184
1246842217185947648
1246842244847382530
1246842249662660608
1246842262614462464
1246842321636700160
1246842328133730304
1246842340905377792
1246842342566330368
1246842358953431040
1246842391765504002
1246842475160809472
1246842495821942784
1246842536498352136
1246842564293955585
1246842631805493248
1246842656325435394
1246842678043504640
1246842695374405632
1246842744690978817
1246842763196297217
1246842774210535424
1246842778975383552
1246842797703004160
1246842842959380480
1246842845710839810
1246842867491811331
1246842938933440512
1246842941684903937
1246842948962025472
1246842950048288768
1246842976589860864
1246842987125989376
1246843007728402433
1246843030230843393
1246843032466382848
1246843037428277249
1246843040498515969
1246843099432681473
1246843100837769217
1246843142487171072
1246843146681507840
1246843148724105217
1246843155967696896
1246843176876298241
1246843208547446785
1246843240432590849
1246843273387245569
1246843362931441669
1246843365880184840
1246843375728263169
1246843427829846016
1246843435002126336
1246843437988503552
1246843446981095424
1246843452282654721
1246843469999431682
1246843472520179712
1246843522453368832
1246843580112465921
1246843608436600837
1246843610475032577
1246843624395956231
1246843626790977537
1246843652611043330
1246843785759219712
1246843872556142592
1246843872967196672
1246843898863013889
1246843907675058177
1246843920627064832
1246843940180918273
1246843941388816384
1246843987974950913
1246843999068909570
1246844002885763072
1246844007545634816
1246844031071432706
1246844089623928833
1246844135614459904
1246844164861358080
1246844174927708162
1246844197551755265
1246844198935875584
1246844202672984064
1246844203956502534
1246844221534830592
1246844223900483590
1246844240367210496
1246844321053044738
1246844363570733057
1246844397917896704
1246844424543326208
1246844461230874625
1246844523449221123
1246844533788164096
1246844555191660547
1246844555858608132
1246844584006565888
1246844586045001730
1246844613555441664
1246844616772485120
1246844672489582592
1246844770254589953
1246844825917206528
1246844869810614272
1246844921211801600
1246844946398818306
1246844959052804096
1246844960462127109
1246844960642498561
1246844966942298112
1246845017106178049
1246845109854863360
1246845121410134016
1246845165299322880
1246845184622510080
1246845323156140032
1246845344354197508
1246845362087788544
1246845411005886464
1246845419876782081
1246845477183582208
1246845536772087808
1246845548147007488
1246845560092409857
1246845571664457731
1246845574587904000
1246845584771706881
1246845584838807553
1246845634264498176
1246845654623641601
1246845705567625216
1246845732184678405
1246845744050388993
1246845772353531905
1246845806830686208
1246845882726678528
1246845894139334656
1246845897620647936
1246845906391105541
1246845972799352838
1246845980261007363
1246845985675816961
1246845988301463552
1246846051278938113
1246846053921374215
1246846134859030529
1246846167444381696
1246846263649161218
1246846284465487874
1246846297686052865
1246846300227698688
1246846314303889410
1246846354573291520
1246846376241025024
1246846436148273152
1246846452845830145
1246846530394308609
1246846530423648256
1246846546278109184
1246846602989338624
1246846691669454851
1246846722552164358
1246846734250041345
1246846794178252800
1246846812750622723
1246846827514621952
1246846842018512897
1246846866525831168
1246846873467604994
1246846976726953984
1246846980703182850
1246846997136470016
1246847040048398339
1246847066447294464
1246847075414732800
1246847098793885696
1246847099301326848
1246847104464457735
1246847112748216320
1246847113251569666
1246847117949362176
1246847156129910789
1246847158466166784
1246847166221451265
1246847168100491264
1246847178909184001
1246847208688738310
1246847209351647234
1246847213482827776
1246847214330183680
1246847217492578304
1246847241085575175
1246847243644100609
1246847244982075392
1246847274094821377
1246847275122462720
1246847289949208576
1246847293640171520
1246847306768330753
1246847340528332800
1246847365744476160
1246847366298136583
1246847404810194949
1246847411902808064
1246847444215713794
1246847446698737667
1246847452520431617
1246847459155783680
1246847459524927494
1246847480668577792
1246847483117895681
1246847486188122120
1246847547135541250
1246847550688079873
1246847567217823747
1246847569923170309
1246847580924829702
1246847589015666689
1246847589829525513
1246847592492716033
1246847599925063681
1246847614009536512
1246847627322224641
1246847629369081866
1246847631680135170
1246847636109275141
1246847654199361537
1246847723707363328
1246847748478922753
1246847767768686593
1246847771078000643
1246847781664223232
1246847805554962432
1246847849108623361
1246847853927882754
1246847886073061376
1246847904158904320
1246847974899978240
1246847977802498050
1246848016020942849
1246848020865355786
1246848042646425600
1246848050879811586
1246848114285142017
1246848144048095233
1246848173902946306
1246848190080364545
1246848190197805058
1246848195356790786
1246848201736343554
1246848202432753666
1246848212918362113
1246848223110553602
1246848232879079425
1246848240491749376
1246848258455908352
1246848261681381376
1246848263556222979
1246848270493552643
1246848281444904960
1246848291700006916
1246848292215898113
1246848404199575552
1246848411015557121
1246848495408910337
1246848522424446976
1246848522634194944
1246848541764411393
1246848547623858178
1246848574895222786
1246848648194822145
1246848660022816769
1246848692151148544
1246848710560055296
1246848724401176576
1246848726020182016
1246848740008157184
1246848747700547584
1246848751458643969
1246848771893252097
1246848841174798342
1246848924482023424
1246848929536200705
1246848958023917568
1246849008821129216
1246849015133515777
1246849090215763968
1246849121337503747
1246849218062553088
1246849222885793797
1246849240032313350
1246849254598963208
1246849265978114048
1246849268989583361
1246849321456119808
1246849478599925762
1246849485864439810
1246849517422407680
1246849541409669120
1246849587618308096
1246849592957648896
1246849601287512065
1246849614063403011
1246849627741011969
1246849632396652544
1246849669428178950
1246849672154472448
1246849790714896390
1246849802454749184
1246849821777907713
1246849849170907136
1246849881387360257
1246849903147401217
1246849954758328320
1246849988702769152
1246850005006082048
1246850019073781760
1246850044445093888
1246850054935040000
1246850081329786881
1246850108743802880
1246850200922013697
1246850247923339264
1246850253443096577
1246850253807968258
1246850263920431105
1246850322116612098
1246850372045385728
1246850478266175495
1246850489355882497
1246850516966985728
1246850563368603648
1246850582180032513
1246850591717855233
1246850604556857345
1246850633023410176
1246850643261677569
1246850664845570048
1246850680066691072
1246850703999397889
1246850793438769153
1246850830528999426
1246850860258185216
1246850873147285507
1246850905107988480
1246850924313587712
1246850940033888257
1246850941074034688
1246850945486475264
1246850960376332291
1246851016558927872
1246851028575604736
1246851138118275078
1246851162109693959
1246851191381692416
1246851244452245504
1246851309388455936
1246851318330712064
1246851384193908737
1246851407589842947
1246851478121136129
1246851496471228416
1246851581976309765
1246851599030521857
1246851603887357953
1246851667011571713
1246851692068364289
1246851699697807360
1246851723123019776
1246851925993082880
1246851945265946625
1246852030611640320
1246852052430368769
1246852114556407811
1246852166268022785
1246852211788763137
1246852292071981057
1246852304449335297
1246852364125892609
1246852372850040832
1246852382127828992
1246852439350710273
1246852463866425345
1246852482325549056
1246852491158769665
1246852558099890176
1246852615415070721
1246852622046228480
1246852670540808193
1246852679797633025
1246852705089273862
1246852737158901760
1246852760760246273
1246852761003552768
1246852771791482881
1246852818645835776
1246852833258897414
1246852857363443713
1246852881203875842
1246852893023576066
1246852918470418434
1246852942965006339
1246852961394929666
1246852991136591873
1246853013957828614
1246853033859809292
1246853033985597440
1246853117594894336
1246853315423432704
1246853319047278592
1246853404107788294
1246853506717212675
1246853510886330371
1246853534689030144
1246853540766605313
1246853638598713347
1246853777031696384
1246853852248170496
1246853855125499904
1246853966794801154
1246854076404359169
1246854119521837057
1246854239407624193
1246854302078889984
1246854306503913475
1246854337587892225
1246854370370547718
1246854400699580417
1246854442676187137
1246854448510623748
1246854460367876096
1246854473638543360
1246854476389953544
1246854485390942210
1246854486619897856
1246854564503937025
1246854579901222912
1246854597416595457
1246854631411429376
1246854636012630016
1246854663632109568
1246854673748733952
1246854678068883457
1246854678345699328
1246854691406807040
1246854712072101888
1246854713888276480
1246854759723577345
1246854766732296193
1246854810315472896
1246854827889422347
1246854838891102209
1246854845635522561
1246855022228303872
1246855040414789632
1246855059012325376
1246855106714206208
1246855117980106759
1246855125227859969
1246855135453515776
1246855157272338432
1246855162582323200
1246855211529850880
1246855334741684225
1246855370355560453
1246855417944141824
1246855422490755072
1246855452769452032
1246855497061249024
1246855545014943745
1246855650107326464
1246855720412131329
1246855772346040320
1246855787516854272
1246855839127711745
1246855849936478208
1246855891548172289
1246856065439772673
1246856066572275713
1246856092912517120
1246856135627292673
1246856175628345345
1246856175632736260
1246856176286887936
1246856181789757441
1246856204430630918
1246856248592498688
1246856280989294592
1246856358093180928
1246856383816855552
1246856384945065984
1246856391710535681
1246856483519660032
1246856517350907906
1246856568328482817
1246856640281731072
1246856727154143232
1246856829142880258
1246856901159047177
1246857028561072129
1246857032797315072
1246857250070597632
1246857290071683072
1246857298506440704
1246857306047827970
1246857308556021770
1246857371923525632
1246857439699320833
1246857528429944833
1246857550496055296
1246857567436820481
1246857603570778112
1246857651696177152
1246857713050509312
1246857738795257857
1246857772072726528
1246857810719080448
1246857876359884800
1246857880138997760
1246857917011132416
1246857925508751360
1246857930412109831
1246858021419896832
1246858070573101061
1246858120309039105
1246858169428488199
1246858178798612481
1246858187153670151
1246858339604025344
1246858426275074048
1246858587441254400
1246858589014114304
1246858674200440833
1246858755657961472
1246858772649324545
1246858843885309953
1246859068771151872
1246859093219803137
1246859096994631681
1246859120876998657
1246859159301046272
1246859250728488961
1246859260023037952
1246859261642186752
1246859301118853120
1246859318445539329
1246859353908371456
1246859361068011520
1246859374829531136
1246859375374811136
1246859484380581888
1246859501774368768
1246859541301477377
1246859778757812224
1246859798110322690
1246859873934913536
1246859924308553728
1246860031800135680
1246860041514180609
1246860097160007680
1246860299807809536
1246860368292405251
1246860380090945536
1246860389897220096
1246860393076555776
1246860441877274624
1246860484814368768
1246860504997548032
1246860510676451328
1246860515957026817
1246860553596727299
1246860593497161729
1246860909118709764
1246860974776188928
1246860975610814464
1246860978907570176
1246861065117241346
1246861164773957632
1246861192062066688
1246861401357860871
1246861405451685888
1246861472354799616
1246861746779738114
1246861777880485888
1246861875842707456
1246861923838128129
1246862127576387585
1246862184807690240
1246862354110771201
1246862465410818049
1246862688463933440
1246862754461265920
1246862794869235712
1246862882639208450
1246862948531761152
1246863061761150976
1246863067096313856
1246863086356553728
1246863210889674754
1246863371414016001
1246863524858433538
1246863580995166213
1246863607553380353
1246863779565932544
1246863850462306304
1246863999901155329
1246864299068239872
1246864553654157312
1246864586885586944
1246864639343747072
1246864716275888130
1246864813248008192
1246864856948457472
1246864865685196800
1246864980613328897
1246865104429178880
1246865117519757312
1246865437423316992
1246865622790623233
1246865671952035840
1246866020087681024
1246866028010725376
1246866069328760832
1246866406148374528
1246866502965321731
1246866513132281857
1246866649560432647
1246866966238748673
1246867226826665984
1246867447325405184
1246867491185233925
1246867575075508224
1246867593748606976
1246867636610166791
1246867675235651586
1246867701366054912
1246867723260293121
1246867765970882560
1246867883986059265
1246867944287559680
1246867992077406209
1246868007931932673
1246868167957164032
1246868179407605760
1246868201754865664
1246868328683102208
1246868369418174465
1246868486661406720
1246868557767389184
1246868566827098113
1246868590281678850
1246868605028847617
1246868929076584449
1246868950798888960
1246869003848433666
1246869019421859840
1246869028892626944
1246869031014895616
1246869062535090177
1246869077726904320
1246869121267986432
1246869199982661633
1246869241216643072
1246869269624676352
1246869373047853056
1246869623183560704
1246869684667822080
1246869748610215936
1246869809750585344
1246869894500511744
1246870099350433792
1246870207731126272
1246870305382887424
1246870440556916737
1246870532852568065
1246870560425967616
1246870574397378561
1246870649475174400
1246870857546207233
1246870907718488069
1246870916895772672
1246870925191942144
1246870959715278848
1246871015998672898
1246871111863689217
1246871541561860096
1246871640832708610
1246871643584159746
1246871674546348034
1246871802078318594
1246871839692840960
1246871927718739969
1246871975441469440
1246872185240580096
1246872319336894473
1246872461137702914
1246872600464093185
1246872670626439168
1246872709335781377
1246872730651123712
1246872890177253377
1246873060105310213
1246873164925173761
1246873227332206592
1246873236916170753
1246873237914406912
1246873258835636224
1246873486749888513
1246873496350625793
1246873516193935360
1246873625673662464
1246873649216282624
1246873706862743553
1246873725800075264
1246873740513697792
1246873750005592067
1246873771404713984
1246873812622143488
1246874140033728512
1246874368350642176
1246874464802885632
1246874471304024065
1246874836963479552
1246874844643221505
1246874865459548160
1246874897533394944
1246874910082940928
1246875025023500288
1246875124508180480
1246875139339194368
1246875185250062336
1246875205005225984
1246875205026234368
1246875248147873792
1246875346361671680
1246875495003762691
1246875639346393090
1246875681138475010
1246876033736781824
1246876066049699840
1246876162183188481
1246876164133539841
1246876368610004992
1246876429230325760
1246876516836732928
1246876671929532416
1246876785981050880
1246876901118857217
1246876986196152320
1246877014583209985
1246877156531191809
1246877461012340736
1246877517622829057
1246877800948092928
1246877837094785025
1246878030267445250
1246878140040769537
1246878225340329985
1246878242721550336
1246878662902702082
1246878769937145856
1246878775284912128
1246878848815263744
1246878976951214080
1246879044341129217
1246879173194342400
1246879192009981952
1246879242714931206
1246879254232498176
1246879419777441793
1246879583896350720
1246879626674106368
1246879750338961408
1246879814088359938
1246880327819079680
1246880888610160640
1246880893987217414
1246880896701149184
1246880990720483328
1246881416748519425
1246881534084149248
1246882011857539073
1246882019465924615
1246882705389707264
1246882763782770688
1246884323216650240
1246884720677253120
1246884770333618176
1246885022637817861
1246885038156730368
1246885248459083776
1246885512134049792
1246885672532623361
1246885697404817408
1246885819618480128
1246885906516074496
1246885936710864896
1246886621225472000
1246886651453829121
1246886671359983616
1246887056996876288
1246887119886286849
1246887509138661376
1246888405503365121
1246888584344293376
1246889076357083136
1246889077451956224
1246889894934429698
1246890150367563776
1246890199788838913
1246890227005677568
1246890668443627523
1246890714044088320
1246890774882447360
1246891332997541888
1246891607015616513
1246892150664519686
1246892533906419713
1246892686499401728
1246893194794528768
1246893479457959942
1246894300169830400
1246894548338401280
1246895435546914817
1246895811549483008
1246896977075474434
1246897107778383872
1246897325307359232
1246897802023559169
1246898881557696513
1246898948582674432
1246899469880152067
1246899971644739590
1246901406755221504
1246901568273666048
1246903899019190275
1246906368172478471
1246906491917021185
1246908414833209344
1246909464277590018
1246910357722918912
1246912862024544256
1246915276987219969
1246915463088496641
1246915762171699200
1246916233007513600
1246917529261367296
1246920511763779589
1246921240104841217
1246921699892670465
1246922811886538752
1246922823593070593
1246924000204410880
1246926789403795456
1246927324185935872
1246928780356009984
1246933441666412544
1246934439181107202
1246935210412969984
1246935225432559616
1246936134136950784
1246936434696531973
1246938135176626177
1246938184409325569
1246939263079309314
1246939686284607488
1246939895697772545
1246940044511727619
1246940946882674688
1246941321924874241
1246942167110541313
1246944255861456899
1246944380079894528
1246947464252284928
1246947925453721602
1246948842064326656
1246949543658176512
1246950975144771585
1246952428949274624
1246952578971131905
1246952981498486784
1246954748734996480
1246954941589028864
1246954943279292417
1246955840516415489
1246956141193515008
1246957291946905602
1246957856202481664
1246958901104226304
1246959052560535552
1246959601632804865
1246960166395768833
1246960722954686464
1246960918497378304
1246960980602437633
1246961024969764864
1246961184403673089
1246961838908149760
1246961967308271616
1246962855217205250
1246962921860526081
1246963927059017728
1246963934722011136
1246964292366135298
1246964530611011584
1246964657564217344
1246964670457507841
1246964840867885058
1246964881070284800
1246964966566940673
1246964992349356035
1246965463239680000
1246965758770307072
1246966315820052480
1246966774517477376
1246967050649493506
1246967067628072960
1246967469505306624
1246968453044436998
1246968960416763904
1246969336444719104
1246970171425574913
1246970236928049152
1246970611420647426
1246970755570515968
1246970910604574721
1246970961825538048
1246971283918602240
1246971288955916288
1246971519063875584
1246971636290433024
1246972071097159681
1246972090030252032
1246972287716192256
1246972605472452609
1246972624376193024
1246972975368114176
1246973133786996736
1246973168264163328
1246973200564490241
1246973425475702784
1246973436179537920
1246973534703771649
1246973575975669760
1246973806318465024
1246973978201034753
1246974065601957888
1246974075416674305
1246974355709423617
1246974359689822208
1246974820962598913
1246974944585469952
1246974954962206727
1246975203009155077
1246975385687846912
1246975563882852352
1246975567976484864
1246976162951073792
1246976453402599426
1246976639616995328
1246977005251203073
1246977304225386496
1246977341282078720
1246977670333624322
1246977686993424384
1246977973200158722
1246977992913383425
1246978153743962114
1246978306315968512
1246978486578761728
1246978973071839232
1246979090554294274
1246979593086492674
1246979641887395841
1246979949505830912
1246980228745801729
1246980404193587200
1246980518077272064
1246980550050623489
1246980823863066626
1246981092407681026
1246981877740662784
1246981921810403329
1246982017725550592
1246982122885091329
1246982632870531072
1246982739682684928
1246982987851259905
1246983047553019904
1246983238167318529
1246983446536130560
1246983623841996801
1246984047806394368
1246984113598255104
1246984173299986432
1246984221358342144
1246984237246373890
1246984321849626624
1246984401142943746
1246984409548337156
1246984492213927936
1246984610300530689
1246984651689820160
1246984652880936960
1246984870846291968
1246984878643482624
1246986010287693825
1246986412190134272
1246986578297147394
1246986715568324609
1246987018258665474
1246987226023485440
1246987293178486784
1246987363496022016
1246987486007422981
1246987761862623232
1246987866615369730
1246988013839605763
1246988402546708481
1246988579047268352
1246988686631133184
1246988726560935937
1246989039086915585
1246989040680710145
1246989325679525889
1246989346801995776
1246989462753533952
1246989724134387714
1246989811577020416
1246990002996662272
1246990088208175104
1246990325731688448
1246990512604626945
1246991177783615488
1246991311556640768
1246991314849153024
1246991354129010692
1246991379227541505
1246991433820557313
1246991483443396608
1246991560866009088
1246991684279230464
1246991713647771648
1246991843142729728
1246991989561683969
1246992109992685568
1246992221661851650
1246993100343365632
1246993115837345794
1246993196447457281
1246993378018873344
1246993466145423360
1246993576388485120
1246993657422462977
1246993832077447174
1246993878483234817
1246993908006940672
1246993982380335107
1246994025351008258
1246994256411033600
1246994389534003201
1246994478298062848
1246994726143676416
1246994739129270272
1246995683506180098
1246995924418613249
1246995944186372098
1246995949756403712
1246996045260713985
1246996295400620033
1246996350408863745
1246996512959156225
1246997201479282688
1246997639947628544
1246997642766200833
1246998484164603904
1246998856706871297
1246998950181142529
1246998961853837314
1246999070658293760
1246999203399659520
1246999215386984448
1246999272748232705
1246999612092592128
1246999719471017985
1246999755697172482
1246999906608246785
1247000255016521728
1247000869071024128
1247000959823130629
1247001034368503809
1247001201146724353
1247001595918692360
1247001598909280257
1247001625509548032
1247001684007464962
1247001986869760001
1247002065412296705
1247002114011721729
1247002400348442626
1247002417310216193
1247002817044172801
1247003046053216256
1247003102793756672
1247003116639141888
1247003153754513408
1247003154652119042
1247003221513535488
1247003223824543745
1247003751216373760
1247003933270106115
1247004172546785280
1247004546137636864
1247004849310322688
1247005329390358529
1247005428484960256
1247006232956682240
1247006255794671616
1247006355921104896
1247006395221700608
1247006416579133440
1247006710562078721
1247007055900110848
1247007102284914689
1247007248565460994
1247007270367457280
1247007281272590336
1247007592519323648
1247007670051016704
1247007719858438144
1247007877270650882
1247008284113952768
1247008478016581632
1247008673009782786
1247008794938241025
1247009808210784256
1247009827290624000
1247010049097994240
1247010074247041026
1247010132053147653
1247010171173273601
1247010237787168770
1247010418624581632
1247010711139528705
1247011817861214211
1247011945632247810
1247012015131906048
1247012525381570561
1247012746341695489
1247013351852408833
1247014203275137024
1247014252482662402
1247014786342113281
1247014825609302021
1247014867342487553
1247014983042363393
1247015076386582528
1247015278187130880
1247015460811333633
1247015928455254017
1247016047691079681
1247016314524205056
1247016704263118850
1247016868566552581
1247017444985593856
1247017992182837248
1247018188795187205
1247018730984558592
1247019212058423298
1247019323228426243
1247019337199702017
1247019862133596160
1247020246289928192
1247020657981788166
1247021068767727617
1247021113764229120
1247021145754230785
1247021163168985088
1247021190838796293
1247021243900911616
1247021253086461953
1247021400772112386
1247021671359197184
1247021768608378882
1247022080203218944
1247022794358980608
1247023697497448448
1247023888262930432
1247024180194725888
1247024884183523328
1247025540730466304
1247025608632107008
1247025710184558597
1247025963315036160
1247026422046048256
1247026696630362114
1247026729266212864
1247026803777998849
1247027049480376325
1247027169206792193
1247027507435462656
1247027569267884033
1247027677837418496
1247027679016046593
1247028350696095745
1247028434204635136
1247028952268337152
1247029509016047616
1247029520520990720
1247029547712663552
1247029585335570433
1247029618516717569
1247029790197944320
1247029804274077702
1247030050047721478
1247030488214077443
1247030863344201728
1247031586572226560
1247031840344387585
1247031901417697281
1247031906568302597
1247031940235931648
1247031944925208576
1247031971491893248
1247031972192374785
1247031992849289222
1247032057605193729
1247032137905090565
1247032311444434944
1247032317912076288
1247032557717184514
1247032679918219265
1247033096156753922
1247033166801461249
1247033174980362240
1247033235734855681
1247033293935005697
1247033851278323712
1247034091859398658
1247034179667320832
1247034822595248128
1247034949879750657
1247035058575163392
1247035628421705728
1247035751436414976
1247035927421014016
1247036155150749696
1247036166773194753
1247036170405474304
1247036238437044224
1247036332636909568
1247036492460912640
1247037158700888064
1247037783610241024
1247037931539148803
1247038559384563712
1247038586085466114
1247038912637186049
1247039341051940864
1247039472450977793
1247039554063716353
1247039564021002240
1247039604017905665
1247040808265453570
1247040937332596736
1247041476888068096
1247041910025228288
1247042124534575110
1247042514537807874
1247043174348009472
1247043207826898945
1247043317327638528
1247043568406892544
1247044441614856193
1247045030897836033
1247045474067996675
1247045536781234176
1247045607044157442
1247045750791389190
1247046331987681282
1247046993353928705
1247047260271022081
1247047406388047872
1247047651595411456
1247047920852987904
1247048758119944192
1247048886138486786
1247049096940023808
1247049291962568704
1247049344496201729
1247049418043342848
1247049578068627456
1247050710518095872
1247050974063017986
1247051334802530313
1247052294887104513
1247052556427087874
1247052778788159488
1247053223300460546
1247053255978266629
1247053285493633027
1247053789556658177
1247053864722788353
1247053961279856641
1247054119786835974
1247054358425915392
1247054654887743489
1247055026968653825
1247056554072748033
1247056915537903616
1247057091333783555
1247057786447355905
1247058367685656576
1247059039810285568
1247059432896262146
1247059554879164416
1247062472399319040
1247063311918620673
1247063434467794944
1247064321592442945
1247065732451459072
1247066330219585537
1247066614333227011
1247067966081871872
1247068309838675969
1247068345372790785
1247069166269415425
1247070631448834050
1247070673983262722
1247072507124830210
1247073064937852933
1247073452671946752
1247076611779964928
1247076654612205569
1247076740972908544
1247077117507993601
1247077834310336512
1247078344325091330
1247079009151680512
1247079932573839365
1247081464216186880
1247082002789961730
1247082715649720320
1247083633808011266
1247084615971545088
1247084836365295616
1247086269953445889
1247088503277547520
1247089632593887232
1247089749480763392
1247090240986050561
1247092057488756736
1247093082031439873
1247093201711726592
1247093473347395584
1247093701408706560
1247093919789260800
1247094387189755904
1247096235502100485
1247096499365752832
1247096986722914304
1247097929862713344
1247098239372775431
1247098713970847744
1247099619630178304
1247099770360872962
1247106261004324864
1247106305061310464
1247106432220053506
1247106995015921665
1247108482311933953
1247108934260809729
1247111810546720768
1247114965321830401
1247115655960240128
1247116579067711488
1247118456631119873
1247118654572883968
1247118987768418304
1247120017730064385
1247121134853558276
1247121567441547264
1247121602044551168
1247121748174098433
1247121915858137088
1247124373112098816
1247125033442410496
1247126662547779587
1247126685511630848
1247126860514889731
1247128007778553856
1247128304047423489
1247128383806308357
1247129177234391040
1247130065667686401
1247130079320145923
1247130087507427328
1247130132499726338
1247130266981695488
1247130549514207232
1247132772868579334
1247133266575888384
1247137400595374085
1247137831849316352
1247139221011197958
1247139338510426113
1247142223935750144
1247143352891367424
1247143547431604224
1247143598165909511
1247144436980580353
1247144597509173249
1247145074351165442
1247146875720888321
1247147078825857027
1247150362848423942
1247150764461420546
1247155003531251715
1247155224881446912
1247156033962692608
1247156732666638336
1247157019603161090
1247160483733319687
1247162092349612039
1247163520724000770
1247164461615419394
1247167627656482816
1247167735802417155
1247168514613379075
1247174321857892354
1247174613974388736
1247175763285012485
1247178524202373121
1247179988714962944
1247181268229341184
1247182470035861504
1247188037085216773
1247188132274962433
1247188139619147776
1247188333928710145
1247188441198030849
1247188566184083456
1247191682140884993
1247197405398724608
1247198430318870528
1247198457250459648
1247199930201997312
1247201420836659204
1247201479233953796
1247204497975316482
1247205273871114243
1247205317869318146
1247205324391505921
1247214607820677120
1247215406684581888
1247218774157053952
1247224204862402563
1247227193274568707
1247243299901132802
1247253260462743553
1247253295283851264
1247257549935534080
1247322486204592128
1247335610131480577
1247340146539687936
1247340460349112320
1247349771200688130
1247350423876337670
1247350493837291521
1247358136245051393
1247376202718777345
1247395132716040193
1247398540034183169
1247405558547636226
1247407300001710080
1247415550826823680
1247419943135608832
1247445152081137664
1247445804341575681
1247463467432529920
1247472359071797248
1247473812834258944
1247480576535179265
1247491925222907904
1247516368754204677
1247519200119115777
1247526128538935296
1247527406111305729
1247540833689014272
1247542704252137478
1247542746346164226
1247542793028825089
1247542809357242368
1247603014111653888
1247617835712442369
1247692992061665280
1247702774709735424
1247720034643951620
1247749953478250498
1247750915001483264
1247764224786305027
1247775635402981376
1247807622742339586
1247830084402081793
1247847000403406848
1247847051708121088
1247862907217399810
1247864657139752960
1248082813959602177
1248176199848742912
1248220859271016450
1248224176122384384
1248467492315336704
1248612243635224579
1248635656365985797
1248832865707503616
1249262444028907521
1249349712144105472
1249996344950812672
1250309355355815936
1251090943077306368
1251140790299979785
1251417342698905600
1251614399930028032
1252482424874778625
1252812130971054082
1253979271565135872
1254696214387290112
1256053439580299264
1256999710394474497
1257180177043521536
1257642776449122305
1259410388992446466
1268592050154471427
1269884916302397440
1271737573744967680
