id
1246250364875075585
1246251150933782528
1246251641403322370
1246254912905695234
1246256171574611968
1246257429920264194
1246259946129424384
1246259946251071493
1246262462967689218
1246267495905996801
1246267495972884482
1246270012513550336
1246270607651569664
1246271414367211521
1246271520541822976
1246272529431330821
1246275045665542144
1246276142069198849
1246277562201968640
1246278406511063040
1246280078968811521
1246281879935791105
1246282595408547840
1246283406033350658
1246285487095959553
1246286345695182848
1246288874021634048
1246291327618183174
1246293920356720640
1246296436578410496
1246298953349357570
1246299206974758913
1246301471085178882
1246301494162468865
1246301624139534336
1246302069838868486
1246302345295609856
1246303528064143361
1246303986346491907
1246306464945205254
1246306502975111168
1246307046355435523
1246308406991839232
1246309019708297216
1246310277957718017
1246310550574784512
1246311536211013632
1246313169934401542
1246314069428064261
1246315020566147073
1246316363733327873
1246317027733561356
1246317649304391680
1246318260879908864
1246319085803061248
1246319718157312000
1246320687515500544
1246320758332129280
1246321602402402305
1246322208927932416
1246322734449090562
1246323238969331712
1246323811894431745
1246324118900936704
1246326536287842304
1246326635621572609
1246327298480996352
1246328720966598657
1246329534984699904
1246330558260506624
1246331879751421952
1246332345835122688
1246333121647095809
1246333257530171392
1246333879171944449
1246334436897161217
1246334609047965698
1246336702127288322
1246338683394879489
1246339082415820802
1246339261835558912
1246339473379487745
1246339540412854273
1246339542828769280
1246339789382537216
1246340067792060416
1246340325896900608
1246340642084536320
1246340959685578758
1246341393716359168
1246341788110970881
1246342119897174016
1246342416459640833
1246342771134189568
1246344251698339841
1246344346808406016
1246346770902208512
1246346795602644992
1246347798783488000
1246348835888099333
1246349284909281280
1246349385694203905
1246349401305444352
1246350700516270085
1246351801546309632
1246353608154603520
1246354317902106625
1246354880622559232
1246354944648556546
1246355772507705345
1246358478555246598
1246358876800180229
1246359899618988034
1246360285570465792
1246361867636764674
1246362274899648513
1246362763149991937
1246363989740679168
1246364384374513664
1246365000538542080
1246365053219028993
1246365769388060672
1246366900977913856
1246366948184584193
1246366989716619271
1246367202573344768
1246369024683806721
1246369418315104256
1246369597793513474
1246369878140841984
1246370044864389121
1246370321990430720
1246371282687418368
1246371934004101121
1246372367837720576
1246372470153555968
1246374080225271808
1246374705566584833
1246374864161632256
1246375079480569856
1246375239090442241
1246375340504563712
1246376166304264192
1246376628755677184
1246376680072966144
1246376911497912323
1246376967189999617
1246377047506726912
1246377095619645440
1246377328344616963
1246378771583774720
1246379104644894721
1246379483982180352
1246380388722692096
1246384516933070848
1246385212277133312
1246387033951494145
1246389170584481792
1246389236045144065
1246389550190125057
1246392067456004097
1246394236838137862
1246394281390030848
1246394583321378816
1246395011261812736
1246395170779619328
1246395433783455745
1246397099924754439
1246397542977269762
1246397865947090944
1246398189680410624
1246398250027974662
1246400438666231808
1246402133013827584
1246404649663508480
1246406540552048640
1246407227566669825
1246408700681523200
1246409970679042050
1246412325495734272
1246412944352497664
1246413270744838144
1246413519097974784
1246413845427437569
1246415457180999680
1246416029884039169
1246416067603267592
1246416198557810688
1246416282892693506
1246418367977680897
1246419062361444358
1246419658426605569
1246420096270008320
1246420118281707521
1246420251861868544
1246420647959343104
1246420903598186501
1246420956324573185
1246422278180687872
1246425554141589504
1246426673827831808
1246433291772637184
1246435176072298497
1246435787261931520
1246436507369517056
1246438342448668675
1246438663442952192
1246441115210772481
1246442684983754752
1246443317635592195
1246446696218988544
1246447861337747459
1246448726937423875
1246448753877360640
1246449557984116737
1246457480562872320
1246458524575514629
1246461553932550146
1246462189419913217
1246463014938828800
1246463196862369792
1246463774178988032
1246464206121185280
1246465004221550593
1246466878790234112
1246466935572672512
1246468482008584192
1246469753734156288
1246470171805376512
1246472356161150976
1246473233043304455
1246474489308819459
1246476788617879553
1246479298854137856
1246480944275394562
1246481527044743168
1246483552570445824
1246483984089075713
1246484533421228040
1246484748882542595
1246484985420189696
1246485174046478338
1246486939059892225
1246488787934470145
1246490445158514688
1246492343613763592
1246498082465824768
1246504788604248064
1246519220550041600
1246528230573486080
1246529101118070785
1246541979049029635
1246557798546067456
1246597556722782208
1246613368523259904
1246623744132444161
1246625181461671938
1246626025510858758
1246626056129245184
1246627798585933825
1246633678182035456
1246633771610173441
1246650380789972992
1246696745125347328
1246703068650995714
1246708042990665729
1246713933236322304
1246715672626737154
1246719769434193920
1246733818817470464
1246803380774694913
1246847335574863874
1247342074334072832
1247544778939461632
1250029581009993734
1253706579880423433
