id
1249517176102379520
1249521055326040064
1249524775388467200
1249525003520847877
1249525434204581888
1249525612982800384
1249531359967588352
1249536855860633601
1249537069912711169
1249539971452567553
1249540287480729601
1249540534575587330
1249540623520030721
1249540883210326016
1249541151394336769
1249541366419341312
1249541948857290752
1249542093929721856
1249542471370952704
1249542675558060042
1249542798044356610
1249543650092224513
1249543732384264193
1249543792073433091
1249544313526038528
1249544471554879488
1249545769457053702
1249546073149861888
1249546125926789120
1249546495142981632
1249546735061331969
1249547243482304518
1249547413456654343
1249548906377011202
1249550220347600896
1249550652843253763
1249552212717527040
1249554140704968704
1249554612014559232
1249555184310599680
1249556290847870976
1249557435703898113
1249557658106908672
1249559440585449472
1249560059064901632
1249560092552441857
1249561026934132736
1249561083389435904
1249562924563251200
1249563224413855744
1249565928611876866
1249566777094234113
1249566918375333888
1249567136793665536
1249567383125016576
1249567472006492161
1249568643421102081
1249569504033718275
1249569626725298176
1249570216348016641
1249573173047128064
1249573473552343040
1249575280277999619
1249576461679259648
1249576671583170560
1249577764413267968
1249578339628494849
1249578449880010752
1249579039427194880
1249579214157692929
1249579683538063361
1249580005018853378
1249580996975984640
1249581016966021124
1249581468340424707
1249583938307153920
1249585413112475648
1249585672698167296
1249585743074226176
1249587380043931648
1249593005880705024
1249593355731791873
1249593487034445827
1249593794191917057
1249594134974697474
1249594303254536195
1249594526420721664
1249594700555665411
1249594813122404352
1249595090349113345
1249595323036491777
1249595600276000770
1249595990132195328
1249599249534332928
1249599582482436099
1249601070617071616
1249601518585724928
1249601809624305665
1249602406519721984
1249602824914251777
1249604309320224769
1249604650225057792
1249605367027253260
1249605502528622592
1249606119825092608
1249608192922800131
1249609633146298372
1249611092793290753
1249614109655662593
1249617649396416512
1249618102783889409
1249620159410647040
1249621703199797252
1249622800714723328
1249626128207101952
1249626281873780738
1249626454700068866
1249627624709603328
1249627777092833280
1249628564800094208
1249629468483698688
1249629697148719105
1249630942790123520
1249630974482104320
1249631081403428864
1249631386081755139
1249631986278256640
1249634353421975553
1249645817595453441
1249649079560347654
1249650839355944960
1249652363289169921
1249652609125777408
1249653226451812352
1249658905472401409
1249661604351762433
1249667475584815104
1249675094793699328
1249677469596041218
1249678667350822913
1249679108088324102
1249679465824661504
1249681278166659078
1249681287649964032
1249684155765387264
1249685330946666501
1249690355722629120
1249690900944437249
1249691665025110018
1249694413376217091
1249694538949484545
1249698899868020736
1249700107227930625
1249705277148073984
1249707483167244288
1249709950529495042
1249711532079845377
1249713287324774401
1249719266107985920
1249730170891538432
1249736029034045445
1249736951466356736
1249741255044546560
1249743799397617664
1249743857530503168
1249750034733662209
1249752381144760324
1249753533341208576
1249774133145006090
1249782469819133952
1249788281610317824
1249793138354339840
1249796701000536067
1249919914615304198
1249952683491901440
