id
1247340717099216897
1247341098013347840
1247341909023944704
1247342590036336640
1247343893202386944
1247345400794603520
1247347636023091200
1247349901769363459
1247350997027975168
1247351217212116994
1247352779770695680
1247353025082970112
1247356178759176193
1247359413628727296
1247363467482288128
1247364126814490624
1247367648322547712
1247368343050280962
1247368872799305728
1247369908981125120
1247370925391011845
1247371101694357505
1247371355533631488
1247371817813065728
1247373020034813952
1247373450940796928
1247373465641840643
1247373914751135744
1247374101280219136
1247375436952322050
1247376175191732224
1247377184072724486
1247377896051585034
1247379502130479106
1247380093309046785
1247380893125079041
1247381357094785024
1247383010028081154
1247383348130897920
1247386243484147712
1247386493494034434
1247387424591773696
1247387665269481472
1247388194791755776
1247389184286810113
1247390891884417025
1247391020691550208
1247391396727672839
1247392532171902981
1247392687805718528
1247393821412868096
1247394448935284739
1247394634617081857
1247395642621620224
1247396499874439168
1247398644065550338
1247398994105397248
1247399321391124480
1247402478334701570
1247403064845164545
1247403511106564101
1247403673027633152
1247403693466505216
1247405365269909504
1247406140301819907
1247407368482086912
1247408568950636545
1247409543350333440
1247410808331485186
1247410838694232064
1247411230458802176
1247411930685272064
1247412141604233217
1247412395271540739
1247412869316005889
1247412930959667202
1247413433164693505
1247414221240852482
1247415750043684865
1247416488815775745
1247417304763076608
1247418639445196800
1247419817004388352
1247420693584601089
1247420863609069568
1247421347556290562
1247421659826380800
1247422829148213248
1247423594897932288
1247424641271910400
1247426307438215170
1247426348374622208
1247428875694587905
1247429283330441216
1247430688875245568
1247432005962231808
1247432380236922880
1247432540513804290
1247432938045820928
1247433217432358912
1247433687894913026
1247435606700855296
1247437273672470528
1247438543007301632
1247438636292771840
1247439575578030080
1247440193281568769
1247443605322493954
1247444151391510530
1247445112486912001
1247450202711011328
1247452461238898688
1247452827560972288
1247457614566309889
1247458367674564608
1247460136437743616
1247460493339414528
1247462765968539648
1247462822600232960
1247462829206245378
1247464920947412993
1247466457316954112
1247466906048761856
1247466912788951040
1247468725101461505
1247468730277187585
1247470070571454465
1247470077387161606
1247470183163166722
1247470373232234496
1247470940897734657
1247471477705682947
1247472207372013568
1247472244982308865
1247472812622786560
1247473106584653824
1247474400980398080
1247474855265685505
1247474860873469952
1247474904179437568
1247475362285727749
1247476144070250496
1247476251905802241
1247477741542227974
1247480529403944960
1247480535997394945
1247481806317740033
1247482068692373504
1247482183293386753
1247482193154207744
1247484471508492289
1247485111483817986
1247485682894770176
1247485781972668417
1247485894959005697
1247486453019361282
1247486906927112192
1247486914103558145
1247489183083454464
1247489686882283526
1247489754112954369
1247490390879420417
1247492171801878536
1247492432993718272
1247492717095137280
1247492723663343616
1247494195620675584
1247495067377569793
1247495074688184322
1247496102405963777
1247497810691293185
1247498571600912384
1247499066772197377
1247499293872631808
1247499601562632193
1247501325023109120
1247502062306226176
1247502224894251008
1247504174603890688
1247504705325895681
1247505086177087490
1247505856385568769
1247505940208701440
1247505957552177153
1247507307447058435
1247508343016452097
1247509035558957057
1247511831318417408
1247511934586544131
1247512802564210688
1247513633183027201
1247514958302081025
1247515992936157184
1247522309440540674
1247522325081124865
1247523071092617217
1247523291016777732
1247527875567214595
1247528161786519561
1247528177200541698
1247530790134493186
1247530860053581824
1247533647604772873
1247536914355216384
1247537111198093317
1247537943591260161
1247540268510797829
1247540886323380224
1247542644970000384
1247544682990546944
1247545001552142342
1247545184075706374
1247545455128395777
1247547578368937984
1247547735156436992
1247548386821033987
1247549419882295298
1247550254775291904
1247550346504712192
1247551109054353408
1247551254420541440
1247551379809406976
1247552409158598656
1247553279799611397
1247554086800510977
1247555350246486016
1247557369271205888
1247557645332025345
1247562358601338880
1247564109794562050
1247564957970915333
1247567188095111171
1247568053170089984
1247571349905616898
1247588645566992385
1247604943508221953
1247686681458651138
1247695745131536384
1247704618869477378
1247730985782759424
1247733817676156930
1247757637153767426
1247759944717238279
1247835842296418304
1248134309002670081
1248134332964720640
1248239873548582912
1248265390821486593
1248878994579062784
1251898080611442689
1254075200733413384
1254376054300368897
