id
1245162801544364032
1245162852177989633
1245166748048846848
1245172692770099205
1245179775683084289
1245179783325061121
1245180332329951232
1245184290599690242
1245184298422022144
1245188980011909120
1245188987519750146
1245191463475933184
1245191946567483393
1245192519912054785
1245193098180714506
1245193815960387585
1245194758307250176
1245196574386352130
1245197133994586113
1245198726886346752
1245198765906149376
1245199709292990466
1245199761671483392
1245209626640965632
1245210493649686528
1245210788379250689
1245211026913521664
1245212124000837632
1245212508295696386
1245213261487689728
1245213869439463431
1245217297435787264
1245217852744859648
1245222991882903552
1245224155659689984
1245224318046330885
1245224328146194434
1245224431082819584
1245225101454237696
1245225630733668353
1245225762317201409
1245225989803634689
1245226406746849280
1245227637993132032
1245229406609485824
1245229414306082817
1245230136087044097
1245230549041463296
1245230664170893314
1245230971219136514
1245231521704771585
1245232202201391106
1245232209117749248
1245233557997404160
1245234917627154433
1245235273144795136
1245235986600054784
1245236480525496320
1245236955639615489
1245237048841101312
1245238049321046018
1245238665934065664
1245238834071142400
1245239699863560193
1245240730253230081
1245241034839216128
1245241095291727872
1245241486054060032
1245241892746358786
1245242155611774976
1245243327454285827
1245243335654203392
1245243371368501248
1245244506791743489
1245244747733557251
1245245403924176898
1245245782711623687
1245246209595305991
1245247925355081728
1245247933869629441
1245247940677054467
1245248280340180992
1245249191116337153
1245249560320053249
1245249567437860865
1245250321468686337
1245250783118913537
1245251545861468160
1245252054903164930
1245252850831126528
1245255411386605568
1245255563509788673
1245255829898424325
1245256369210396672
1245257429354340354
1245258802808516609
1245259411729207296
1245259605392973824
1245259637466726401
1245260260375326720
1245260681156296704
1245261107758911489
1245261288831254528
1245262718610726912
1245263379754708992
1245265495659409410
1245265896135733249
1245267154510872576
1245268057464823808
1245268103405027328
1245268528216694784
1245268715723087872
1245269994809614336
1245271124415377422
1245271276442148864
1245272507424206848
1245273612879200256
1245274229513150464
1245274450137772033
1245274762701443072
1245275169163108357
1245277708168212480
1245278243403399168
1245278479056351232
1245279727453007878
1245280982652956673
1245282254714273794
1245283429203116032
1245283771290546177
1245283878140444672
1245284665717637120
1245285195256741891
1245285385766227968
1245285455978995717
1245285624724123648
1245285863619100672
1245286028866285568
1245286184705642496
1245286445532581889
1245286589804105729
1245286617729970178
1245286944889683969
1245287315825545217
1245287475154751490
1245288038361489408
1245288103150936064
1245288413575516161
1245288787938164738
1245289806973865984
1245290035873644544
1245290110821601282
1245290958113009665
1245292285115478018
1245292440098983936
1245292473976369153
1245294350096977920
1245294513100165120
1245294820832100352
1245295431937974272
1245295490654060544
1245295761543184385
1245296970140282882
1245297176634445843
1245297353378148359
1245297586346622977
1245297724183867392
1245298454982586368
1245299035214233602
1245299791120093184
1245300237960388608
1245301128272605188
1245302775749079040
1245303082126159872
1245303310799663105
1245304872519401472
1245304927397859329
1245306432242585600
1245307337079959553
1245307562137804801
1245308605538004999
1245309158204702720
1245309621398466560
1245310388373049344
1245312453631602689
1245315661376581634
1245316159479545857
1245316351205371907
1245317010872918016
1245317612524855297
1245317704765943808
1245317835041255427
1245318361350721536
1245318858514272256
1245320369495584769
1245320813860884481
1245321676142907392
1245322176309297154
1245324180582694912
1245324296550895616
1245324557134647296
1245325135864901633
1245325550144516098
1245328013882847237
1245328348668026880
1245328932389277696
1245329278402727936
1245329824672956416
1245329876279685120
1245331202443227138
1245331621710094341
1245331846205804544
1245332598718517253
1245333925263577089
1245334335621718016
1245335708488720389
1245338721194373124
1245339280932655106
1245342110414340097
1245342361435045888
1245343384396369920
1245343867257290752
1245345036725673984
1245345760159256576
1245345820473315329
1245346413216583680
1245349027878711296
1245352146020651008
1245355987503968257
1245357308781051905
1245358325618757633
1245358455982108672
1245358976750899205
1245359384148000770
1245361520160038912
1245361999938125824
1245363875697979398
1245364774587645952
1245364995078021130
1245365161893842947
1245365542929629184
1245366828152414209
1245367044629057536
1245367591775825920
1245367803126992897
1245367957187772416
1245368315817558016
1245368495535095813
1245368738909753344
1245368803061424128
1245368816500178947
1245369106850648065
1245369637128167424
1245385225472888839
1245393548674871296
1245394594038190080
1245395090257960968
1245395363390881792
1245395732699348992
1245396415871770624
1245398537233412096
1245409294994022400
1245424370979352578
1245424378747277315
1245424622285156352
1245429714623307776
1245429948850020353
1245431871502237701
1245433606941663234
1245435604374093825
1245437832031866880
1245463480481841154
1245463489637908480
1245471125808783361
1245471133153067008
1245472269683621889
1245472276893642752
1245474740459823104
1245476299071795201
1245476306684346370
1245480976865615873
1245562609241174016
1245562781832634369
1245593499623292930
1245593571228434435
1245593781396619265
1245921742381408256
1246004910732095488
1246089497424433152
1246100635667156993
1246670204677038085
1246850440827817984
1247454677651857410
1248195522885636097
1248454980861751299
1253099642910367745
1264020245863436296
