id
1246980992700563457
1246981472604393473
1246982157270233090
1246982290829275137
1246986444687552513
1246987675103608833
1246987681646641153
1246992709144858624
1246995669144879104
1246996407623409665
1246999605004271619
1247002200695422976
1247005512119406594
1247005926449532929
1247006283825180672
1247007391138197506
1247007448797286407
1247007479021498368
1247008982511677442
1247011254859751424
1247012952265224192
1247014759515340801
1247020048260034560
1247020869076963330
1247022069017001986
1247022116429430784
1247022216690028545
1247026274758881280
1247026549083103234
1247030356563255296
1247032859975536640
1247032894385610752
1247036158371979264
1247039035631157248
1247040090679005185
1247040792062881793
1247041099916431361
1247041379508711424
1247042153097728000
1247042341795270656
1247042752606392320
1247044876354473987
1247045186552659968
1247045203145314304
1247045317222002688
1247045422989955072
1247045435849490433
1247045661222031360
1247045758542663683
1247045773646155776
1247045844878016515
1247045859075690496
1247046098721460224
1247046216342331397
1247046285237964800
1247046607872253953
1247046716169183233
1247047723397697537
1247047955674042368
1247050794534203392
1247050957785006082
1247051094238224384
1247051185397198848
1247051490541195265
1247051993081757696
1247053290908442624
1247053342833922049
1247053597134610432
1247053878438154241
1247053977067216896
1247055647918743553
1247055761475121153
1247056010943942657
1247056254553468928
1247056445507383297
1247059007266680832
1247059474063360001
1247059629839749121
1247059951056347138
1247060329894252544
1247060424425496577
1247060622992240640
1247060953004249089
1247061229811589120
1247061263261118464
1247061267392552960
1247061501812195328
1247061848739864576
1247061853030633472
1247061904628920320
1247062187346018304
1247062194627305474
1247062398931857408
1247062474731339776
1247062759948206081
1247062796602236928
1247063041939652608
1247063524913721344
1247063606803353603
1247063763104059392
1247063900027150337
1247063942691606528
1247063963537309700
1247064012749062144
1247064418229161984
1247064886091210752
1247066940197109761
1247067380062261248
1247067517538967553
1247068043043196930
1247072433380536321
1247072436350152704
1247072685940600832
1247073287147933697
1247073750010322945
1247075489614708736
1247076336557948928
1247076768097488896
1247076821679501312
1247077366347763712
1247078362327035905
1247079496139698176
1247079507963441152
1247079577345650688
1247080218214322176
1247080295779536896
1247080458816376832
1247080604279005184
1247080927882248193
1247081763370762247
1247081781561446402
1247084195341455360
1247084345795493888
1247084554860429312
1247087080062107649
1247088065690120195
1247091492495265792
1247092453670137858
1247094624440680449
1247094675879665665
1247094929660076032
1247096064999591937
1247096100198195201
1247096178845474816
1247097283847454720
1247097820546363392
1247098815674331137
1247099368810975232
1247099394102407168
1247099969221214208
1247101908969353222
1247103402019971073
1247105445925228544
1247109798169939968
1247110782652907522
1247110917810049024
1247111166909792256
1247111216801013762
1247112339398127616
1247112364542947328
1247112515995213824
1247113766900121601
1247115078404468738
1247116793597976578
1247117345480265728
1247118796013203457
1247119128273379328
1247120165638045697
1247120953135362050
1247123223747018753
1247125285935308800
1247127070129311750
1247128262209351686
1247129067838529538
1247129095873298432
1247130752371720192
1247130960463683584
1247133735641919491
1247134726055317504
1247140208321138688
1247141871245131777
1247143352052535297
1247143590196846592
1247145337342644225
1247148178304118785
1247148696245899266
1247149145736884225
1247151378931175425
1247161430052179970
1247162280732577795
1247162965809233931
1247163113398390789
1247163563761979393
1247167122259595265
1247169919952621572
1247176053954686977
1247178132794126336
1247178651470139393
1247181588422488064
1247182545457795072
1247183744810635264
1247184083886596097
1247184792233414662
1247185370640334850
1247187513564782593
1247188373032198145
1247188663655518209
1247190451402076160
1247200399712452608
1247203648834134016
1247204915526561793
1247205228367302657
1247208073518866433
1247209852796981248
1247211883825954819
1247213200216473600
1247216020319883266
1247217034129072128
1247217082153881600
1247219679950770178
1247219865930182658
1247221223857311748
1247221706965446656
1247223255813033988
1247224694761091074
1247226068341153793
1247228730486841352
1247347380728393730
1247347444188250112
1247356930638544897
1247386462779138048
1247388283719450624
1247388427164631040
1247427885616336898
1247474361662976000
1247474977965670400
1249155108136460292
