id
1250234823697788929
1250244740706115584
1250248729375858694
1250251594274226178
1250251786666950657
1250253164638593024
1250255633288486913
1250256278997229569
1250262161974104065
1250262917305401346
1250270120233988096
1250275153336061952
1250276309059563522
1250277670098698240
1250278627381366786
1250281445119021056
1250283652417638400
1250289923069898755
1250292602634559488
1250295537871380485
1250295879317118979
1250298531622973445
1250303730425061376
1250303885777854465
1250304886677200902
1250305064264011777
1250307226771705856
1250310729023885314
1250313022205071365
1250313968918253568
1250314093870739456
1250314880319508483
1250316074391719937
1250316325047529478
1250316339194945539
1250316427912835080
1250316570212982784
1250316577209069568
1250316695274549248
1250316741424496646
1250316772302938117
1250317429277741056
1250317570575462400
1250317600975769600
1250317740906168322
1250317799995531265
1250318707026350087
1250318784943910913
1250319580645314560
1250319854311096320
1250320245165711360
1250320907920240642
1250321232022495232
1250322386395623425
1250323919912841217
1250325256885026816
1250326743547645954
1250329260016848899
1250330302313934849
1250331776561508352
1250331966244716544
1250333332014956546
1250333558113046533
1250334721910779910
1250334846745841668
1250335314616307712
1250335499824156672
1250335833602711554
1250336482268610563
1250337236651892737
1250340182743609344
1250340585623486464
1250341406603743237
1250342199285276673
1250342229484294146
1250342608875835392
1250342755156385794
1250343126947921921
1250344065389850626
1250344359490396160
1250346210746986496
1250348137509556227
1250349148911493120
1250351914006351880
1250352246484656130
1250354220307365890
1250355400534196225
1250359564794396673
1250364854046560257
1250366439074091009
1250368192737718273
1250368920034234368
1250370783538319360
1250372520072458242
1250375419611639809
1250375483625099264
1250377370621493250
1250377637299552257
1250382483469651968
1250384104383639553
1250388141292154880
1250391363771719680
1250391701627125767
1250393039710736386
1250393683393777665
1250395585166725120
1250395900775563270
1250398735290384384
1250400310834520064
1250404594678718464
1250404608788156416
1250405365700628481
1250409194513039360
1250409295293775872
1250409577268428808
1250409654288441344
1250409681371058176
1250409822656196610
1250410363968864256
1250410692517097473
1250411384291995650
1250412191888617472
1250412213749157889
1250412291364802560
1250412360797319169
1250412404384526337
1250412805146083328
1250412952563245064
1250413001699495937
1250413157354475521
1250413404482748416
1250413478541574145
1250413628114620416
1250414132169306112
1250414738598592517
1250414749478608902
1250414764385128448
1250414864884891651
1250414886598795265
1250414955104358400
1250415035655938053
1250415071798284288
1250415356729913344
1250415382931755008
1250415505820676096
1250416582028750849
1250417088201519107
1250417111337402373
1250417164424589312
1250418431267987456
1250418494060953601
1250418564235845636
1250420079377842179
1250421195893174279
1250422004366233601
1250422171203067914
1250422193130881028
1250422219940884480
1250422814516994048
1250423152401768451
1250424075282837504
1250424096073994243
1250425338401677312
1250425369275990019
1250426047138426881
1250426097348407307
1250427320172609539
1250427537278136321
1250427915730210818
1250428324653879296
1250428537225371652
1250428631035174916
1250428831157997570
1250429186147151873
1250429490724888579
1250429693829844992
1250429774410874884
1250429790818983939
1250430935884918784
1250431514237530114
1250431632193900546
1250431852273229827
1250431924268490763
1250432200249507841
1250432826748497922
1250436631942672390
1250436696165900289
1250437175033749510
1250437424112533504
1250439491191361538
1250440347286564864
1250441905621495813
1250442186635636736
1250442257011884039
1250448057109344256
1250449523530317828
1250454074719436800
1250457088049827840
1250457126901694464
1250464383815143426
1250466419218608128
1250468089877024769
1250473674299166721
1250477774092951552
1250511659770146817
1250515758427168769
1250618574718275585
1250628180576071683
1250635581391953920
1250658916242841600
1250666684874031105
1250682117123477504
1250845965193408512
1251044440375824384
1251047467279429632
1251049045277069312
