id
1251676364324794370
1251676873525874688
1251677534996979712
1251678241779101696
1251680882810851328
1251682492542640128
1251682542719131650
1251683605987725312
1251684786847899650
1251686215339802625
1251686239985688577
1251687045195419648
1251687225802145796
1251687333235064832
1251691724574871552
1251692363845472257
1251693183068598273
1251693208989392897
1251693283727704064
1251695879548858368
1251695895944392704
1251695915112345600
1251696001494028288
1251697634638614528
1251697773558161409
1251698363604455425
1251699065235992578
1251699236044861440
1251699278956777478
1251699538987024385
1251699581496115200
1251700465395396608
1251700527328444417
1251700571947405312
1251702338550525952
1251702362122616837
1251703062265073666
1251703177495248897
1251703626180857856
1251704161759932416
1251704411555917824
1251704953120321536
1251705851292692480
1251706347894104065
1251707085600907264
1251707906795270144
1251708079864864768
1251708099775234051
1251709131649454081
1251709509199749126
1251710160910692354
1251710312534818816
1251711428014174209
1251712174449283074
1251713976074788864
1251714409497612290
1251714677324705792
1251714733259935750
1251714842328629248
1251715500096155648
1251716448197709824
1251716454526812163
1251717361683611648
1251717458865479681
1251717500955291649
1251717628848033798
1251718154373312513
1251718401040330752
1251718472872034305
1251718694515773442
1251718839080902657
1251718961688805376
1251719025828286464
1251719138382434304
1251719494679973889
1251719500375851008
1251719587260805121
1251719705045286913
1251719758753325058
1251719847924264966
1251720205455278081
1251720750517477376
1251720944789250049
1251721375255068673
1251721907373629440
1251721984301391872
1251722016991789056
1251722037888004096
1251722068904665088
1251722507175882752
1251723946455715840
1251724325280940037
1251724333640081408
1251724344708886528
1251724421649149953
1251724722011693058
1251724815884406784
1251725701159374849
1251726469254045696
1251726491483648000
1251727667075756038
1251728065643679744
1251729195882840071
1251729443695005696
1251729535885668357
1251729847191130112
1251730002388725762
1251730515817713667
1251731542180655106
1251731739413819392
1251731842773979141
1251732289358192640
1251732411324325890
1251733034174279681
1251733069783920645
1251733294690926592
1251733363498483712
1251733587528806401
1251733590599241729
1251733692445110272
1251733758341812225
1251733792256999424
1251733925551943681
1251733998126034944
1251734017835065344
1251734035237224448
1251734081009672193
1251734291404353537
1251734312627474433
1251734435231174656
1251734449298894850
1251734468911489025
1251734602730758144
1251734756229709824
1251734948689530880
1251734995615375360
1251735076804558852
1251735152843034624
1251735158077550593
1251735192957411329
1251735475666079745
1251736338526658561
1251736407439114241
1251736409037131776
1251736672745582593
1251736683931811841
1251737492849455111
1251737579138854912
1251737713109168130
1251737784064208896
1251737788078161920
1251737857242419202
1251737959432241153
1251738057453105157
1251738097584353280
1251738223585312768
1251738298130857985
1251738639115014145
1251738783789182976
1251739138048450560
1251739298749014020
1251739516534231040
1251740218241085440
1251740333093904386
1251740391151460358
1251740546030137346
1251740817674268675
1251740958477242369
1251740998910255104
1251741071232520193
1251741151075262464
1251741219303993344
1251741292373045248
1251741401760403456
1251741534233321473
1251741579628425216
1251742396997529601
1251742447371075585
1251742461954650112
1251742933570564097
1251743142086246400
1251743435062566912
1251743450023759872
1251743552779849729
1251743861866590210
1251744270802796544
1251744480476098560
1251744593017630722
1251744681123295233
1251744807086505984
1251744818205560838
1251744976410513408
1251745744194846720
1251745776780230661
1251745814436876290
1251745856715239424
1251745876524953600
1251746093802512389
1251746142976688130
1251746378654441472
1251746389832265728
1251746837964324865
1251747028628979712
1251747242311995394
1251747378526224384
1251747455156142080
1251747858996318209
1251748327063842827
1251748929995186178
1251749332996419590
1251749446263529472
1251749552257855489
1251749658356940807
1251749767526248448
1251749788271341569
1251749888708284416
1251749946434306049
1251750018035269634
1251750151418294274
1251750214983090176
1251750259673272320
1251750268871405569
1251750393329053696
1251750602285166598
1251750636770586626
1251750681095966721
1251750724997746689
1251750786381385728
1251750935648337920
1251750966539325440
1251750981324292097
1251751044398239744
1251751175294091264
1251751202989072384
1251751699926024197
1251751967593869312
1251752116730896384
1251752366639988737
1251752568390324226
1251752776494837760
1251753211939053568
1251753487630839815
1251753488377360384
1251753588260405249
1251753684960075777
1251753770553192448
1251753870281240577
1251754386767790085
1251754494427140098
1251754536726695936
1251754824497942529
1251755249959710720
1251755620342001668
1251756450189197312
1251756577566023680
1251756769174380544
1251756906311372800
1251757318796165122
1251757419102904321
1251758048315494402
1251758164308930560
1251758333096321025
1251758447655219201
1251758653461262336
1251758762609668096
1251759168517599232
1251759406330478594
1251759433681645568
1251760557461368832
1251760664139280384
1251761178071662597
1251761767593594880
1251761962972635136
1251762085316276226
1251762144736997377
1251762285283966983
1251762911179165702
1251763444484673538
1251763743857483781
1251763989157040128
1251764015010701313
1251764081825988610
1251764446017384448
1251764467546779653
1251764677354196993
1251764750876209152
1251765023556300801
1251765118527893505
1251765194448973825
1251765658611671050
1251765832574615554
1251766258774626306
1251766313824874497
1251766340689342465
1251766355600093186
1251766364605304834
1251766505642983426
1251766618268372992
1251766692364967937
1251766692490821633
1251766734241042432
1251766849114722304
1251767004962291713
1251767074273161217
1251767226065018880
1251767271418191872
1251767386014801923
1251767496954142720
1251767641397592064
1251767709781487616
1251767732208455681
1251767749518344192
1251767893676744706
1251767965051056131
1251767974693765122
1251768153534722049
1251768220689850368
1251768411434057728
1251768611342938115
1251768817744670720
1251768923726450690
1251769096045072384
1251769395065417728
1251769403084963842
1251769582613757952
1251769636846264320
1251769915222093824
1251769939393802240
1251770047619457025
1251770380206784512
1251770436817268737
1251770506656841728
1251770666791112705
1251770774085566465
1251770871259303936
1251770892792655873
1251771094631100416
1251771132081922048
1251771201636241410
1251771305218592776
1251771518364741632
1251771644936257536
1251771727316520960
1251771984389664768
1251772317031526402
1251772939411714049
1251772941353857024
1251773049407303680
1251773211202646016
1251773404031496192
1251773635385126912
1251773864066969601
1251774059840278528
1251774363637932032
1251774705880588288
1251774815284768768
1251775022198165504
1251775069879013376
1251775436134027267
1251775619903389697
1251775812346343426
1251776037006061568
1251776045897768961
1251776487918759937
1251776622824493057
1251776827888041985
1251777228821520385
1251777632653291523
1251777789939744768
1251777872349421568
1251777894789124096
1251778483207847937
1251778597053845504
1251778843439845377
1251779023149006848
1251779604710191105
1251780000409284613
1251780056503877632
1251780194479689729
1251780440249102337
1251780703382994945
1251781229914886144
1251781313343832064
1251781621575024640
1251781783957303297
1251781814680616960
1251781874613014530
1251781886097014789
1251781966342414336
1251782130209656833
1251782177039110144
1251782313546924033
1251782363870228480
1251783396306464769
1251783399884365824
1251783422437019650
1251783467706118144
1251783472085000194
1251783525780590592
1251783638955339776
1251783673789083648
1251783849094201344
1251783927456346112
1251783944615243776
1251783954497036292
1251784199058583552
1251784232948490242
1251784301789589506
1251784312879378432
1251784507209838594
1251784536444121088
1251784581956550656
1251784617310347265
1251784630077755394
1251784688194039814
1251784691054546947
1251784767655170048
1251784824546680832
1251785162578227200
1251785287509958656
1251785906220003328
1251786163020607488
1251787179853934595
1251787234983899136
1251787348964044808
1251788467371077633
1251789329376010241
1251789436305592321
1251789811767099393
1251791805219246081
1251792416757047296
1251793496295354368
1251794199835324417
1251794314880937986
1251794339778269186
1251794767681224704
1251794908148453380
1251795680760397824
1251795913724448768
1251795981550714882
1251795982720724992
1251796010814210048
1251796387857158144
1251796477220917249
1251796755676454914
1251796807895539712
1251797967461404679
1251799701684273153
1251800189016268804
1251800466868121601
1251800480637792256
1251800570119090176
1251801152405909504
1251801166406537216
1251802012838031360
1251802068223963142
1251802725882327042
1251802850008670210
1251802856098652161
1251802998470148097
1251803014110818304
1251803664831913985
1251804079686168576
1251804205196574720
1251804790369054721
1251805086059073536
1251805171119558657
1251806013814013952
1251806358065672192
1251806512600637441
1251806710236405762
1251807427332313088
1251808235381800960
1251808325240418304
1251808786727092229
1251808935000133633
1251808952813342720
1251809275430596608
1251809432826081282
1251809457849450498
1251809644051222528
1251809889686413313
1251810132012363778
1251810172999090179
1251810287025446912
1251810660633047040
1251810828161957889
1251810884269142016
1251810974279098370
1251810977869266944
1251811028658057217
1251811063332364289
1251811279993319425
1251812153448775681
1251812761950203904
1251812857290928129
1251813394207789056
1251813396971843584
1251814368162926592
1251814516897136641
1251814634748698624
1251814817502908417
1251814936608530433
1251814971261939712
1251815491988975619
1251815797560770560
1251816249589284864
1251816282468397056
1251816447027957765
1251816874305712129
1251817249641385986
1251818578950512640
1251818652959031296
1251818709645221889
1251818763566997504
1251818858014314496
1251819527840489472
1251819569146032129
1251819683839279106
1251819833869561856
1251820456727855104
1251820905828945925
1251821475893374976
1251821892333232128
1251822161695633408
1251822215047282694
1251822295628169217
1251822863864066048
1251822870017142784
1251822957556494336
1251823396851089408
1251823422251896832
1251823680453296130
1251824659634352128
1251825186057277440
1251825510105014274
1251826492599750656
1251827461282623488
1251828512102719489
1251828731167027200
1251828954354221056
1251829079692636160
1251829256557965312
1251829376938700801
1251829585194278912
1251829591892570113
1251829648914169856
1251829813792378880
1251830397870063617
1251830436973576195
1251830995097055232
1251831584761589761
1251831924584144897
1251831992812892160
1251832279669673986
1251832373789900801
1251832400306270209
1251832736286834691
1251832785939034112
1251833243181015040
1251833568730337280
1251833969638690820
1251834052568465408
1251834059119931397
1251834556820279297
1251834626315661313
1251835585372667904
1251835910984892418
1251836199389425664
1251836795018330112
1251836894092103680
1251837076280160258
1251837885302669312
1251838187590152194
1251838772422905856
1251839080582635520
1251839306408181761
1251839466697715714
1251839560306143232
1251840260046155776
1251840992048582657
1251841104107855873
1251841378126004225
1251841533776556034
1251841797204185089
1251841950874890240
1251842036849770500
1251842059222147073
1251842157737947136
1251842327905136644
1251842568767201280
1251842794601082880
1251842863324786688
1251842865438703617
1251843090534379520
1251843560887869440
1251844024253603840
1251844407575187456
1251844486671392774
1251845113807921152
1251845230023684097
1251846433122082817
1251846538210361345
1251847703518052353
1251847765337894912
1251848173296869377
1251848184558690305
1251848524125237248
1251848692581101570
1251848731495821312
1251848784717344768
1251849136271437826
1251849382426669056
1251849600815656960
1251849745821204482
1251850620765564930
1251850639002365952
1251851140775342087
1251851169229504514
1251851334078263298
1251851383915061253
1251851763633647618
1251852096141357056
1251852205453262848
1251852338731483137
1251852376530509824
1251853095266594816
1251853238753624064
1251853471692685315
1251853544447021056
1251853786483585025
1251854099827449856
1251854241867673600
1251854259865497601
1251854942412910593
1251855049103421442
1251855392499351552
1251855715020537859
1251855837657804800
1251855844821438470
1251855870042005504
1251856046470991872
1251856126506745856
1251856132450197504
1251856581290938368
1251856686287110144
1251857428091527172
1251857728680550400
1251857743490605058
1251857892149391360
1251857967898677248
1251858125897863168
1251858294232059905
1251858331062489089
1251858404332601346
1251858533290737665
1251858629143097344
1251859356406013952
1251859799085510658
1251860298958467072
1251860731089293312
1251861051630514177
1251861100938825729
1251861777551208450
1251863146534334466
1251863578346287108
1251864045650456576
1251864403428982785
1251864654118150150
1251864720522440704
1251864822154592257
1251865214158376960
1251865382463258624
1251865519273046017
1251865558078947328
1251865624843706371
1251866125085728768
1251866307848368128
1251867603863171073
1251868140062957568
1251868246531162112
1251868261672611841
1251868360180002821
1251868708516950017
1251868820731342850
1251869556483686400
1251870752552476673
1251870838086709248
1251870936795688967
1251871150885556224
1251871364866125824
1251871691862503426
1251872139214372864
1251872212338069505
1251872564978216960
1251872590601129989
1251873321815171072
1251873510571425793
1251873671846625280
1251874002039042048
1251874055826796544
1251874308177006593
1251874520362713094
1251874652609110023
1251874932532756480
1251875058965901315
1251875323248951296
1251875465179979776
1251875635221237762
1251876023391543297
1251876121408200704
1251876234474242053
1251876246146842624
1251876274647097347
1251876790986895361
1251877020042031105
1251877438977531905
1251877783405342720
1251878074108358656
1251878188965220352
1251878722791190530
1251878779242176512
1251879776349941760
1251879912836755457
1251880314026160128
1251880424462139392
1251881681893482499
1251881941927751682
1251882221167878144
1251882522415267841
1251883870133223426
1251884020314456066
1251884475283148800
1251884674210607104
1251884773737287680
1251885815573049346
1251885901241671682
1251887340450013184
1251887486692966401
1251887694096916481
1251888252132311041
1251888383120506883
1251888498887417857
1251888611827515393
1251889203157192704
1251889617684447240
1251889706100391936
1251889900317622273
1251889931368034304
1251890418322534401
1251890732446580736
1251891948903788544
1251892024426369025
1251892167481544706
1251892603596886017
1251892755598422018
1251893004412973056
1251893707948716032
1251894046454214658
1251894529822621699
1251894816964657152
1251895123450818564
1251895204946128896
1251895233362530304
1251895706958196736
1251895917554237441
1251898337940258816
1251898558875234304
1251898578462666754
1251899511401635840
1251899756860911616
1251900314296303620
1251900360806952960
1251900816358666241
1251901404546887680
1251901646352740352
1251901679223443458
1251901904512184321
1251902080798715904
1251902642701258752
1251902828660043777
1251904207910604802
1251904840256483330
1251905550196961286
1251906313379930115
1251906383475245057
1251907026055073799
1251907751715803137
1251909203528056832
1251909648497512449
1251910045807153154
1251910057047949313
1251910737561182214
1251910892716867584
1251911694625804288
1251912220985958400
1251912251193212929
1251912261406306304
1251912795714736129
1251913165396275200
1251913447232532480
1251913918341173250
1251914328497967104
1251914679279992832
1251915695165591554
1251915818822074368
1251916127313297413
1251916521699520514
1251917434455339015
1251917648931237893
1251917702433837056
1251918998914191368
1251919337809678338
1251919516591742976
1251919532198817792
1251919757407735808
1251919794489757696
1251920129996099585
1251920188431204352
1251920238397935617
1251920416987246594
1251920664769912838
1251920764258770944
1251921292116127745
1251921482822889473
1251923346914078722
1251923383547097095
1251923453915127809
1251923617518149632
1251923688510771200
1251923731137650688
1251923762817069062
1251923897584250881
1251924018883633153
1251924217949388800
1251924317656375296
1251924407586451456
1251924440281018369
1251924472484909056
1251924512666382340
1251924550507323392
1251924584879669248
1251924604404109312
1251924653318135810
1251924687552012289
1251924849515130880
1251924965143670784
1251925008613441536
1251925018084343808
1251925614740664320
1251925659959455744
1251925745351319552
1251925793363464192
1251925836237688832
1251926662637211648
1251926746406039554
1251926810578710529
1251927098089861120
1251927150644432896
1251927251219673089
1251927675767328768
1251927719165616128
1251927747443605504
1251927940222214144
1251928041472704512
1251928825056776192
1251928963481559046
1251929290213486593
1251929298367209477
1251929672603987969
1251930605375242240
1251931429304324096
1251931470953771008
1251931856259280896
1251932021409976320
1251932066649747457
1251932101005336576
1251932281477804032
1251932584747003909
1251932619714867200
1251932646038401024
1251932764183486466
1251934018141949952
1251934228503199744
1251934575778922502
1251934923868401665
1251935342732722180
1251935450677182464
1251935468930756608
1251935581640077313
1251935758656528384
1251936362795659264
1251936526549659655
1251936590286315520
1251936730774515712
1251936805647081472
1251936978976649216
1251937119334993927
1251937365884428294
1251937410180497408
1251937498541862912
1251937602887774208
1251937637100851202
1251937727664308224
1251937986490613760
1251938020363603968
1251938365957525504
1251938545490526208
1251938673936830464
1251938877662588929
1251938953852260353
1251939177672740864
1251939201878093827
1251939474520469504
1251940232187965440
1251940502489821184
1251940945328852994
1251941221959778304
1251941820692492288
1251941936212185090
1251942041342431233
1251942307768786947
1251942481563758593
1251942540107972608
1251942566993354759
1251942785176895489
1251942811101884417
1251942930031374337
1251943277919473664
1251944328836141058
1251944399833051136
1251944515193262081
1251944596331835392
1251944991364050945
1251944991783481345
1251945359976181760
1251945542537621505
1251945675752947714
1251946585690439680
1251947011944755200
1251947239594835971
1251947826759659520
1251947847777280000
1251948086429052928
1251948802392461312
1251948806683287552
1251948946693525508
1251949376563372032
1251950324710903809
1251950888446386176
1251950967009886208
1251951012534906880
1251951277375991809
1251951550651527168
1251953311466438656
1251953380928315392
1251953737607897089
1251953891110817792
1251953921439887360
1251953971104583680
1251954543862005760
1251954914638491649
1251955022478348289
1251955839625310209
1251956076817330180
1251956158178484230
1251956317423407104
1251956363577528320
1251956440496869376
1251956574035288065
1251956675189157888
1251956686874480640
1251956879833604096
1251957173854199808
1251957628495728640
1251957848675880960
1251958569181872129
1251958818763915264
1251958862455832576
1251959231105904644
1251959716307177474
1251960080691458049
1251960127575355393
1251960568014987264
1251961517832122370
1251963026745569281
1251963355905966080
1251963406443319296
1251963737914789888
1251963751944744961
1251965460335099904
1251965495881854976
1251965600475123712
1251965728745553920
1251965731874504714
1251966799698112512
1251967059463860224
1251967451677577217
1251967818741936128
1251967908713914368
1251971927683371008
1251972650794020865
1251973293533511681
1251973294187614208
1251973870422130688
1251975180986888192
1251976575547047937
1251977220530278404
1251977221821984769
1251977370682167296
1251977636135526401
1251978614800814081
1251979339656163330
1251981111997038592
1251984200074498048
1251990294347874304
1251991646025027584
1251993336992247808
1251994034438111237
1251996669765287936
1251997342464536576
1251999992115531776
1252001588379414529
1252002026491265024
1252007249591091202
1252009045113729024
1252009928635461633
1252010982081265667
1252014318154969088
1252015698940813312
1252018434155573248
1252023183017795584
1252023592616816640
1252025759012548608
1252026653070577665
1252031389244862468
1252031846453399553
1252035785433518081
1252037545371799552
1252038030900072450
1252038389232070657
1252039164331081728
1252039208144793600
1252040131944443904
1252040368482217985
1252040524875223040
1252040987024785417
1252041378466594818
1252041416588423168
1252042050872041472
1252043477421981696
1252043746130063360
1252044248397971456
1252045586062143488
1252045591506333697
1252045882943365127
1252047346759680000
1252047532554719232
1252048565351792642
1252049003396489216
1252049377348079616
1252049480108498944
1252049727014625280
1252050072654581760
1252050296202596353
1252050513626951680
1252050529888292864
1252050585894838272
1252051579039035392
1252052034179657728
1252052202404761601
1252052207744114688
1252052318377271297
1252052880002936832
1252053194181656576
1252053276171759618
1252053335902810113
1252053659187372032
1252054292275449858
1252054315683860480
1252054756199038976
1252054889464643586
1252055416433004544
1252055672163885057
1252055859989041153
1252056102922883073
1252056803724181504
1252056978366402560
1252057079864418307
1252058092985933824
1252058137986621441
1252058658780803073
1252058679316103169
1252058708504309761
1252058818063806464
1252058856336719872
1252059865624633344
1252059915499106312
1252059969865695232
1252060004410163201
1252060103424897025
1252060388025393153
1252060469549916160
1252060967447470081
1252061130240823296
1252061298155679744
1252061681074626562
1252062151516123142
1252062376540561408
1252063213824339969
1252063407315972098
1252063577009197056
1252063790734008321
1252063862783762432
1252063989061697537
1252064009064296449
1252064273938837506
1252064866187112449
1252065177178013696
1252065658784772096
1252065876204904449
1252066006589009920
1252066020551868416
1252066173002252290
1252066581670031361
1252066720094748674
1252066957874036737
1252067967849967620
1252068056924221440
1252068225237479427
1252068354153562113
1252068870619193344
1252069398250053636
1252069555934912512
1252069990573895680
1252070534101135362
1252071331937411072
1252071616336584706
1252072241472430082
1252072339711201281
1252072360078798848
1252072909507616771
1252073175816351744
1252073526397304838
1252073845848027136
1252074385977905152
1252075359899512833
1252075613067726849
1252075623322750978
1252075662665347073
1252075752993853446
1252075798804213761
1252076019210612736
1252076275327332352
1252076363370188801
1252076386472222722
1252076408920174592
1252076939839488007
1252077064108167174
1252077082823127046
1252077252637933571
1252077304890654725
1252077495542673408
1252077582180184066
1252078151322066945
1252078376115830784
1252078622698901505
1252079144206241796
1252079817635139584
1252079849251852288
1252079978893774848
1252080296314503170
1252081049779056640
1252081425333051393
1252081814098731014
1252082624027406336
1252082775357657088
1252083312836804613
1252084122530516994
1252084259994681347
1252084675259928577
1252084796718637056
1252085054227927040
1252085809890508800
1252086069618552832
1252086279719682048
1252086279975526400
1252086455649726465
1252087010010861570
1252087066218893312
1252087312856412160
1252087695733436416
1252087905247309824
1252088086797758464
1252088301839962112
1252088546455728128
1252088753855717377
1252089022668697600
1252089165937688576
1252089304702046208
1252089334183813120
1252089402521645056
1252089867032354818
1252090137506267137
1252090309414195201
1252090429622771714
1252090691867430914
1252090779654393856
1252091021044838401
1252091196857561088
1252091719539179525
1252091724635140097
1252091804494618625
1252091911474515969
1252091992781119488
1252092211870785537
1252092236243668993
1252092713333215235
1252092817834377217
1252094415612461063
1252094749239996417
1252095992784130048
1252096013818408961
1252096304987029504
1252097101862891523
1252097191138652163
1252097562133184512
1252097591988195335
1252098385806385152
1252098613552934912
1252100733341581312
1252100922542419971
1252101266450214912
1252101758286852099
1252101917523623936
1252101992215764992
1252102952870801408
1252103053001453568
1252103282631163906
1252103859092119552
1252104296327495680
1252105137843249153
1252105462553538560
1252105644884164608
1252105969275777027
1252106653047984128
1252106725093593094
1252107804548067328
1252107812492111872
1252107878535557120
1252108711666921473
1252108972472987648
1252109958729986049
1252111524006526976
1252111720350285824
1252111783059263488
1252112470338134016
1252112680418111488
1252112786705887239
1252113623562031106
1252114203369824258
1252114908864364544
1252115197113839618
1252115567168770049
1252116269320400897
1252116403999502336
1252116649513115653
1252116881286107136
1252117464592203776
1252119289697460224
1252119524574244864
1252119734755065857
1252120302588293123
1252120325233483777
1252120485183160322
1252121137712001025
1252121222432739333
1252121924928327680
1252121978720235525
1252122484276518913
1252122748236599296
1252124650097635328
1252125718256824321
1252126789243043841
1252126839734038529
1252128896851435520
1252128902773911552
1252129108248588288
1252129751809921026
1252130963238223875
1252131591209365504
1252132782085570560
1252133470689652736
1252133898458284032
1252133990095450112
1252135058950873089
1252135261242372097
1252137534525771776
1252137954857766912
1252139659087556608
1252140350044467200
1252141469642571777
1252141652036276226
1252142936319459328
1252145055533596672
1252145495130157056
1252146152750759937
1252146485455728642
1252147237477666817
1252147647445520385
1252148837419905024
1252149155771715585
1252153005580914690
1252153225207091200
1252154395036471298
1252154859572224000
1252156051895582721
1252163834720268288
1252166385339232256
1252166711849005062
1252166773350084608
1252171759098331137
1252181176233504769
1252192954774458368
1252193543482900480
1252196300163956737
1252197195639517184
1252198027512573952
1252200041076256768
1252200256592216064
1252201001320357890
1252201353092321280
1252203216206360576
1252209293085949952
1252212467150622721
1252217141887217664
1252217396913336320
1252218567921152000
1252221713388953600
1252225275259043847
1252225728516460544
1252225777732444165
1252228121547296771
1252228122667184128
1252238217069293569
1252239940445974529
1252239993529131013
1252241322750234633
1252242846326775809
1252243769967042560
1252254762419929088
1252262559853375490
1252262626077409283
1252273016999821316
1252273685366542336
1252280089347317760
1252282241394196481
1252285882695970816
1252288706775379968
1252290342541332480
1252291352395563008
1252292215155515392
1252314489518616576
1252389365558329346
1252424726485454848
1252427586719735809
1252435480018206720
1252442981551845376
1252445133439524870
1252450171771932677
1252455269633634306
1252479678847152129
1252486399120433152
1252500430262681601
1252500667911950336
1252510089384095745
1252521848505425926
1252527235874971649
1252530341132111877
1252531772060954624
1252539123627372546
1252545774728118272
1252547296002097154
1252548304811880448
1252550467432808448
1252557136707686401
1252570625874341889
1252572753166651393
1252574456649707520
1252590797570150401
1252594868590972930
1252603434546548736
1252622185694298112
1252631279704522752
1252635683245547520
1252660015757844480
1252670524368408577
1252822076961914880
1252847528988442628
1253314699862478849
1253654030019997696
1253662997727154176
1253668624721686529
1254647085380616192
1254690479423123456
1255061410804973568
1255390032111730689
1276101385700831232
1287749552766738432
