id
1254563174998667266
1254576778875596801
1254576901751926784
1254577296804941825
1254579571254419456
1254580177721413634
1254581135973273600
1254581869665857539
1254582464988581889
1254583196894674945
1254585190510403585
1254586080088608768
1254586197952757761
1254587757210611713
1254587952681779200
1254588393951858694
1254589226617692160
1254589529874292736
1254589646320726024
1254589698326040577
1254589741434941440
1254589969173110790
1254590809455816704
1254591805414191104
1254592046624419840
1254592622867255301
1254593229510475777
1254593368425971713
1254594133991161863
1254594349163134977
1254594446374526976
1254594615996379138
1254595636315357184
1254595853576069127
1254596163342237702
1254596561323122688
1254597276275634180
1254597588893851648
1254598034110869506
1254598079442911232
1254598893708275714
1254599352946851840
1254599477144334336
1254599659177144320
1254599672313704448
1254599718555930624
1254599798008582150
1254601037899427841
1254601784070246400
1254602073674399744
1254602116791808000
1254602215030812672
1254603245814607872
1254604195837198337
1254604494446321664
1254604505792077825
1254604510263009280
1254604912752640001
1254605477436182528
1254606078001557504
1254606082195910661
1254606104144691200
1254606228455518215
1254606230108073984
1254606235002744833
1254606345581375488
1254606471393759232
1254606638553550850
1254606783135363072
1254606842161848321
1254607062618669056
1254607678459932673
1254608101539328001
1254609628022714368
1254610260536352770
1254610340584632321
1254611131592663041
1254611132695764992
1254611227956973570
1254611419401609217
1254611503157665794
1254611846239326210
1254611982168264707
1254612330538627073
1254613501236015104
1254614457449279489
1254614573065269249
1254614589423013890
1254614639473602567
1254614691600465926
1254615123051679747
1254615835794006016
1254615940785819648
1254616044636798977
1254616221208571904
1254616888253939712
1254617428622893056
1254617485296365569
1254617530221555712
1254617705723752448
1254617961412739072
1254618050239721473
1254618237385322496
1254618253193654273
1254618363860410368
1254618783097909249
1254619054280708096
1254619311756304385
1254619474071707649
1254619585594052609
1254620357387907073
1254620389336023041
1254620404985012225
1254620430222061568
1254622053010796544
1254622093527773186
1254622256111575040
1254622418615713798
1254623039607586822
1254623307728445441
1254623723044257796
1254623733567770624
1254624737541554178
1254625156535775233
1254625783693410304
1254625837590220801
1254625906498269184
1254626534846947329
1254627391567065093
1254627901875474433
1254628253572034560
1254628288674267137
1254628493180067840
1254628868935188481
1254629052037677058
1254629317927002113
1254629497627906048
1254630016329146369
1254630461592109056
1254630485453488128
1254630862093615104
1254630882029137921
1254631138141880320
1254631932505161729
1254632393123586056
1254633423135637504
1254633730083151872
1254633900896182275
1254634028918947840
1254634469220208645
1254634517572116481
1254634527009325056
1254634584160927745
1254635907002531847
1254636982434541569
1254637047798591488
1254637213972746242
1254637383267414016
1254637405996384257
1254637736209682432
1254638698362138626
1254639111081582592
1254640094423552000
1254640394622562306
1254640907783192576
1254640947926728706
1254641133059059712
1254641903905026048
1254642264468422658
1254642636138430469
1254642968394231808
1254643262150766592
1254644228497592321
1254644634963214336
1254645488952897538
1254645530145120256
1254645695228768256
1254646203356069889
1254646363356160000
1254646499381620738
1254647216939008000
1254647278385590274
1254647348149383168
1254647353614561281
1254647473735208962
1254647481385783296
1254647869069422594
1254648228345085958
1254648237132255232
1254648247123132420
1254648409618649088
1254648810866798595
1254649176316510209
1254650684999229440
1254651154769653767
1254651781348421633
1254651955915309056
1254652277874360321
1254652302733922304
1254652319066501122
1254652329585852417
1254652469461704709
1254652541960257536
1254652621006102529
1254652839684530181
1254653358687817729
1254653475444502528
1254653516481585153
1254653822187606017
1254653825451012096
1254653892702289921
1254654397805547520
1254654693495586817
1254655037437022209
1254655466287718401
1254655947198234625
1254658665426022406
1254658963909439488
1254659026597507079
1254659625003040768
1254659818993774592
1254659847775301632
1254659868692082689
1254660121524727815
1254660366845394952
1254660417671974912
1254660600061296640
1254660778864476161
1254661059484332032
1254661069491990528
1254661226312765441
1254661259007373312
1254661286215815169
1254661320768548866
1254662032378531840
1254662138611679233
1254662312947937281
1254662516745154560
1254662591059652608
1254662728817405952
1254662764313935881
1254662780327620610
1254662842143305728
1254662861986512896
1254663084351778818
1254663337347919872
1254663569943040001
1254663739254530048
1254663804715020288
1254663942137241600
1254663945991815168
1254664002367442944
1254664009166368770
1254664058998906881
1254664071170818048
1254664237785378818
1254664343616020481
1254665118614315008
1254665316208009217
1254665718324293633
1254665722938023936
1254665789367398400
1254666191735406597
1254666253853130752
1254667196875358208
1254667344816648193
1254667613365510151
1254667629416992769
1254667743808405504
1254667792206508033
1254668425453953025
1254669124543758337
1254669694017011713
1254669819992928256
1254669822278934528
1254670186189164544
1254670205793341441
1254670222792916992
1254670619494367237
1254670767163240448
1254670814873415683
1254671624864886791
1254671655118311425
1254671998396985345
1254672005141417984
1254672556520468480
1254672670555361281
1254672926923616256
1254673147120349184
1254673514927284224
1254673653079236608
1254674069816926213
1254674881842540544
1254675215214231552
1254675367287091200
1254676060894978048
1254676306949636097
1254676393536794624
1254676639629234176
1254677311934263297
1254677368783814657
1254677485930725378
1254677536774123520
1254677795990654977
1254678053751422976
1254678135544545282
1254678226418298881
1254678260492824578
1254678513140895744
1254678683211583488
1254679238407450624
1254679395882528768
1254679630482534405
1254679756395606019
1254679992903954439
1254680261427683328
1254680359951757321
1254680402473684992
1254680636062748673
1254680695030476802
1254680900228599809
1254680912350117888
1254680913943736322
1254681009116844032
1254681643178053632
1254682682841169920
1254682861514317826
1254683193392807937
1254683236434718720
1254683774119546880
1254683960472489984
1254684435116707840
1254684437700206592
1254684645393747968
1254685018825166848
1254685044745990144
1254685196986707969
1254685501115817984
1254685590794076160
1254685930398466049
1254685985725575168
1254686105477066753
1254686198104276993
1254686692646121472
1254686834455543808
1254687347842650112
1254687670166380547
1254688140490506240
1254688362943954945
1254688609128509446
1254688771657748481
1254689015304990720
1254689157592477702
1254689337158930433
1254689721961201664
1254689878152843264
1254690101956730881
1254690229891608576
1254691492142002177
1254691711646937090
1254692057353875458
1254692059333529601
1254692490252177408
1254692499894882304
1254692620338524161
1254692905526022145
1254692980172062720
1254693180122869763
1254693192177336321
1254693428127920128
1254693579240300546
1254693728649801728
1254693741408817152
1254694108360310785
1254694251411017728
1254694284793573376
1254694355148783617
1254694360198680576
1254694773287337985
1254696451495489536
1254696570861182976
1254696789606903808
1254697036152102912
1254697178259308546
1254697223675232261
1254697279476269057
1254697442492076032
1254697507218583553
1254697816812748801
1254698016943964161
1254698119738077184
1254698273585139714
1254699406399430658
1254699701175300096
1254699792233492480
1254700433597034497
1254700828058767360
1254701031293775873
1254701401298460673
1254701649093734400
1254702654166495233
1254702747418427393
1254703459674157058
1254703872703991810
1254703876080414722
1254704035824730117
1254704049464606721
1254704119211679747
1254704147955212289
1254704207484993536
1254704348237459456
1254704542203043840
1254704900052783105
1254705177703018499
1254705578179301377
1254705597947076609
1254705654092070914
1254706902681874432
1254707022106226689
1254707367721046017
1254707633052770304
1254707713021378560
1254707875072454657
1254708268691161088
1254708584996171777
1254709042775126017
1254709273814159360
1254709676173742081
1254709708306255872
1254709884563546112
1254710376303755264
1254710916160974848
1254711505062256646
1254711540877385728
1254711590001111047
1254711769957793792
1254711795064979456
1254712021255286786
1254712064171339778
1254712155330408450
1254712391759212544
1254712890260504578
1254713303533850625
1254713505762050055
1254713737174323201
1254714112254390277
1254714833842270208
1254714857963704320
1254715023433314306
1254715160381423616
1254715328539488257
1254715656047661057
1254715877359939589
1254715914710323201
1254716024777302016
1254716413706596353
1254716771170320384
1254717525172109314
1254717601009111041
1254717995915640833
1254718384463175681
1254718421549215744
1254718552914845696
1254718770788040704
1254719153560158208
1254719192776884225
1254719223827279874
1254719306681761796
1254719846438203393
1254720286206734338
1254720333799514112
1254720618328539136
1254721239110672385
1254721359571234816
1254721485643472901
1254721519252430849
1254721691042734080
1254721845913239554
1254721998032265216
1254722259329126400
1254722269613453312
1254722399443927040
1254722552338935809
1254722726452813824
1254723457939456005
1254723495956606976
1254725131005423617
1254725270734376961
1254725416499113986
1254725514570240001
1254725593205141506
1254726130273259521
1254727345874677760
1254727389860388865
1254727598837555201
1254727678436839425
1254727903675215872
1254728194986512384
1254728768419053568
1254728778980290561
1254728860454674432
1254729000766836737
1254729171068043264
1254730514952380416
1254730746243080192
1254730833568514054
1254730993279340545
1254730996257132545
1254731044022038529
1254731174812893184
1254731331579215872
1254731513234522114
1254731738116321280
1254731872455688193
1254731877228765184
1254732049216348160
1254732143806214146
1254732257908015105
1254732306918621186
1254732346512703489
1254732790731436034
1254732977910607874
1254733247218507776
1254733461761298438
1254733519068098560
1254733903102803969
1254734182930153472
1254734224097112072
1254734338463129600
1254734382331387906
1254734638565617666
1254734944674344960
1254735341623431170
1254735361789460481
1254735845522694144
1254736172175286274
1254736367575117827
1254736473007378432
1254736711877160960
1254737185946791937
1254737642626756608
1254737703825846273
1254737989126610945
1254738164083642369
1254738366861438976
1254738569001725953
1254738709636767747
1254738771439837190
1254739399557787648
1254740553041731585
1254740963949305856
1254741064969150465
1254741313464881153
1254741674149818374
1254741799224164354
1254741811395952643
1254742441267040262
1254742574004416513
1254742577040916483
1254742591175684098
1254743142978519040
1254743163278970881
1254743253586522113
1254743373652430848
1254743384884830209
1254743393948692481
1254743666024824832
1254744142732615680
1254744579292532741
1254744600675115009
1254744627577368576
1254744655624716288
1254744675627544576
1254745024052391938
1254745632696266755
1254745710622171136
1254746039061368833
1254746285812281344
1254746393219985409
1254746759277842432
1254746805494927360
1254746969362231297
1254747080444108800
1254747731521712129
1254747753713827844
1254748260457013248
1254748429382635522
1254748516829687808
1254748663261224960
1254748869411303425
1254749385289654272
1254750274276732928
1254751667997650944
1254752003042885633
1254752581408174080
1254752772471181313
1254752856822829061
1254753042123026437
1254753634492899328
1254754714534715392
1254755097701056513
1254755261828362241
1254755268681887745
1254755530456760320
1254755815749111810
1254756762189619201
1254759923239596033
1254760190135513088
1254760410005344257
1254760569308999681
1254760634182275073
1254760714926845954
1254761055936368640
1254761134688624640
1254762489645985800
1254762981507751941
1254763557352116231
1254764665671839744
1254764767228514304
1254765004487868416
1254765503022657537
1254765751900102659
1254765769805594624
1254765870741684224
1254765916522295299
1254766180348260353
1254766410028380163
1254766623430307840
1254766644477358081
1254767477562605574
1254768014550986753
1254768326443544587
1254768728559902724
1254769075009384449
1254769120937037824
1254769432183705602
1254770006916657153
1254770037837066241
1254770109534494720
1254770881475141635
1254771502781575168
1254771874795360256
1254772562246033416
1254772575881687044
1254773623732105217
1254773714706558976
1254773739939524608
1254774137643397128
1254774305721741317
1254774734375366662
1254775460510101508
1254776061377691648
1254776511091011584
1254776833041547265
1254777257228304386
1254777374492643328
1254778358493089793
1254778901345128449
1254779565571862530
1254779794325073920
1254779858653081602
1254779989137846274
1254780168134000640
1254780179987087360
1254780585467195393
1254780948052209667
1254781063739498507
1254781072727920646
1254781928168804353
1254781945080197122
1254783431944269824
1254783439208771584
1254784252236795905
1254784550313447430
1254784683507773447
1254785096025948177
1254785112064970756
1254785565498552320
1254785828603092995
1254786083528642567
1254786254689849346
1254786257823035399
1254786372298141699
1254786727987671047
1254786731024412673
1254787013569425414
1254787512142229508
1254787608871186439
1254787698067292166
1254787757873889282
1254788229426896896
1254788259810381832
1254788823768117249
1254788861588238339
1254789173954789376
1254789211208609792
1254789213750390786
1254789539752640512
1254789564301893633
1254790409819021312
1254790457151766529
1254791204044062727
1254791546165059584
1254792028384145410
1254792202087133184
1254792254062907392
1254792284664664067
1254792387307560960
1254792492295180289
1254792582510436352
1254792859540021248
1254793160758161415
1254793224167669760
1254793266454654976
1254793674485104642
1254794540302708737
1254794808163397632
1254794935514984453
1254795071318224897
1254795335504814083
1254795387262521345
1254795773495201792
1254795966214836224
1254796029192318976
1254797113956790273
1254797249323941890
1254798379449593856
1254798710380396548
1254799193111056385
1254799379367464961
1254799520719753217
1254799664005537792
1254800174024515584
1254801040597118977
1254801528206082055
1254801799929716737
1254802251048247303
1254802532922204163
1254802571299926017
1254802715827482630
1254803079238578176
1254803119818432512
1254803877490089985
1254804089700933633
1254804344139952132
1254804545495986176
1254805002029346818
1254805163459506176
1254806086202404865
1254806341442433024
1254806526620917761
1254806780023943170
1254807123600371712
1254807342639546374
1254807736417529856
1254808269484261377
1254808539198918656
1254808566969430016
1254808666672295936
1254808946520383488
1254809191321141251
1254809259197362177
1254809293846544385
1254809539628666881
1254809686962028545
1254810168023384064
1254810178018410496
1254810348898537472
1254810449649872903
1254810524342054915
1254810559498776576
1254810591710986240
1254810919084818440
1254811309188644867
1254811513543630848
1254811941572276231
1254813547244249088
1254813782108504065
1254813854917263363
1254813929391271936
1254814454056812547
1254814623972253696
1254815341969993728
1254816022118334466
1254816035884023808
1254816236652818437
1254816526559043588
1254816681706303491
1254816703986438145
1254816751528800256
1254817360860479490
1254817448114769926
1254817760414138369
1254818225235337219
1254818434199650310
1254818584724832260
1254818959125340162
1254819324495196161
1254819472814178314
1254819811735019520
1254819918060584962
1254820081743233027
1254820304385216512
1254820579070246926
1254820867676176385
1254821733946834946
1254822918187450375
1254823730670272514
1254824494935375873
1254825356135038982
1254825852618989568
1254826511707717633
1254826558998474752
1254827046498258944
1254827237200683009
1254827271455748103
1254827274618073088
1254827398408765442
1254827803502997504
1254827953944268800
1254828062815875072
1254828458519130112
1254828699108556800
1254830271104507910
1254830271376945152
1254830315715125248
1254830531058884613
1254831270837641216
1254831669774704645
1254832228602802177
1254832325306675200
1254832814387654662
1254832983883694080
1254833058655555587
1254833071158890496
1254834136189153287
1254834173262487552
1254834732082163715
1254834810511474688
1254835599472619521
1254835671232966657
1254835931732799489
1254836073705832448
1254837789767528450
1254839611517362177
1254839782062112769
1254840971818201088
1254841959505526784
1254843248608075776
1254845088573739008
1254845428262227969
1254846636385165312
1254846674096226304
1254846732858322948
1254847456543735809
1254849760390868992
1254850056408068096
1254850070848999424
1254850809440935936
1254851014932328452
1254852501238661121
1254854936451362816
1254855189338615808
1254855508235661313
1254858620518326273
1254858695445409792
1254859727617605632
1254859736496947200
1254861120868716544
1254863054547881990
1254864213261955073
1254865186491478017
1254867751270625285
1254871482653487104
1254873501317476353
1254875618740785152
1254878983755366407
1254879818329526274
1254880072256741376
1254890785243312130
1254898584341958656
1254901406928039936
1254905706068668416
1254907906471985153
1254909042729730048
1254909750841503744
1254909877681631234
1254911235637690372
1254913946374430720
1254914062376333312
1254914310544875520
1254914563708862464
1254914689622048772
1254914990659694593
1254915657482645504
1254916402047143936
1254916573250195456
1254917274567192576
1254917773697810432
1254918201139277825
1254919154819203072
1254920541145718784
1254920649967046657
1254921397794598912
1254921571283554304
1254924230845534208
1254925958634770438
1254926061428600832
1254926203841986560
1254927296449744896
1254928454950117377
1254933245432459264
1254934717922635778
1254935213681127426
1254935716565520384
1254936739782766592
1254937139638185984
1254937299197935616
1254941409007808517
1254941640835231745
1254941805293957121
1254944767567372288
1254944799133773824
1254945008890908675
1254946171438559232
1254948309149470720
1254951068657569794
1254951231505612801
1254951282533531648
1254952225417449473
1254952449070166016
1254953307488915456
1254955665249808385
1254955927922307077
1254956269254987777
1254956577192214529
1254958821023330304
1254958899670798336
1254959372662304768
1254960777540374530
1254961560835051530
1254961667806384129
1254962941570539522
1254964434738405376
1254964794135740416
1254964984330805248
1254969947291136000
1254970032922083328
1254971614082617345
1254972684212953088
1254974070312992770
1254974293177319426
1254974609092259840
1254975758520315904
1254975853332660225
1254976739291226112
1254978640317526016
1254980210165866496
1254981204262060032
1254983501147000835
1254985782789419009
1254987281615728640
1254987581327982594
1254990228432904192
1254991043537145861
1254991453798850560
1254993120241938432
1254993454897094656
1254994665805361153
1254997260825513987
1254999286955175936
1255002100590948357
1255002118047649792
1255003077582753792
1255003286580707330
1255004821741907969
1255005252140466177
1255007485015912448
1255008940422815745
1255010625471877120
1255012102395191296
1255012770975645697
1255015465145061376
1255016219591221251
1255017448530567168
1255018178473676802
1255024327369449472
1255025108810268672
1255025331515338752
1255026520654938112
1255027716090245122
1255029826848604160
1255034660729450496
1255035704343531520
1255036261510729729
1255036667569684481
1255038742374633474
1255040408612220928
1255040847407542273
1255042291909062656
1255044481620951041
1255047343000317955
1255048091377389568
1255048638864097281
1255052447950626816
1255054727974277120
1255056779412566021
1255057083415711751
1255057932581957632
1255058593025413120
1255062707222441987
1255063049360207873
1255063743689449472
1255066999169921025
1255071316186664963
1255071687722188801
1255071896112001025
1255072725833412608
1255078629647822848
1255080017735741441
1255085724342218757
1255090784770027520
1255096635824242688
1255109389750620161
1255115278276530176
1255115396509646848
1255118175244558336
1255118500047261696
1255119146028863490
1255126261149515776
1255127969275625472
1255129316054011905
1255132842029232129
1255138591342080000
1255138916954329088
1255147457513533440
1255147717682053126
1255148260513034257
1255152630294142979
1255163731702669314
1255167850987130881
1255175909654409219
1255177706926301189
1255179865667416064
1255186421536698372
1255189093866024960
1255191797308878848
1255192677462806530
1255193880678580225
1255194366941048834
1255196166083366913
1255196902766702593
1255198657172738049
1255201266084515842
1255202075555835904
1255204794375045121
1255214157487468544
1255222248178356224
1255271070782849027
1255271250139779072
1255301754981429248
1255308272841773059
1255311209613705217
1255331420374999046
1255370405394644993
1255377206546771969
1255391815638880256
1255392532676194305
1255400329258074113
1255413762082975750
1255418065426276357
1255420010534748161
1255429448930930693
1255433175431614469
1255437408415383559
1255463257869074436
1255464193354014720
1255502696922198017
1255525269185724418
1255685392600371205
1255697972525846528
1255709952733261824
1255738171154935809
1255740334308339712
1255788560906477568
1255802179203461120
1255821351752830976
1255825572183175168
1255864956404170753
1255864968416604161
1255920241265094661
1256096903848054784
1256241228804313088
1256666677200056321
1257495601047977984
1258196941604872193
1258375295876206593
1258421926738800640
1259448304816947205
1259766645557346304
1266926796114587648
1269137635479445505
1273955499038269440
