id
1249863040763191296
1249863878575419393
1249865055677452288
1249865151400067078
1249865941589962753
1249866315877298176
1249866879960674305
1249867431306297345
1249867796923760641
1249868500677492736
1249868566616252416
1249868725882425346
1249868855440261124
1249869154472980480
1249869287587627009
1249869470618664960
1249869880020488192
1249870214382092289
1249870224829997056
1249870936297242624
1249871263574573056
1249871286324441088
1249871523466412033
1249871592173125632
1249873211849752576
1249873591329361920
1249873658274865152
1249874159934439424
1249874315136417793
1249874318177099778
1249874618162147329
1249874737662242816
1249876300581437440
1249877513490149377
1249881047489265664
1249881500138405888
1249881708129894401
1249883269513936901
1249883278611341312
1249883285527965700
1249883770418675713
1249883810377822209
1249884027546370050
1249884612118974465
1249884674433757184
1249885032040161280
1249886163084574721
1249886951811026944
1249888510326091778
1249888723111522304
1249888725414232064
1249888910383210498
1249889040641298433
1249889102754803713
1249889698652160001
1249889840415596552
1249890227503669250
1249890382604726272
1249890748176056320
1249891813839626243
1249892463642173441
1249892849514094593
1249892922331258881
1249893044976943104
1249893146034659329
1249893200723988482
1249893586360885248
1249894360793022464
1249894989473038336
1249895612167770113
1249897119994933249
1249897254963441666
1249897618009927680
1249899016147447809
1249899450874523648
1249899454200606720
1249899543111413761
1249899551143550976
1249899699584167938
1249899727660781569
1249900439421636608
1249900536142286848
1249900569147240449
1249900625795547138
1249900979903815680
1249901570600259585
1249901616209092608
1249901751974514688
1249902049052864513
1249902076794007552
1249902257836920832
1249902298228125697
1249902549072629762
1249902576541134849
1249903656431800321
1249903720587878401
1249903922812088320
1249904142262263808
1249904360399597569
1249904452435243008
1249904747546578946
1249905101784977408
1249905958433636354
1249906214525419521
1249906461058064385
1249906689429475328
1249907085011083270
1249908061860327424
1249909333564870657
1249909423532736515
1249909444936232960
1249909499504111616
1249909548644577281
1249910142268608512
1249910152897032192
1249911481568616449
1249911973300465664
1249912719228071936
1249913118311866369
1249913601931919363
1249913646798397441
1249914347280666624
1249914652445663232
1249915347366555649
1249915688279347200
1249915812204269573
1249915921340059648
1249916147094310912
1249916210436698114
1249916509297704960
1249916747206946817
1249916940195262464
1249917029210980352
1249917440961548289
1249917563955372038
1249918624539664384
1249918738700402688
1249919551195598848
1249919676752199681
1249920033108549633
1249920036006854656
1249920038116548610
1249920410608680962
1249920839702573060
1249920941586444288
1249920954962046977
1249921007650930688
1249921022842638336
1249921299285082114
1249921612054327297
1249921641464774657
1249921686704553985
1249921694078087168
1249921890195353600
1249922012618735616
1249922046466969600
1249922202071224320
1249922268785864704
1249922442778128385
1249922485048365057
1249922535111553025
1249922626052485121
1249922648018006017
1249922681824149504
1249922800019628032
1249922945939460097
1249923004127051776
1249923160016695298
1249923188915466249
1249923210398666754
1249923381480132608
1249923439303036934
1249923536648454144
1249923543363489793
1249923612007518208
1249923674464894977
1249923678755667970
1249923752260820992
1249923777795743744
1249923817641672705
1249923863296663552
1249923892375736322
1249923907613679617
1249923912823005185
1249924055718748161
1249924074853154821
1249924189076606977
1249924212300460033
1249924348925755392
1249924373953122306
1249924384225202176
1249924444924964864
1249924446694985728
1249924602584690690
1249924616228765696
1249924685502001153
1249924893442891776
1249924940272287750
1249924941337645056
1249925009914486786
1249925075261775874
1249925164784971776
1249925168459210753
1249925196330307587
1249925338349568005
1249925402346131457
1249925673021403141
1249925796640067592
1249925833868726273
1249925835303219201
1249926113406713856
1249926199809380359
1249926586926690306
1249926631147237378
1249926710633443328
1249926759090286593
1249926796755128320
1249926862265933824
1249926959808647168
1249926962593689601
1249927094697512963
1249927101320294401
1249927109075595264
1249927216772689923
1249927224767025154
1249927278181658626
1249927494938972160
1249927556268093441
1249927562463072256
1249927604645187584
1249927656147046402
1249927685238697985
1249927786409545728
1249927814704287744
1249927829241737216
1249927829359169536
1249927855233888257
1249927872845840384
1249927873583919104
1249927888314368001
1249927935072452615
1249927951635734528
1249927955385430016
1249928007625478145
1249928010569936896
1249928066299654144
1249928081629794305
1249928103238848512
1249928410895224833
1249928437067698176
1249928465911971840
1249928520823746561
1249928531548598273
1249928609881419776
1249928671000850435
1249928695772405760
1249928719398920193
1249928768090591232
1249928774361075712
1249928784041529345
1249928897140936704
1249928905038811136
1249929004804521984
1249929025692131329
1249929069317296128
1249929117358649345
1249929121167069185
1249929122144370689
1249929123260055552
1249929127013933056
1249929252570402818
1249929299114639360
1249929315401084928
1249929346757701633
1249929484704210944
1249929514022363137
1249929708860346374
1249929752103620608
1249929763440869378
1249929795137187841
1249929821892702209
1249929921947791360
1249929944769024001
1249930022636228609
1249930054286462976
1249930075937673218
1249930132887724033
1249930215330942976
1249930332188508163
1249930413499248641
1249930462681681920
1249930520051343360
1249930560778014721
1249930739170168833
1249930794841194503
1249930913867116544
1249931103881719808
1249931282445828096
1249931290196893696
1249931466139721730
1249931640098287616
1249931672142761984
1249931738622484482
1249931787037483012
1249931874417270787
1249931881958608899
1249931912757440512
1249931974468198402
1249932030982287363
1249932100951617536
1249932136867487745
1249932144585015296
1249932575784587264
1249932773973843968
1249932864700874752
1249932875224330245
1249932886280568833
1249932896149729281
1249933049267019780
1249933118418505728
1249933144888717312
1249933247615602688
1249933342625001472
1249933354507464705
1249933357237948416
1249933359431798784
1249933362233348097
1249933545830633473
1249933583738785792
1249933588625154049
1249933592416776192
1249933715658047489
1249933729302114305
1249933802375221248
1249933812793872384
1249933891164450816
1249933959607148544
1249933979320348673
1249934062745047043
1249934117631700993
1249934237718872065
1249934312939483136
1249934398255796225
1249934461417869312
1249934555995242498
1249934559988158464
1249934596734472194
1249934621661261824
1249934672307441664
1249934965019566081
1249934987001868288
1249935139313876992
1249935307035873280
1249935341923864576
1249935363231174656
1249935421556936705
1249935475164344320
1249935503085809667
1249935626645819392
1249935638234689536
1249935888282349568
1249936113285754880
1249936216436310018
1249936228226453510
1249936259574681600
1249936271444566016
1249936360972189697
1249936374377013249
1249936549719891969
1249936656313937920
1249936695727804419
1249936757761560576
1249936810899210240
1249936978595811328
1249936989245206528
1249937372336123904
1249937420474171392
1249937668365889536
1249937898679480324
1249937980300509184
1249937980539539457
1249938097774546944
1249938137591083008
1249938459604606981
1249938673103040512
1249938810235809792
1249938919329640448
1249939084312625152
1249939234179309568
1249939239841624065
1249939428400758785
1249939443055648771
1249939577256570880
1249939577994764288
1249940067243655168
1249940133639585792
1249940137913483265
1249940141218476032
1249940188052127744
1249940350145187841
1249940375596191746
1249940411692408832
1249940999574417408
1249941107410194433
1249941135717326850
1249941204969676805
1249941352231518208
1249941408141594626
1249941499925549057
1249941616711753728
1249941892176867328
1249941980773101570
1249942312865501184
1249942552842731522
1249942855948193794
1249942898423955456
1249942970146516994
1249943092419006466
1249943138824749056
1249943190020505606
1249943202020225025
1249943371344297987
1249943372317347840
1249943446539780097
1249943501900369921
1249943646847172608
1249943723783446528
1249943750601854976
1249943803680534528
1249943809892315137
1249943812346007552
1249943845539696640
1249943865714339840
1249943908668366848
1249944000703819776
1249944050506928128
1249944069842690048
1249944072111812609
1249944090130575361
1249944188524756993
1249944314274177025
1249944587944128512
1249944746505592834
1249944792366297094
1249944830202937345
1249944871785222145
1249945114232803333
1249945136676483072
1249945208013205510
1249945372518043649
1249945484409495552
1249945588587626496
1249945620040675329
1249945706426589184
1249945723531075584
1249945755600572417
1249945873271762945
1249945886832001024
1249946024031862784
1249946339183448064
1249946735146717185
1249946803006406656
1249946872615022593
1249946892730941443
1249947022011977728
1249947233664913409
1249947261921923072
1249947416108748805
1249947517950648320
1249947579636256768
1249947625849159680
1249947740575911936
1249947763585871872
1249947772146442240
1249947790500696064
1249947852928888833
1249947894288748544
1249947994176159745
1249948054280482816
1249948076724219904
1249948170924068865
1249948188250738688
1249948230156038144
1249948235549962241
1249948461371256834
1249948484649680898
1249948500336369666
1249948514299207682
1249948687553277952
1249948700480167941
1249948727655063552
1249948808609271809
1249948946044055552
1249949063581032448
1249949119122214914
1249949156006744064
1249949230489145345
1249949243210514432
1249949671411367936
1249949882120429568
1249950002874482688
1249950007366688772
1249950061955387392
1249950230465798144
1249950234848808960
1249950316776194048
1249950497668100096
1249950517658152960
1249950632804564994
1249951036338393088
1249951446948147200
1249951670609432577
1249951713068380160
1249951898188169217
1249951924717105153
1249952183342247936
1249952244541186050
1249952361969147905
1249952610892865538
1249952753666994176
1249952880225693698
1249953272431022080
1249953368392400897
1249953380690083840
1249953388529238016
1249953456661483521
1249953559736713216
1249953561489731584
1249954072775426050
1249954150634475521
1249954217755701251
1249954232767098880
1249954531145736192
1249954696468385792
1249954850684784641
1249954926647635968
1249954954267095040
1249954968787775497
1249955198627246081
1249955208089632769
1249955307196780544
1249955345876668416
1249955446342832128
1249955700777701377
1249955793933348865
1249955814489509890
1249955819904327680
1249955828750114818
1249955970286903296
1249955983536738305
1249956020912185344
1249956298302484480
1249956478611361793
1249956563072061440
1249956812612202496
1249956885656035329
1249956941725491200
1249957172839976960
1249957527015419905
1249957572603334658
1249957587237257216
1249957724504199168
1249958283177156608
1249958287690227712
1249958369479151621
1249958410772041730
1249958474810720256
1249958687847800833
1249958889707061248
1249958892479459328
1249958933067730945
1249958935278153728
1249958975614771200
1249959077309865989
1249959120800600066
1249959122159755267
1249959142027972610
1249959221849800707
1249959317454729218
1249959354213609473
1249959415324667904
1249959737728237568
1249959840832565248
1249959879617310720
1249960107074412545
1249960122538799104
1249960315313258498
1249960330861490177
1249960374088146944
1249960389153968129
1249960488043044864
1249960533081477121
1249960631173693440
1249960733565014017
1249960861252251648
1249960916344426496
1249960981804941314
1249961042555199488
1249961154232733697
1249961322306928640
1249961715233460225
1249961721105485824
1249961726683955200
1249961994913894401
1249962051113385984
1249962113960820736
1249962142997950464
1249962156700790784
1249962334690242561
1249962427791183874
1249962439988269057
1249962464503926785
1249962716728451072
1249962812622815232
1249962817043615745
1249962849788497925
1249963158766157825
1249963277775327232
1249963454313533445
1249963541743849473
1249963787689398273
1249963978194903045
1249964135279808512
1249964357028478976
1249964455812665344
1249964480747864065
1249964528743239681
1249964529250779136
1249964596812607490
1249964653574098945
1249964674558263296
1249964945782894593
1249965007694999557
1249965031279730688
1249965048241352711
1249965161730822144
1249965224188239872
1249965344170508288
1249965361966931974
1249965429705125888
1249965589705027585
1249965720634458112
1249965835336048647
1249965975723577344
1249966109438050304
1249966232926748673
1249966283401003008
1249966293610045442
1249966300983525376
1249966318083870721
1249966367681286146
1249966508584759296
1249966689044713472
1249966846087802881
1249966911334559745
1249966964929224705
1249966976723648517
1249967325027024899
1249967572126019590
1249967633165725696
1249967707564298241
1249967730591035393
1249968008748916736
1249968257399951366
1249968386446000128
1249968395614707713
1249968402749218817
1249968426811940864
1249968447347458049
1249968456268734464
1249968466049843206
1249968480335486978
1249969556988350464
1249969795174457344
1249969807836864513
1249970232988319744
1249970406548574210
1249970529416732672
1249970891770888192
1249971018724040704
1249971031592144898
1249971071966568448
1249971257749065728
1249971281396559872
1249971430554587136
1249971812793864193
1249971859413581824
1249972023788371973
1249972092289732609
1249972120378994689
1249972155472678912
1249972411597901825
1249972755656663041
1249973289746759681
1249973754702098432
1249973845986926592
1249974069681774592
1249974182156193792
1249974271884922881
1249974503095984128
1249974813411573761
1249974917329588230
1249974961508364290
1249975290027073537
1249975433069613057
1249975528339025920
1249976153697206273
1249976613707472897
1249976660645965825
1249976705541795840
1249976777193041926
1249976813637341184
1249976882067435521
1249976897200484352
1249977023360954368
1249977311543193604
1249977447660965889
1249977679383674880
1249977680226709505
1249978031050862592
1249978062386548736
1249978127767330817
1249978200651788288
1249978520987521025
1249978589602361345
1249978662960525313
1249978691238559747
1249978726219038722
1249978814500753408
1249978840056827906
1249978887448264707
1249978996399304705
1249979089701593089
1249979387052613632
1249979639277080576
1249979969985536000
1249980352367448065
1249980470705569792
1249980683889459201
1249980790076628992
1249981174404894720
1249981341493415936
1249981369507131392
1249981392739397632
1249981424028930048
1249981517217935360
1249981524889317376
1249981545202331649
1249981592627339265
1249981757450891264
1249981788681670658
1249981821644713984
1249981830721241088
1249981854859399170
1249981863290187777
1249981876015484928
1249981883603193858
1249981924833030144
1249981936321228800
1249981936635744256
1249981937264889857
1249982015450910721
1249982017711697920
1249982022824505346
1249982102918926336
1249982179788099588
1249982222561492993
1249982256673951744
1249982290773475328
1249982326248861698
1249982339800870912
1249982349409804288
1249982365755031553
1249982391524806657
1249982399951310849
1249982473582153733
1249982474957938689
1249982480976760832
1249982520914927617
1249982551336222720
1249982595733037058
1249982601701408770
1249982603156840448
1249982661638184960
1249982662258769922
1249982663147941890
1249982686099206144
1249982724858728449
1249982726867791872
1249982736372133889
1249982738133704704
1249982766646562816
1249982766822776832
1249982795906080768
1249982797189545985
1249982798334656513
1249982837928820736
1249982843373023232
1249982856299855872
1249982858401181696
1249982858862583814
1249982880828145665
1249982898700079104
1249982910381215745
1249982924876726272
1249982930702618624
1249982960792678400
1249982980375769088
1249982989544480768
1249983032028811264
1249983033291071488
1249983061908836353
1249983079826874369
1249983094376894464
1249983108767567872
1249983122743197700
1249983124219375617
1249983137167241216
1249983138429718529
1249983156406509568
1249983193786138624
1249983288883548160
1249983320680566784
1249983352808988674
1249983390767407106
1249983404503777285
1249983406617677825
1249983423424282624
1249983427006222336
1249983469062475777
1249983475848896512
1249983485558657026
1249983516982403072
1249983531159179265
1249983544614514688
1249983553690955776
1249983573861400576
1249983585567694848
1249983598834286593
1249983603993239557
1249983615259176961
1249983617184362496
1249983622032920576
1249983623945687040
1249983632711626753
1249983647987281922
1249983663120379904
1249983685459243010
1249983703142387712
1249983718644535296
1249983724969582599
1249983734717091840
1249983758666616832
1249983765562064896
1249983790924984320
1249983817898577924
1249983839767650304
1249983854204444672
1249983869043929094
1249983884529299457
1249983889583587329
1249983907807645696
1249983910588502017
1249983925063049216
1249983953206784005
1249983957044588545
1249983958068035589
1249983965370306561
1249983984731164672
1249983996160868352
1249984029631250432
1249984076053807104
1249984080453623808
1249984081598615559
1249984107712581634
1249984152310439937
1249984152335609856
1249984161453989888
1249984173533622272
1249984176368971777
1249984179233685505
1249984189497131008
1249984201857744896
1249984215485054976
1249984228776787969
1249984229405933569
1249984230160887808
1249984239228956672
1249984240957026304
1249984265825079296
1249984285521539072
1249984287375417346
1249984312050507778
1249984330971004930
1249984346422837250
1249984384943263744
1249984395479408641
1249984427393822720
1249984486948798465
1249984506372608001
1249984559753510912
1249984636949856256
1249984646135214081
1249984713596510208
1249984733724831744
1249984790608003072
1249984798380060673
1249984854902616064
1249984877866303489
1249984997575913472
1249985016232210432
1249985082980515840
1249985087514349568
1249985994197045248
1249986274657587200
1249986316445474818
1249986339023376384
1249986485807243264
1249986489661845504
1249986527028862979
1249986640610643968
1249986766469124100
1249986806566621189
1249987002981699589
1249987028315295744
1249987046199808003
1249987052197670913
1249987192207765504
1249987205818269696
1249987230531112960
1249987332184276992
1249987368762757129
1249987369438076929
1249987404200472578
1249987430184177665
1249987444197298177
1249987579040038915
1249987618730803202
1249988183757971456
1249988791336464386
1249988882009030658
1249988897783918592
1249988953865887747
1249988972920651776
1249988984975089664
1249989006756065280
1249989008135819267
1249989019502555137
1249989033234751494
1249989047746994178
1249989061063987202
1249989079283965952
1249989125043703809
1249989514640027648
1249989591194451968
1249989829116301314
1249990197304950784
1249990210957365248
1249990277122547718
1249990279530082304
1249990404050538497
1249990496992165890
1249990518030741504
1249990558979731460
1249990591720505344
1249990636763152384
1249990660544794624
1249990680115478529
1249990739947163648
1249990800210923521
1249990809996288000
1249990821291544576
1249990827000000518
1249990835459903492
1249990878900281346
1249990983191629826
1249991796878225408
1249992123643912197
1249992645973164033
1249992965470056449
1249993288687308800
1249993310791282688
1249993351929069568
1249993576143925250
1249993988163002369
1249993993812729856
1249994003610611712
1249994015824478210
1249994027459579909
1249994347031834624
1249994376400388097
1249994395706732546
1249994400689573889
1249994729653039104
1249994904173817856
1249994964483768321
1249995135137402880
1249995193316601857
1249995262459691008
1249995337038565376
1249995399219183616
1249995406655623168
1249995461009633280
1249995561979133953
1249995598599618561
1249995633940783106
1249995700311449601
1249995703729795072
1249995706946879490
1249995722084069381
1249995765616787456
1249995846952738817
1249996097961054209
1249996212259835904
1249996596172820480
1249996848858673153
1249997201658519554
1249997212265762817
1249997395825274880
1249997566474719238
1249997661194706944
1249997712080044032
1249997889012551681
1249997930791985152
1249998019908362242
1249998212259360768
1249998232668631041
1249998234736615424
1249998445852557312
1249998824665280513
1249999150239735808
1249999205453549568
1249999280489652225
1249999440766570498
1249999444633735169
1249999528385638402
1249999889536172033
1249999920532054021
1249999926378913792
1249999953964851201
1250000066074427392
1250000095535230977
1250000108646612992
1250000123205021698
1250000137813778433
1250000149692080128
1250000158391062528
1250000199126142977
1250000261310902272
1250000261885509633
1250001011722215425
1250001120576954368
1250001261765603328
1250001299162071041
1250001370620411904
1250001393861054464
1250001445358723072
1250001506465546242
1250001516091428864
1250001526614929408
1250001597888782339
1250001919994519553
1250002006929854464
1250002393439363074
1250002615011663877
1250002888518074368
1250002900618629121
1250003117048905728
1250003331289735168
1250003333584023552
1250003343499378688
1250003359488081920
1250003449065791488
1250003478744674306
1250003493621907458
1250003547900395523
1250003572575465473
1250003588371238912
1250003635494256641
1250003689361666049
1250003886800134144
1250003931733716992
1250003983445311488
1250004074910453762
1250004183228403712
1250004241982185472
1250004322269589505
1250004435943567360
1250004504109449218
1250005325337350144
1250005677252071427
1250005710479466497
1250006062402437121
1250006086238613505
1250006244208730114
1250006383161831424
1250006647004487680
1250007518530531328
1250008170887393280
1250008230052294656
1250008364249047041
1250008429361430528
1250008439088021504
1250008999296036864
1250009110478606336
1250009120264118272
1250009154984411137
1250009163188416513
1250009175242891265
1250009589161984000
1250009654425300993
1250009737111818240
1250009786399092736
1250009856271978496
1250010170693804032
1250010317486088192
1250010375900332032
1250010399799250945
1250010516723916801
1250010663071563777
1250010691517349889
1250010876385480704
1250010979112382464
1250011005985230848
1250011049425653760
1250011493518544896
1250011503823998980
1250011513726758912
1250011554201755648
1250011577530462208
1250011592466432000
1250011667506712576
1250011682841092096
1250011702650785798
1250011713543405568
1250011721424490497
1250011743939518471
1250011994180087810
1250012090368028679
1250012135007981569
1250012411303624705
1250012567902154752
1250012731912028162
1250012852678615040
1250012932806602754
1250013594684657665
1250013689383550977
1250013690138525697
1250013781905686528
1250013893931364352
1250013905457278976
1250013916861620226
1250013934783873025
1250014226124386306
1250014736374214657
1250014937566425089
1250014937679683584
1250014942570438656
1250015101173841928
1250015338499993603
1250015522516762625
1250015551595954176
1250015903749562373
1250016400929775617
1250016518999404545
1250016542395260928
1250016564994125825
1250016980385427456
1250017075029925889
1250017195620352002
1250017523212251136
1250017526857097216
1250017548961067009
1250018012410679297
1250018415340695552
1250018436807380992
1250018622547701760
1250018902219714561
1250018907097686016
1250019198236897280
1250019252406452224
1250019280885665792
1250019714681704449
1250019779588562944
1250019880167858177
1250019899054776320
1250019981799993345
1250020248167698432
1250020440002547712
1250020540510687233
1250020616289153025
1250020623796977664
1250020890537951233
1250021013632348166
1250021298043940870
1250022019996893185
1250022162158608384
1250022678318088202
1250022793967628289
1250022928705445888
1250023069701124102
1250023122310316033
1250023158087684097
1250023255219396609
1250023316745629696
1250023506831495168
1250023689803857925
1250023691917746177
1250023819651117057
1250023849678143488
1250023887309426688
1250023939922751491
1250024038312763392
1250024196446359552
1250024285957017600
1250024897465569282
1250025032073396224
1250025623038373888
1250025699290816514
1250025718714519552
1250025876806176768
1250025900210438144
1250025970330791936
1250025986634076171
1250026045320736768
1250026083371470849
1250026561111093249
1250027282728513536
1250027393961476098
1250027633271656448
1250027769959858178
1250027862490361857
1250027946930135040
1250028007835594753
1250028276841496578
1250028277072191488
1250028321758314501
1250028332604772353
1250028374614896640
1250028410643996672
1250028425336606720
1250028439312060416
1250028466973462530
1250028507255558146
1250028536011714563
1250028569801003010
1250028573911478272
1250028588000108545
1250028598066479106
1250028624175968256
1250029296346791936
1250029472188776448
1250029487493804035
1250029523778686978
1250029585330102279
1250029661607710720
1250029923332317185
1250029957859901440
1250029959143292930
1250030036494602240
1250030138433011713
1250030149547872256
1250030185652449280
1250030229654867974
1250030363482525698
1250030385833979909
1250030470936444928
1250030958733963264
1250030991898316800
1250031367359877121
1250031514995195904
1250031686684790786
1250031740833239042
1250031804649635841
1250031810571931648
1250031916310343680
1250032241075294213
1250032335916896258
1250032421744939008
1250032475935391744
1250033007957643264
1250033136869621760
1250033484808122368
1250033717877174272
1250033755097448448
1250033898785890309
1250034085168209926
1250034146132602881
1250034316085620737
1250034719217115137
1250034719967686657
1250034925471813633
1250035186294648832
1250035232389992451
1250035259128696832
1250035297770852355
1250035324706676736
1250035379652005888
1250035560929886208
1250035593221820418
1250035746896932864
1250035783852945410
1250036032038301696
1250036272413827073
1250036618762711040
1250037546161016832
1250037653690445827
1250037792110866434
1250038084369936384
1250038386347216901
1250038484435271680
1250038958026682370
1250038971616256003
1250039152176803840
1250039277683003393
1250039591853162498
1250039993046876162
1250040195967324160
1250040563518316544
1250040688617517057
1250040856293388290
1250041107322245125
1250041121935253504
1250041201475997696
1250041340039024641
1250041462764363777
1250041591617572866
1250041719430602755
1250041905179582466
1250041929439428610
1250042003322064896
1250042507502575616
1250042590142935040
1250042623403778049
1250043151131136000
1250043408292253698
1250043431910596611
1250043539477508097
1250043554757578755
1250043843304538112
1250044182304980993
1250044379865075712
1250044905201623047
1250045140736962561
1250045291899678721
1250045309213794304
1250045378805686278
1250045396262387723
1250045456043950081
1250045653373186050
1250045763251351553
1250045814757453824
1250046076930781184
1250046289766535169
1250046444536381440
1250046536840404993
1250046555442147328
1250046559909081088
1250046576304607232
1250046582377988098
1250046692923064321
1250046744454291457
1250046914768207874
1250046968061018116
1250047020342996992
1250047364129144833
1250047390431797250
1250047416327340034
1250047441535029249
1250047586079092737
1250047893110546434
1250048226775846915
1250048939794952192
1250049171274362880
1250049425189130245
1250049765481385984
1250049805067272193
1250049968645099520
1250049989318856711
1250050008948203525
1250050043626680320
1250050099792601094
1250050153714597888
1250050327157411847
1250050467591106562
1250050735632453632
1250051140621746176
1250051425985421313
1250051958498406401
1250052004145254401
1250052068267700224
1250052130750124032
1250052282739306499
1250052337512529922
1250052363546591232
1250052447478763520
1250052537576718338
1250052704606576643
1250052720184221698
1250052804254797827
1250052838157422593
1250053136061849600
1250053258221162500
1250053312663060480
1250053323027353605
1250053330732298240
1250053356816674816
1250053404384268290
1250053670533808130
1250053677638799361
1250053705698693120
1250053773315018752
1250054012545585153
1250054035299680256
1250054100240207872
1250054207555674113
1250054308818812928
1250054347129409536
1250054397247107073
1250054437453864961
1250054548875591682
1250054641494212613
1250054868321972224
1250055063025922048
1250055065928253440
1250055114821419010
1250055142898110468
1250055179170451458
1250055349396213762
1250055396754145286
1250055462046883841
1250055478714998786
1250055494972116993
1250055541797371910
1250055594985349130
1250055607933186048
1250055622957113346
1250055632016814083
1250055637935013888
1250055651696562180
1250055653516890113
1250055665684484099
1250055686089777152
1250055696365879298
1250055712232869889
1250055722920022016
1250055723620413442
1250055732864614402
1250055737906208773
1250055745099481093
1250055755539058696
1250055765441818627
1250055765626359809
1250055776263118849
1250055779253735424
1250055797549273090
1250055799629627395
1250055811893772290
1250055825613295616
1250055907922362373
1250056472974823430
1250056839439548416
1250056939909918721
1250056976723312642
1250057007249461253
1250057625204592643
1250057681014054914
1250058161286979584
1250058459376214018
1250058706416472067
1250058744081367042
1250058806006099968
1250059005864611842
1250059066409394182
1250059158675750912
1250059347306205186
1250059349449375745
1250059764010270721
1250059948098281473
1250060001605046278
1250060157385691138
1250060268790583300
1250060606759219206
1250060789639249922
1250060927229136897
1250061012918849540
1250061093524967426
1250061418487066625
1250061578206089220
1250061581200867334
1250061764378726404
1250061917391130625
1250061989025587200
1250062200414392321
1250062265363181569
1250062346036350976
1250062360833855494
1250062384280059907
1250062430094360576
1250062457235701761
1250062516870397953
1250062576119156744
1250062649850843136
1250062803962155011
1250063087165681669
1250063695331409924
1250063783868993538
1250063988559425537
1250064042003177475
1250064055664025607
1250064262808158210
1250064551858638852
1250064589015965701
1250064721002274818
1250065142819282946
1250065264470876164
1250065392917241856
1250065660073390080
1250065824397787143
1250065931872735239
1250067169863483393
1250067236842332160
1250067525095821314
1250067581811208193
1250067841593769985
1250067896736366593
1250067944534691841
1250068122998116357
1250068237209001990
1250068660816949254
1250068852861517824
1250069227173818368
1250069374481903616
1250069471601049604
1250069500504018945
1250069523862114305
1250069797968269319
1250069893048930305
1250069947667152896
1250069969565552641
1250069983629127684
1250069990621020163
1250069995721314304
1250070006626484226
1250070031104446467
1250070039572643842
1250070041850261511
1250070049580298241
1250070050863792130
1250070075920527360
1250070084334292994
1250070092353810432
1250070093373100034
1250070134284320773
1250070139560697859
1250070199690317826
1250070229209792513
1250070270553083904
1250070305407750151
1250070620437647369
1250070767339032583
1250071132004331529
1250071327735721987
1250071487534510081
1250071554031042566
1250071592618598404
1250071612344414209
1250071624474337280
1250071638609190917
1250071650156060675
1250071662248296448
1250071673807790091
1250071684088057856
1250071695525924864
1250071707555106817
1250071719085322242
1250071747430354946
1250071748537716740
1250071764870352909
1250071934865465346
1250072077740257281
1250072556566183940
1250072627454099461
1250073101150359554
1250073354268299264
1250073397486370822
1250073453547438080
1250073456630267906
1250073891617345537
1250073905362079748
1250073933505802243
1250074285143547909
1250075127531933699
1250075599810543619
1250075608530292743
1250075671155490816
1250075854102724608
1250075951351754753
1250075961523142657
1250076361189818369
1250076397776670721
1250076653654388736
1250076787586945025
1250076850765926407
1250077565261189120
1250077801719480320
1250077817854758913
1250077995110240256
1250078186878251008
1250078238828711939
1250078375542165504
1250078401659990022
1250078454961168386
1250078690093883392
1250078713577783297
1250078881811296258
1250079082278260741
1250079143896567808
1250079243758899201
1250079313090818049
1250079349275009024
1250079468346953731
1250079674765631489
1250079688837521408
1250079707577507846
1250079790666625024
1250079820349935616
1250080096951640065
1250080486036090880
1250080535675670528
1250080589404758018
1250080636078944258
1250080873585586179
1250080953189326848
1250081033078181888
1250081079337209864
1250081465754439681
1250081547186606082
1250081616287780866
1250081706414993409
1250081895376760832
1250081937395339266
1250081983184564224
1250082069423640577
1250082351180328960
1250082555677687808
1250082672220618757
1250082840403783686
1250082961241694220
1250083020800847872
1250083037758423042
1250083210702098438
1250083648637935616
1250083747497680899
1250083761267433472
1250083867312046080
1250083894919077897
1250084417067868160
1250084434675666947
1250084601583697922
1250084625222778887
1250084648631164928
1250084755061661696
1250084989330313216
1250085053431984128
1250085210235994112
1250085352502710274
1250085402561527809
1250085510283841536
1250085775992950784
1250085779784617985
1250086097654169600
1250086221704884225
1250086484381589504
1250086643551195137
1250086852838617090
1250087043633270784
1250087175187648513
1250087283463557120
1250087306108624902
1250087348639064065
1250087439613300737
1250087500837765120
1250087580512600064
1250087652361039873
1250087656261709824
1250087854866190337
1250087886902267906
1250087893227278338
1250087996080021504
1250088183116623882
1250088289211564034
1250088368995627008
1250088410846507011
1250088470489399297
1250088800681889797
1250088920970215424
1250088925223424006
1250089056446197761
1250089064289701891
1250089106018721792
1250089188919140353
1250089201732849666
1250089215490248704
1250089242535043080
1250089259563958272
1250089367818792961
1250090260278755334
1250090515208400902
1250090749909061632
1250091260104212480
1250091351598751745
1250091381990670338
1250091493282312194
1250092140018847747
1250092480625700864
1250092490864177155
1250092605347639299
1250093267938693120
1250093392685453313
1250093724509433862
1250093749679427586
1250093948095180801
1250093989925019648
1250093991678185474
1250094064071925763
1250094071051210752
1250094215884726274
1250094227477778433
1250094360793772034
1250094435297189888
1250094557259124736
1250094864324124673
1250094910121730048
1250095373940428800
1250095477116112896
1250095500092563457
1250095712227848192
1250095792389386241
1250095913231515649
1250096027463340032
1250096309916381184
1250096322687971331
1250096380971872257
1250096460558790656
1250096491474997250
1250096864675815424
1250096917545013249
1250097012655230976
1250097067168423937
1250097408999952384
1250097513442365443
1250097815964905472
1250098075911110657
1250098086212513793
1250098231490437120
1250098354702311424
1250098431772647424
1250098432271732736
1250098460000317440
1250098602745057280
1250098852566163458
1250099118594093057
1250099262836244480
1250100160643756033
1250100597644087296
1250100611296538624
1250100954923499526
1250101116848619520
1250101275657555969
1250101292057235456
1250101402535223298
1250101411544625152
1250101634979360768
1250101665211932672
1250101761089495040
1250101762502971392
1250101950923718656
1250102043567521792
1250102084151590919
1250102117068505088
1250102251311337472
1250102355447681025
1250102445667053568
1250102612088614912
1250102767554662404
1250102783627288578
1250103286218100736
1250103389645459457
1250103425355796481
1250103498508619778
1250103684194693121
1250103719313788929
1250103825324806144
1250103962692284416
1250104034901364737
1250104064571916288
1250104161917493251
1250104696854867968
1250104877939691526
1250105039739211776
1250105114464927744
1250105142021689348
1250105313987977216
1250105335525691392
1250105348230266880
1250105367813451776
1250105369675743233
1250105370229403649
1250105485992198145
1250105596281380868
1250105671984353281
1250105812787191811
1250105840268242945
1250105968156749826
1250106055180177409
1250106131621396480
1250106478838480899
1250106768211890176
1250106782036320256
1250106910109384704
1250107125168099328
1250107132000649217
1250107294219522050
1250107618338598915
1250107643701497858
1250107710852329475
1250107802292375552
1250107904473960449
1250107943263051777
1250108077879091201
1250108242006425601
1250108243931611137
1250108327402455040
1250108613483347970
1250108851686236160
1250109030971760646
1250109059140739072
1250109086793752577
1250109104367910912
1250109132402638851
1250109146113830914
1250109250468057089
1250109652425031680
1250109663112081408
1250109942914138112
1250110066859995136
1250110112670212096
1250110234942533632
1250110300688224257
1250110451188260864
1250110512748040193
1250110523145777154
1250110533845442561
1250110705715429377
1250110832383385600
1250111937326678016
1250111967064252416
1250112043170086912
1250112084152479745
1250112206265434114
1250112284770238469
1250112396951076865
1250112501531832322
1250112591814258695
1250112776187469825
1250113230074081280
1250113388195143681
1250113402518700032
1250113564272029696
1250113580017389569
1250113616470102019
1250113901779464194
1250113989062754306
1250114016661229571
1250114339081555968
1250114458958974976
1250114879068884993
1250114975106023426
1250114977320431616
1250115397312860162
1250115484952989700
1250115582575468547
1250115629308203008
1250115648631394304
1250115821231173634
1250116152652513282
1250116593096392705
1250116638818500608
1250116645659406337
1250116832318480384
1250117195578765313
1250117304169320448
1250117489628856320
1250117724937879552
1250117777526054912
1250117782886215681
1250117822732210177
1250117849399558153
1250117933717577728
1250118001795497984
1250118047148302336
1250118059295195140
1250118097446502404
1250118128765267968
1250118135694278656
1250118432084889601
1250118696246202368
1250118899678556160
1250118916807909377
1250119260447199233
1250119449203507201
1250119614379388928
1250119689755340801
1250119769715429378
1250119816301539329
1250120779808649217
1250120796854349824
1250121132960821250
1250122640989122560
1250123484304297984
1250123926098702336
1250124012023234560
1250125056212119559
1250125442956263426
1250125498778148864
1250125561126477824
1250125953230991360
1250126010151993345
1250126122525704193
1250126527322148864
1250126863533363200
1250127035768246273
1250127363502829570
1250127417550618624
1250127499649933312
1250127782857904128
1250128122311131137
1250128133484756992
1250128379346477057
1250128498460508161
1250128966653849600
1250130310756356096
1250130356893712395
1250130754094260224
1250131279623770112
1250133570431012864
1250135220268879872
1250135561475518464
1250136805648859136
1250136918647427072
1250138149868601345
1250138984002605060
1250139271450722304
1250140219757625344
1250141059671150592
1250142879776833536
1250145112136364032
1250145162321256448
1250146427591770112
1250147536368697349
1250148402152656896
1250148859549896704
1250152662735048704
1250153151405031424
1250153982695108608
1250156430746935298
1250157311966011394
1250157988502855680
1250158002671194113
1250158062658179072
1250158077220777984
1250158090835521536
1250158151124434944
1250158217046327296
1250158229985742848
1250158242845487105
1250158254677606400
1250158266757165056
1250159199931129856
1250165828323921920
1250167845180198912
1250169414357381121
1250170583997792256
1250171043924201474
1250172280488919040
1250173341714903040
1250174819858972673
1250190004971646976
1250190711078752257
1250200353670225925
1250203324046950401
1250207621019140096
1250213553874718720
1250214875843792896
1250219848140873729
1250219880625754112
1250219972254560256
1250220184377282561
1250223793324216320
1250223801805058048
1250223818074779648
1250223831752437760
1250224063697399808
1250224297567604736
1250224890793168897
1250229173651517440
1250229400181731329
1250229413163069440
1250229428203876352
1250229441617264640
1250229455416508416
1250229469857468416
1250229485447729153
1250229497871261696
1250229509573378048
1250229526891659266
1250229688699502595
1250233336183656448
1250234421845749760
1250234866106380288
1250234944955138048
1250235953269985281
1250236591416594432
1250237230297141249
1250238608646103041
1250240163231354881
1250245438273236997
1250245481218768896
1250245649901268999
1250245670205677568
1250245847566020608
1250245853752643589
1250246474979356673
1250246776990380032
1250248851673366529
1250249209934053376
1250249654526029824
1250250019745267712
1250251026826854400
1250251619913981952
1250253645129617411
1250253683578699776
1250253887472316416
1250254138379620353
1250254296345534464
1250254713620054018
1250254867609710594
1250254940695457793
1250255264403484679
1250255642532573184
1250256086801633280
1250256623399886858
1250256711228612609
1250256930204815361
1250257654087221249
1250257872224546816
1250258268452057089
1250258973288103938
1250259322027663361
1250259741177077761
1250259907443437575
1250260191943127041
1250261630031556608
1250262070257319938
1250262434406731776
1250264044272889861
1250265321518190592
1250265746447323139
1250266179110764544
1250266302293237762
1250266511299596291
1250267040406880257
1250267541189980172
1250267684073164802
1250271105547259904
1250271644926357513
1250271705001365505
1250272259387752448
1250272590364459009
1250272978907975682
1250273115977830403
1250274179376508928
1250274517353521152
1250274881922404352
1250275196851720192
1250275341219708930
1250275444080820227
1250276199256866816
1250276963681316864
1250278017412128769
1250278296001994752
1250278558578012161
1250280033098199041
1250280465149255683
1250280590223347714
1250280789196988418
1250281481953398785
1250282960588124169
1250283210333798400
1250283585442988032
1250283585468129281
1250283877555265537
1250285164040613889
1250285197746032640
1250285256436940802
1250285694091550722
1250286089387950084
1250286910410338304
1250286930576596996
1250287038219218944
1250287262975193088
1250287302162579456
1250287548867284993
1250287619553951746
1250287979093876737
1250288291703746561
1250288461317165062
1250288480124407813
1250290011888447488
1250290744960544769
1250291262688616457
1250291310071648257
1250291358805315584
1250291517618454530
1250293639802052608
1250294585755971585
1250295503360651264
1250295678384795648
1250296054211170304
1250296062830469124
1250296340925394951
1250296635256524803
1250299589476769792
1250299674247876608
1250300867787411458
1250302131535400960
1250302311680770050
1250303072930164738
1250303129683259394
1250304715188924421
1250305162167504898
1250305858929475585
1250306061015207937
1250306839356440576
1250307014615379968
1250307102599307269
1250307790825873408
1250308802387144707
1250310476967202817
1250310605736529920
1250310986113806336
1250311012202364929
1250312016977203206
1250312265091280898
1250314092004311040
1250314208840790018
1250314279934259200
1250315040965582849
1250315430624776192
1250316760332427264
1250317870082322434
1250318024675954692
1250320262223892480
1250321011808985089
1250322375444279299
1250322626871881728
1250323455255302145
1250323630363308040
1250323845350752257
1250325350350852096
1250326469517041665
1250327026071822337
1250327956687183880
1250328683593621504
1250331732089290753
1250334373741641729
1250335826132656128
1250337182935474176
1250338055782715399
1250338348989698049
1250338804780564482
1250340626542944258
1250341261917048832
1250341674108084224
1250342127487205378
1250343926117961731
1250344927843631104
1250345584378052610
1250346536950620163
1250346920620331009
1250351590663270400
1250352203027505154
1250352662681227271
1250354054477180928
1250354187310751746
1250357540455452672
1250359969611943937
1250360074381471744
1250360372344655872
1250361477908725761
1250364586781360128
1250365727258771456
1250366228020920320
1250366239551021056
1250366317183418370
1250366437841088515
1250368878988820480
1250369614602588160
1250370185438957568
1250371704452345856
1250372010338729984
1250372103754285056
1250372304569110531
1250372492591423490
1250376593681395714
1250376913379459072
1250377914790449157
1250379806157357056
1250380119635447808
1250381200868249600
1250384037413257216
1250385441557106688
1250386018781585408
1250386163254214656
1250387843500802048
1250391937762217984
1250393288722403328
1250394306898100224
1250395675851771904
1250397396263153665
1250398973136760832
1250399504437661696
1250399649313067009
1250403845609410560
1250405131989983232
1250408005541101571
1250408310039138309
1250408431837560832
1250408453559873536
1250411317061496832
1250413314745778177
1250413565024051200
1250414384028848130
1250414645501779969
1250415389504233473
1250417992707362816
1250429620307906560
1250433355876728834
1250433461942247434
1250433484360781824
1250438496059154433
1250439638520492040
1250441280548524032
1250445118164873216
1250447114452078593
1250447502546841602
1250447939685584896
1250449013792366594
1250450140411936769
1250450235114934272
1250451641888722944
1250452073428086791
1250452354853244928
1250453473897771008
1250460179277082625
1250462842488119302
1250463057605619714
1250463607122300930
1250474568994750465
1250474879826235392
1250475757849083905
1250475839080108033
1250477572443389954
1250478443394981891
1250479373381222400
1250485493101293568
1250485705685385218
1250485939782078464
1250503981966581760
1250542594712416256
1250542606183878657
1250542625637072896
1250542638840733696
1250542649603264513
1250542660441407488
1250542672214818816
1250542691034599424
1250542706398355456
1250542717895012353
1250542729253150720
1250594282328608768
1250605063686418436
1250614555719241728
1250618451057467397
1250619062343753728
1250619644580229120
1250630036492673024
1250642093938098176
1250643867050766336
1250694612768878593
1250694779668533248
1250703178699431936
1250767322588971009
1250767445989580800
1250813845372719110
1250814679682703360
1250814750608375808
1250814888470917120
1250814912751742979
1250814950945075200
1250814981903233025
1250815018376912896
1250970256849301504
1250978593569517568
1250979473794588672
1250979947276931074
1250983984307175424
1251009632429936642
1251009647546269697
1251055970228174848
1251061001299980289
1251062457851838466
1251087114134974465
1251103788116570112
1251127241209196547
1251189928408440833
1251205158244978688
1251274804457623555
1251427616533262336
1251429697117753344
1251430274891563010
1251478384820932614
1251509331280838660
1251564251401072640
1252088057450262529
1252287225317847041
1252287236088840193
1252287247266660375
1252287257483984905
1252287269563625472
1252287283086016514
1252287290493157376
1252287300832092161
1252287310919462912
1252287318771154960
1252287330142093315
1252305716225773568
1252330188135776262
1252330202874576896
1252539337637597189
1252541665434234883
1252591359892078592
1252593058954113025
1252639300107137026
1252652495429492736
1252919055415009284
1254639007859785728
1256837563999850497
1256918910391078913
1256918935661768706
1256918947229646849
1256918959258923008
1256918973947342849
1256918987184566272
1256919020281819136
1256919030453035008
1256919070760333312
1256919081980051456
1256919092482592768
1257469604546281477
1259847587793903618
1259847593246556161
1259847602708844547
1259847607104479234
1259847615488970753
1259847619544788993
1259847638595272705
1259847645264297991
1271674403068116992
1274330411150086145
