id
1252402434523033602
1252406229650923522
1252408036477464576
1252408598874869770
1252408720106991618
1252408942988161026
1252409527586045956
1252409833216634881
1252410151782367232
1252410402568237057
1252410646894751750
1252411158151041024
1252411335138086914
1252411987687911425
1252412330844909569
1252412517113950209
1252412622286155776
1252413046787432450
1252413809123188736
1252414128079044610
1252415132593827842
1252415867150667776
1252416226434793473
1252416570476818434
1252416802916712450
1252416876304465920
1252417041417396224
1252417350252421120
1252417380203941889
1252417509971472386
1252417839559925762
1252420677480534017
1252420694408716289
1252421712789921792
1252423421574541314
1252424324868239360
1252428099481767943
1252428161788243968
1252428324548173830
1252428448741470209
1252428637430706176
1252428971129466880
1252429113899380740
1252429377897287682
1252429733104476164
1252429788314140672
1252430299805315072
1252430330209824774
1252430908348481536
1252430952820695042
1252431248418410500
1252431368228765699
1252431793224990722
1252431819007332352
1252432093335842817
1252432183974785027
1252432592399241224
1252432655208951809
1252432667338924033
1252432726424055808
1252433313135878145
1252434171244376066
1252434906476449795
1252435241139990530
1252435614680576005
1252435710507773952
1252436022375243782
1252436080923570176
1252436317377445888
1252436737889992704
1252437436174458881
1252437976849584136
1252438819032317954
1252438861013106688
1252439367986999297
1252439442515619841
1252439523717341186
1252439972977627137
1252440009874890753
1252440414117720064
1252440735858610176
1252440890397782017
1252441078441152514
1252441293252227077
1252441297673007104
1252441688481468422
1252441810007293952
1252441851618967552
1252441923144445955
1252442342042112001
1252442467561082880
1252442552935931906
1252443023268384768
1252443474718269442
1252443767237259268
1252444295069462528
1252444334223290369
1252444632538963968
1252444792467808261
1252446619884064770
1252446627794579458
1252447710604476417
1252447755475116035
1252447916255375361
1252448095717036033
1252448274537046016
1252448803367432192
1252449173770604545
1252449174202638337
1252449253701480448
1252449546979799040
1252449817411772416
1252450349509742593
1252450775055233024
1252450778343768064
1252450898674176010
1252450986666397697
1252451323376570368
1252451568521076738
1252451605728772098
1252451633998336000
1252451803045801985
1252452100828565504
1252453084262838272
1252453157247934464
1252453216186445824
1252453591664652288
1252453754361839616
1252453776549539842
1252453874054631429
1252454319007264768
1252454616538775554
1252454628752408576
1252454670397665280
1252455154986688513
1252455326349004801
1252455576711266304
1252455628943089665
1252456088374513665
1252456403396104192
1252456916636352514
1252457122912243712
1252457149965283331
1252457253950513157
1252457300096282625
1252457342274162690
1252457385526013953
1252457471374852098
1252457585506242561
1252457739357499392
1252457862300938248
1252458055574446081
1252458159060336640
1252458287506681859
1252458363633491968
1252458505098760192
1252458706433912832
1252459043584724992
1252459093266059264
1252459219586027520
1252459268869165056
1252459401665019909
1252460141544271873
1252460215158493184
1252460478921465856
1252460968140918786
1252461231559995392
1252461371934924801
1252461379082018816
1252461555003916289
1252461571520921600
1252461739322380288
1252461800617938944
1252462082299097090
1252462473703120896
1252462777664335872
1252463041502949378
1252463144603131904
1252463545955966976
1252463642550906881
1252463752269582336
1252463944007966721
1252464014812000256
1252464022231764992
1252464388574818305
1252464957087780864
1252465077506109441
1252465514380537860
1252466683752484866
1252466766518693888
1252467071385923584
1252467077312507907
1252467084845395968
1252467092026036225
1252467100045598720
1252467113463144448
1252467120924811264
1252467128575254528
1252467139467829248
1252467147084726272
1252467297630871552
1252467972804755458
1252468032963821568
1252468067122270209
1252468078203604997
1252468091050774529
1252468106162769920
1252468117416050688
1252468129680236544
1252468139197108227
1252468148961411072
1252468159120105475
1252468344445210625
1252468372194816000
1252468405107482625
1252468738370109441
1252468747006173186
1252469123344470016
1252469141413351425
1252469298599268355
1252469558440611842
1252469748345921537
1252469958627389442
1252470150919368705
1252470328493699072
1252470765200404480
1252471174119911425
1252471221909741568
1252471531541684224
1252471601070698497
1252471632418889728
1252471727424077824
1252471807665336325
1252471858525425664
1252471864498073601
1252472058572754944
1252472253846925313
1252472361590288386
1252472477281894403
1252472663135698944
1252472881281265664
1252472909018193920
1252472955310764032
1252473100270067712
1252473322853462017
1252473459537403904
1252473802379816962
1252474241573769218
1252474470675238912
1252474701319790592
1252474870518018050
1252475024641937408
1252475033827463168
1252475133068865536
1252475189037686785
1252475310756397058
1252475565417742342
1252475910185381889
1252476334858579968
1252476403938803713
1252476429704368129
1252476654355652608
1252476823205748747
1252476842331607040
1252476970266435588
1252477103510925312
1252477109651398657
1252477383057092608
1252477481518424065
1252477855868436480
1252477932385087488
1252477972705161216
1252478042729054209
1252478070679728130
1252478298107478016
1252478510691520512
1252478578358226947
1252478639838425090
1252478762924429313
1252479972901392385
1252479983164854273
1252480061577457664
1252480407502643200
1252480729017016320
1252480795903758336
1252480955304022017
1252481219134025728
1252481281209712641
1252481374847549441
1252481475557101568
1252481516300460032
1252481520037539840
1252482088617443337
1252482295132352512
1252482711983276032
1252482717213548545
1252483257389715456
1252483395516370953
1252483795879628806
1252484040344682496
1252484177837977600
1252484532751613953
1252484607670394881
1252484702134550529
1252484804475576321
1252485251990863872
1252485313752035330
1252486265078861824
1252486475159007233
1252486480594784256
1252486629840654338
1252486639596625928
1252486664955392001
1252486675369832451
1252486691127873537
1252486734597599233
1252486745523761153
1252486752536682496
1252486753627197440
1252486762284199936
1252486769846566913
1252486815501574144
1252486922322104320
1252487467501973504
1252487498309283841
1252487926664986624
1252488003101970432
1252488183075401728
1252488205015941122
1252488209424158721
1252488450449666048
1252488814141911041
1252488828549398528
1252488925882445826
1252488964881039360
1252489386203049984
1252489408407695360
1252490191949848577
1252490271721320449
1252491153691164674
1252491633989320706
1252491903427244032
1252491941096243200
1252491963816910848
1252492021345841152
1252492108902039559
1252492251063889921
1252492294214672385
1252492399219105792
1252492480697647106
1252492560632737793
1252492641771466753
1252492975554297858
1252493356632100865
1252493491357143040
1252493572223283202
1252493681640108037
1252493746249195520
1252493994124337153
1252493995831365634
1252494199062056960
1252494227373568000
1252494359343230976
1252494500158566403
1252494658711818241
1252494835375693830
1252494944654127111
1252495334015668224
1252495561061625861
1252495651570462723
1252495674567843840
1252495707363147776
1252495800757878789
1252496230476849155
1252496284465823747
1252496301909880833
1252496331920162816
1252496606110212097
1252496819122106368
1252497015021289474
1252497140326129664
1252497190259429383
1252497219749634048
1252497231992827904
1252497241392193541
1252497248103149569
1252497273755512832
1252497283695939585
1252497293229592577
1252497303144980480
1252497312682840064
1252497327345958913
1252497331309723649
1252497343624015878
1252497436225843200
1252497516278370307
1252497597543133185
1252497604341952514
1252497659350274048
1252497686680330242
1252497823351873536
1252497997499265024
1252498051551260672
1252498201816363008
1252498401024856065
1252498639500349440
1252498663043022848
1252498696337408000
1252499223079030784
1252499335289294849
1252499562708664326
1252499751720742914
1252499886399819776
1252499923720826880
1252500212192432128
1252500456351252482
1252500470872104960
1252500510537547776
1252500577507921922
1252500663436578816
1252501122251493376
1252501183911964672
1252501527891046401
1252501585105522688
1252501623374405633
1252501652931657728
1252501684669964290
1252501745340575744
1252501830355111936
1252501843252523009
1252501856796004358
1252501893630353409
1252501934705184773
1252501947652796416
1252502002472497152
1252502009787244544
1252502080717283333
1252502131439022081
1252502136547471360
1252502183976800256
1252502229619179520
1252502461148872710
1252502499526770689
1252502784974315521
1252502798161244161
1252502892063232001
1252502905518579714
1252502974246486017
1252503125040091136
1252503135324700672
1252503136251543552
1252503312034721792
1252503416703598592
1252503454603452417
1252503686770647041
1252503759852195840
1252503874016956416
1252504013100089344
1252504077788905477
1252504162396446721
1252504347595943936
1252504357347553280
1252504618950483969
1252504705831329793
1252504710671740928
1252504733207498752
1252505171738886144
1252505456079065088
1252505456326705152
1252505645573521408
1252505798011387905
1252505872586039297
1252505936758886401
1252506317547139073
1252506672125235200
1252507168961523712
1252507233272893442
1252507273383096320
1252507305360470016
1252507381583544321
1252507386176172033
1252507410612097024
1252507423908265984
1252507514001735681
1252507566027882496
1252509599762018304
1252509637326172160
1252509651062493184
1252509669819428864
1252509699238318081
1252509719412891655
1252509745086259200
1252509762006028288
1252509778552557568
1252509796047007746
1252509809342992384
1252509876263190529
1252509993481297920
1252510360155967489
1252510678654439424
1252510700628402178
1252510721759272960
1252510791636410368
1252510954786451456
1252511031399759872
1252511470199414784
1252511906621018113
1252511976577589249
1252512171398885379
1252512528606752768
1252512945809920001
1252513094225412097
1252513243492474880
1252513584526983168
1252513836835303426
1252513991596732416
1252514377799856129
1252514398444404738
1252514478844829696
1252514629500022784
1252515057126084608
1252515154152943617
1252515458395205632
1252515537449451520
1252516116166934528
1252516243644411904
1252516319376752641
1252517014683279361
1252517380929933312
1252517973861883906
1252518575115587584
1252518599970877440
1252518844200976385
1252518856985174018
1252519136086962177
1252519197768208385
1252519467113799680
1252519585493815297
1252519615214702592
1252519640690917377
1252520097735782400
1252520122788360193
1252520338316918785
1252520565115457537
1252520776311455745
1252520791976992768
1252520878614724609
1252521228859871232
1252521253480493056
1252521725629132801
1252521933037465600
1252522420474466305
1252522481446825984
1252522487734136833
1252522494621179907
1252522705695338498
1252524267083689984
1252524655400771584
1252525085870546945
1252525199624265729
1252525205009821696
1252525215059337216
1252525254179647494
1252525255664365569
1252525257732190214
1252525265722327041
1252525273779630081
1252525282172387330
1252525312526565376
1252525799946833927
1252526031015051265
1252526072966443009
1252526947508162560
1252527152056025088
1252527639010504704
1252528589162991616
1252528705466818565
1252528773200662530
1252528803630313474
1252529031318327296
1252529620353720320
1252530491955109888
1252530753482588160
1252530962941882368
1252531685343649793
1252531938683785221
1252532560942505986
1252532604210835456
1252533142566563841
1252533505638060033
1252533866235076608
1252534347158089728
1252535352079736832
1252535382152863744
1252536067946758147
1252536216215584769
1252536935840612352
1252536961413206017
1252536973434056704
1252537051490078720
1252537813574262784
1252537836986929152
1252537873611526146
1252537948471537665
1252538622361780224
1252538809989857280
1252538968614338560
1252539177092050944
1252539201901301761
1252539317685125124
1252539380415094785
1252539803729616897
1252540063172493317
1252540225005383686
1252540557513166851
1252540656049967105
1252540855795228672
1252540986334429184
1252541088826449921
1252541095591809024
1252541259698155520
1252541888646623232
1252542057819672576
1252542370278715394
1252542881384091654
1252542888602468352
1252542905664909313
1252542924400791552
1252542935113105410
1252542971112837124
1252543083289460741
1252543106467201024
1252543214415941633
1252543229997862914
1252544045827514368
1252544275142901760
1252544356143095808
1252544697790197760
1252544868972326912
1252544941701476355
1252545122522128386
1252545150989058048
1252545530875404293
1252545628527198209
1252545762220793857
1252545790637031424
1252545904709472257
1252546043482214400
1252546069868605441
1252546123421507584
1252546236734816262
1252546292460294145
1252546426510270465
1252546428741783553
1252546472668622850
1252548501474439169
1252548646152765440
1252548825404723200
1252549189730471936
1252549686470336512
1252550607958798338
1252550673004027905
1252550965489786883
1252551122239156224
1252551506890375169
1252551574590615554
1252551623429074950
1252551768002621440
1252551924227825666
1252552074010624002
1252552410712727554
1252552714179002368
1252552910933655553
1252552958505443329
1252553284533043200
1252553696921047041
1252553715082498050
1252554283305725952
1252554511253635072
1252554596775493632
1252554620729200641
1252554661124550656
1252554714719404032
1252554732352286720
1252554741541986304
1252554787368980480
1252554795040243714
1252554808294342656
1252554835917848577
1252555733197115392
1252557030474293248
1252557599658004481
1252557758815059968
1252558218540331009
1252558338090549255
1252558349213679616
1252558389734977542
1252558443057201154
1252558711937089542
1252558956435607553
1252559466966458369
1252559530858180608
1252559808865144834
1252561088341782528
1252561570149937153
1252561917173854209
1252562651902644224
1252562927887904768
1252562990672556032
1252563041025024000
1252563107055988736
1252563599265914880
1252563981207629824
1252564024006336512
1252564102796337152
1252564124850102272
1252564363132596224
1252564412516298753
1252564667718930432
1252564752238120960
1252565068232962049
1252565266006855680
1252565334092988422
1252565391731068928
1252565431182692358
1252565962601029632
1252566275903107072
1252566350079250432
1252566404726796288
1252566766976249856
1252566801189199874
1252566852141629440
1252566862098907136
1252566903370866688
1252567021251727361
1252567117154734080
1252567372939943937
1252567379663437825
1252567386596622338
1252567421929619457
1252567445795201026
1252568281820479494
1252568299717529600
1252568313252605953
1252568359117271043
1252568370781642753
1252568381724585984
1252568395037306882
1252568407641255936
1252568419687297026
1252568431422930944
1252568717587673088
1252569277539987457
1252569456229756930
1252569536160690177
1252569550043807744
1252569603848339462
1252569621938360320
1252569636798779392
1252569659779330050
1252569671611543552
1252569684987133952
1252569708915638275
1252569726141607939
1252569742100934656
1252569760203542528
1252569802805137408
1252570034573991943
1252570164618379264
1252570174407864323
1252570186097582081
1252570234545999872
1252570371347210241
1252570498099081217
1252570504755634179
1252570673198833665
1252570731180785665
1252570773878747137
1252570778568097792
1252570921359073281
1252571399601831937
1252571500223160320
1252572069595959296
1252572092735913984
1252572256242331651
1252572983425552384
1252573272127893504
1252574407282720769
1252574600971513856
1252574825115054081
1252574947748179968
1252575113112739844
1252575155412283392
1252575260240605190
1252575310748561413
1252575344382468097
1252575633340657664
1252575710557995008
1252575822155636736
1252576015097794566
1252576323123412992
1252576517311221761
1252576697930506240
1252576994455240704
1252577130975649793
1252577615442927616
1252577900248698880
1252577965222899713
1252578176758210561
1252578248799576065
1252579477063823361
1252580172978520064
1252580267337879552
1252582207329193986
1252582208835108864
1252582621277614087
1252582823287943168
1252583591265087490
1252583820223639552
1252583956597272576
1252584088516481024
1252584447670513664
1252584497372999680
1252584500309024768
1252584526573899777
1252584545746063368
1252584605971959808
1252584818409304064
1252585175529259008
1252585218709450752
1252585313593106433
1252585319104307201
1252585349647200257
1252585377610764290
1252585387341594624
1252585479716782081
1252585561048547328
1252585619814940672
1252585646142570500
1252586003413401600
1252586504335101952
1252587110223081472
1252587314460659712
1252587336065445889
1252588127367032834
1252588709930602496
1252588987484700672
1252588995323678726
1252589021559058432
1252589129906425860
1252589191872954368
1252589197208125441
1252589511025946624
1252589539668844544
1252589598141644804
1252589799526920192
1252590082067816448
1252590293678985218
1252590649884450816
1252590918546477056
1252591165276188672
1252591340787040256
1252591705271840775
1252591716743274501
1252592123293003776
1252592394865799168
1252592445667397635
1252592494480461825
1252592653494968321
1252592924468015107
1252592980411604994
1252593166844231683
1252593634190307329
1252593791787098112
1252593812934778882
1252593990295105541
1252594468210892808
1252594651187392512
1252594858499297282
1252595766536728576
1252595932635336709
1252596056031850496
1252596084859236352
1252596268355817472
1252596317529845760
1252596741859209216
1252596813959487494
1252596870691446785
1252597041496113152
1252597134899023872
1252597302830796801
1252597399408779264
1252597500982198272
1252597801013436417
1252598015317032961
1252598190387298306
1252598452485099521
1252598467228102663
1252598840592646144
1252598950869168128
1252598966413414400
1252599015654465541
1252599142674845696
1252599289840316416
1252599408098598912
1252599556241588226
1252599774454280193
1252599777004367874
1252599845996675072
1252600076662304769
1252600436336373760
1252600525117247489
1252600549821702145
1252600667677634567
1252600851748667393
1252600917612023808
1252601170931007488
1252601287537037312
1252601510795587584
1252601775737069569
1252602485149011974
1252602920245301249
1252603206124724227
1252603431090454530
1252603965847375872
1252604120222982145
1252604168700739584
1252604281468989440
1252604314234675201
1252604535169863680
1252604712345497607
1252604758138839043
1252604792091717633
1252604886115475464
1252604948346368005
1252604952519700482
1252605006001266688
1252605415155576833
1252605459615215618
1252605510429184002
1252605548299780102
1252605568797290496
1252605739698401280
1252606083773825024
1252606173787770882
1252606176593936384
1252607056084959232
1252607131120877568
1252607196585553920
1252607199915814913
1252607375162224640
1252607970447446018
1252608284759977985
1252608685882261505
1252609483030671360
1252609682046283776
1252610443769548800
1252610480952111109
1252610648279617536
1252610855906144260
1252610884184059904
1252610924445233156
1252611592845275138
1252612120014802944
1252612388974555143
1252612687692836866
1252613015448379392
1252613361310797829
1252613412191735808
1252613525475860480
1252613585345277953
1252614116276989952
1252614401258958853
1252614529151713280
1252614611192279040
1252614777941028873
1252615745592111105
1252616756226654210
1252617090810482690
1252617273019379714
1252618304398606337
1252618635715190784
1252619264709845002
1252620145010241538
1252620344424370178
1252620930095988736
1252621285026222081
1252621710207201286
1252622399998251015
1252622408185331713
1252623097305260032
1252623261898170368
1252623632037105664
1252623867673145350
1252624088088096770
1252624477416030208
1252624645355761664
1252625060625616896
1252625066270965760
1252625489006649345
1252625564449587207
1252625743122542592
1252625849725026304
1252626759314362368
1252626981377564678
1252627709491941376
1252627750780899329
1252627801355632640
1252627882397986817
1252627897136775169
1252628034751852544
1252628052942573568
1252628058722324482
1252628068285497344
1252628256328572930
1252629390946709504
1252629436890935296
1252629505539141632
1252629905398853634
1252629976970670082
1252630306575863808
1252630387106263046
1252630413027299331
1252631253406212096
1252631364513357824
1252631827145125890
1252631911802875905
1252631956107325440
1252631972138160131
1252632038118752256
1252632090962616320
1252632262027296774
1252632277294563330
1252632651854311425
1252632865256304641
1252633204441350144
1252633310313869312
1252633516485074944
1252634144892317697
1252634247174565888
1252634496618262533
1252634689346494466
1252635370182766598
1252635396342603784
1252635483944992768
1252635576551047173
1252635905061523462
1252636857143365635
1252636931634020355
1252637856927035393
1252638010925035523
1252638018764042240
1252638643971227649
1252638762951041024
1252638908204056576
1252639122960683008
1252639401202446336
1252639485562503169
1252639951369322496
1252640052552904704
1252640326650454017
1252640600588861441
1252640612869787654
1252640653265100801
1252641160763445248
1252641980053549056
1252642242008739847
1252642370723606528
1252642609215889408
1252643098858885120
1252643352689991681
1252643509439541249
1252643526682177537
1252643715899731974
1252643840785362945
1252644386627706883
1252644391656644608
1252644501216038912
1252644534552420354
1252644589963546624
1252644836273881088
1252645034916114432
1252645052628664322
1252645126599348224
1252645152528596992
1252646621617283073
1252647117014757379
1252647606779383808
1252648401897848832
1252648806002208773
1252648807545765890
1252648832887779328
1252649531914805248
1252649682389565450
1252650449053708288
1252650576954957825
1252651018942205952
1252651186618077187
1252651200559804418
1252651202858217472
1252651474040918017
1252651619209981953
1252651641607565312
1252651655838892032
1252651775485599744
1252652110279147520
1252652213328994305
1252652638945988608
1252652926813659136
1252653322999230465
1252653511269126147
1252653944997769216
1252654000815497216
1252654207573741568
1252654594485698561
1252655606223089664
1252655688678912000
1252655700817219584
1252655845914996736
1252657620743098368
1252658213666779136
1252658416142647296
1252658709743964160
1252659154797264896
1252660769331675136
1252661281150009344
1252661884437835776
1252662382217789442
1252662671909900290
1252663824295084033
1252664644369555460
1252665090421059585
1252665458584506368
1252665611626311680
1252666235117948928
1252666244886478848
1252666254684352512
1252666267049136128
1252666293599137793
1252666309919117312
1252666322057486336
1252666351182704641
1252666480006582277
1252666506049019905
1252666572277080065
1252666723171471361
1252667178504998913
1252669851325227008
1252670160390979592
1252670689020194822
1252670846612590592
1252670908658937856
1252673086996066304
1252674037630808069
1252675659190632449
1252676124242579458
1252677029587292161
1252678638643757056
1252679065510838273
1252679241256271872
1252679314358898692
1252679519334313984
1252679599038722048
1252679639530700804
1252680381536575488
1252681863375749120
1252682821044326400
1252683138322530305
1252684491514150912
1252689951575154688
1252690906148265984
1252692848924753920
1252698725635559425
1252699271570370561
1252699823318478851
1252702674279161862
1252702747721424901
1252702807003672580
1252702912171708418
1252702957113655298
1252703015947120642
1252703086281396224
1252703125712052224
1252714290529763329
1252714819406360576
1252723210946306053
1252731929369206786
1252734970302324736
1252735004779532288
1252736535667126273
1252746647286628352
1252747783485878273
1252752754663022592
1252757189782958080
1252759113433378817
1252760973498171393
1252762964194553856
1252764781028745218
1252764954219823104
1252765045584465926
1252765967123243008
1252768445591982082
1252769938625921025
1252770555675074561
1252777040421416960
1252778098371821570
1252778279771287553
1252781229977546753
1252781273082482688
1252781510714785792
1252782218151440390
1252782710294228992
1252783268241408001
1252784703964246016
1252784957014937600
1252785260837863424
1252785475204546561
1252785562357870592
1252786055901831168
1252786993920012288
1252787636403679238
1252788085756051456
1252789028207788033
1252789560850833413
1252789868041658369
1252790070697799681
1252790668952506368
1252792028510826496
1252793074587238402
1252794518560075778
1252795339498643456
1252795469266169856
1252795595485589505
1252796483642015744
1252796956499300352
1252798160948387840
1252799595941249025
1252799737394163716
1252801181623046144
1252802274042146822
1252803925423427585
1252807674871218176
1252810539371122688
1252810604215021568
1252810916988481536
1252812687844667392
1252812930573234176
1252812933072994308
1252812976987312133
1252813755924144129
1252815028945735680
1252815523680669702
1252815980297744385
1252816799986413575
1252817457074499592
1252817829876752387
1252818172622733315
1252818489775017987
1252819636355084289
1252820885666361347
1252822144678899714
1252823155279724552
1252827187025047558
1252827309133856768
1252831218028011521
1252831384483164167
1252833132220346369
1252835079086174209
1252836178560077826
1252838241239093249
1252838635558195207
1252842453184339970
1252843045562667008
1252844880604221443
1252846338384904193
1252847154755850241
1252847307470471175
1252847373870489601
1252849333839380483
1252849900175257600
1252852152797523968
1252852520591847425
1252854092377944066
1252855095160483842
1252857965125570561
1252858020511379457
1252865518551224327
1252870496292499457
1252873160711528450
1252874019918843904
1252874357711355905
1252877988246388736
1252879988212158464
1252880117770018820
1252881153264021504
1252883428862619651
1252889633312169985
1252891695772913665
1252891816937967616
1252892056558567425
1252892253019725824
1252892792574996482
1252893529312882688
1252897082702049281
1252899132080979970
1252903668426276870
1252907449410973696
1252907462702710785
1252907479811231745
1252911813651398658
1252912140580605953
1252918559522480128
1252929481037148166
1252932254369640450
1252933506004594692
1252937048119316487
1252938178132152321
1252944677013090310
1252948470849171458
1252966470088298496
1252970237986656258
1253014457854259202
1253014470323888128
1253023439633346560
1253045333887574019
1253045462493347840
1253045501533937664
1253049762644783104
1253078167138557952
1253140900273782785
1253159624137531392
1253164192837668864
1253165136723849216
1253185850994647041
1253186409764012032
1253190880556548096
1253196755056750592
1253204514045194240
1253233943391821825
1253294756974653442
1253298166134222848
1253300915483729925
1253837699447836672
1253847499057426433
1254728417313988613
1254728432019288064
1254728444837089282
1254728457222840321
1254728484443783168
1254728497685241856
1254728506698805249
1254743057704144903
1254743243918540807
1254743283227676672
1254743341427838976
1254743398013186048
1254743564954800128
1254743635263922178
1254743698690236416
1254743738947186691
1254743774774910978
1255481206130585610
1260172202252611585
