id
1247315459499683841
1247315470362931200
1247315472225144832
1247315475790360580
1247315477577076739
1247315479426822144
1247315483029692416
1247315484732608513
1247315486578102272
1247315490369757191
1247315492265590784
1247315495868452864
1247315497751740416
1247326452187451392
1247327035195678720
1247328988340449280
1247329484769878016
1247330806869028864
1247332393901383681
1247333014482202624
1247335392010842112
1247335790184554496
1247336313763663872
1247337053429391362
1247337714619281408
1247337974640984064
1247338002923175937
1247338338756919297
1247338517740400641
1247339011946864640
1247340016944025600
1247340109164187649
1247340798485483522
1247341379962802178
1247341380499673088
1247341490902151169
1247341660343644160
1247342181246853120
1247342542913298432
1247342599825842176
1247343009575743488
1247343053108477952
1247343063745196032
1247344698521337856
1247345322122149892
1247346045442330624
1247346648704880641
1247347032169172994
1247347982762004481
1247350969903370240
1247350977146916864
1247352437532323840
1247353204733427713
1247353758486376448
1247354596307005440
1247354856668422144
1247355168795975683
1247355811866611712
1247356254894211072
1247356461925027840
1247356490198863874
1247356540614402049
1247357552863539200
1247357782078017536
1247357828500606976
1247357962517020672
1247358451002437633
1247359081486008326
1247359976625979392
1247360569260126208
1247361703362297857
1247362910126571521
1247363038052663296
1247363119283752960
1247363160731824128
1247363216704819202
1247363269934731264
1247363304437059585
1247363566568538112
1247363655148044288
1247363736840441856
1247363810031099904
1247364807839354882
1247364821244248064
1247366242609983488
1247366403100798977
1247367369581711360
1247367399189278721
1247367632237383680
1247368057460146177
1247368264000270340
1247368962414751747
1247369213951365120
1247369321891971072
1247369395715751936
1247369503773605891
1247369752160268289
1247369816622526464
1247369909023064064
1247370537195556864
1247371393294974976
1247372001339035656
1247372611199184896
1247372670225616897
1247372941223800833
1247373334972477442
1247373499234004994
1247373662526685190
1247373701584007169
1247373710849384448
1247373880953470979
1247374051372236807
1247374757017710592
1247375154906185729
1247375413082374146
1247376171102138368
1247377095354765313
1247377342487351296
1247377465778962432
1247377827030126594
1247377945598910467
1247378133289844736
1247379230352003072
1247380742713167872
1247382435018334208
1247382546377134080
1247382649246756864
1247382714698747904
1247382926095835136
1247383328069582848
1247383338689560576
1247383780358148096
1247384078661218304
1247385699151523840
1247385780718166016
1247385962079911936
1247386299830546438
1247387318048239616
1247387361278713856
1247387556578095105
1247387680125538310
1247387704993579010
1247388029917904899
1247388404301479938
1247388852127272961
1247388932519555072
1247388936931950592
1247389363098382336
1247389681441857538
1247389878003748864
1247389949487222784
1247390211979407368
1247390656898596865
1247390747046731776
1247390875509907458
1247390913535438848
1247391484434771968
1247391490860605441
1247391505012207617
1247391552789303297
1247391638332125185
1247391700521082880
1247392361107173376
1247392503730286592
1247392554187808768
1247392824598777857
1247393470525796352
1247393616051363840
1247393844997414914
1247393857278324737
1247393897707220993
1247393901842821121
1247394073473769473
1247394162707550209
1247394185855897600
1247394442157395968
1247394757556310019
1247394968483688449
1247394994937147394
1247394999794188288
1247395060473139201
1247395072561176576
1247395211916931073
1247395359602565120
1247395497544826881
1247395575462387715
1247395586703159297
1247395604419850240
1247395729510821888
1247396071598206976
1247396726672994305
1247397078113726464
1247397201715724289
1247397219776380929
1247397352639328256
1247398097853931520
1247398147497705472
1247398250774024193
1247398411323621376
1247398478583443456
1247398782884433920
1247399014338715649
1247399602145259520
1247399953544007686
1247400010683052032
1247400102164979714
1247400136126296065
1247400229843775488
1247400457577713664
1247400484408676352
1247400535038119942
1247400855130652672
1247400955374518272
1247401243967807488
1247401293808676864
1247401358098980864
1247401370115649538
1247401395029864449
1247401425132326914
1247401524377956355
1247401550370103301
1247401587330273280
1247401622679896064
1247401654455951360
1247401663494631424
1247401701537017856
1247401728015609856
1247401771393138689
1247401773951643649
1247401902750326786
1247402034636001281
1247402138054971393
1247402342019809280
1247403031186100224
1247403222676865026
1247403244420132865
1247403728136581121
1247404045079203842
1247404075051700224
1247404246758088705
1247404765232762880
1247404846946217984
1247405329966485504
1247405343249846272
1247405433939087366
1247405443451777024
1247405617515360257
1247405747014492161
1247405780262772736
1247405891034349569
1247405983950721024
1247406444699217922
1247406947550167044
1247406993960308741
1247407024050077696
1247407047110307840
1247407966048800769
1247408362506973184
1247408555797274624
1247408632070721539
1247408938921820163
1247409060539805696
1247409076394311680
1247409119046205441
1247409382129725440
1247409553446014976
1247409569250209792
1247409784480915456
1247410179802427395
1247410251801849856
1247410291257880576
1247410467175165954
1247410900891365376
1247410994730512384
1247411502073679875
1247411970191454209
1247412018086207488
1247412051045015552
1247412258147151872
1247412356868485120
1247412515450978304
1247412577983840256
1247412680278695936
1247412752747880448
1247412771802591235
1247412797182341120
1247412844615716864
1247412887586562050
1247412973607550976
1247413168357294081
1247413277455310848
1247414042148212736
1247414084170969089
1247414827720380418
1247414942329782272
1247415019412672520
1247415020318674944
1247415035791466496
1247415104485773312
1247415168012709888
1247415487526350849
1247415584960081920
1247415642040356866
1247415910807175168
1247416061114208256
1247416128646688768
1247416255935438854
1247416618574942210
1247417055495606272
1247417162576220167
1247417176681639936
1247417638193516545
1247418561607303168
1247418820613922816
1247418973525663745
1247419706618687488
1247419763879563265
1247419921459556353
1247420158731341824
1247420200208576513
1247420412260040709
1247420494044774400
1247420858617995264
1247420917883367424
1247420974258991104
1247421057595617280
1247421256527302657
1247422145119961089
1247422301571674112
1247422341992214528
1247422565783457792
1247422766611083265
1247422982001012736
1247423560898863104
1247423653962080258
1247423683817123840
1247423699633852417
1247423767841615872
1247424189276884995
1247425176360243201
1247425505470459908
1247426296520400896
1247426404506951680
1247426416267808769
1247426873929261056
1247426896918282240
1247426984826646529
1247427061829918720
1247427520858714112
1247428269357449218
1247428391956959232
1247428501872893953
1247428520915025921
1247429260664377349
1247429261310537729
1247429870226825216
1247429895703019520
1247429996416651264
1247430518909493251
1247430530653511681
1247430626493353984
1247431124332081153
1247431222822760455
1247431322999627776
1247431564180373509
1247431870259683339
1247432055027195910
1247432224095399938
1247432609069588481
1247432635657248768
1247432734894514176
1247432755362721792
1247432835658428416
1247432855459790849
1247433006106566656
1247433007960600576
1247433211916906497
1247433260797267969
1247433267499814912
1247433378095194112
1247433507946676224
1247433588728934401
1247433598233276417
1247433608370900992
1247433643166797824
1247433649181601796
1247433655586177025
1247433682568089603
1247433775471976449
1247433814143406081
1247433895378710528
1247433905356959745
1247433913787510784
1247433936935895040
1247433993542221825
1247433994959908864
1247434031181860864
1247434039755038725
1247434184374640641
1247434207669805056
1247434208458371072
1247434212988391426
1247434321993936896
1247434383696359424
1247434463245524992
1247434465032335360
1247434471260880898
1247434476839297025
1247434591209545729
1247434641352454144
1247434785351327744
1247434827701178369
1247434907132899328
1247434915613798405
1247434924228898817
1247434993883742208
1247435064356622337
1247435134862651392
1247435174142308352
1247435176600195072
1247435309844819968
1247435322931068928
1247435333483941894
1247435376827846656
1247435437783670785
1247435457106808832
1247435478736859136
1247435489994584064
1247435495514095623
1247435578347376640
1247435595141373952
1247435604540788737
1247435627018108928
1247435630549667840
1247435683670585344
1247435735881224192
1247435786032517120
1247435840202002432
1247435904601350144
1247435927196073985
1247436069508972544
1247436089805029376
1247436102853480450
1247436126886993920
1247436220759564288
1247436256616648705
1247436291244879873
1247436412787372032
1247436626273251329
1247436630757003265
1247436802417278978
1247436983367942144
1247436984999653376
1247437115442380801
1247437208081948672
1247437356119945219
1247437360695918592
1247437487791718402
1247437490018906113
1247437646877474816
1247437652971814914
1247437776129163264
1247437877761445893
1247437919310106626
1247438100306919424
1247438114663968770
1247438128245174273
1247438339096993792
1247438346114088960
1247438438472626178
1247438554256596993
1247438744816250881
1247438899657314305
1247439045988192257
1247439050606178304
1247439086282887169
1247439103634751488
1247439106885312512
1247439137054969856
1247439142033559557
1247439190825943041
1247439277358645249
1247439284648304641
1247439350666674176
1247439421072224256
1247439486637625349
1247439600089313280
1247439705274081285
1247440097437290497
1247440108187353088
1247440116101967872
1247440206187212801
1247440235195056128
1247440246272294912
1247440250403606528
1247440386605248513
1247440503471128578
1247440549570678784
1247440639676968961
1247440775169732609
1247440832954683392
1247440852508487685
1247440945236197381
1247441019953483784
1247441148542504962
1247441162442440704
1247441215601037312
1247441249482637312
1247441251495895040
1247441304067297281
1247441330084569090
1247441351798476801
1247441359167868928
1247441385805869057
1247441524406665217
1247441739758981121
1247441826887303168
1247442025412091904
1247442209147768832
1247442274843148293
1247442664565256193
1247442729799311361
1247442748224851968
1247443017255907328
1247443151079391233
1247443189151252483
1247443542282100736
1247443582648061953
1247443675224793091
1247444000073637888
1247444419009286144
1247444641126834176
1247444656368922624
1247444706016899073
1247444799440867328
1247444905049255937
1247444926700204032
1247444970258100224
1247445127766790144
1247445554373619712
1247445960273195008
1247446040375988226
1247446166519726080
1247446329011220480
1247446344823754754
1247446369603735552
1247447009155362817
1247447011269509120
1247447278144503808
1247447342082473984
1247447464677793793
1247447554872111106
1247447934339178497
1247448025099685894
1247448259393515520
1247448308026494977
1247448387860877312
1247448705579417601
1247448852644245506
1247448858453397504
1247448914300526593
1247449097251872770
1247449107028783106
1247449140218318848
1247449316135862272
1247449390676971520
1247449442879328258
1247449535493705728
1247449951669346306
1247450012792934400
1247450100118384641
1247450236680732672
1247450482835984386
1247451088388624384
1247451445349076992
1247451584960671745
1247451766301450240
1247451778418761728
1247451798836850689
1247451849013096448
1247451960808071168
1247451969452748800
1247452292455923712
1247452344922460162
1247452373003444225
1247452477395435521
1247452724569899008
1247452759181258752
1247453090720051201
1247453501946343426
1247453629885198336
1247453890028515329
1247454011055194112
1247454517056004097
1247454800557395968
1247454861345472512
1247454882853879810
1247454928097796097
1247454966257614849
1247455432299298816
1247455511240273920
1247455701653430272
1247455840291811329
1247455880129335296
1247455913406955520
1247455914199670784
1247456025290002433
1247456458255421445
1247456484960563201
1247456522923167745
1247456657132535809
1247456720688943104
1247456745955287040
1247456847801372675
1247456988872744965
1247457263704363009
1247457480604446720
1247457505183027200
1247457515245391872
1247457631888793600
1247457645360889858
1247457766186160128
1247458033787002881
1247458148647964674
1247458779290980355
1247458976255655936
1247459134041018369
1247459221810995207
1247459447103836161
1247460339467177984
1247460989240356865
1247461542490062848
1247461574240899073
1247461805863002112
1247461826922557440
1247461957222846474
1247462249129635842
1247462297640947717
1247462333812629504
1247462902392446976
1247463043618852864
1247463099294052353
1247463120462741506
1247463183779938304
1247463264109260800
1247463323622244352
1247463400679993344
1247463616455925762
1247463636718596097
1247463670474371073
1247463689449398272
1247463706084012034
1247463736580825088
1247463752288485379
1247463809695924224
1247463813089095680
1247463828083707904
1247463876125323264
1247463957540954116
1247463983797252097
1247464001723752448
1247464029838168066
1247464040823046145
1247464175149789184
1247464222545461248
1247464225687011328
1247464243307237376
1247464300714684417
1247464317454172160
1247464343316254722
1247464434366156800
1247464452489793541
1247464542612774912
1247464558307848193
1247464579027828738
1247464726390394880
1247464746162327552
1247464838701281280
1247464942715826176
1247465065093181441
1247465115680681984
1247465230461833217
1247465235948154880
1247465241287348226
1247465253186592768
1247465258974732288
1247465297671421952
1247465322136756226
1247465411790041090
1247465419574661120
1247465442131587072
1247465802246139906
1247466109197926400
1247466238420254721
1247466300391034881
1247466358951915521
1247466393785651200
1247466528783519745
1247466644542283776
1247466649541697536
1247467008813236225
1247467042912874496
1247467193073205248
1247467393892450304
1247467441254363143
1247467454948765698
1247467729243664385
1247467766988193793
1247467931891425281
1247468083259650049
1247468147575160832
1247468153853997056
1247468332569071616
1247468379654344704
1247468632851894272
1247468747171852288
1247468891007152129
1247469066316439556
1247469086377824257
1247469135572791296
1247469466071359489
1247469469472976896
1247469503090315267
1247469555284234241
1247469587278393346
1247469665682513921
1247469704832155648
1247469855969660929
1247469947917234177
1247470098039705600
1247470283318898690
1247470328734875648
1247470376881238017
1247470401191477248
1247470481093152768
1247470485333348357
1247470737050365953
1247470751596212224
1247470841954213888
1247471268351246337
1247471278241415169
1247471814160211968
1247471891175968768
1247471974403604480
1247471987116503041
1247472058469986304
1247472089797361664
1247472114342531072
1247472124257636353
1247472158395076608
1247472174329282561
1247472423982616581
1247472499211653121
1247472499966619650
1247472679839346688
1247472703121977344
1247472713788096512
1247472729940299780
1247472742695415808
1247472839856230400
1247473108149133314
1247473198947434496
1247473235093893121
1247473245076389889
1247473298390183938
1247473299384229888
1247473302756413447
1247473352043720704
1247473374080593920
1247473395274379264
1247473399300943873
1247473444452622337
1247474023014879232
1247474069714305026
1247474103470051328
1247474138643435521
1247474149963878400
1247474343883321345
1247474401198526464
1247474437307256833
1247474451685314565
1247474576637833218
1247474765230563328
1247474934302912512
1247475261760655360
1247475267301335040
1247475490052403200
1247475693195112448
1247476141843042304
1247476364006981633
1247476589987680256
1247476873912700928
1247476894053748736
1247477304462151680
1247477308807499777
1247477412633296896
1247477441670471682
1247477448817532929
1247477451371896832
1247477470015524864
1247477557231902720
1247477720545505280
1247477720772050945
1247477726472048643
1247478145910890497
1247478154223968258
1247478335522758661
1247478353751191552
1247478575134953473
1247478648786964482
1247478683524190214
1247478712599076864
1247478800465575940
1247478934314209282
1247479114279178241
1247479159908995072
1247479198333014017
1247479206432440320
1247479284232368128
1247479550474215425
1247479580081836034
1247479825104654336
1247479955606261763
1247480033783869440
1247480109243613188
1247480168152612865
1247480200385843200
1247480237044064257
1247480296657711104
1247480488954081287
1247480614313328640
1247480673293619201
1247480695267536897
1247480696278528003
1247480792915177472
1247480820601745408
1247481069630132228
1247481487714185218
1247481646804135936
1247481647429062656
1247481785023266816
1247481829021470720
1247481961389551617
1247482098346160129
1247482246199574528
1247482286573940737
1247482549988777985
1247482574621904896
1247482691001274372
1247482699624796161
1247482710991368195
1247482806944403458
1247482992437514240
1247483063384166400
1247483081419710464
1247483158838181888
1247483499344539649
1247483626356236288
1247483643833933824
1247483693532250118
1247483756912361476
1247483803964067840
1247483845017919491
1247483860386041856
1247483874076241920
1247484008193126400
1247484213768548352
1247484322648481793
1247484437387857921
1247484478714343426
1247484498461114368
1247484500390502400
1247484500474343426
1247484573224599553
1247485060032258048
1247485153582014472
1247485376681275393
1247485874675183616
1247485992333791232
1247486253408210944
1247486332647034881
1247486345863237632
1247486689242525696
1247487019313315841
1247487036623392775
1247487971378380800
1247488272206610434
1247488281379389440
1247488304204808192
1247488407292366849
1247488643624665089
1247488794523103232
1247488859060891648
1247488894288793603
1247488903558205440
1247488950115033088
1247488950219898881
1247488967190007810
1247489846622339074
1247490006760820736
1247490028034351106
1247490055695790081
1247490124847316992
1247490165645496321
1247490238575972356
1247490315365183488
1247490933832052739
1247490974676160515
1247491537505673216
1247491872454373382
1247491921980747777
1247491940334981120
1247491969766404099
1247492075030904833
1247492096560226304
1247492283143872513
1247492527902482434
1247492614380589057
1247492660316606469
1247492683691515905
1247493036503732225
1247493054488961024
1247493103109443585
1247493152962777088
1247493177235451905
1247493190438899713
1247493198663933953
1247493279786172419
1247493445343535104
1247493488653897729
1247493537911861248
1247493553334489089
1247493568547057664
1247493589552095235
1247493644883386368
1247493987952291842
1247494019401150464
1247494039538003971
1247494112762163200
1247494151379148800
1247494574009810944
1247495048742273026
1247495392519786496
1247495396378595330
1247495431614951424
1247495600846680064
1247495690193780736
1247495707704999936
1247495740747726848
1247495868732735488
1247495873451315202
1247495916203831296
1247495920293310466
1247496076250120192
1247496112962863105
1247496126351028224
1247496191966769153
1247496333679833089
1247496354810589186
1247496478295126017
1247496872756826113
1247496923273019394
1247497039803330563
1247497452866793473
1247497457073672192
1247497488501637120
1247498028925120512
1247498047728173057
1247498310144778242
1247499291414786050
1247499313686540290
1247499706353082369
1247499882459303936
1247499939963232257
1247499987061100544
1247500120372867072
1247500258684198913
1247500403819732992
1247500442042429440
1247500616579960832
1247500720200278017
1247501239455297536
1247501445307355138
1247501689910788096
1247502002638082049
1247502307031273475
1247502532940902400
1247502819579457538
1247503138061348864
1247503176523067406
1247503902603464706
1247504020362514433
1247504434843672577
1247504455857135617
1247504650556682243
1247504883097333760
1247504978979065857
1247505139369271296
1247505372937474049
1247505410702995461
1247505719957446656
1247505804237795328
1247505907933679616
1247506084169789442
1247506097486712833
1247506098132668417
1247506275035787264
1247506278705840128
1247506534654971906
1247506797620908034
1247507349218054146
1247507376036405253
1247507707910746113
1247507873782845440
1247508052497985537
1247508125344653314
1247508147301826562
1247508180189339648
1247508417964470273
1247508698076864514
1247508896073187329
1247509048737411074
1247509209790337024
1247509262827311106
1247510181019127808
1247510469004234755
1247510623086206978
1247510785292529665
1247511095922716673
1247511138893312000
1247511318996774915
1247511358146412544
1247511482020941825
1247511483916808196
1247511617614385152
1247512770246881280
1247513196430102529
1247513567139524614
1247513851353915396
1247513967116701696
1247514082137092096
1247514143101353984
1247514246268637186
1247514352099274752
1247514660527656960
1247514698674606081
1247514799359090690
1247514809806905344
1247515157288194055
1247515277396344836
1247515628757344257
1247515769040023553
1247515888942608385
1247516002394320897
1247516030882074627
1247516181537292289
1247516690516045827
1247517106238676992
1247517174509342725
1247517383872229383
1247517569633771524
1247517573123428352
1247517676060237825
1247518657632075778
1247518708706070530
1247518794815164416
1247518854588166148
1247518946468626434
1247520193930125325
1247521178824015873
1247521861312757761
1247522297675526148
1247522485563604996
1247522617201815555
1247522763973128194
1247523113803198466
1247523161412796417
1247523168274616332
1247523303087984646
1247523449951535110
1247523561322868741
1247523879850897410
1247524049971888130
1247524087435415568
1247524132335411200
1247524167890558976
1247524376775249921
1247524413458632704
1247524543893082112
1247524544484478978
1247524556639629314
1247524577149734912
1247524743755870210
1247524752631017473
1247524773543825409
1247524794091753473
1247524878065917953
1247524943337680899
1247525113722884096
1247525173667876870
1247525180924022785
1247525556716883973
1247525737537531908
1247525779807686656
1247525808328990724
1247525944178311171
1247526014818734082
1247526038940213251
1247526206699757569
1247526709311627268
1247526941495685128
1247527081916813314
1247527277211971588
1247527298779074562
1247527676362895364
1247527774610288645
1247527816964399106
1247527883079159814
1247527931766665217
1247528015891853312
1247528159802621955
1247528161069297669
1247528205847683072
1247528679086813185
1247529124253450240
1247529262950658057
1247529325995249670
1247529491074695168
1247529509164744707
1247529514629881860
1247529527611232259
1247529627796430851
1247529687951085568
1247529779684769802
1247529825058746370
1247529888229126145
1247529942696394757
1247530362525245446
1247530660694114306
1247530667312734209
1247530762871533569
1247530789857710083
1247530793724854273
1247531010285170689
1247531097392435200
1247531241399660546
1247532013982060546
1247532212775317505
1247532227136647170
1247532711700344835
1247532801320030209
1247532922552201217
1247532962305867778
1247533068484673536
1247533202861748233
1247533510052601857
1247533582454632450
1247533758917431296
1247533938475556870
1247534086043758592
1247534146991210496
1247534149872709638
1247534458535727106
1247534506904444928
1247534559052230658
1247534722403598341
1247534730834096128
1247535003933655041
1247535039044136966
1247535414765748226
1247535947878547464
1247536197439606784
1247536509625892864
1247536641171836929
1247536779583819776
1247537053161508871
1247537256572678144
1247537265363914753
1247537428300066817
1247537438559363080
1247537673868161029
1247537750301016066
1247537917339164672
1247537964088877062
1247538307778527233
1247538361457184769
1247538411759480848
1247538419363794948
1247538466474213383
1247538832976666626
1247538853889466378
1247539123042185216
1247539174242054144
1247539245079658497
1247539556577988608
1247539657694277633
1247539945931026432
1247539972766236672
1247539987928592396
1247540246884933634
1247540297837326346
1247540415726628866
1247540638909792259
1247541189798031363
1247541256147750913
1247541684604301312
1247541791810654211
1247541912938016768
1247542060816560134
1247542119771725831
1247542357286727681
1247542535326552065
1247542540061958144
1247542631225229312
1247542710648680451
1247542863094673414
1247542988365918209
1247543163150974976
1247543347385782278
1247543391472107523
1247543431053770752
1247543563228835842
1247543587627134977
1247543642043994114
1247543674113671170
1247543689020198913
1247543696087592960
1247543725615534080
1247543744770916352
1247543754426220544
1247543805412118529
1247543808121659392
1247544275354583041
1247544686970933248
1247544821402628096
1247544829267062784
1247544838557294594
1247545076672131072
1247545154518409216
1247545157672566786
1247545215289667585
1247545246214270976
1247545286823731200
1247545297967828992
1247545332373663747
1247545434265927683
1247545767763439619
1247545781965348868
1247545942674300928
1247546136002355205
1247546482758012928
1247546694318936064
1247546706511757313
1247546803525804032
1247546868768182273
1247547050096578560
1247547297027649536
1247547304103428096
1247547467551268865
1247547591169982466
1247548041617379330
1247548073179414534
1247548168838852613
1247548211390119937
1247548405288706049
1247548633450340352
1247549016981700608
1247549073055289353
1247549711440949255
1247549735856193536
1247550146801324032
1247550197330087938
1247550240447578113
1247550261519740928
1247550346169184256
1247550687312891904
1247550868116967426
1247550894020775938
1247550993954304001
1247551340076617734
1247551477670789120
1247551528161792001
1247551749323247621
1247552382273118208
1247552614641717251
1247552822343680007
1247553017747914752
1247553030624391168
1247553031681368064
1247553076971499521
1247553437996175360
1247553650576076800
1247553731232579584
1247553818025320449
1247553917715484672
1247553963412553729
1247554262747336704
1247554288911446023
1247554407992082432
1247554445560270848
1247554657569759232
1247554658341720067
1247554781511479297
1247554996150779904
1247555101146972161
1247555692191305730
1247556052402331648
1247556056210866176
1247556314995159043
1247556550043906049
1247556556385705984
1247556709574475776
1247556910233968641
1247557052878041089
1247557057089134593
1247557188366643201
1247557436740796416
1247557876161241088
1247558024790589441
1247558599137579008
1247558979426770944
1247559526003306496
1247559565975183361
1247560021522579462
1247560644649345024
1247560756385607680
1247560848622542848
1247561411083018241
1247561448986783744
1247561462802939906
1247561749047308290
1247561777455542279
1247561821399027712
1247561911375253505
1247561950344515590
1247562070951776256
1247562247284625409
1247562250660884480
1247562288585797633
1247562289902792704
1247562361617039362
1247562520082046977
1247562590760255489
1247562608024027140
1247563226918711296
1247563407336697856
1247563763261140992
1247563797205635072
1247563800192200704
1247564201612021760
1247564254376390660
1247564275738005505
1247564275742195723
1247564539937189889
1247565521219751936
1247565582657974279
1247565632507265025
1247565781665058816
1247565842499416066
1247566124088057857
1247566214303338496
1247566236075970560
1247566269265526784
1247566695591342082
1247566841368563712
1247566952001765377
1247567090355036161
1247567913663397888
1247568264835641346
1247568765476155392
1247569315773075457
1247569391845142529
1247569429879074816
1247569440645906434
1247570219809140737
1247570250985394179
1247570654804631553
1247570659065999368
1247570764628398082
1247570961286590465
1247570976432222208
1247571005062565890
1247571109815484416
1247571170913910786
1247571173409349632
1247571466729787402
1247571473864089600
1247571489584377857
1247571669746470912
1247571706874433536
1247571711211352065
1247571831680159745
1247571889435955203
1247572505432227840
1247572765005230083
1247573062007943168
1247573125404868609
1247573127938412551
1247573297622966275
1247573537667215360
1247573548480118784
1247573788398473216
1247574374598594561
1247574917861617670
1247575045523685378
1247575374122254337
1247576165281189888
1247576668190855169
1247576937964244992
1247577186652942336
1247577556200685569
1247577570792493062
1247577996652720128
1247578302723702784
1247578342066245633
1247578428737351680
1247578627316699136
1247579956143476742
1247580092236214272
1247581640068435968
1247582112363864065
1247582275245506560
1247583220603817986
1247583492545712129
1247583597206179841
1247583700197335046
1247583750231220224
1247583771160768512
1247583794560786433
1247583807626039298
1247583915574845441
1247584006704697344
1247584381431984129
1247584764204376065
1247584862917128193
1247584968064356353
1247585002180636672
1247585010799923202
1247585027946188800
1247585046166245376
1247585312949309441
1247585760754180100
1247586219359236097
1247586343548383233
1247586393603231744
1247586776702545920
1247586781492654082
1247586946022440960
1247586998006607877
1247587267595517954
1247587520822427649
1247587713496145921
1247588750626115585
1247588854086930432
1247589003521474561
1247589224246685696
1247589380614549505
1247589549317840896
1247590016076992514
1247590138110259200
1247590869139521536
1247591273202155521
1247591966121975808
1247592334172147712
1247592448785866752
1247592452350861314
1247592725647486976
1247593102874796032
1247593876564529152
1247595031491260416
1247596891874811904
1247596929233502209
1247598205497376769
1247598347252187136
1247599865137262592
1247600605125734401
1247601173282111488
1247601401867329536
1247602854560329728
1247605492794286080
1247609817255960576
1247610080540774400
1247610651725434880
1247612536909787136
1247613591248703488
1247614655318626311
1247619009802981376
1247619848206610433
1247620676023980033
1247620706818351104
1247620708152139776
1247621571465768960
1247622129769533440
1247624964355821576
1247634974288654337
1247635050750808065
1247635677258252288
1247636876275712004
1247638372966789120
1247639034261716992
1247641982303780865
1247642151082549248
1247644516737310721
1247667779898970112
1247668036661694464
1247675582525120513
1247682798946627584
1247689073906446336
1247690209619140608
1247690388107755520
1247692030244827136
1247693332274221056
1247693345742184448
1247693354504249344
1247693399584436224
1247693884538236929
1247694259970437120
1247694836049702912
1247695197997125632
1247697535013011456
1247697901654020098
1247698803412500480
1247703202960556032
1247703755543449600
1247705063864152065
1247706832149323776
1247708594453336065
1247708965129027586
1247709236173430784
1247709661027020801
1247709910592360450
1247710016104251392
1247710084429316096
1247710506607149058
1247711748238512128
1247713890919747585
1247714096818069504
1247716481200197640
1247716510828806145
1247717852444012546
1247717974049423363
1247718045264556043
1247718124926844928
1247718748926156809
1247719246454390785
1247719479494062082
1247722481298714624
1247724761779601408
1247725265205096448
1247725778030084096
1247726688684756994
1247727315875844097
1247728274194567168
1247729869523431425
1247730203981299712
1247731113574817793
1247731142922403841
1247733740194820096
1247734208245579776
1247735520353894400
1247735655238529025
1247735860662923265
1247737312026308610
1247737941717168129
1247737952467206148
1247738276061954048
1247739198884286471
1247739429818531842
1247739477532930050
1247740866027868162
1247740890057039872
1247741739164557312
1247743548570488840
1247743998707421184
1247744082228600837
1247744851082219520
1247745465363259397
1247745645416341504
1247745667654541315
1247747454486769665
1247751543593373696
1247751840151654400
1247751961350262790
1247753381524811778
1247753402404069376
1247753439221673985
1247753615839596546
1247755037561905152
1247755254755553282
1247755949189648386
1247757271355940864
1247757670985039872
1247760286850756609
1247762282236403712
1247765040519737349
1247765053807325187
1247767105736331267
1247767804222124033
1247768001555746816
1247768459452100615
1247768784938471426
1247770020773416960
1247770138406862848
1247772731686281217
1247772952881324037
1247773174244102145
1247774162057228292
1247774422267596804
1247774979392802817
1247775841242640385
1247777309035118592
1247779560508125187
1247780100575088642
1247780339893731330
1247780425176453123
1247781589628542983
1247784040934961154
1247785061715300353
1247788049716482048
1247788180654264321
1247790842460303364
1247794611050831872
1247795457666863105
1247798398691856386
1247799245882589187
1247800125650399235
1247800672994471941
1247800685069889536
1247802203458306049
1247803791769886722
1247804404339630081
1247804843005054978
1247805196291301376
1247807015067348995
1247807102204006402
1247810649054310403
1247811625328861190
1247811922835075072
1247816396286771200
1247818671222714368
1247823858821808128
1247824452751994883
1247824878759055361
1247824884350083074
1247824892151468035
1247825019347976192
1247829035729727488
1247833813109084160
1247834680575045633
1247837595217715201
1247838507814420480
1247839694278111233
1247841927476555777
1247845815474765824
1247850702870700034
1247851113069469696
1247853162142171141
1247853168551067648
1247853172384645120
1247856042056331265
1247857259385737217
1247858601722392577
1247864231946366978
1247872359807078401
1247876453871607812
1247876530610384898
1247876641004703745
1247878577950838785
1247879366723252225
1247881410716692481
1247882151644680195
1247904993522270208
1247912221109256192
1247912388675932160
1247912822769582080
1247915550665105408
1247915564435111938
1247915588954939392
1247930936202674176
1247931019405094912
1247932704697409536
1247932713589305344
1247932726063202304
1247935650764128258
1247937104849453057
1247937320034004992
1247937339948535808
1247937340904845317
1247938689449078786
1247938703877521408
1247959056557326336
1247965352304111616
1247981031396802561
1248075777200939009
1248079257525350401
1248087711753236481
1248090640186888192
1248090983889137664
1248091074754514945
1248095960850255873
1248098558093307905
1248099052874391555
1248104921980735491
1248107861340647424
1248137544119676929
1248143545275305984
1248161446527033345
1248178380307959808
1248190183251390466
1248210763514183682
1248215752571789318
1248219908573294597
1248283618381688833
1248448477480112129
1248460375390965763
1248461387145179138
1248497062624120832
1248562300425875457
1248623713223729153
1248623730831458305
1248665577884995584
1248895778640125957
1248919549434417152
1248919956978204677
1248919971976974337
1248919997239283712
1248925103573700608
1248952417191727105
1248961847459381248
1248991933323608064
1248992158863900672
1249184741296934913
1249185732230610945
1249186285958430723
1249187647639216130
1249197660306882560
1249197675314065410
1249278318555172864
1249371915799547910
1249371920463622145
1249371927518408704
1249385266512445441
1249581139259322371
1249725834090315776
1249725836241993728
1249725843749797888
1249929931498217472
1250346657817825285
1250471352533831680
1252138689205022720
1253673997079736323
1255036148633796609
1256127532392345601
1256837587601248257
1257469653946904578
1257700646381170688
1259848251571875847
1259848259721404420
1259848268583972864
