id
1282127666309591040
1282128608903847936
1282129375190822912
1282130311594168320
1282132285513281536
1282132441499496450
1282132488303738880
1282134842696544256
1282135015300542464
1282135842547359745
1282136106696237057
1282140077099892742
1282144497741127681
1282145821115314178
1282146282895601665
1282146550278287365
1282146981251444736
1282147161698959360
1282147378154233856
1282149685226991616
1282149708643708929
1282149808879235074
1282151595614982144
1282152013225054208
1282152760608096257
1282153737461604352
1282153785284947969
1282154147433680896
1282155768075051008
1282155770465796096
1282155926481326080
1282156118366580738
1282156312025894912
1282158116352622594
1282159230003245056
1282160511644086273
1282160584159453184
1282162152615206912
1282164070074904576
1282164345032503297
1282164751896735746
1282165430107308032
1282166049467588610
1282166076994842624
1282167729001127937
1282168623457398784
1282170029920923648
1282170115337814019
1282170249580879872
1282170303502626818
1282170357005332482
1282171643842793473
1282171879554310144
1282172545660149760
1282172811981680641
1282173017481592836
1282173082480721920
1282173436282802177
1282174558594715649
1282174613972070401
1282174755190128640
1282175012384972800
1282175064893358080
1282175595024015360
1282175668000821251
1282177804067454976
1282177976394645504
1282178059844628480
1282178246042218497
1282179173809676289
1282180234721193984
1282180568046661634
1282181099183992832
1282181249306636288
1282181480857382917
1282183499865133057
1282184230466805762
1282184465616273408
1282185096653533185
1282186382077657088
1282186461144465408
1282187674942492672
1282188276191784962
1282188865285976064
1282189027261640704
1282189047041933313
1282189489515884544
1282189805166587909
1282190280452644864
1282190567967875073
1282191905313312769
1282193303450972162
1282193502407815169
1282194982233923587
1282195527753322496
1282195614260813826
1282195769353633803
1282195819999801345
1282195828501737477
1282196207826165760
1282196573070344192
1282197163657715712
1282197315508412417
1282197777045311489
1282198301723385856
1282198566153281537
1282198604791209984
1282198948015292418
1282199061064384513
1282199292715732992
1282199476950536192
1282199494386319361
1282199967549935616
1282199992707379200
1282200517720936449
1282200919166169088
1282200978641453058
1282201087877898240
1282201821075746817
1282202141671620609
1282203062820454400
1282203361442328580
1282203436994486273
1282204137975775234
1282204256791982080
1282204922981740545
1282204963158945792
1282205014304276480
1282205038144712704
1282205048831803392
1282205056968716288
1282205057081958400
1282205111826051072
1282205184370900992
1282205202917908480
1282205260895776768
1282205339568369664
1282205464445325315
1282205561740644352
1282205563770699776
1282205585522352129
1282205627981328389
1282205649800052738
1282205653151309824
1282205671711105024
1282205697371856896
1282205776069554176
1282205784709844992
1282205812711018497
1282205848194842626
1282205884098048006
1282206131872399362
1282206150566440960
1282206171705663488
1282206234972614656
1282206317310959622
1282206384050724871
1282206420310491136
1282206433140813824
1282206536073265152
1282206609486147585
1282206613571428352
1282206614611623936
1282206652561678336
1282206708299948032
1282206959014260741
1282207007013888001
1282207019508748289
1282207186114887680
1282207281614974976
1282207365622837248
1282207425487990784
1282207434463776769
1282207539086544899
1282207590298996736
1282207690786140172
1282207759451090946
1282207767713939456
1282207975420157952
1282208162829881347
1282208239451615233
1282208599465312256
1282208874385141761
1282208941422686209
1282209035354136577
1282209250316410880
1282209366075043840
1282209474074210305
1282209585311256576
1282210729542574080
1282210770499956737
1282210773368881158
1282210913261518849
1282210964146843648
1282211187170500608
1282211800017014784
1282211909215739904
1282211963863396359
1282212024227753984
1282212083103236096
1282212119627223043
1282212381423054850
1282212419515736070
1282212463555997697
1282212643529388032
1282212658205212672
1282212713272193024
1282212911901900802
1282212954817978368
1282213125832376322
1282213391084347393
1282213420649963520
1282213451662626816
1282213981302566912
1282214009354108928
1282214072188985345
1282214174345490434
1282214314158338049
1282214332055445504
1282214655503372296
1282214872885821440
1282214900270415872
1282215011218120704
1282215296061718531
1282215577642078209
1282215653630328832
1282215778696097794
1282215924502654977
1282216702902538240
1282216813678346241
1282217827869446144
1282218406234583041
1282219009165766657
1282219044796370944
1282219474985181184
1282219673245884416
1282220151337713664
1282220172107845632
1282220245244014592
1282220820794728449
1282220827077799937
1282220931197198338
1282221499055661056
1282221591636500481
1282221856812961792
1282222112199999489
1282222157779439617
1282222441029230593
1282222566732529664
1282222907133812736
1282223931814842368
1282224170730786822
1282224423475404801
1282224502043144194
1282224902670409728
1282224923058958342
1282225068316082176
1282225802424102913
1282225816420507654
1282225820400889856
1282225843301842950
1282226719135395840
1282227158035779584
1282227298607878144
1282227467814608896
1282227525712613376
1282227972716417027
1282228084763029509
1282228171408998402
1282228382290173957
1282228392188768258
1282228645122064384
1282229159473950720
1282229225194323968
1282229304512806913
1282229546255650819
1282229812057092097
1282230032039989251
1282230160565997568
1282230453169033216
1282230463034060801
1282231030426918912
1282231210521948162
1282231363324637187
1282231375702061056
1282231386955321344
1282231499006242816
1282231930486833154
1282232110816747521
1282232880261763072
1282233668723806210
1282234454564433921
1282235122352193537
1282235712176177158
1282236476411920384
1282237365818257409
1282237979973410816
1282238156733943811
1282239084123971584
1282239141258776576
1282239999568564227
1282240127012491264
1282241047267995649
1282241443407425536
1282241453519929344
1282242104563920902
1282242297573199872
1282242415068196868
1282242442641551361
1282243094881034240
1282243250024116225
1282243304701263878
1282243836677197825
1282244014461218824
1282244427973615618
1282245563203809280
1282245656694927362
1282245737443553280
1282246005031723008
1282246083586879488
1282246275967021057
1282246488941199361
1282247011756957697
1282247046829760513
1282247100386828288
1282247338652610561
1282247537672417281
1282247591611166720
1282247594635259904
1282247629284339714
1282247638490861568
1282247643968798720
1282247648708182017
1282247663870603265
1282247675841261569
1282247683244036096
1282247723035447296
1282247736096522241
1282247749283373056
1282247775854276608
1282247776647053312
1282247825779126272
1282247835375726592
1282247853813886976
1282247866698760197
1282247920792698882
1282247938731700227
1282247947531370497
1282247951293673472
1282247979517112321
1282247986307674112
1282247997846286336
1282248014636085249
1282248032587624449
1282248044101038080
1282248053089435649
1282248064107835393
1282248065877807104
1282248083552604160
1282248102053699584
1282248174531342337
1282248196752719872
1282248205162274816
1282248234778296320
1282248261978341377
1282248268999585792
1282248332920762368
1282248348989157376
1282248416609935361
1282248459060310016
1282248479809523713
1282248509408698368
1282248516216086529
1282248590992130048
1282248618095730688
1282248646075940864
1282248754645458945
1282248768767680512
1282248789093421056
1282248794118082560
1282248863693205504
1282248879551856641
1282248945092030464
1282248998695231489
1282249001891397632
1282249131809894402
1282249139967848449
1282249176181432320
1282249207168946176
1282249211237462018
1282249215054245893
1282249308012572672
1282249528410730496
1282249566843138050
1282249583603531778
1282249592679981056
1282249638083309568
1282249728797798400
1282249863401361408
1282250027214098432
1282250047896215552
1282250086827745281
1282250224786784261
1282250235016704001
1282250236656664576
1282250241245278209
1282250246706225157
1282250275579805697
1282250416319877120
1282250429389082625
1282250451476312065
1282250491318034434
1282250767156408320
1282250768112734208
1282250783333814272
1282250797762273280
1282250834508541952
1282250891328806912
1282250952246870016
1282250963256922113
1282250964473311232
1282250981846028289
1282251336851927040
1282251431148310529
1282251463473811457
1282251463478001664
1282251492817121283
1282251570722332673
1282251603156725760
1282251631149506560
1282251739819724800
1282251883206176768
1282251954379321344
1282251994262978560
1282252007491825664
1282252124336746496
1282252124596793344
1282252308647051264
1282252348656619521
1282252362648678400
1282252421113110531
1282252459922997248
1282252463588818949
1282252665229987841
1282252762487468033
1282252795085647875
1282252839918555136
1282252920092794882
1282252930771415040
1282253027953373185
1282253158492696576
1282253307474411520
1282253669396647936
1282253811608719360
1282254527027019777
1282254549797859328
1282254808586444800
1282254880137080833
1282254918108286978
1282254957203185665
1282255204113498114
1282255287517188096
1282255360250638337
1282255600584232960
1282255643412320256
1282256619410079745
1282257344613675009
1282257733438169089
1282257741684150274
1282257765730148353
1282257814069501952
1282257850840920064
1282257899327156224
1282258226189230080
1282258321806749696
1282258359186362369
1282258374491426816
1282258399225356290
1282258450852929537
1282258538132156418
1282258609993404416
1282258869515739137
1282259084519997440
1282259194838581248
1282259254364319744
1282259254863249408
1282259568030957568
1282259677661798400
1282259707885846532
1282259736155443201
1282259887540408320
1282259888656117761
1282259982658842624
1282260299370749952
1282260327267069952
1282260526920200192
1282260602740633601
1282260662576508929
1282260810027290625
1282260846501126144
1282260916160143360
1282261055364718592
1282261151435259906
1282261231185715200
1282261754643312640
1282261794766024704
1282261797190303746
1282262151147565056
1282262456811745282
1282263088276705280
1282263112989601792
1282263517945421824
1282263835630374913
1282263938818641920
1282263973786644482
1282264292851474432
1282264304855605248
1282264424452026375
1282264554592849922
1282264738957688832
1282264761875304448
1282265048497307649
1282265102083923974
1282265846941749248
1282266023425503234
1282266058334715904
1282266311842619392
1282266488720650240
1282266494210961408
1282267022110461952
1282267253317046272
1282267294849101825
1282267296308682752
1282267347198242817
1282267639318900736
1282267967393234944
1282268062440239106
1282268682706550784
1282269161310154753
1282269301886480384
1282269454051602432
1282269739113312258
1282269773443653633
1282269859523383298
1282269975529455622
1282270087039209473
1282270365440372738
1282270387913424896
1282270577819103233
1282270828067991552
1282270896040759296
1282271100043276289
1282271249410822145
1282271289802014818
1282271627464458242
1282271661257920512
1282271756959399936
1282272005518004229
1282272103148986368
1282272105506025472
1282272175496392704
1282272248326283264
1282272248330547200
1282272476865560581
1282272947583848448
1282273031948304384
1282273498686251008
1282273578663256064
1282273652868669446
1282273672632233990
1282273715347058690
1282273896637460480
1282273911283937280
1282274066381103106
1282274153484021760
1282274565868019713
1282274567877062656
1282274850518835200
1282275243038392320
1282275273421975552
1282276925453426689
1282277636320882688
1282277735734235136
1282277947575955457
1282278098637975552
1282278270386356225
1282278319090577409
1282278615548260353
1282278732296667138
1282279313606209536
1282279578686435328
1282279653080621056
1282279843288068097
1282280388279197696
1282280874327728130
1282281048466845696
1282281225361584128
1282281604270833666
1282281804787879941
1282281912816373761
1282281925810417664
1282281968323837954
1282281984618725376
1282282093234380800
1282282222532222976
1282282332662009856
1282282466330341380
1282283087607603200
1282283302368317441
1282283565363933187
1282283569226878978
1282283581843181573
1282283797132836869
1282283827340013570
1282284108211564545
1282284415830290432
1282284420053954561
1282284577696829440
1282284741455048705
1282284780927635456
1282284846883069952
1282284858367041537
1282286230663643136
1282286672592302080
1282286805312651264
1282286999093645312
1282287199635955713
1282288598235049985
1282289414052278272
1282289481027145728
1282289577584062464
1282289959358001153
1282290072516083714
1282290187502903296
1282290259439398912
1282290396261781505
1282290442139168768
1282290874798546945
1282291007594262529
1282291009607483392
1282291115669032960
1282291692847067136
1282291840746569728
1282292459712598018
1282293121301143554
1282293200388886528
1282293797485871104
1282294105020813312
1282294581237669888
1282295040887455744
1282295588709560320
1282295744599220224
1282295781597184000
1282295852422164482
1282295956885565440
1282295993514332161
1282297006073843722
1282297031713624064
1282297108524003329
1282297109689937920
1282297229768704001
1282297482047713280
1282297689254719488
1282297818154070017
1282298019010899969
1282298097456955398
1282298129392390144
1282298533966573569
1282298786161627136
1282298881330630657
1282299132812472320
1282299301587120128
1282299427571605507
1282299442553552897
1282299500581629953
1282299573038268417
1282299760330682370
1282299761970708480
1282299915327029248
1282299924432867329
1282300017772883968
1282300076216340480
1282300184651640833
1282300810156634112
1282302089381597185
1282302189654831106
1282302513903890433
1282302777587204096
1282302795807219713
1282302853663473664
1282303785948217344
1282304315625897984
1282304360786132995
1282304490989858821
1282305215711137793
1282305363656810500
1282305544716337155
1282305785742196739
1282305934232961024
1282306103254999044
1282306515970342912
1282306633662713857
1282306833630130177
1282307476377886720
1282307661699022848
1282307679524761603
1282307806184394752
1282307970206851072
1282309540596158464
1282309810562662401
1282310216466354177
1282310393411432449
1282310506238242819
1282310730658668544
1282311228224704513
1282311314782646272
1282311493720010752
1282311785589010432
1282312131057037312
1282312277983547392
1282312406748692480
1282312439032188930
1282312752959086593
1282312967992877056
1282313629975457792
1282313796820692992
1282314263592185856
1282314481154965504
1282314594048970752
1282314864090742784
1282314966205255680
1282315166877536256
1282315957822619648
1282316189776175104
1282316466201608198
1282316980171636741
1282317237727027200
1282317463904894977
1282317892122378240
1282318001098768384
1282318257928564737
1282318302933479431
1282318827422810112
1282318945534406663
1282319011993096193
1282319342202322944
1282319402818404352
1282319474905853952
1282319750874320896
1282319833325953024
1282320193377599488
1282320504607526914
1282321315047723008
1282321352343474177
1282323405501394945
1282323737958920194
1282323830384594944
1282324072479641600
1282324126535872512
1282324152439894016
1282324264436154373
1282324288742109184
1282324326113579010
1282324484339326976
1282324983080001537
1282325176672112640
1282325388295733248
1282325792010022913
1282325866526068742
1282326021211996160
1282326346987966465
1282326396958904320
1282326407108935680
1282326417930219521
1282327223970566144
1282327470264348672
1282327522852524032
1282327591270010881
1282327778663321600
1282328085598048256
1282328116610752512
1282328186945060867
1282328735358713857
1282328896172486657
1282328978942914560
1282329004746260480
1282329021049532417
1282329160673722370
1282329599905390592
1282329984367910913
1282330086092546051
1282330159601737728
1282330232092073984
1282330390867275776
1282330398031147008
1282330422253248512
1282330510673317888
1282331413795102721
1282331594963873793
1282331633937338368
1282331640103141376
1282331746994798602
1282332407069204480
1282332489785077760
1282332557283975168
1282332657708224513
1282332813128200192
1282332823811235841
1282333012500246535
1282333235905626118
1282333330332020737
1282333397457661953
1282333398191665152
1282333465929609216
1282333642119761920
1282333839822450688
1282333982055469056
1282334063886577666
1282334148498059264
1282334157654429697
1282334170383966209
1282334183868690432
1282334337606668288
1282334362210426881
1282334446096486401
1282334651395141633
1282334970845921281
1282335011471933440
1282335061283532807
1282335106569367552
1282335369258647553
1282335377316106245
1282335424929599489
1282335553346777088
1282335817663311872
1282335923313586176
1282335932343967745
1282336061029363713
1282336343926792197
1282336396691177474
1282336442228682757
1282336631475691520
1282337093771878400
1282337144942456833
1282337203520040960
1282337614700273664
1282338058680119296
1282338197855297536
1282338235775979521
1282338303321075713
1282338325144059905
1282338757648068610
1282338787318616067
1282338823712595969
1282338924602388481
1282338993393160192
1282339041560498177
1282339154672656387
1282339248998248448
1282339400030892035
1282339581795250176
1282339851707183105
1282339871575568384
1282340944407179265
1282341046672855045
1282341083763150850
1282341520964595712
1282341702989000704
1282341807062302721
1282342288832606208
1282342464280571904
1282342619700277255
1282342850047295488
1282343072668491777
1282343248556699648
1282343702321479682
1282343709451808770
1282343965111418880
1282343967649140740
1282343983830556675
1282344691887779840
1282344819646332931
1282344882477002759
1282345077960929280
1282345497366151168
1282346010111606784
1282346119649951745
1282346721498951680
1282346746849316865
1282346894849478656
1282346949404880902
1282347317647962114
1282347757022240768
1282347899284623361
1282347950035791874
1282348226385936384
1282348341603364864
1282348469819076608
1282348598580006912
1282348641487777793
1282348816667049985
1282348963215990785
1282349114684932100
1282349374576574465
1282349405375311872
1282349723932737540
1282349853012451330
1282349902522191872
1282349905692909569
1282350401698791424
1282351225996861441
1282351332918095873
1282351373284188160
1282351469002280961
1282351513843761152
1282351734463950850
1282352055252774912
1282352352817602560
1282352832104919040
1282352848978636800
1282353027081359360
1282353095331045376
1282353167938859008
1282353171231158272
1282353189732245505
1282353310968606725
1282353362394992640
1282353388882026497
1282353398432448514
1282353437531713536
1282353516686782466
1282353523477209088
1282353631237246981
1282353753731956736
1282353759155179521
1282353981444861955
1282354148113960960
1282354360316383235
1282354601077825536
1282354723572428800
1282354796947623936
1282354804501565440
1282354841126232064
1282355000790806528
1282356381169979396
1282356402669989891
1282356922394370048
1282357177559117826
1282357525904388098
1282357860945457152
1282358128143593480
1282358396172132352
1282358644789530625
1282358696597544961
1282358967218302976
1282359013015842821
1282359017252237318
1282359140338118657
1282359235129405440
1282359268092473344
1282359918180196352
1282360052674781184
1282360531387465729
1282360585305247745
1282360655064911872
1282360744428703748
1282361149363634176
1282361181173243910
1282361387256172545
1282361431724224512
1282361654164852736
1282361826274091010
1282362205405696003
1282362206353424384
1282362490567835649
1282362769472274432
1282363298206236672
1282363353843654656
1282363726805585922
1282363832241754112
1282363879666810882
1282364567717380096
1282364988741390336
1282365139866402817
1282365654876606466
1282365924582944768
1282366528835510273
1282366999029374976
1282368026092777472
1282368292842172416
1282368320507789312
1282368552117235718
1282368560501686272
1282368718685655040
1282369073410535424
1282370440757940224
1282370937770270720
1282371418752200704
1282371774361944064
1282372428434464769
1282372517995446278
1282372630671093763
1282372962201423872
1282373416310300672
1282373841260630020
1282374277795217409
1282374979967840256
1282375233953910789
1282375565006090240
1282376209137987584
1282376373466611712
1282376432497258496
1282376771732516865
1282377055427010560
1282377740130246657
1282377969705512962
1282378441371742208
1282378557298077696
1282379738024038400
1282380370281852928
1282381099524485120
1282382518579163136
1282383492119056385
1282383980910665728
1282384142961786880
1282384822350999553
1282385126807093248
1282385330469928961
1282385612922814467
1282385749313110016
1282385877604290561
1282385878363455488
1282386518712123392
1282386535963332611
1282386871171964928
1282387850491596800
1282388076271218688
1282388285839429633
1282389018844581891
1282389021558059009
1282389204832378880
1282389778525122560
1282390314984984577
1282390997088043008
1282391170039967744
1282391193892974592
1282392977294295040
1282393201991577600
1282394003405590530
1282394026163834880
1282394305747750912
1282399358508388352
1282402250707496960
1282407319091859456
1282411453895413761
1282421003600244737
1282427801543544832
1282454265668136960
1282458649806413824
1282468936668213248
1282470138176929792
1282477226370330625
1282483185578725376
1282483803093639170
1282483851567104000
1282485853730689024
1282486909927862280
1282487525009842181
1282487857597181952
1282488813516845061
1282489044903972864
1282490013834293254
1282490325907406849
1282493893783597056
1282494026155847680
1282494463982530561
1282496005900886018
1282496144799457280
1282499792313040898
1282500935986458624
1282502912942370816
1282505080428572673
1282507402655358976
1282508962064031744
1282511101226151936
1282511548062326784
1282512375011135488
1282513671231377409
1282513812252512258
1282513843655254017
1282513968209289219
1282514080830500867
1282514939299725312
1282519574173200385
1282522079036768261
1282526835578818561
1282527703887785989
1282535528781365248
1282535561303977985
1282543457303658502
1282544675912466432
1282549182889263105
1282551071492018177
1282552934379614209
1282557773864034310
1282564365250711552
1282568592857260032
1282578179497119744
1282581779572899840
1282594329882537985
1282596886197805057
1282597688148516867
1282602985692917760
1282609976477995014
1282616992755671042
1282622537835229185
1282627841192980481
1282630975936032770
1282630981136994310
1282631045020446720
1282656299084214272
1282691887581675520
1282693433899925509
1282693603806994433
1282698290073460736
1282725224983621632
1282740122002157568
1282745729878904832
1282745772480528384
1282745993604153346
1282940328123576320
1283078038926721024
1283083005280481281
1283238447373676544
1283325810133221376
1283328126865616896
1283574707552309248
1283789788219236352
1283996200971034624
1284002692650524673
1285037034151632897
1285037144122122241
1285049341283930112
1285076146497847296
1285748836867010562
1287602570509209600
1287602626893238273
