id
1282477269823315968
1282483605130772480
1282484798921957376
1282487703712350211
1282488418866323456
1282490224451309568
1282491671515525120
1282494489580285952
1282499665099800576
1282500047918292992
1282501832439238656
1282501994918195200
1282504258483617796
1282504563736473600
1282505599263969280
1282505906639433733
1282506060750704640
1282510215431127041
1282511423730581504
1282512182417059840
1282512450227593216
1282512592787968001
1282512606436233216
1282513221748834305
1282520701094621184
1282522483262881799
1282524316165238784
1282524809012883459
1282525344944324613
1282529842022322177
1282530254104391680
1282533620813426690
1282534297736327168
1282535278108905480
1282535757215756291
1282536099793920000
1282537148709666816
1282537345988739072
1282537853352841217
1282537981882937345
1282538273483526145
1282539779112878080
1282539891432153088
1282540034587979776
1282542284232200192
1282542495008567303
1282546061630820353
1282546510899539968
1282548065832890371
1282549055277510658
1282549065658494982
1282549115155394561
1282549269388333056
1282549631352582146
1282549980352245760
1282550097369165824
1282550880840056833
1282550902772002816
1282551283035987968
1282551336089706497
1282551490880483328
1282552518145306625
1282552661795934208
1282553274848079872
1282553665895591936
1282553859206836224
1282554526809993219
1282554737636720642
1282555047197302784
1282555889094819842
1282555901421862913
1282555994359263232
1282556585248567296
1282556837435330560
1282556990913273856
1282557345277423616
1282557451443683328
1282557815123398656
1282557967330537472
1282558257647640576
1282559048815001600
1282559517285179392
1282560959525998592
1282561494337458178
1282562162817286144
1282563727628177408
1282563761379749888
1282565078311555073
1282568547709988867
1282568650533134337
1282568708213235715
1282569987698253825
1282570156367986691
1282571527414673408
1282573838455205888
1282579329818353664
1282579495849885697
1282580328863764481
1282580889537376256
1282581785272971264
1282582380671315969
1282582541854072832
1282582736700571648
1282582876782043137
1282582919064596481
1282583618393497602
1282585792930385921
1282589542524977153
1282591775454982145
1282592174278766594
1282595550244663297
1282597233511198720
1282597481667153920
1282601860008796160
1282602318408503299
1282604005491798017
1282604177584095233
1282614720810254339
1282620988329349121
1282621129392349184
1282622468838940672
1282631084828528641
1282636366434586624
1282637673413242881
1282637677079093248
1282637714995605504
1282637725615546370
1282637729293991936
1282637732691316739
1282637741826560001
1282637747174297602
1282637778551861248
1282637792846114816
1282637836525531137
1282637845128024064
1282637881563967490
1282637882088460288
1282637892599246848
1282637900929052674
1282637909284118528
1282637931060924416
1282637967450763264
1282638023243358208
1282638030327566336
1282638067765932032
1282638091707011074
1282638132773412864
1282638136124690432
1282638161210773504
1282638255637164032
1282638278177562625
1282638371911680001
1282638462013681665
1282638531634950144
1282638533543378944
1282638560483368960
1282638607547658240
1282638652011511808
1282638681107345408
1282638745569619971
1282638745624166400
1282638746987323392
1282638753312301056
1282638756810383360
1282638783331004416
1282638865526714368
1282638867737112577
1282638870652186625
1282638958912958466
1282639131408052227
1282639133580517376
1282639269744357381
1282639537798168576
1282639643083587584
1282639661848920068
1282639744099180544
1282639745365929985
1282639832791912448
1282639937335029760
1282639969731751937
1282639970029600768
1282639989524672512
1282640021560782848
1282640077328314368
1282640232303607809
1282640413149417472
1282640475413872640
1282640503817695232
1282641204119662592
1282641208016175107
1282641229914628097
1282641271014580224
1282641343949357057
1282641481958699009
1282641493207838720
1282641514120663048
1282641520030408706
1282641532290387969
1282641667351166976
1282641721252130818
1282641786494611456
1282642059162030080
1282642202783395841
1282642361722568706
1282642428772655111
1282642748323950592
1282642787213520896
1282643124108423168
1282643135906996224
1282643247953620992
1282643304748707840
1282643438920327169
1282643439029350402
1282643487683276800
1282643594281578496
1282643604532457477
1282643778528919552
1282643832845164544
1282643968438697985
1282644034104643590
1282644249775755264
1282644682619539458
1282644997519499264
1282645091778060290
1282645466782380032
1282645469038968833
1282645621703192581
1282645635359862785
1282645698572214273
1282645712849629186
1282645916936069122
1282645947814604800
1282646031725805568
1282646039099437056
1282646042366763010
1282646193000943616
1282646289197363200
1282646293756604416
1282646362476015617
1282646440041304065
1282646918011564032
1282646925368365058
1282646967391154176
1282647100598054915
1282647811528388611
1282648450203451392
1282648453290442754
1282648921144061953
1282648954778206208
1282648984083808256
1282649042703417347
1282649060143362054
1282649107606061056
1282649411370094592
1282649426712866824
1282649817945186306
1282649889206239237
1282649969145442304
1282649985159278593
1282650045800538112
1282650519085871104
1282650696949497856
1282650699013033985
1282650888553684993
1282651115276787712
1282651181966385152
1282651321221279744
1282651378150596614
1282651703901184004
1282652359647059968
1282652461337964549
1282652475892219904
1282652930101792770
1282653606001299456
1282653614851276803
1282653775229067265
1282653950592745472
1282654083631861760
1282654317443342338
1282654465472880643
1282655065568731139
1282655279927029761
1282655548190519298
1282655628712751105
1282655766881529858
1282655965167284226
1282656746519945216
1282656925100896257
1282657090972995584
1282657554129055745
1282657814272339968
1282657819292917760
1282658286018244608
1282658316779311105
1282658369258418177
1282658373587042306
1282658439152295938
1282658564973027328
1282658570857664518
1282658591254605824
1282658720070029312
1282658937787932674
1282658993375072257
1282659195808911361
1282659221360619520
1282660114466369536
1282660789074067458
1282661197498576896
1282661218335875072
1282661632141717507
1282661994533777408
1282662006420578305
1282663003507159041
1282663026059964416
1282663038512852992
1282663194339586049
1282663447063179264
1282663689372397568
1282664074786902019
1282664478170140679
1282665367077138439
1282665915570520064
1282666523065151490
1282667105993682944
1282668525010612224
1282668616664506374
1282668751784038400
1282668902611386370
1282669929313910789
1282669962637635584
1282669988805894146
1282670029805244417
1282670141432410112
1282670205546582017
1282670796830175243
1282671111990177793
1282671838351339522
1282675224673222658
1282677173850009603
1282677292322324480
1282677510879100928
1282678004049567745
1282678479301996548
1282678546683568130
1282678913450127366
1282679011479392257
1282679298579550210
1282679799182286848
1282679837077811200
1282679945131687936
1282680037288718336
1282680101075734528
1282680745731883008
1282681538656649219
1282681608047222785
1282681851111370754
1282682167236030466
1282682496363098113
1282682783228243968
1282683206613884928
1282683284980240386
1282683324901687298
1282683706197467138
1282683817690447873
1282683926486454273
1282685111788400641
1282686207223148544
1282687773107879943
1282687872437383168
1282688446637568001
1282691465429295106
1282691877070761985
1282693866097766400
1282693904064638979
1282694135829295105
1282695092034105344
1282695353368633348
1282696311809159168
1282698852311560203
1282702681945944064
1282702689197977601
1282702910191570944
1282703264689995777
1282704345587281923
1282705310507917314
1282706053201752064
1282707080588091402
1282707315175510016
1282707910712266761
1282708643490619395
1282709380224311296
1282710502037045248
1282710766399840260
1282711067487952903
1282712702511534080
1282712930350280704
1282712973677486093
1282713134424260610
1282713172080648194
1282713325470531584
1282713355011014656
1282713548003532811
1282713853617336320
1282714674060877824
1282714898833629197
1282714991649452033
1282715051963498496
1282715936114397184
1282716530472554496
1282717726364991495
1282718731307638784
1282718733010644998
1282719338152095744
1282720240460152832
1282720653716512770
1282721262666563584
1282721263861919744
1282722239381741570
1282722588800606209
1282723585484709888
1282724606701256704
1282726243394179072
1282727990711816192
1282728430451044352
1282729517539373056
1282729535776018432
1282730712206958593
1282731198528159751
1282732494165401606
1282732605457133568
1282733467877376000
1282734219609944065
1282734858423414785
1282736000049897472
1282739806892515328
1282739938346205184
1282739977957208065
1282742588949184512
1282745640213045248
1282745695808577537
1282751275981893632
1282760738671452160
1282766546578726913
1282769672576868353
1282778715580059648
1282787736118681601
1282787788820283394
1282790012266766336
1282816286561468416
1282844847141871618
1282853693021237249
1282868306437791745
1282879216304812032
1282880389384515584
1282883253137883136
1282885278588219392
1282896727121358849
1282902225233211392
1282902349837504514
1282912323133304834
1282913408652701696
1282913922828230660
1282915590634520577
1282915951353065472
1282927834877644800
1282931088575193088
1282931931278012417
1282940401612017664
1282951069727723520
1282983283861540865
1283009390434369537
1283009661013114880
1283010998648008704
1283011694906585089
1283033475377963010
1283037508939513857
1283065896836247553
1283205875457355777
1283206051299393537
1283209711072894979
1283276850270105601
1283307280453169153
1283307632288100353
1283381159825563649
1283574453704613895
1283704189806186501
1283704194013126656
1283713327122624515
1283729991323320322
1283741868849688576
1284401581367062531
1284548283944198144
1284626857523019778
1284865215750787073
