id
1287918618085228547
1287919840036925441
1287921387064066048
1287925566583144448
1287925671449071616
1287928274304339969
1287928474867400704
1287929608222867456
1287929674274807808
1287930168263114753
1287931374796767233
1287931663893164033
1287935897221005312
1287938198254034946
1287939230304366592
1287939650938519552
1287939918392512518
1287941093951016966
1287943358841851905
1287944296155537409
1287945188841644032
1287946709650219008
1287954486779027458
1287956686905384960
1287957393372897282
1287958106614272000
1287958821445365762
1287958849689796609
1287960321735286786
1287960745557164032
1287960814985474048
1287960878990516224
1287960923085262848
1287960938964905984
1287961472434237440
1287963560761389056
1287964096105603072
1287964424742068226
1287964873255612418
1287966666312183809
1287966910303236096
1287967780629708804
1287968189431734273
1287968211510542336
1287969298690928641
1287971486569869312
1287971608561254401
1287972345412333569
1287973713468706821
1287973809572601856
1287973975692177408
1287974122471829505
1287974711888998401
1287974752338903040
1287974791547195397
1287975095860776960
1287975230338502656
1287975430444605441
1287975859156946944
1287976259947905024
1287976507101478912
1287976616870600706
1287977696379588608
1287977783138889732
1287979109994422273
1287979893943230465
1287979953670111232
1287980430881255425
1287981608142741507
1287982880501559297
1287982937770569728
1287986886426820611
1287987291034497024
1287987819525206016
1287987919655821312
1287988305800228870
1287991609317969920
1287992482404290560
1287993434922348544
1287993651360980994
1287993844512915458
1287994165033402368
1287994166299918337
1287994794879283201
1287996767099740168
1287996933781385218
1287998777580634113
1287999016240689152
1287999316452237317
1287999507846709249
1288000179916832769
1288000720898121728
1288002510267932672
1288003598018781186
1288005374851682309
1288006687786274818
1288007913487835136
1288009380021977088
1288010359861678080
1288011763351351298
1288016843060346880
1288018650394370049
1288019446594850816
1288019579663347712
1288019594557321218
1288019867216384000
1288020261300707329
1288023460698939392
1288023759757012995
1288025180963368960
1288025614016851968
1288026185494966273
1288026650576220161
1288027763308236803
1288027993860800512
1288028270676467712
1288028409881223168
1288028722872717312
1288036301556523008
1288036819691376640
1288038267699380224
1288038771569520640
1288040104812896256
1288041585222000640
1288041768362024960
1288041946330480642
1288042337348845569
1288042790782251011
1288043646864912384
1288043725566820353
1288043793799761920
1288044460702498816
1288045798219894784
1288048415952080899
1288049570677587968
1288049772591484935
1288050074044346369
1288050163940864000
1288050437124313090
1288053275078533120
1288054163780145152
1288054626214805505
1288055438924304384
1288055461753675776
1288056005851455489
1288056098759430153
1288056386027364354
1288056411990065153
1288056528105123840
1288056634032320512
1288057221658693632
1288057581898932224
1288058787023134720
1288060349145477121
1288060622748311552
1288060711487148032
1288062351552344064
1288063014910824450
1288063790634823680
1288063845127225344
1288064108147822592
1288064658008690688
1288064660118237184
1288064745082257408
1288065109466550274
1288065476740788225
1288065841200656386
1288065893264584714
1288066354529083393
1288066512129912832
1288067099269582848
1288067204525617152
1288067205519650817
1288067509955039233
1288067584475033600
1288067901212123137
1288068324526497794
1288068725455773696
1288068794514997248
1288069427318026240
1288069807590371328
1288070037840859136
1288070438644412417
1288070484114829315
1288070501923872768
1288070516482293761
1288070517132419073
1288070531640483846
1288070532764545026
1288070554688225280
1288070560870576129
1288070560908341249
1288070583184367618
1288070595830091778
1288070620568121344
1288070626679197696
1288070628969345024
1288070677103169537
1288070726340055040
1288070747257049090
1288070751283625985
1288070777720303617
1288070836969025537
1288070842337734656
1288070866949947392
1288070908964306945
1288070922247606273
1288070996432261126
1288071010449686528
1288071024345354241
1288071095329816576
1288071116783644674
1288071134361968641
1288071150661251074
1288071225512562689
1288071237235703809
1288071252742008833
1288071256336502784
1288071368991367169
1288071445784834050
1288071501833412608
1288071663154683904
1288071690421858306
1288071776543502339
1288071889693286406
1288072000108339200
1288072062603427840
1288072100419231744
1288072120644153350
1288072125576654848
1288072144853729280
1288072243390509058
1288072253989687300
1288072363087519745
1288072407433977856
1288072408507637761
1288072433577021441
1288072457564196864
1288072501059366912
1288072503462526976
1288073253034921985
1288073311985917952
1288073313961406464
1288073314699640832
1288073421444640768
1288073603871776768
1288073715373113349
1288073732280348672
1288073775884300290
1288073849490116608
1288073852614897666
1288073949599821824
1288073997918248960
1288074164125851649
1288074427205218309
1288074509380067330
1288074514216022016
1288074685322682368
1288074825156587521
1288074991188111360
1288075035777753088
1288075187603116033
1288075344562417664
1288075377504432128
1288075458936836096
1288075472408993792
1288075596623355905
1288075708636336135
1288075788856647683
1288075904350949377
1288075912257269761
1288075931559444480
1288075998064308224
1288076110853484544
1288076189509152774
1288076305712336896
1288076306702192640
1288076476613447681
1288076665298530307
1288076672005058560
1288076810924695552
1288076928608423936
1288076933557755906
1288076998116429824
1288077042018181120
1288077048854884354
1288077243890245634
1288077259455127558
1288077298772525056
1288077331106418688
1288077345782259712
1288077368372822016
1288077627475935232
1288077741787496454
1288077860771491847
1288077870477135872
1288077971434004480
1288078076362936320
1288078087725309953
1288078233158615047
1288078278004076547
1288078303396429824
1288078422070013953
1288078459080646656
1288078492379148288
1288078568769990656
1288078583278129152
1288078630887682049
1288078645374775296
1288078817672564736
1288078944214769664
1288078975172874241
1288079135311503360
1288079183139057664
1288079242849169408
1288079242945654785
1288079316115263488
1288079350026272768
1288079509162344451
1288079529232097280
1288079638804086784
1288079673851707392
1288079728440614914
1288079748594245634
1288079814662881283
1288079831398154240
1288079843804852224
1288079978358165504
1288080135862628352
1288080345582075905
1288080356902490113
1288080370869497856
1288080622427111424
1288080623500836865
1288080627938365440
1288080662289723393
1288080677678669824
1288080795194626048
1288080831160844289
1288081413367975936
1288081856282460160
1288081904332283904
1288082163468914688
1288082169286385669
1288082427064115200
1288082463395205120
1288082706857828352
1288082943747842049
1288083053022068736
1288083056054550529
1288083125952643073
1288083270727372800
1288083318789902337
1288083584213950464
1288083778968018946
1288083845682573312
1288083936409616384
1288083988448305153
1288084123290963968
1288084241104818178
1288084422294528001
1288084643086913536
1288084767359959040
1288084845646606336
1288084963699507204
1288084970414567425
1288085282839920640
1288085326112546816
1288085456899342337
1288085802086363136
1288085938023723008
1288086058215718912
1288086210959650818
1288086266022514688
1288086590087213056
1288086616146235392
1288086760686153733
1288086803732295680
1288086869192761347
1288086913606287360
1288086915623686144
1288087021903372288
1288087119013937153
1288087356797419520
1288087366880464896
1288087386719522816
1288087396970504194
1288087492294356993
1288087586620108801
1288087620845789184
1288087621319585792
1288088222505943040
1288088472264179712
1288088614551736321
1288088791870144518
1288089090282237952
1288089203490750466
1288089387465490432
1288089420776656899
1288089634422116353
1288090134550781954
1288090304621375489
1288090415669764097
1288090438826524673
1288090558578089984
1288090770906390534
1288090801046556673
1288091598924812288
1288091767976255488
1288091802847678466
1288092142452133894
1288092187901562880
1288092305757356033
1288092513585123328
1288092517800374278
1288092546061631488
1288092553368100864
1288092644795506688
1288092938623430656
1288092981396779008
1288093330849423360
1288093686958452737
1288093719925727238
1288093810359058432
1288094080547745792
1288094119676395520
1288094247040643072
1288094300882911234
1288094312719245316
1288094589157404673
1288094949557166081
1288095204335996928
1288095234987974666
1288095288721203201
1288095330144104457
1288095506548363266
1288095557525729280
1288095677252173829
1288096155985879040
1288096205054996480
1288096364841201665
1288096497951678465
1288096508542193664
1288096566293622786
1288096921983176704
1288096973057175557
1288097036693372928
1288097091428823041
1288097219204153344
1288097711028187136
1288097734260482053
1288098036862709761
1288098038251008000
1288098072757563394
1288098271613788160
1288098342568726528
1288098423908921346
1288099287730024450
1288099357967781888
1288099393782964224
1288099536380952577
1288099703079370755
1288099905563574272
1288099979156787202
1288100223479250944
1288100389540175874
1288100517802119169
1288100582805213185
1288100991326285827
1288101033168629766
1288101038071799808
1288101310579916801
1288101594303565824
1288101621583368192
1288101712746524672
1288102715889868800
1288102802217041921
1288102934538944514
1288102939052003332
1288103003249971201
1288103658748436480
1288103833604960256
1288104144025186304
1288104282957287436
1288104292537311232
1288104569663139840
1288105166479056896
1288105174012026882
1288105502598033409
1288105545157632000
1288105665324445697
1288106110713397250
1288106122088390656
1288106124047081474
1288106298374934529
1288106838165082112
1288106980188381193
1288107375778361347
1288107751294398465
1288108026667266050
1288108341344890881
1288108740856541192
1288108765078724621
1288108843944144899
1288109004397219845
1288109228951969795
1288109668615639045
1288109892381757440
1288109898627129349
1288110233886134272
1288110298033840133
1288110298520379401
1288110673088491528
1288111040169828359
1288111237759287299
1288111509281808385
1288111943836766208
1288112510743113733
1288112568209301505
1288112578380480519
1288113018073542657
1288113022293049352
1288113356541313029
1288113421884350472
1288113428687593472
1288113490259922945
1288113622963511298
1288113703947132929
1288113792178507776
1288113984806117378
1288114086262108160
1288114118071787526
1288114229510172673
1288114243665944578
1288114335370248197
1288114349693792259
1288114905271267328
1288114938360160256
1288114985822953473
1288115078500212749
1288115099933085699
1288115152097697792
1288115156480700418
1288115459653476357
1288115576221523969
1288115906543935496
1288116599279386631
1288116867630903298
1288116933854769157
1288117313066033153
1288117378895642627
1288117799714316292
1288118086499889155
1288118092812320770
1288118204024291329
1288118293295857665
1288118456189980676
1288118553107783681
1288118697173725185
1288118771140313088
1288118823183192067
1288118827499175948
1288118923661996038
1288119306253791233
1288119543244550150
1288119610068226048
1288119904613175298
1288119985605238794
1288120140656123904
1288120317471154176
1288120359460298754
1288120586321793026
1288120591438893060
1288121083573411854
1288121088619057157
1288121175441174529
1288121444128366593
1288121496783609865
1288121610101092353
1288121698475155458
1288121701906042880
1288121717542379521
1288122176411848708
1288122582881800193
1288122883324014594
1288123426993926148
1288123427841179648
1288123602932359169
1288124029438550021
1288124053937508357
1288124418284118019
1288124524764917764
1288125066698350597
1288125067885293569
1288125114370818048
1288125157807071233
1288125333179228160
1288125336253685765
1288125875968344069
1288125885078310919
1288125984533704712
1288126228839272449
1288126760937168896
1288127238253105155
1288128208685027328
1288129121374044160
1288129272465338370
1288129930094497794
1288130167886319617
1288130406730985473
1288130532010647554
1288133698731118592
1288133860727742467
1288133951731556354
1288134213854584832
1288134432344297473
1288134494516469760
1288134852370292738
1288135320786018304
1288135954830516228
1288136252923895808
1288136612166033408
1288136631292014597
1288136830513078272
1288137043017572352
1288137288220733441
1288137561920040961
1288137577162321920
1288137742631632897
1288138047461220352
1288138106340700162
1288138269905915904
1288138370850291712
1288138437518749697
1288138864838586368
1288139233429872646
1288139473142784005
1288140264461103104
1288140327719583752
1288140448318386176
1288140518610726912
1288140777919361024
1288141065581518853
1288141276706045953
1288141324097482752
1288141422466482181
1288141596806877184
1288142957460090882
1288142985398427648
1288143127673331713
1288143148049260547
1288143217125478400
1288143471295918081
1288143757825589248
1288143767325696001
1288143816956850181
1288143880890617858
1288144060885004290
1288144104145051648
1288144164090081280
1288144178279411717
1288144179332124672
1288144328003481601
1288144710649786371
1288144794359697409
1288144950710767616
1288144957333737476
1288144969417412609
1288145169049509888
1288145355637317638
1288145665860595712
1288145814225711104
1288145906273984513
1288145980852801537
1288146046871171073
1288146060309704704
1288146192002498565
1288146517832867841
1288146593296736256
1288146833013841920
1288146897551548416
1288147062865956865
1288147251362062336
1288147594615517184
1288147836866101248
1288148049399656448
1288148121411706885
1288148841254944769
1288148874436083714
1288148897525727233
1288149003977125888
1288149149414645760
1288149177847787520
1288149192418799617
1288149506983223296
1288150243482075136
1288150871780388866
1288150930270035970
1288151429153095682
1288151589748785152
1288151735723126784
1288151889721225222
1288152211306897415
1288152704871624704
1288153486371110912
1288153833202257924
1288154165055815681
1288154459831377921
1288154516357910528
1288155208074145793
1288155342442868737
1288155423791411200
1288155514052857856
1288155529026576384
1288155951002918912
1288155995718352896
1288156462733078529
1288156489278844930
1288156540650676230
1288157152423493632
1288157369575211008
1288157449179078656
1288157550072930305
1288157577407209475
1288158033739096064
1288158327252422658
1288158350593495040
1288158446081069057
1288158473495220231
1288158965008744449
1288159046764134400
1288159542077870080
1288159667021942784
1288159688874291201
1288160093716930561
1288160210595414016
1288160220443627520
1288160223924903938
1288160536765427718
1288160544952692736
1288160750398083073
1288160846095425536
1288160918216404992
1288160970418708480
1288160978408882176
1288160988663934976
1288161261906096128
1288161294919467009
1288161323008708608
1288161652274155520
1288161712408076288
1288161767621722112
1288161844562075649
1288161948803031040
1288161953194491905
1288162550043930625
1288162786418122752
1288162934007332865
1288163459436347392
1288163474275815431
1288163873472749570
1288163876932972544
1288164022789996545
1288164687448743937
1288164839139901441
1288164911156256774
1288165032245653504
1288165773072990213
1288165840945180674
1288165980540026880
1288166339492941825
1288166990750744577
1288167126973313024
1288167149349953536
1288167263036530688
1288167358259802112
1288167510911549440
1288167513403006977
1288168009928855552
1288168140988276736
1288168334828085249
1288168610456731649
1288168717075931136
1288168803579224064
1288168924639461377
1288169476295471105
1288169832035127296
1288169880106102784
1288170103402422272
1288170476787781634
1288170615518552065
1288170693427785730
1288170911346987010
1288170999540678657
1288171039160057857
1288171338746572801
1288171483882065920
1288171573543751680
1288171838074269698
1288171883372765185
1288173214498054144
1288174262382026752
1288174611587141632
1288174702863646720
1288175516244049921
1288176643664576512
1288176982790819840
1288177493195632641
1288177892480884736
1288179377184763905
1288179521812717568
1288179622949957632
1288179775937236992
1288180024286171136
1288180641897439232
1288181332107902976
1288181718025830400
1288181802020962304
1288182852002156549
1288183201991659522
1288183290524889088
1288183385379094531
1288183513578008576
1288183538672496641
1288183637649883137
1288183659539959808
1288186005531398145
1288186219852001280
1288186811114590213
1288187182222413824
1288187936761028608
1288188355318972416
1288188829539729414
1288189551962292226
1288189965583540226
1288193586303913984
1288194497180884992
1288194948223741954
1288197923994390528
1288198336890015744
1288198953335365632
1288202544783568896
1288203560329519104
1288203805973045248
1288203986646908928
1288204465812643840
1288204855819898880
1288205487201308673
1288205575617044482
1288205802319142912
1288205849328906244
1288208860121935879
1288210929767845892
1288210957223596033
1288212163014926338
1288214677554520065
1288215085857423360
1288215244322402304
1288215720073945088
1288217204882681856
1288218311163953152
1288219911337041922
1288221371269406720
1288221692381106176
1288222523746705408
1288225902598344704
1288228577343934464
1288230579004088320
1288230756704112640
1288231105976467456
1288232162014052353
1288239790794502144
1288241946394148864
1288243549981507584
1288248942019448833
1288250921848197120
1288255336273588224
1288258393308721152
1288266088711479296
1288266972430397440
1288267721948295168
1288270167852474368
1288270652906995712
1288270732917534720
1288270790484344832
1288271294794932224
1288273899029803008
1288276405835296769
1288277447612358656
1288279024482111488
1288279544059715584
1288279769327362048
1288280224182890496
1288280599401238528
1288281927170977792
1288282072797175810
1288282525362614272
1288282657848090631
1288283574186020865
1288284162613338113
1288284188907626502
1288284460048363520
1288285093962739714
1288285536432435200
1288285692829659136
1288286906099183616
1288288286851526656
1288288686476419073
1288289177742671872
1288289976010997760
1288290738858373120
1288290851131539457
1288291842379792384
1288291929721942016
1288292451875033088
1288292614861729793
1288293763547164673
1288293775949746176
1288294241202917376
1288294457830281216
1288294541087260672
1288294896533565440
1288294897041018880
1288295013831467009
1288295599394021377
1288295618021007362
1288295628695429121
1288296103088013312
1288296371863207941
1288297001403076612
1288297245608050688
1288297386578604032
1288297750203756545
1288297929527005184
1288298768673038336
1288298815137517568
1288299709031837697
1288300452568686592
1288300848938811393
1288300876189204485
1288301007827427328
1288301077314461696
1288301447285620736
1288301454369804288
1288301490516287488
1288301860932276230
1288302006457647104
1288302493655535617
1288302782076710912
1288302791241457665
1288303167176753157
1288303209250017282
1288303573961302017
1288303684602834944
1288304014145150977
1288304956919840768
1288305965800935424
1288306899641745409
1288307244522541056
1288307527973605376
1288307656227090432
1288307915078549504
1288308381204193280
1288308842292379648
1288309332879187968
1288309474583748609
1288309847130116096
1288310154207752192
1288310296440782849
1288310366900908033
1288310996222631936
1288311624953077763
1288312746937786369
1288313040815890433
1288313080259022850
1288313123380715520
1288314055925436416
1288314384796618754
1288315381233328130
1288315904455872512
1288316011012210688
1288316125919551488
1288317435284582401
1288317438996537344
1288317541773791233
1288317776667410432
1288319091212574720
1288319206824402945
1288319508839428097
1288319659138146304
1288320263797399552
1288320589841670144
1288320877109694464
1288321323228422144
1288321765458898944
1288321903799595010
1288322601954078720
1288322670174457856
1288322973976297474
1288323148841066498
1288323591646269440
1288323650408480769
1288323677222629376
1288323781249781760
1288325534108114946
1288325967031590912
1288326171768193029
1288326236222054400
1288326291033174018
1288326317704794112
1288327020103872512
1288327176979275776
1288327446295502848
1288327506978680832
1288328460113293312
1288329178534748160
1288329333124153344
1288329510857797633
1288329557880139781
1288329578981670912
1288330142096306178
1288330181237600256
1288330243434876928
1288330289949761536
1288330365489123329
1288331192207421440
1288331406557339651
1288331878911447040
1288332759354822656
1288332777033576448
1288332842049536000
1288333303582343168
1288333362885664768
1288333440840921089
1288333663143260160
1288333735146864642
1288333764364341249
1288333861089234944
1288334188060512256
1288334207060783104
1288334251021107200
1288334294394404865
1288334402653581312
1288334455082377216
1288334552943927301
1288334602902188034
1288334617439645696
1288334823342272513
1288334922122498049
1288335118021664768
1288335251010252800
1288335384745713665
1288335529902104576
1288335600869765121
1288335675431903232
1288335735007768576
1288335759313780736
1288335965262499842
1288336438660984834
1288336723202551808
1288337277513433088
1288337484124835840
1288337900178796544
1288338001769246722
1288338017308950528
1288338097923436545
1288338335874703360
1288338522986823680
1288338742843805696
1288338992610439172
1288339297423171585
1288340541281771520
1288340546428100610
1288340619509686273
1288340684710326273
1288340716289048576
1288341205659549703
1288341589471965184
1288341688780386304
1288341738482839552
1288341826642907136
1288341995224592384
1288342520317927424
1288342946018783238
1288343380150202368
1288343571343372288
1288343583129366528
1288343651458793472
1288343733746819072
1288343930459705346
1288344600445239296
1288345039785955330
1288345127354658816
1288345732877963265
1288346531939012608
1288346970545770496
1288347719698804736
1288347906278215682
1288348007792963584
1288348184268304384
1288348311980855297
1288348821475299329
1288348965600030720
1288349060303380483
1288349255514480640
1288349360216924160
1288349458820771840
1288350202764509184
1288350941624692736
1288352517244334082
1288352560571506688
1288354060236500992
1288354206005334016
1288354484872126464
1288354567495643136
1288354573082451968
1288354826758348800
1288354909436354561
1288355114130878466
1288355422013808643
1288355531329953792
1288355957563461633
1288356404953194497
1288357477570945032
1288358215642619904
1288358907086123008
1288361830742597633
1288363606367588353
1288363639234105344
1288364212947841024
1288364820505358336
1288365407053611009
1288366714833387521
1288367693993635840
1288371075722534912
1288371524295041024
1288372605406179328
1288372815427641345
1288373077483507712
1288373805702721536
1288373891006521344
1288374867226632195
1288375746092662790
1288376788431691777
1288377060985958400
1288377733228060674
1288378490958438400
1288378873197940736
1288380181741056005
1288380294177755137
1288382019567681536
1288382482799194112
1288382981975941120
1288385542934020097
1288386948541775874
1288387155543207936
1288387479465156608
1288387479599374336
1288388183118536705
1288389457943474176
1288391130556403712
1288391842493378561
1288392326981668864
1288394830863667201
1288395263673954306
1288396659097923584
1288398281442131973
1288403271602774016
1288406041063956480
1288406213399441408
1288409093183430662
1288409478132453376
1288411092239163392
1288412352811945990
1288415276082450432
1288417864630730752
1288418844323672064
1288421420964302850
1288423334149943296
1288427803432513536
1288428438122946561
1288429196818042881
1288430241111654400
1288432814212313088
1288433989049438209
1288435186170867717
1288435204776800256
1288439286631522306
1288439628328886272
1288441618329198595
1288442265224884226
1288448451441594370
1288448927348318210
1288453546581475328
1288455963708493825
1288458498188042242
1288458928095760384
1288459500295421952
1288460356814123008
1288463969405956098
1288468451284008961
1288471573129617409
1288471637554151424
1288478089652006913
1288480678414151685
1288481465521410048
1288485661800984583
1288488883651375106
1288492238201184257
1288493619473612800
1288498458278498304
1288498493821054976
1288500106686152704
1288502900012982272
1288507187208187905
1288507408872910848
1288508177852452865
1288509226327793664
1288511802263760898
1288514995945275392
1288520567809642496
1288527483927552000
1288527713590849541
1288527886702583808
1288530936552804352
1288531009613500417
1288531897828532224
1288536695772557312
1288538223937900544
1288543764982636545
1288546272316555264
1288552402207928321
1288552948297953281
1288556150921691137
1288630066444791808
1288648969279528960
1288665839089008642
1288692363519332352
1288693192288763904
1288704304556183552
1288735147840253958
1288764279626194944
1289090350137487360
1289090958978555904
