id
1285742142971838464
1285749720627867648
1285750398066671616
1285751666768134145
1285755062782881792
1285763232171360256
1285763904618946560
1285763998386753536
1285767359572013057
1285768584442966017
1285769099134398465
1285769175995039744
1285769340500037636
1285769388335828997
1285769606733299712
1285770104647479296
1285770308297715712
1285770811157164034
1285770918632075264
1285771887302176769
1285771936815960065
1285774046668431361
1285775760767082496
1285776584238960640
1285777151812227072
1285777809273524224
1285778092426850304
1285779079333949440
1285779334880321536
1285779931461332993
1285780204292435968
1285780671240298496
1285781709334536193
1285782228320935936
1285782413474271233
1285782761601511424
1285782874151505921
1285783124417404928
1285783363958329344
1285783574898077697
1285784928601305089
1285785261993897984
1285785406571569154
1285785444806844416
1285786653290909697
1285787213842616322
1285787491954384896
1285788064481075200
1285788186623348736
1285788444526931968
1285788632767279105
1285788654644817920
1285788694725619713
1285789005670277120
1285789124511690752
1285789282746068993
1285789379823308800
1285789751677616133
1285790018754113538
1285790111775375360
1285790296668688384
1285790342642425856
1285790661774413824
1285790735439028224
1285790937650614272
1285791059612626946
1285793838158606337
1285794403718541312
1285794717490266112
1285794812227133440
1285795122538590208
1285795250691170304
1285795813214400512
1285796685596069888
1285796696174125057
1285796768937123841
1285797242155290624
1285797584406147077
1285798001621864448
1285798834333835266
1285799265457995776
1285799365429227525
1285800051063681024
1285800070789492737
1285800138376527873
1285800258711109632
1285803205222371328
1285803582587994112
1285803978962251778
1285804086701563907
1285804260135800832
1285804315773263873
1285804362367774720
1285805754377596928
1285806140995940352
1285806682631618561
1285808243332116480
1285808743142158341
1285808767985020928
1285809360514322433
1285810224700420098
1285810374030188545
1285810671934824448
1285811146675478528
1285811316779671558
1285812125324046336
1285813100378112000
1285813387922771968
1285813827733356544
1285814780054220800
1285814866662440962
1285814887797493760
1285817174615965698
1285817304580681729
1285817424621658112
1285817583317311488
1285817756537876482
1285818166480781312
1285818647257051137
1285818667268059136
1285818943332970496
1285819163357872128
1285819866725978112
1285819883909873665
1285820058019610624
1285820074180308993
1285820102336708608
1285820634560212993
1285821081912111105
1285823296563318786
1285823441497538561
1285823529074733056
1285823662923210755
1285823843479633921
1285824608051044353
1285824856358100993
1285824871331700737
1285825217143754752
1285825231333056512
1285825620966952960
1285827002025443328
1285830008821276673
1285830332558610432
1285830542080892928
1285830605205192710
1285830630308110336
1285832497805156352
1285832711874023424
1285833060252962816
1285833280294514690
1285834425968652288
1285834834330308608
1285835462335008769
1285836375158185984
1285837250572349440
1285837380000165889
1285837457666105344
1285837486187409408
1285837609634127873
1285837832989208577
1285839278367322112
1285839381144772608
1285840128175255553
1285840300104019968
1285840989450407937
1285841505488220162
1285842515392753664
1285842807186288640
1285844598753878019
1285844940136656896
1285845023221788672
1285845783846072320
1285846175032082432
1285846231437074433
1285846251079036929
1285847014018777088
1285848128193585152
1285849225209626624
1285849374254174208
1285849436392833024
1285849620476596224
1285850793749262336
1285851110486405121
1285851828752506881
1285852129790287872
1285852181086654464
1285852315640094720
1285852342567358464
1285852455310258179
1285852889785593857
1285853224046493697
1285853395346059264
1285853543648227328
1285853913132879872
1285853939548614657
1285854160131248135
1285854193945698304
1285854524620472320
1285854691331465223
1285854701385248769
1285854725892538369
1285854980805521408
1285855050154119172
1285855117430804481
1285855129246134272
1285855145616486400
1285856038093111296
1285856963033628673
1285857481428623360
1285858415227502592
1285858672451530754
1285858741112287232
1285858837501603840
1285858847446298624
1285859775176040449
1285859859510947846
1285859876703334401
1285859880742449153
1285860021599899648
1285860553982763009
1285860807159382016
1285861091898060800
1285861094095904768
1285861769487867906
1285862602279534592
1285862644499410944
1285862647393484801
1285863381635915776
1285864565201235969
1285865037538574336
1285865446537703424
1285865589055975426
1285866050802737153
1285866452474634240
1285866490424553472
1285867967494774785
1285868335322800134
1285868992813359107
1285869179959033856
1285869274683207680
1285870259866464256
1285870476481359872
1285870819617300480
1285870900668010497
1285870990589751297
1285871145447653377
1285871290222436354
1285871523459239936
1285871615289356291
1285871729928069120
1285871918243966977
1285872550124204033
1285873102748962816
1285873301135306753
1285873340574396416
1285873364452536321
1285873406638882816
1285873418382934016
1285873697354420225
1285873806934855681
1285873860068298752
1285873861943193600
1285874037227311104
1285874145348120576
1285874462064181249
1285874550803066880
1285875040727121923
1285875148688523265
1285876311760633856
1285876383411916801
1285877137581305856
1285878808449478658
1285878970756395010
1285879160238256128
1285879258015862784
1285879344573759488
1285879396977369088
1285881716716957698
1285881971478949889
1285882041586745344
1285882490784112640
1285882681029345280
1285882820934504449
1285882896553631749
1285883867048509440
1285884965192757248
1285885366809948160
1285885403686301697
1285885404600623105
1285885723363557377
1285886100033073153
1285886130781597696
1285886131112828928
1285886599369113601
1285886751429419008
1285887134050574336
1285887503413547009
1285887592605466625
1285887693730099201
1285887814559817728
1285887935376572417
1285888230940794881
1285888356920909826
1285888455575089152
1285888888326643712
1285889340900405253
1285889342825586690
1285889508555120641
1285890083548049409
1285891105553125381
1285891600099364866
1285892593969098752
1285892920780840960
1285893302579941377
1285893415314456576
1285893612836806659
1285893945705160709
1285895585539796992
1285896121936515075
1285896264488333313
1285896295681384450
1285896631892627456
1285897109204418560
1285897192884953088
1285898986960744448
1285899280415248384
1285899284689285120
1285900280823902208
1285900328777379846
1285900373773783040
1285900411220578304
1285900443130843138
1285900922070003712
1285900928436957187
1285901004316143616
1285901157106249728
1285901319681667072
1285901514498650112
1285901716089638912
1285902063935778816
1285902065860927495
1285902158857146368
1285902178297638913
1285902579390504960
1285902710848450560
1285902711284629504
1285902836891389952
1285903231864827904
1285903241952153603
1285903271568105473
1285903372986355717
1285904246999846912
1285904475761205248
1285904519017070592
1285904529943261184
1285904529947385856
1285904540638875648
1285904559500476418
1285904602303303680
1285904608582414337
1285904615687553025
1285904616022929409
1285904625137152005
1285904630539358208
1285904638537895943
1285904643441090560
1285904662621614085
1285904670423052289
1285904684599832576
1285904688533999616
1285904743387164673
1285904753344409600
1285904770977263617
1285904773711949826
1285904808713441280
1285904821547970560
1285904827915005952
1285904854867570688
1285904862220185601
1285904876564656129
1285904925944242184
1285904937910538240
1285904967459418112
1285904988535844864
1285905028742410242
1285905065350295552
1285905102469922817
1285905138742226945
1285905218668879872
1285905226688389126
1285905275896004608
1285905317402820609
1285905332594708480
1285905399133044740
1285905401494396930
1285905410138890241
1285905425800392704
1285905439503249408
1285905480724869120
1285905550954295298
1285905628863459328
1285905681011208193
1285905685436198913
1285905748619259905
1285905806001614849
1285905830655569922
1285905909638520832
1285905973291319297
1285905991993716738
1285906101150420992
1285906120175828992
1285906190505926656
1285906317480091649
1285906339353391104
1285906341609889793
1285906395632529408
1285906401068384257
1285906403224215552
1285906410073513986
1285906468168847362
1285906526578675712
1285906547814436864
1285906646485491718
1285906652282056711
1285906653481537536
1285906663078105088
1285906714986901505
1285906754979520513
1285906803138543619
1285906825439633408
1285906860596293633
1285906952829104129
1285907009540198400
1285907014485282817
1285907073041960962
1285907079920644100
1285907102330806272
1285907114657869824
1285907174829379585
1285907287484305408
1285907327632044033
1285907347601272833
1285907352630128643
1285907454312828930
1285907500349284353
1285907551012261888
1285907565566517249
1285907621048987650
1285907679148257281
1285907704507101184
1285907706071719936
1285907729966456833
1285907753571979269
1285907780839174146
1285907789072793601
1285907826305458182
1285907844294823937
1285907872619073536
1285907905623932928
1285907956601585666
1285907991569391616
1285907995201699842
1285908040487710720
1285908124155568128
1285908124344422401
1285908164378935297
1285908206418616322
1285908208293380097
1285908233035513856
1285908292317970435
1285908298609246210
1285908349955870722
1285908373746024448
1285908375960788994
1285908449251872768
1285908460052393984
1285908541543309313
1285908543850319872
1285908579195576321
1285908627627417601
1285908680366424064
1285908711903461377
1285908720191332352
1285908762432176133
1285908781872721920
1285908795676340225
1285908877855186944
1285908880032227328
1285908963171667968
1285909046239940610
1285909047074578432
1285909077713776640
1285909131002621954
1285909170189824001
1285909173503311872
1285909211059154945
1285909236808130560
1285909245875990528
1285909255443251201
1285909256680726529
1285909277811580928
1285909277928980490
1285909298871259136
1285909320773836801
1285909340738682881
1285909361622241280
1285909364017106945
1285909377195503616
1285909382660849665
1285909408032026625
1285909421319532546
1285909424662552577
1285909445755772928
1285909446741327874
1285909466484006912
1285909508485767170
1285909510612287489
1285909533362024448
1285909550424641538
1285909581495799808
1285909585966972929
1285909592334127104
1285909661707714560
1285909676287234053
1285909718129618945
1285909760064315392
1285909785800372227
1285909802066075648
1285909843942006784
1285909882994978817
1285909886317015045
1285909927907799041
1285909960543440897
1285909962342797313
1285909969842429953
1285909970643542017
1285909998296395777
1285910023038595072
1285910070492950528
1285910141364142082
1285910214089170946
1285910231625674752
1285910343504416771
1285910418574110721
1285910446004789250
1285910467248971779
1285910511289131010
1285910596647452672
1285910746749001728
1285910761412243457
1285910840122601479
1285910867582705664
1285911089788534784
1285911100077142023
1285911240829571078
1285911293564604416
1285911304662728705
1285911345699762177
1285911484971671552
1285911534816747520
1285911647878434816
1285911812613894146
1285912109281210368
1285912416371400704
1285912668386103302
1285912694319493120
1285912741249613824
1285912799441387521
1285912894656311296
1285912966466920448
1285912971055525893
1285913047807057920
1285913089699794944
1285913089959849989
1285913160700981249
1285913259598635008
1285913818451722241
1285913818564984833
1285913834058735616
1285914115467145216
1285914141031493632
1285914158311960576
1285914197360963584
1285914233876680705
1285914304483475459
1285914527356407811
1285914671854182401
1285914772932681733
1285914898203983873
1285914950947475457
1285915255474843649
1285915268686868480
1285915309971398661
1285915427734827008
1285915871366443008
1285915899757649921
1285915934071205888
1285915971220385793
1285915997107441665
1285916015130370050
1285916533059776513
1285916844398800897
1285916922471538688
1285917171403509761
1285917378509860864
1285917402878771201
1285917435212652545
1285917459849998338
1285917466019852288
1285917503810674689
1285917610433863681
1285917657946943489
1285917857344151552
1285917861265805312
1285918106703937538
1285918132033347584
1285918396102500354
1285918410187010050
1285918437227692033
1285918495281045507
1285918692551712768
1285918768900837383
1285919045921853440
1285919120748195843
1285919207104733190
1285919264923213825
1285919348196950016
1285919355826368512
1285919478828511234
1285919524714196992
1285919577864409089
1285919691584622592
1285919698824003584
1285919740972552192
1285919801383120897
1285920019726192642
1285920128698249221
1285920152316305408
1285920257270378500
1285920262853029888
1285920293651767297
1285920307622981633
1285920456424460288
1285920466222243840
1285920472765362178
1285920491778134016
1285920554445225984
1285920576293400577
1285920590235238400
1285920805637914625
1285920807084945409
1285920812181020673
1285920891352739842
1285921028951040002
1285921236770381824
1285921264553476101
1285921353351098368
1285921581785464833
1285921948250202113
1285922453177286656
1285922503378915328
1285922544852205569
1285922573960847362
1285923057572253702
1285923097183268864
1285923167232495620
1285923438578860032
1285923752488783873
1285925185648877569
1285925185908924417
1285925390062514176
1285925419787509762
1285925900714831873
1285925956134133762
1285926408804433924
1285926961240399872
1285927909564219392
1285927928635617281
1285928144944283648
1285928163621531648
1285928249965424641
1285928471672193025
1285928475732279297
1285928510217809920
1285928572557942784
1285928823674949632
1285929110653464581
1285929137538871308
1285929154987212803
1285929367713927168
1285929391868964865
1285929444629082119
1285929532050903041
1285929855771537409
1285929898738057218
1285930030707601409
1285930322337714182
1285930348379910144
1285930600134668288
1285930754136924160
1285930757181960194
1285930805663903744
1285930879265587203
1285930917484048385
1285931137823457280
1285931182551470080
1285931184573145089
1285931371035156482
1285931547724406784
1285931910527700992
1285932176324739072
1285932349851439104
1285932366809071624
1285932482555031558
1285932497348358145
1285932763699245061
1285933026082320387
1285933298091360256
1285933552194981897
1285933665642401793
1285933973470732290
1285934156069781504
1285934162692550656
1285934247719690243
1285934721545846784
1285934877116739589
1285935293581848577
1285935532489334784
1285935552739467264
1285935554463334401
1285935744159109121
1285936146464141315
1285936186628796416
1285936836804657152
1285937339651350530
1285937384207667201
1285938165065191429
1285938196056948736
1285938383294849025
1285938496784326656
1285938568687267842
1285938800238055426
1285939519024361472
1285939612926373889
1285939645381926912
1285939661756526593
1285939708208398336
1285939999930630144
1285940057845559302
1285940146534146048
1285940251739820038
1285940471861112833
1285940612848472065
1285941120740888576
1285941143218216960
1285941417567821824
1285941479622377473
1285941982687162368
1285942292302290944
1285942596875907074
1285942856981426178
1285943141699219456
1285943369617649667
1285943486462582784
1285944536334659585
1285944571424198656
1285944701204537345
1285944951965024256
1285945336960184320
1285945424180723712
1285945756885626882
1285946010988998658
1285946788059533319
1285946862143303685
1285947397139337216
1285947527871688710
1285947714165862405
1285948292723924997
1285948890894577664
1285949091520712704
1285949447722041345
1285949575128158208
1285950083146506241
1285950321122893831
1285950617052000256
1285950838171561984
1285951436686319616
1285951459498967040
1285951739661701120
1285951874747645954
1285952136715464704
1285952201043525642
1285952722814906368
1285952891119792128
1285953261191589889
1285953354582028291
1285953441873842176
1285953581086982144
1285953720241405954
1285953974957268992
1285954091055632389
1285954173855399937
1285954235616555008
1285954243397136386
1285954413161398274
1285954550394843136
1285954679210258438
1285955205478199297
1285955550199463937
1285955891947171841
1285955908694978560
1285956165675802624
1285956203600678914
1285956517234192386
1285956670229626880
1285956780938289157
1285958148491079686
1285958150420664320
1285958680039485441
1285958840895238144
1285959545500471296
1285959608318623744
1285959652228755456
1285959758848000000
1285960022044798977
1285960083189272576
1285960107948257280
1285960327318761478
1285960472475299841
1285960624770433030
1285960657611841539
1285960728566890496
1285960746883407873
1285961033144664064
1285961175025332224
1285962085730402304
1285962377414864896
1285962418888179712
1285962563797127169
1285962647565766656
1285962757796270081
1285962864281260034
1285963395435343873
1285963637748719616
1285964229778870272
1285964969637408768
1285965393538895872
1285965490435715072
1285965650402267138
1285965740835651584
1285966100962742272
1285966967417913345
1285967144807575553
1285967278463258624
1285968085757784064
1285968338691125248
1285968877914972161
1285969168236306432
1285970353370460160
1285970519226015750
1285970616374317056
1285970631385911299
1285970651346427907
1285970846603816965
1285971873100992513
1285972217763753984
1285972357266300931
1285972425360855041
1285973434036412418
1285973671878594560
1285973799947481093
1285974278236631041
1285974713840238592
1285974736615247872
1285975312900161544
1285975368445263873
1285975554391281664
1285976033338880000
1285976555286458368
1285976621480947712
1285976756835385344
1285976993540870144
1285977029335121920
1285977760192557056
1285979136968646656
1285979338798555136
1285979402015105024
1285980052501303296
1285980094985465861
1285980109799743488
1285980239986753536
1285980548624609280
1285980676253077504
1285980696326987776
1285981475377082368
1285981508767903747
1285981541533810689
1285982192133439488
1285982364070338560
1285982918473428992
1285983074690330624
1285983289224900609
1285983445986848771
1285983733879681025
1285984218934153216
1285984472417005569
1285984898122084353
1285984908112879616
1285985055169380352
1285985631101829121
1285985948916834304
1285986236767723520
1285986538594004992
1285986799601348613
1285987037703598080
1285987093513027584
1285987430080737282
1285987570501836800
1285988243670855680
1285989126605434880
1285989678433198080
1285991593078489088
1285991994838233089
1285992050534412288
1285993400534097920
1285993571087073280
1285994073791184897
1285994518060253184
1285995485472403456
1285996020405383168
1285996150948900864
1285997140234301440
1285998313104236544
1285998743456608257
1285998822439694336
1286001644371615744
1286002292345331713
1286002978399203329
1286003542424039424
1286003841016557568
1286004993619668992
1286006313349046272
1286010706035318784
1286011917077581824
1286012034392289280
1286012705376096264
1286013882201329665
1286016992546181120
1286017626401992705
1286017788474097665
1286018406760632320
1286022387910225922
1286024591920381952
1286028409592717313
1286032125473562626
1286033367650074624
1286035190486204416
1286039249201106944
1286040491574747136
1286049708729761792
1286049714475921408
1286053151817310208
1286053768606425088
1286054109796274182
1286054151185731585
1286055478066380800
1286066925437558784
1286068263592423424
1286089672918052864
1286091777137573892
1286091814949142528
1286092072248778752
1286092633174024193
1286096175326572545
1286097262322626560
1286103463114338304
1286105500321378305
1286107087253065728
1286107419265785860
1286107422973554690
1286107656487239680
1286108690433454080
1286108857844895745
1286111195976495104
1286112546441670656
1286114113630793728
1286114544893321216
1286114685117329408
1286115536678477824
1286115549299085312
1286117039023599617
1286118439292002304
1286118973680037888
1286121627906740224
1286121925329133569
1286126460709687299
1286126650959118337
1286127324832956418
1286128376176992256
1286129435826036737
1286131612711673856
1286133166160281600
1286133230853173249
1286133535137361920
1286134786465992705
1286134838324416512
1286134919471566848
1286135667936780289
1286138396973260800
1286141728584417280
1286142160497123328
1286142511161815040
1286143973644353538
1286144535823650817
1286144612977930240
1286145132115369984
1286145900478308357
1286146017889357824
1286146061682188288
1286146142623789056
1286146166904651776
1286146292448518145
1286146577606651905
1286147146467569665
1286147188561764358
1286147934065537026
1286148192858382336
1286149972442808320
1286150329638166529
1286150841120903168
1286151433667006467
1286152868718710788
1286154277073719296
1286154292773101568
1286155044526542848
1286155536480768001
1286155739610767360
1286156460972335104
1286156769824251904
1286157828357406722
1286159003504881664
1286160793894084610
1286163550864461824
1286164290404143104
1286164419915874306
1286166096077176834
1286168816641163264
1286171013848248323
1286171787676381184
1286175313160937472
1286176413318602752
1286176429428834304
1286176756542640128
1286176862859702272
1286177022784548864
1286177037917605888
1286177051616186368
1286177097010970624
1286178033527742464
1286178868194242560
1286179355882713088
1286180411119263745
1286185036086042624
1286199221100539904
1286200524295909376
1286200829398200321
1286204057867051008
1286205793067393025
1286205833848578050
1286208773644673026
1286215378415153152
1286215729516224512
1286216900368728064
1286217023307964416
1286219411578187776
1286220440352874499
1286224773698052096
1286229869081157635
1286231211573092354
1286234176732057601
1286235175404224512
1286236464498409477
1286236494407991296
1286237866926825472
1286243714487054337
1286254052263616514
1286268865614352384
1286273802612203520
1286281838655201280
1286292024656687105
1286293652185047040
1286294758952808448
1286294964595433474
1286295489189564417
1286296553959780353
1286301431394209797
1286307599705452544
1286322127587520512
1286325782973804544
1286333476786978817
1286336502608408577
1286336509218619393
1286336512259493888
1286338466779987974
1286339056264196096
1286347097013354498
1286348410468081669
1286348619445161985
1286351166239059968
1286361115354570753
1286488000621244416
1286488247443451904
1286518747541495808
1286533487294468096
1286539122610323456
1286543648851521536
1286570691760754689
1286639841803829248
1286653937580351488
1286691718906048512
1286705866226298880
1286881908702543872
1286884720618270722
1286926770877341696
1286927582525415424
1287226280845299712
1287419005758631937
1287971111506870272
