id
1279226817962848258
1279229540498198529
1279235100782268420
1279237731655102465
1279238596344479744
1279241407991967744
1279241504901349382
1279241716889862144
1279241871907160065
1279242509625909253
1279243965150027777
1279251069034393600
1279251950454759425
1279252330882281472
1279258709374337025
1279261070905892865
1279261627750195201
1279262061961179137
1279263414389477381
1279264385504956416
1279264898115964930
1279266753311322112
1279266928993857536
1279267051270365184
1279268101322797057
1279269071746265090
1279272909169545216
1279273597689663488
1279273775280742400
1279274525004148737
1279274615575986176
1279274623096537088
1279274693346787334
1279274829409955841
1279275015452667904
1279275030967246848
1279275096293564416
1279275167714177024
1279275219308298240
1279275307199901696
1279275642073133056
1279276117635940354
1279276188549120002
1279277154404990978
1279277803050065921
1279277817050480643
1279277957047959552
1279278294261575681
1279278403837784064
1279278500428476421
1279278538642751488
1279279483669766144
1279279695712796673
1279281768089006083
1279282157953974272
1279282374119833605
1279282723526291456
1279284897190801414
1279284932402049024
1279285226405953538
1279285450880901127
1279285852221214721
1279286056072822784
1279286460483420160
1279286600715784192
1279287093034770432
1279287110986391553
1279287300946460672
1279288461057548288
1279288759859605513
1279289357648584704
1279289779553800192
1279290255120781312
1279290255410003969
1279290338927013888
1279290658113466374
1279292366994563080
1279293595078418432
1279293611192938498
1279293699185352705
1279294263931461637
1279294808234713089
1279295078154952704
1279295205468860417
1279295719464042497
1279296112277352448
1279296202882740224
1279296226047848448
1279296378368331776
1279297072903024640
1279297169976000513
1279297777655111680
1279298432218198017
1279299465568894976
1279299824404160512
1279300496390361091
1279300587213910017
1279301558786592768
1279302494632374272
1279303433149792261
1279303785731391488
1279304003042463745
1279304313525821440
1279304902603182081
1279304960086163456
1279305897781587968
1279306246793728000
1279306627510726656
1279307324151042050
1279307625750908929
1279307822732201984
1279308198642515969
1279308336207261696
1279308956171567104
1279311670179856384
1279311797674078209
1279311986149343232
1279312801815822337
1279313250241220610
1279313441430405120
1279313930842787840
1279313939491258370
1279313939549941760
1279313955047890945
1279314044764200961
1279315410915979264
1279315781008805889
1279315841528393728
1279315948487540737
1279316155593715713
1279316674315866112
1279316830436245504
1279316956563206144
1279317561427914758
1279317999913185281
1279318099213209600
1279318328809361408
1279318566391762944
1279319199802785792
1279319548282327040
1279320345057492993
1279324121084473345
1279325318231273473
1279326217066274816
1279326317888933890
1279326861957328897
1279327839259488256
1279328017194483712
1279328088979984385
1279328612160659456
1279329065233571840
1279329068429848578
1279329104714555393
1279329106320961538
1279329123752505344
1279329157500088321
1279329166404358144
1279329242874916864
1279329252169547776
1279329312223580160
1279329317277691904
1279329319181971461
1279329329285959682
1279329330716225538
1279329409263038464
1279329424236662784
1279329506767990784
1279329542788677637
1279329640562126854
1279329760213037057
1279329767200821249
1279329781453119495
1279329831650340866
1279329890689355777
1279329904257929216
1279330054607040512
1279330088467591168
1279330126933581825
1279330137972994050
1279330321792729088
1279330351299600384
1279330377652334592
1279330387173322758
1279330506132209669
1279330514931814400
1279330545361580032
1279330547848732673
1279330564365905920
1279330650928017408
1279330775817691136
1279330805274165249
1279330921552855040
1279331110741106688
1279331129321902080
1279331162100383745
1279331181197094912
1279331197462515713
1279331199966576641
1279331509455876096
1279331578376712192
1279331594512277509
1279331630268604417
1279331763626491905
1279331778876981248
1279331788653867008
1279331916840222720
1279332032040939520
1279332041989869568
1279332140589572097
1279332241147981824
1279332373633662977
1279332378561769473
1279332421209673728
1279332426926493697
1279332523621748736
1279332580752416768
1279332620111773696
1279332630513631232
1279332743529156608
1279332857085784064
1279332993442578432
1279333017819873280
1279333343541125120
1279333360494456834
1279333372154675200
1279333382325821440
1279333496486428672
1279333509602045952
1279333564375396353
1279333617575981057
1279333629840089089
1279333760492658688
1279333839567908864
1279333859184631808
1279333886904815616
1279333904072114176
1279334052042924033
1279334115737649152
1279334266103422976
1279334318884585473
1279334350547333121
1279334477269884928
1279334520982958082
1279334566767935488
1279334603992428546
1279334973288267776
1279335139940552707
1279335203102576642
1279335350192619525
1279335432363237376
1279335519923482624
1279335771774660609
1279336064516157441
1279336098783584256
1279336471044829184
1279336714151047175
1279336881335853058
1279336931042574336
1279337065151213568
1279337374376312833
1279337385310863361
1279337753671421952
1279337801482289157
1279337812513320961
1279337875205586944
1279337977114578947
1279337998824292353
1279338061717860352
1279338436135137282
1279338532499120129
1279338852612632577
1279339096234586112
1279339481657520128
1279339511617433600
1279339650335698947
1279339919006023680
1279340163949195264
1279340670583336961
1279341049010241538
1279341088487006209
1279341109202661377
1279341383615082496
1279341385078865923
1279342194302697475
1279342227399958535
1279342254205763585
1279342489057423360
1279342517641637888
1279342557743349766
1279342938561052672
1279343080412332032
1279343130567827457
1279343452283523073
1279345095855112193
1279345531647492097
1279345587448475648
1279345701164445696
1279345777534316544
1279346476397637634
1279347102716436482
1279348002952376325
1279348447108194306
1279349289362157568
1279350326710005763
1279350329968979968
1279350357156524034
1279350547913437185
1279350985496776704
1279351322249031681
1279351997636853762
1279353834070892544
1279353933853421569
1279354437283115009
1279354629759721474
1279354766565539840
1279354868067471365
1279355365730074624
1279357240147927051
1279357528686510080
1279357705719701505
1279357716981407745
1279358172956815361
1279358239256088576
1279358373591310336
1279358649119342592
1279358790253436930
1279359801504325633
1279360057650458624
1279360240140480512
1279360251016253441
1279360280150097920
1279360730706239488
1279361061674553344
1279361372392837120
1279361693005385730
1279362188797374465
1279362190487814145
1279362217041780737
1279362298860015616
1279362542750453760
1279362690322857990
1279362897303474176
1279363580572229632
1279363582489067521
1279363877394739201
1279363906344046593
1279364089051926528
1279364323962351616
1279364360209489921
1279364409693892609
1279364649775849476
1279364978382761984
1279365041364430849
1279365125351194625
1279365159446736901
1279365275935281153
1279365546132242438
1279365587647397897
1279365732183097344
1279365735127515136
1279366347953061889
1279366451845980160
1279366571811409920
1279366657559814144
1279366664144867330
1279366704548548609
1279367052894130176
1279367075660566536
1279367146909257729
1279367368343318529
1279367545623986178
1279367672744964096
1279367735781163008
1279367863963283458
1279368391787048960
1279368703071490052
1279368894696718337
1279369189275258880
1279369752071122948
1279369790935543808
1279370428885032961
1279370471180341248
1279370554613645312
1279370649564090368
1279371799046713344
1279371864431681537
1279372035139833859
1279372068820156416
1279372162575425536
1279372464053612545
1279374121676075013
1279374335761764352
1279374562388393986
1279374604759265281
1279375511269957632
1279376001600897025
1279376307327918082
1279376789702234117
1279377083437703170
1279377305261846529
1279377696661762051
1279377929198166016
1279378056818249728
1279378300675092483
1279378984673800193
1279380428252540928
1279381571254972417
1279381574711115782
1279382050890379264
1279382421473906688
1279382443129069569
1279382732355760129
1279383119510945792
1279383136615362561
1279383154407563264
1279384098818031616
1279384486065524736
1279384856288346116
1279384992624177152
1279385120189739008
1279385172719423489
1279385427527401472
1279386471648989184
1279386522328821761
1279386671134330881
1279386795411636225
1279387038802866181
1279387229085786113
1279387894629744641
1279388116520857601
1279390927417532418
1279391940148989953
1279392057442758657
1279392766498242562
1279392770847698944
1279393067934584834
1279393455051948037
1279394040232980480
1279394395159097344
1279394450142183425
1279394554400079873
1279394604077334529
1279394665192513537
1279397682042163200
1279398513206583303
1279398602138247168
1279399870655336449
1279399987051245570
1279400380548276224
1279400525255991296
1279400678167732224
1279400788536684545
1279400849685405696
1279401186974511104
1279401910169026560
1279402038015610881
1279402672513339393
1279402673393950720
1279402861911302144
1279403375608705024
1279403579434889216
1279403836881293313
1279404762849402880
1279405209786085377
1279405260918763520
1279405275418484736
1279405453496090629
1279405643930066945
1279405677685792770
1279405866173624327
1279406100647800832
1279406873582596102
1279408723882991617
1279408831601078274
1279409473988116480
1279410282192912386
1279410777959485440
1279410844607164416
1279411242168397825
1279412924440690688
1279413207954714625
1279414667538952192
1279414712992624640
1279414864234995717
1279414894559817729
1279415054610378754
1279415421179883521
1279415861590102017
1279415940124295168
1279416188871667712
1279416218030501890
1279416739147595777
1279416741299273735
1279417805163515904
1279417814202408960
1279419036284055553
1279420147359350789
1279420777398366211
1279421137861046272
1279421139744260098
1279421842730545153
1279422003259142151
1279423075516203009
1279423280487661568
1279423537783111681
1279423978424000512
1279424034350891008
1279424771050975233
1279424836297609216
1279425919896018947
1279425980751319045
1279427073304596481
1279427106519179265
1279427200580644864
1279427259674193920
1279427671798108162
1279427951260389377
1279428194626531328
1279429735781502978
1279430974716047360
1279431244376203266
1279431300999376901
1279431618470440961
1279431718760378368
1279432579658084352
1279433305348173825
1279434303114379265
1279434800940474368
1279435710634713088
1279435842121986048
1279435952264380416
1279436209178021888
1279436255940362241
1279436341239877632
1279436428569530374
1279436607678935041
1279436775769772033
1279437023665774594
1279437030498242561
1279437141521559555
1279437256680333312
1279437313974472706
1279437439849750529
1279437705084985345
1279437720842989568
1279437791030460417
1279438114310758401
1279438401352003584
1279438843054133248
1279439194994012160
1279439253923979264
1279439481662320640
1279439906046046210
1279440759251501057
1279441158599372803
1279441466503294977
1279441682082209794
1279442031408869376
1279443161211744257
1279443568596144128
1279443975980462080
1279444056838373376
1279444426218024960
1279444464612720640
1279444667344408579
1279444697182863360
1279445187781996544
1279445304606101504
1279445922976391168
1279446219048140801
1279446384010117124
1279446517468721152
1279446804153552896
1279447197759574016
1279447199286362112
1279447312188583936
1279447647556755457
1279447948695187458
1279448337305886722
1279448667481452544
1279449109091553280
1279449121133170688
1279449534553157632
1279449723670126592
1279449756268285952
1279449955858386944
1279450012460572673
1279450202965807104
1279450255600136193
1279450379957137413
1279450513470140416
1279450788780097536
1279450997803249664
1279451106909851648
1279451331950870528
1279451340389793792
1279451424615620608
1279451539262722049
1279451678182240256
1279451854422675457
1279451920025829383
1279452042264641536
1279452323836616704
1279452455491829766
1279452493420703744
1279452558927335429
1279452600752955392
1279452948762779648
1279452991011971073
1279453018522562562
1279453308227182602
1279453433993428994
1279453504021524481
1279453897174614016
1279453987041771521
1279454188074749955
1279454401535471616
1279454968299188227
1279455139384844289
1279455153842606080
1279455157676376067
1279455322453635072
1279455324911497216
1279455338161270784
1279455369538842626
1279455867771871232
1279456175927390210
1279456974678024193
1279456974770487296
1279457154139914248
1279457296678961154
1279457515307057152
1279457655413563392
1279457962910613505
1279458015326777345
1279458552101302278
1279458767302729728
1279459177677508608
1279459473459838976
1279460674507141120
1279460826236088320
1279461629160128513
1279461842809585664
1279462143339847680
1279462406960214017
1279462996729753601
1279463144260321280
1279463295531900929
1279463429858660352
1279464204202721282
1279464558894047239
1279464807620440064
1279465070552965120
1279466365099757568
1279466779291475968
1279467932548870145
1279468774660272128
1279468832063500288
1279469260528640001
1279469553232347136
1279471606826323969
1279471621200211968
1279471635146268673
1279472240912855040
1279472933640065026
1279473903098880002
1279474626377244678
1279478624156975104
1279478862414352385
1279482384128204800
1279482524759060480
1279482929823924224
1279484145610092544
1279486628247961600
1279486648414121984
1279487341082492928
1279487562017472513
1279487733002616833
1279489389819641857
1279489417246150656
1279490555718729728
1279490569136291842
1279492658197487616
1279492989513957377
1279493357408890880
1279507268401197056
1279512595662331905
1279513172790018048
1279515804917051393
1279519639341588482
1279526671108866048
1279529446672707585
1279529923162468353
1279544568866889728
1279558408631250944
1279565620602744832
1279573055216463872
1279577312418095105
1279579992305754118
1279581298458148864
1279589778187419649
1279590005300584450
1279591825917931520
1279594170722607104
1279599041542643712
1279599641131020288
1279602103837589504
1279602283836084225
1279602326899249154
1279603561861529600
1279604225748553728
1279605246537240579
1279605263905853440
1279611804063129601
1279613866616344577
1279614331492032513
1279618296505982978
1279619811463458816
1279624431137026049
1279624444705599488
1279630330807255041
1279630573867159554
1279632591310581760
1279632693299277825
1279633244548329474
1279633371967045632
1279636408974471168
1279637527796707328
1279637764510609409
1279637851018166273
1279640618981969920
1279657683830714368
1279677450633441281
1279677853362081792
1279683949296357377
1279686714995294209
1279694143191564289
1279694293955796992
1279695682056581124
1279709067653419008
1279713931427057665
1279725614358880256
1279728456851435525
1279729999747022848
1279734062492467201
1279736215663570944
1279748012655300608
1279753962262982656
1279759546278240256
1279770576970637319
1279782827035262976
1279794251912511488
1279796565930958848
1279806817128701952
1279814466754887680
1279822506929487873
1279841081610379265
1279841198602149888
1279841347420241920
1279841538537906176
1279841688165527554
1279841834072768512
1279855673048616960
1279893279207821312
1279935174709395456
1279977258900271105
1279977277833396224
1279993915060269056
1279997461323411456
1280060713717751808
1280064338359799808
1280863610693193728
1280863641844068358
1280863648400003072
1280863728167268354
1280863747687559168
1280863759335129091
1280880635758837760
1281081480853127168
1281198276297908226
1284520638468599809
