id
1285367452579160065
1285371639035621376
1285379367858626561
1285383539714699267
1285383865683415040
1285384607676981249
1285385763543150592
1285385935970918400
1285386079856558080
1285386143920340992
1285386144507523072
1285386462083649536
1285386604828176384
1285386714177888257
1285387140763758592
1285387324650450946
1285387720416690176
1285388304750264320
1285388774684471302
1285388774692868097
1285389630888501248
1285389734466908160
1285390117754920960
1285390911887704065
1285390981500751874
1285391178943340550
1285392327393996800
1285392931184971776
1285393115126181888
1285393330990231552
1285393357435363329
1285393451702300672
1285393621798096897
1285394545446981633
1285394936762789888
1285395161736867840
1285395476716515330
1285395899456172032
1285396188921860096
1285396214385479682
1285397925409873921
1285398360837390336
1285399761764282368
1285401687042060289
1285401701436948481
1285402003170979841
1285402402049277953
1285402550322098177
1285403791970332673
1285404378099154944
1285404838130446336
1285405644715986945
1285406186515251201
1285406220782714880
1285406856354033664
1285407336316538881
1285407957719506944
1285408474801659909
1285408847956328448
1285408888313925632
1285409391777214464
1285409731675213824
1285410424653877248
1285410842960261129
1285411356963794944
1285414711266209793
1285418277594791936
1285418843947429889
1285420440828047360
1285422852649259008
1285423358952128512
1285423785089265664
1285423842463113216
1285424008205225986
1285424618279337985
1285424699799830528
1285424760768233473
1285424869996261376
1285424961755045888
1285425775630401537
1285425897529421826
1285426275088101376
1285426591187611648
1285426592571957248
1285426730354663424
1285426994021199873
1285428251247050752
1285428399050158080
1285429022910853120
1285429354009223168
1285429626026602496
1285429906902355969
1285430090596114432
1285430369324429312
1285431257912840197
1285433436128202753
1285433562565500929
1285433567581896705
1285434528656285696
1285434656469381120
1285435701845090305
1285435752050864128
1285436326976696321
1285436415602331649
1285436627486031872
1285437064675078144
1285438002311892994
1285438016350109696
1285438613614813185
1285438918393905152
1285439505777020930
1285439581500760064
1285441619991257089
1285442857315168256
1285443153638551552
1285443550923100161
1285443560125485056
1285443577254825984
1285445742140682240
1285445877193048068
1285446208777891840
1285448374414528512
1285449139501912065
1285449584915828737
1285452052978479104
1285452467748999168
1285452907014283264
1285454173929197569
1285454597948137472
1285454765359378432
1285455022382182402
1285457657017430016
1285459667640975361
1285459859329085440
1285460688094154752
1285460935642054657
1285461436550934528
1285462277626294273
1285462486758461443
1285462511924510721
1285462678975025152
1285462984727265282
1285463126415036417
1285463161886224389
1285463248939057152
1285463299564335105
1285463377888702464
1285463749130764289
1285464648381341698
1285464664214839297
1285464852933345281
1285465834568081408
1285466190819672065
1285466446185676805
1285466584442474501
1285466824675663873
1285466867356717056
1285467130910121985
1285467206189449217
1285468097386811392
1285468259928567808
1285468689551126528
1285469009295466496
1285469912538832897
1285470353561509888
1285470536420585472
1285470621472747520
1285470669732409345
1285471047450365952
1285471183761141760
1285471320436666368
1285471425244139520
1285471656610197504
1285471718786514944
1285471838726840320
1285471915587407872
1285472125554311169
1285472310053330945
1285472315434651651
1285473086259605505
1285473253335523329
1285474351265968130
1285474461961957376
1285474908814753792
1285475238369611777
1285476644350640136
1285477520012242944
1285478145978593280
1285479681433628675
1285480211757309954
1285480220837867521
1285480443609939968
1285480484416323584
1285480757276762112
1285480882875162625
1285480900243804160
1285481142397755392
1285481252129140737
1285481491170906113
1285482002729144320
1285482552027803648
1285482871256346626
1285482950432178176
1285483221749129217
1285483298043490304
1285483987540955136
1285484237135597570
1285485405731614720
1285486307859283968
1285486419348201474
1285486878649495554
1285487473401794560
1285488668371607552
1285488721379368961
1285488922311528448
1285489554032484353
1285489918484119552
1285491452630335489
1285491641113931777
1285491796143779841
1285494528300986368
1285495420408324097
1285496514593165314
1285498160257744896
1285498793069182976
1285501575402647553
1285502465777909769
1285503388503863301
1285504872708747265
1285508557530468353
1285511996134191104
1285513206002266112
1285514199083282432
1285514453350375432
1285515612106690562
1285517627339792386
1285518239766700032
1285518331487744000
1285518398953156608
1285519569289764867
1285519802371473408
1285520473762041856
1285521454281310208
1285522217954971649
1285522637846769667
1285522724937330688
1285522753550876674
1285526330226823170
1285529123667030022
1285530257882099714
1285531357674758145
1285531969636442112
1285532104470732802
1285533670208532481
1285534528681828352
1285535643301486592
1285536528190435328
1285536688693862400
1285537636250202114
1285537760900575232
1285537909655793664
1285538032045580288
1285538039465304069
1285538094477750273
1285538095757029377
1285538096759443456
1285538135233847297
1285538153013456896
1285538153416163328
1285538158747070464
1285538179261648898
1285538192821608448
1285538209275850757
1285538229622419456
1285538229765107712
1285538254725328897
1285538291517816832
1285538292444717056
1285538296748105728
1285538300858494976
1285538310253719558
1285538321897160704
1285538353148882944
1285538377123508225
1285538409671348224
1285538426297520129
1285538469167554560
1285538470753005568
1285538472187645970
1285538507566403584
1285538518664507392
1285538586289307648
1285538630115549186
1285538646611726338
1285538664513036289
1285538680996855809
1285538686247899137
1285538701754413056
1285538790782545920
1285538870499524608
1285538876904189952
1285538956042366976
1285538964963684352
1285538969191473153
1285538990355955716
1285538995657555968
1285539001340801024
1285539002959814656
1285539009708646401
1285539018201956354
1285539025781063681
1285539051655684096
1285539060593815557
1285539085877035010
1285539105976184833
1285539188742344706
1285539219717320704
1285539316660240385
1285539318467985409
1285539325652856832
1285539331252387840
1285539343684104192
1285539367507726338
1285539381931962369
1285539422088372224
1285539529156259842
1285539539981762562
1285539565617307650
1285539601759653888
1285539608588161027
1285539627491659776
1285539663785033731
1285539673842962432
1285539680172167168
1285539682214744065
1285539698845159425
1285539742533087234
1285539755275374598
1285539861647122433
1285539867699539968
1285539880848617474
1285539881175748608
1285540016538521601
1285540085878812673
1285540163590819841
1285540220939563008
1285540230057963520
1285540285942861824
1285540298634850304
1285540301759672321
1285540310936764416
1285540385641488386
1285540404411027457
1285540421645430784
1285540508459077632
1285540617108385793
1285540625266257926
1285540737703014400
1285540756707356672
1285540795961892864
1285540820179750912
1285540908071444480
1285540908327333889
1285540922856337409
1285540990921486337
1285541122941448192
1285541152238661633
1285541192424239104
1285541297625763851
1285541338532810753
1285541490056257537
1285541632192831490
1285541839030726656
1285542098666545153
1285542111572406272
1285542424295600128
1285542496001384448
1285542565853278210
1285542641300459520
1285542858821263360
1285542882938482690
1285542937279922176
1285543030775140352
1285543210207506433
1285543246668525570
1285543324611309569
1285543388171743233
1285543436859273217
1285543453074448384
1285543514143461381
1285543575145467904
1285543600902856704
1285543834454118401
1285543963944878081
1285543976531980290
1285544013269889024
1285544517077069824
1285544588636065792
1285544621024530439
1285544710363164672
1285544883713789952
1285544982892343297
1285545003918467072
1285545016190877697
1285545060369653761
1285545108473909248
1285545113909751810
1285545153088741376
1285545154733105160
1285545264791445504
1285545330151317504
1285545550603927552
1285545582052782080
1285545667486552064
1285545843483762688
1285545947192127489
1285545974903889920
1285545983829368832
1285546051407982594
1285546088573702145
1285546275098595328
1285546284904898560
1285546741786271744
1285546762791301120
1285546848787169280
1285547123417550856
1285547133697835014
1285547246071644160
1285547434953682945
1285547511478775809
1285547608572719104
1285547681348108288
1285547712260141057
1285547860361019392
1285547963003990018
1285548031153037312
1285548124186894337
1285548144810323970
1285548172278763524
1285548735452205056
1285548838678233088
1285549045033734144
1285549198373314560
1285549229151150080
1285549273052966912
1285549501550231552
1285549545053515778
1285549613903048705
1285549936944152576
1285550102099062789
1285550160215330817
1285550298556030976
1285550376192630784
1285550420119584770
1285550651657904132
1285551014448205825
1285551290949369856
1285551435338313729
1285551879607336960
1285551980857815041
1285552028475731969
1285552036486934528
1285552074957025288
1285552688491454465
1285552919241060352
1285553133184143361
1285553457185689601
1285553792902033408
1285554173929385984
1285554466834579456
1285554482491711499
1285554617154076674
1285554905332068356
1285555060416540672
1285555185461288965
1285555585702703106
1285555829714808833
1285555914276134912
1285556254568378368
1285556380884180992
1285556551780978689
1285556618915049474
1285556665559904257
1285556936436412417
1285557013783539712
1285557861095862277
1285558816910671873
1285559552633520128
1285559823354871808
1285560056440922114
1285560117484609541
1285560798450835457
1285560839588593664
1285561414057250816
1285561864789745665
1285561953105018880
1285562413702471680
1285562854398029824
1285563171625791489
1285563795666898944
1285564054124158977
1285564157127831552
1285564230012264450
1285564578420494338
1285564742136786945
1285565071620366336
1285565175089606656
1285565752020365312
1285565863584600066
1285566021005279232
1285566688998551554
1285566702109900801
1285567797091725313
1285567832118288384
1285568566071300096
1285568630592139264
1285568679850082304
1285568746648559617
1285568768224051200
1285569458145095684
1285569477979979776
1285569815197835270
1285570040339652611
1285570148745703424
1285570416367419393
1285570928265408518
1285571060000333832
1285571582019043335
1285571971770548224
1285572112745299968
1285572114326499330
1285572192051187713
1285572457211080706
1285572474529148928
1285572540962795522
1285573127582257153
1285573428024471552
1285574149453176834
1285575056983117825
1285575253423386627
1285575542159237120
1285576346576404482
1285576743944781825
1285577240567111681
1285577331239563265
1285577340832018432
1285577846451101701
1285578247934103553
1285578480365604864
1285578659625971713
1285579592955080704
1285579641520979969
1285579971658870785
1285580304741171201
1285580452292513792
1285581134667984901
1285581367040856065
1285581442576048128
1285581558766661632
1285581748944826369
1285582470176337920
1285582758379569152
1285582836854951938
1285583563308453888
1285583751884320768
1285583814190759939
1285583871526891520
1285583891357528065
1285584099671859202
1285584721720700928
1285584838771134464
1285584988826558466
1285586076317384705
1285586136241332224
1285586211822698496
1285586771678380032
1285586863596556289
1285586946052386817
1285587379219095552
1285588082083807233
1285588820079992837
1285589040608055297
1285589488312279040
1285590442436747265
1285590973255258115
1285591202008424448
1285591452316135424
1285591702359519232
1285592163703615489
1285592245970718726
1285592762927259648
1285593110911700993
1285593153945210891
1285593316533231619
1285594253100384258
1285594363863592960
1285594393211097089
1285594541202919424
1285594546194112514
1285594912080252928
1285595036801921025
1285595287549931521
1285595360606511104
1285595699858624512
1285595963915210753
1285596121260335104
1285597073170223104
1285597186391183360
1285597249335156738
1285597275935379457
1285597293417312256
1285597337205776384
1285597360941420544
1285597365106335745
1285597380482674689
1285597409188380672
1285597420173352960
1285597425265258496
1285597462695116801
1285597500934684672
1285597501362515970
1285597515740577792
1285597525744001024
1285597630391779328
1285597691821555714
1285597738034442240
1285597769634385920
1285597773056933888
1285597777200848897
1285597994755162118
1285598081971519488
1285598197990162434
1285598266399358976
1285598280685096960
1285598564694085632
1285598569991491584
1285598601641689089
1285598634264997888
1285598638954156032
1285598760140189696
1285598760291139586
1285598778662289411
1285598807896535041
1285598821595127808
1285598931825696768
1285599005725138944
1285599031880753155
1285599050155401220
1285599135173947392
1285599239310123011
1285599405614280705
1285599450602385408
1285599574288203777
1285599597776248837
1285599604503982086
1285599695289626629
1285599773916094465
1285599808309342208
1285600016086831104
1285600100421640192
1285600263865356289
1285600424482017286
1285600465896583168
1285600537497436162
1285600545600942080
1285600591390048259
1285600608138022912
1285600615670976512
1285600767467032577
1285600901185642496
1285600985616973825
1285601053749194759
1285601114927267840
1285601136398020609
1285601317889748995
1285601683909861384
1285601949468045312
1285601951636434944
1285602198064422913
1285602279035478017
1285602351001284608
1285602352452571138
1285602556031500289
1285602561819631622
1285602692723875842
1285602733068869632
1285602869119520769
1285602874358104064
1285603017916649472
1285603381885665280
1285603463624306688
1285603466640007169
1285603471077658624
1285603582214131712
1285603630888955904
1285603697075130368
1285603715605508103
1285603748279128066
1285603781800079360
1285603788162838530
1285603817187414017
1285603859805732866
1285603905972445184
1285603937459023873
1285603986796675072
1285604022536331264
1285604054266249217
1285604054522122241
1285604062717792258
1285604228833083394
1285604231974735878
1285604374371340289
1285604451504607239
1285604622082736131
1285604656778018823
1285604663275008000
1285604703477391360
1285604765230149632
1285604953155940356
1285605034735140864
1285605068318875650
1285605145406046210
1285605243980578817
1285605296061263883
1285605310292533248
1285605350335447041
1285605391594934277
1285605404890796033
1285605430031458304
1285605434313900032
1285605453834199043
1285605538206830592
1285605686970286081
1285605891098718210
1285606354565181443
1285606424329031684
1285606486153068544
1285606606860963842
1285606700091940865
1285606756853452800
1285606777262833673
1285606809118617600
1285606870556848131
1285606884557426688
1285607093211467776
1285607222115028992
1285607253576425473
1285607274266923008
1285607328365064196
1285607357897158656
1285607436380827648
1285607457524416518
1285607503439503361
1285607725674778625
1285607746684039171
1285607772080537601
1285607779416322051
1285607802438901760
1285608074108076033
1285608074531737601
1285608221483446274
1285608227212861441
1285608378652413954
1285608407463059456
1285608422407274498
1285608513117577218
1285608770077446146
1285608810963439617
1285608816038608896
1285608844111028225
1285608907906396161
1285608920346763265
1285608972033155072
1285608988055408642
1285609003637190656
1285609062110048256
1285609083693936641
1285609090673184769
1285609103331655680
1285609201377710081
1285609204632498179
1285609300698832897
1285609332248387586
1285609382571642880
1285609391073394689
1285609414133719040
1285609527925182465
1285609533419720706
1285609567494328322
1285609640697499650
1285609731718086662
1285609916435177473
1285609933074059264
1285610078494752768
1285610263677370370
1285610335710466055
1285610418543656962
1285610504870928385
1285610565986070529
1285610580162813953
1285610689554505734
1285610743635812352
1285610804528721922
1285610804650418176
1285610812166541314
1285610825986854913
1285610833163296768
1285610839605731329
1285610857120989184
1285610889933131778
1285610966705741824
1285611071781429248
1285611101502279682
1285611291864956930
1285611391257325568
1285611434320236550
1285611482768711682
1285611593359937538
1285611630374653954
1285611668811198466
1285611765536038916
1285611851259228161
1285612222421622784
1285612331821654018
1285612407671455745
1285612591549734914
1285612653189255175
1285612657790377984
1285613095663042564
1285613127015571462
1285613198163542016
1285613353193414658
1285613578784055298
1285613609691877377
1285613653790728203
1285613680709832704
1285613698711719937
1285613866890801152
1285613970859143169
1285614039599587328
1285614080447909889
1285614130293018628
1285614134688702465
1285614243925168142
1285614500624965632
1285614748797677568
1285614778543726592
1285614823796101122
1285614902451863561
1285614926757793792
1285614929106665474
1285615036526985217
1285615160313491457
1285615686484623362
1285615936616239107
1285615947865378820
1285616148319535106
1285616177792856068
1285616262459076616
1285616333707710465
1285616493296783360
1285616536846249984
1285616574246854657
1285616656031637508
1285616720770670593
1285616756959084545
1285616905714380800
1285616911796109315
1285616937767247872
1285617016909504512
1285617044545822720
1285617081698967553
1285617146551316481
1285617157959819265
1285617199676305414
1285617213920161793
1285617228776460289
1285617293364469761
1285617367570096130
1285617423098544130
1285617563356073986
1285617604598607880
1285617930164752389
1285617965321326593
1285618027275456512
1285618033428508672
1285618109219590144
1285618208943345664
1285618261233750016
1285618377415852033
1285618403802136576
1285618456600215557
1285618605359603715
1285618800038215680
1285619018628554752
1285619022139097088
1285619218742939650
1285619310325567491
1285619626290876417
1285619850870697986
1285620077782544387
1285620229092106241
1285620243159810048
1285620267033731072
1285620473351610368
1285620527407693824
1285620562677706762
1285620624954720262
1285620651412291585
1285620687957364737
1285620807083921411
1285621295581933571
1285621422874910722
1285621751469297664
1285621766229032961
1285622047486488582
1285622050246266885
1285622220761501697
1285622619472101377
1285622864364867584
1285622964709466112
1285622981109133312
1285622991091531779
1285623209052852226
1285623610523168770
1285623700591710211
1285623848491274240
1285623948374421507
1285624054859407361
1285624195553079297
1285624287127273474
1285624346380324865
1285624392416927746
1285624889395810304
1285624949470887937
1285625078189903873
1285625323019788289
1285625399205154817
1285625548727779329
1285625735697305612
1285625956372295680
1285626066950914048
1285626081593171968
1285626138778370053
1285626358211780612
1285626372396810241
1285626397617160193
1285626430915784704
1285627010757341185
1285627163803295746
1285627603429269510
1285628009182113797
1285628755394863104
1285628804854161408
1285629099428458500
1285629846299828228
1285630066546941952
1285630391353827328
1285630406973370368
1285630833563504648
1285630892766003206
1285631005588697100
1285631087998377985
1285631727587733504
1285631727612964864
1285631834622230528
1285632150461657094
1285632479253209088
1285632586619015175
1285632751132200961
1285633139499556865
1285633240682893312
1285633404084662277
1285633738718818305
1285633798995095553
1285633873267896320
1285634224402436096
1285634394020106241
1285634913664929792
1285634964080463873
1285635000029908993
1285635016123396097
1285635412166356993
1285635785643917312
1285635892992933896
1285636004821565440
1285636193472962561
1285636258782490625
1285636362885111809
1285636471421120512
1285636501477494791
1285636841790738432
1285636959176712192
1285637135811383296
1285637245383450626
1285637652075679748
1285637969710387200
1285638055026622465
1285639524488552448
1285640091927543809
1285640335939575808
1285640521986248707
1285641311702454273
1285641391687835653
1285641987438387200
1285642333241987074
1285643268601118722
1285643529973387271
1285644037412851712
1285644097898905608
1285644135043493888
1285644228765327361
1285644467152850945
1285644482852069378
1285646163711012865
1285646354426060800
1285646883554308096
1285648122203574273
1285648202243420162
1285649339596058630
1285649753464856577
1285650189596991489
1285650903211675651
1285652736399364096
1285653100129390592
1285653766092533760
1285655375245647882
1285655914268241925
1285657153068503042
1285657331129253888
1285657465682616320
1285657890334875650
1285658158627790850
1285658481354309632
1285660266638835712
1285660535049129984
1285661064592588800
1285661310110371841
1285661566105530369
1285661598888136704
1285667484952072196
1285672309756493826
1285673424719884288
1285680039938396161
1285683891794333696
1285684053358915584
1285684175610273799
1285684238260604929
1285691795356229635
1285692311200989185
1285693484125519873
1285694698762506241
1285697763943100416
1285700271973249029
1285700704221515776
1285706244225933316
1285710688644730888
1285719337802899463
1285724561330376713
1285728624637771776
1285730167273533440
1285730173619523584
1285733032373227522
1285736159247831041
1285738405263863808
1285738791555100672
1285738877336973312
1285739113086242817
1285742067243614208
1285742260529672192
1285743562739511297
1285743869523406849
1285744471699681281
1285745318504456192
1285745670247395334
1285745851827212289
1285746021444857857
1285746275116216320
1285746918245543937
1285747132176060417
1285748640078651393
1285749366804721664
1285749670900379650
1285750112191311872
1285750567029989376
1285752009245683713
1285752072395096064
1285752530060730368
1285752977064525824
1285753666624909312
1285753984167211008
1285754460677931014
1285754523055603713
1285754627615416321
1285754638570893312
1285754946835496962
1285755520503054337
1285756147681484800
1285756501370388480
1285756635948826624
1285756687240925185
1285756872314650624
1285757533244674048
1285758175094861825
1285758369593098240
1285759385390559233
1285759594506027010
1285760418913218560
1285761548707721218
1285761842795540485
1285762328869220353
1285762419269095424
1285763065691041793
1285764027449106434
1285764751604060160
1285765217402490880
1285772540657299456
1285774115744305154
1285774229024071680
1285775879017132032
1285776792813318144
1285776861297913860
1285777308935000065
1285777897609781249
1285779784107098113
1285779809818140672
1285780069860864000
1285780195488657409
1285780443292291073
1285780558652624896
1285781279632318464
1285782049756868608
1285782662880215040
1285784059264696320
1285784092676509696
1285785127868436480
1285785793886392320
1285785820939431937
1285786200104505344
1285786630641446912
1285786803400671232
1285789746564706305
1285790072923492352
1285794856992772096
1285795258618400768
1285795286984478720
1285795351048273921
1285796555903995905
1285797560012029952
1285797604693954561
1285797791382396929
1285797852665376768
1285798261480026113
1285798705728118785
1285799663103344645
1285800587867549697
1285802055311843328
1285802336250552320
1285802722885689345
1285804909531561984
1285805286654119936
1285811635852984320
1285812557085908993
1285813433317724166
1285813977033793536
1285820487960981506
1285821577955663873
1285822544335876096
1285822954060693505
1285823643621064705
1285824406640447488
1285826613154742272
1285827246364614658
1285828211075452928
1285828250036342784
1285829930756890624
1285831070705872896
1285833446372212736
1285834939468898305
1285837288635678720
1285845265421721601
1285846855675305985
1285863894481661956
1285865262428774400
1285867370662301699
1285868827922726913
1285873004438679553
1285873086248542208
1285880513199255552
1285882939285180416
1285891024242397184
1285891457069363200
1285892170969264128
1285900275182530561
1285911747673550849
1285913794858766337
1285915263959830528
1285915749576400898
1285917213979848707
1285920906770931713
1285921280869511169
1285923426377453569
1285928933586698240
1285943230891044865
1285954624621432833
1285963678341185537
1285981058442260481
1285981383131713536
1286110730173812737
1286133581094387712
1286229515253891074
1286345093595758592
1286378343135248384
1286385625894133766
1286692606202671105
1287418413300637696
1288353772037500929
1289199853810008065
