id
1281768781824417793
1281771389695877123
1281773611007619072
1281777399261040640
1281780389845950464
1281780547308535808
1281781986823028739
1281784277797965824
1281784390729621505
1281788609050234880
1281795673856196608
1281796456211333121
1281797851178098688
1281797896388714497
1281798492705312768
1281798736822235136
1281800255252516864
1281800497834254337
1281801111926484992
1281802898171518976
1281804681803517955
1281804943565811712
1281805096209117184
1281805280716742656
1281807641849798656
1281809563885289473
1281809742885617672
1281810552516300801
1281810727926329344
1281811032206262272
1281811103379415040
1281812982435962880
1281813201588416515
1281816961689608196
1281817094888148992
1281817195660500993
1281817384383176704
1281817523827077121
1281817968775589888
1281818232022798336
1281818333151498246
1281818442111148034
1281818557622304841
1281819316262891521
1281820010621677570
1281821116130967553
1281821495224750080
1281821921089220608
1281822211636989954
1281822344554545152
1281822453430317056
1281822542445961216
1281822754166190080
1281822945904439297
1281823136556609536
1281823629748002822
1281823960603127809
1281824955135475712
1281825568439164929
1281825585933824000
1281825630716215296
1281826168723800065
1281826224990347267
1281826328832913410
1281826338874093569
1281826400396120065
1281826782484692993
1281826805230575617
1281826957672411137
1281827160626364418
1281827360984236034
1281827611010723842
1281828259353640966
1281828437087289345
1281828900004192256
1281829568299577346
1281829658258862080
1281829927382216704
1281830595732008966
1281831598325813249
1281831705095974912
1281832204243357697
1281832362645450752
1281832604530929666
1281833096724148225
1281833304602275841
1281833942098669569
1281833944120324096
1281834330168295425
1281835330912481281
1281835708538253312
1281836025682305025
1281837861453484032
1281838137380007938
1281838162549981186
1281838337230168065
1281838413717504000
1281838882628091905
1281838935501488128
1281839031106469888
1281839481188872197
1281839668988805121
1281839804955504642
1281839878842363904
1281840434365358080
1281841363630215169
1281841993455251462
1281842840608272390
1281843113242189825
1281843267311558656
1281843417832538112
1281843509444534272
1281843794988527616
1281844254004793344
1281844304109948928
1281844582829813762
1281844642074353667
1281844663209492489
1281844818130296835
1281844938188058624
1281845199530950656
1281845600477040640
1281846275529248768
1281846548020649989
1281847113060499461
1281847122535395333
1281848528466087936
1281849539788333057
1281851334811987968
1281851632255242240
1281851635652648960
1281852624938000384
1281852722241613824
1281852825836953600
1281853040081793024
1281853713833840643
1281853743210749953
1281854398335840257
1281854409752801281
1281854850133684224
1281855233690185730
1281855485222596608
1281857193860464640
1281857893457780736
1281858313232289792
1281859402174050305
1281859567932997632
1281859753518305281
1281860669122342912
1281860889709166593
1281860976963276800
1281861308653027329
1281862102827667457
1281863004426891264
1281863107208294403
1281863289606037504
1281863369381691394
1281863787776110593
1281863962607288320
1281864432453218305
1281864729820975105
1281864770925150208
1281865123875807232
1281865218805530624
1281865232256692224
1281865281673981953
1281865734704951296
1281866162985299968
1281867079595945985
1281867435189121025
1281868123138752514
1281868340147785728
1281868439808692224
1281868472687955973
1281868777664081920
1281868796731330560
1281868800795664385
1281868920635318272
1281869352187293696
1281869529648205824
1281869723945164800
1281869764126629890
1281869869567234048
1281869943420542976
1281870225248448513
1281870355611529216
1281870394652192768
1281870752900247552
1281870808860721162
1281870828183760896
1281870843392352256
1281870845397229569
1281871107352453120
1281871309991890944
1281871518851457025
1281871564070195200
1281871676242722816
1281871751622918144
1281871923245248512
1281871951674449920
1281871958318014464
1281871996632961024
1281872117567336448
1281872214086713345
1281872267719389189
1281872318487126016
1281872443435446272
1281872589317529602
1281872752710844417
1281872799569604609
1281873076943294464
1281873204353654784
1281873776066482179
1281874158494728192
1281874159753019392
1281874336027156480
1281874422320762880
1281874847467884546
1281875023678984192
1281875098140504064
1281875147830386688
1281875301836787714
1281875380450672643
1281875586315505667
1281875734399561733
1281876089271234560
1281876153498664968
1281876164043132928
1281876673344860160
1281876872486322176
1281877078166704128
1281877145170489344
1281877186966888448
1281877358715080704
1281877435835748354
1281877536738177025
1281877695849091072
1281878103912931329
1281878550954434561
1281878898590928902
1281878904282550274
1281878968170213376
1281878969181040641
1281879098298478593
1281879693256306688
1281879927684358144
1281880137110179840
1281880173592240129
1281880388965523461
1281881035849048064
1281881082586189825
1281881184226574336
1281881718429896705
1281881732686344193
1281881768862388224
1281881840815616001
1281882043584884737
1281882078208913408
1281882493902188545
1281882530048688129
1281882560818118657
1281882604489207808
1281882714585436160
1281883409745207296
1281883422399426561
1281883620584513536
1281883653060980738
1281884060806270976
1281884097221033986
1281884542572232704
1281884661463912449
1281884710898028545
1281884757417005060
1281884805215346688
1281885226709315586
1281885406003204096
1281885549997854723
1281886369195765760
1281886420806692864
1281886605444149249
1281886649618706433
1281886689372192769
1281886711568461825
1281886816115675137
1281886896273018880
1281887107842076673
1281887498088505345
1281887679265873920
1281887993540689921
1281888013866262528
1281888174592024577
1281888265587421185
1281888287645466624
1281888526527692809
1281888750503518208
1281889244722548737
1281889816972365824
1281889836748558338
1281890167985299457
1281890551906930696
1281890613542170625
1281890639559356416
1281891162228326400
1281891295607140353
1281891517678800896
1281891643767963648
1281891687946575872
1281892055443095552
1281892232291774464
1281892413892509696
1281892488165253120
1281892521614835715
1281893204975972357
1281893389516992512
1281893576675295238
1281893617661906945
1281893672863232001
1281893698205179904
1281894407264854016
1281894826917543936
1281894834811269120
1281895564100206592
1281896004531429377
1281896033824526336
1281896137746640896
1281896420035801088
1281896853319999488
1281897036841811968
1281897118412636162
1281897800960290816
1281898005545709568
1281898218649841664
1281898278435487744
1281898610100068353
1281899321118429185
1281899444779143169
1281899505214881792
1281899526606008323
1281899908744667136
1281900060779769856
1281901015575351297
1281901057132511232
1281901167262539783
1281901688606121984
1281901751369527296
1281901996497178624
1281902087865954305
1281902505018810370
1281903180528316417
1281903348103315457
1281903474259587072
1281903567645716481
1281904014456532993
1281904879271903234
1281905188463312896
1281905723555737601
1281906341691285505
1281907464141590528
1281907907659882496
1281908079588552705
1281908597685800960
1281909458629623808
1281909850914488320
1281911003819589632
1281911262633291782
1281911579978526721
1281912319543357445
1281912343035670528
1281912469552685057
1281912472400617472
1281912500326412294
1281912523134885889
1281912541543911424
1281912562020483072
1281912624741879809
1281912672154312704
1281912675874693127
1281912697739554817
1281912698674896896
1281912713241718784
1281912735962288130
1281912748973023232
1281912767843151873
1281912771685126146
1281912818149634048
1281912859211952128
1281912872923041793
1281912925372903424
1281912985502416897
1281912988488720384
1281913013163847681
1281913032226963457
1281913098748588032
1281913103991468032
1281913106805841920
1281913136468029440
1281913150019784708
1281913209897672704
1281913330790215681
1281913335844200448
1281913339245780992
1281913357977649152
1281913380354134016
1281913389275467776
1281913391473278979
1281913408397295616
1281913468254212096
1281913501837955072
1281913515104600064
1281913525695217665
1281913658281320448
1281913667101941760
1281913708105486337
1281913756608417793
1281913759557091328
1281913762870521856
1281913822194749440
1281913846840483840
1281913856160235520
1281913857997299713
1281914006744129537
1281914017607540736
1281914115015864320
1281914213762363392
1281914269169102849
1281914277557723136
1281914278472060930
1281914294196596736
1281914369723346944
1281914431014723585
1281914480151027712
1281914488044716032
1281914561126215681
1281914706991517696
1281914984503455745
1281915008914386946
1281915186207576064
1281915250476871681
1281915251470897152
1281915340180475906
1281915413077520385
1281915657261445122
1281915747308986368
1281915823582408704
1281915880486498304
1281916000682704896
1281916100721049600
1281916276005154816
1281916587138678785
1281916649856094208
1281916658399862784
1281916680088637440
1281916710748971008
1281916771297947652
1281916804600750080
1281916893238968321
1281917025107890176
1281917209418162176
1281917254230147072
1281917298584895491
1281917515019386886
1281917547235823617
1281917871942057985
1281917875205230594
1281917990334693377
1281918015035052032
1281918033875791873
1281918116012777472
1281918153082073088
1281918166776467456
1281918299052228608
1281918341037223937
1281918620885372931
1281918784584859648
1281918794202378240
1281918807708020737
1281918830084673536
1281918955108491264
1281919076688752640
1281919234625470465
1281919314350665728
1281919477118976000
1281919654131200001
1281919814391537665
1281919870511136768
1281920030607675392
1281920056641777665
1281920205573091328
1281920523497168896
1281920574495895557
1281920769086287872
1281921009193369602
1281921015216369666
1281921139988525058
1281921336017694720
1281921685705224193
1281921738633211906
1281922408518045696
1281922578135879682
1281922580660621313
1281922587199586305
1281922849100328966
1281923330556256256
1281923538513874945
1281923547196059648
1281923781359923201
1281923918656405505
1281924189469806594
1281924471838830594
1281924523210625025
1281924552881139712
1281924588256006144
1281924642668556289
1281924664525074432
1281924834914492418
1281925035486113794
1281925064569442307
1281925101198307332
1281925224909246464
1281925403741839361
1281926034409918466
1281926104354152450
1281926244083220481
1281926289939558401
1281926561436823553
1281926672795578368
1281926825128554498
1281927109087121408
1281927171573821448
1281927748131287040
1281927809573638146
1281927938657513472
1281928190131412992
1281928789170089986
1281929223469498370
1281929447738798080
1281930292609945600
1281930315288555528
1281930388068155392
1281930652091211777
1281930715442016261
1281931165457190918
1281931313755222016
1281931463064121349
1281931637219946498
1281931752735268870
1281931938081591301
1281931949263646721
1281932502366593024
1281932852402126848
1281933148314456070
1281933258431836160
1281933888621690882
1281933971702546432
1281934181619007488
1281934710621433857
1281934750769229826
1281934939697459200
1281934965471510529
1281934996333195264
1281935293805813761
1281935307261108224
1281935476559998986
1281935743825309703
1281935792659521536
1281935897848541192
1281935904546816001
1281935961828372480
1281936016392114176
1281936217106341890
1281936489132077056
1281936893765054464
1281936903680299008
1281937248858996739
1281937513284657152
1281937624354021377
1281937874162577408
1281937938100584449
1281937952696791041
1281938253893910530
1281938281853140993
1281938393778143237
1281938513332629504
1281939804393926656
1281940360596541440
1281940466829680642
1281940772619554820
1281940781381513216
1281940939095736320
1281941103613108230
1281941112920215555
1281941595068043265
1281941657185730563
1281941698671603717
1281941909636706306
1281941953483927552
1281941991836676096
1281942114431983616
1281942411279601664
1281942426060386304
1281943129310912513
1281943386174324738
1281943580324421632
1281943594073391106
1281943755239514112
1281943777582563330
1281944102431424512
1281944215434354691
1281944322787573763
1281944470087299075
1281944796014075904
1281944803815460865
1281945388413366272
1281945403059888128
1281945624057802753
1281945750570594304
1281945773446328321
1281945902442098689
1281945919160643590
1281946044574523393
1281946081190744064
1281946276389466114
1281946342663716864
1281946355108245509
1281946355879931905
1281946541511503873
1281946795501686785
1281946994659876864
1281947120971415552
1281947329113645057
1281947337976233986
1281947478426705920
1281948125108662275
1281948571365814272
1281948628551118848
1281948677079064583
1281949989044813829
1281950020757975040
1281950881416503304
1281951214524002305
1281951684009189378
1281951915379548161
1281951970287218694
1281952112872570880
1281952140760506368
1281952384495714310
1281952439847936000
1281952843453235201
1281952855746908162
1281952961770385408
1281953317292134406
1281953502671958016
1281953674793639936
1281954466661404673
1281954809629687809
1281954988260913152
1281955344667705345
1281955759064936453
1281956325451235328
1281956435937464327
1281956971453640708
1281957028357783553
1281957143369756674
1281957155159961601
1281957696065937408
1281957873304498181
1281958704150016000
1281959577131466753
1281960485416398848
1281961149169188865
1281961804936036352
1281961900528418819
1281962613786546179
1281962700789157888
1281962829776470018
1281963286519373829
1281963317116973056
1281963360725041154
1281964265625096194
1281964701023260676
1281964837493305345
1281964970570158081
1281965030452297728
1281965063239282696
1281965255006945281
1281965970395852801
1281966199862067200
1281966252555026432
1281966304312856576
1281966396994236417
1281966428887773184
1281966659788394497
1281966680768303104
1281966751601709056
1281966783847477249
1281966852273352704
1281966900306739201
1281966939816902657
1281966946053787651
1281966994720350216
1281967000739180544
1281967015419416577
1281967050345177088
1281967111498133504
1281967190728536066
1281967284978765825
1281967355640156161
1281967464218161152
1281967474691371008
1281967492814929920
1281967505481719809
1281967521902428160
1281967577393233926
1281967596103888898
1281967737422491649
1281967942565900290
1281968069254905861
1281968672366407680
1281968783867838464
1281968870018801665
1281969161720066049
1281969178547679233
1281969228824948737
1281969497163722752
1281969629825400832
1281969662364774400
1281970036228288513
1281970123394347008
1281970340302745600
1281970353015623680
1281970397970219009
1281970412113375232
1281970843992551424
1281971218543865856
1281971536270774272
1281971584991809536
1281972747334070273
1281973326009622534
1281973392426426368
1281973401666482178
1281973457626869760
1281973545870872582
1281974181010141185
1281974755759816705
1281974879009378306
1281975045221318659
1281975284019851265
1281975992567738368
1281976029796392961
1281976061199187968
1281976107374243842
1281976169336729601
1281976260927709185
1281977063621054465
1281978087157018624
1281978622820024320
1281978663580299265
1281978798758494208
1281979499328860163
1281979917177991168
1281980150138245120
1281980681124339712
1281981434081628161
1281981557473853440
1281981995665354752
1281982214087925760
1281982755006365697
1281982913903341569
1281982939509649408
1281982981192777731
1281983508584337418
1281983663786225664
1281983702126301185
1281983916195278848
1281984089088614400
1281984284958564352
1281984339417264128
1281984459617665025
1281984512801423365
1281984703029932032
1281984733983858688
1281985155863687168
1281985241381351436
1281985556340072449
1281985679795253249
1281986347088015361
1281986814996213760
1281986818565525507
1281987301917294592
1281987342501244929
1281988053184073728
1281988160449204224
1281988164488359936
1281988257618657280
1281988655481946112
1281989213441818628
1281989320795021313
1281989835285118976
1281989989559984128
1281990083202043904
1281990150898081792
1281990197102567424
1281990201078775808
1281990823119220736
1281990988987129856
1281992205565976577
1281992530565816320
1281992568633532416
1281992589097365505
1281993168137752576
1281993381510438912
1281993479514583041
1281993676621778945
1281994055388463105
1281994360494583808
1281994520071200770
1281994761847492608
1281994765093896192
1281994943981068288
1281994966537920513
1281996678644428803
1281997007918370819
1281997417051680769
1281997821189578756
1281998012173045762
1281998898899218432
1281999748249956353
1282000625539014656
1282001006042071041
1282001133230145537
1282001256773386243
1282001449715511298
1282001647447621634
1282001820097769472
1282002132699279360
1282002420726288384
1282002800616943617
1282003437371027456
1282003642950643712
1282004033314582530
1282004256451522560
1282004583208718336
1282005236563890176
1282005370034982912
1282005935032905729
1282005967706574848
1282006500836208648
1282006755606556673
1282007102290980864
1282007261271846913
1282007335305535489
1282008071825321984
1282009305881800704
1282010115038760960
1282011198192410626
1282011273052352514
1282011856249294848
1282011898297192449
1282011931520364544
1282011940005597186
1282011972859342853
1282012324404973570
1282012328087576577
1282012517489799168
1282013064653676544
1282013256375123968
1282013511158165504
1282013522717667328
1282013541713604608
1282013605735497728
1282013730268606464
1282013987836555265
1282014281689477120
1282014312739958784
1282014485398515712
1282014610233520129
1282018092856430592
1282018100502687744
1282018318195453952
1282018364093685760
1282018389708292096
1282018665534312451
1282018706801831936
1282019129906479109
1282020505004978176
1282020685376663552
1282021100931575808
1282021976135962624
1282022941182570498
1282024829583937536
1282025617857245184
1282025814603689984
1282027285130797058
1282027289853562880
1282028360965582848
1282030457178034177
1282031576004476929
1282032257847320576
1282032265392869376
1282033229613023232
1282036080510787584
1282036370261737472
1282036614655426561
1282036671517622272
1282036688068337664
1282038502683795458
1282038531209265153
1282038588419592192
1282039101756043265
1282039226717085696
1282039556083036161
1282039868286054400
1282040380079263744
1282041267782901760
1282041571907641347
1282042590674726918
1282044187949494277
1282049756542443522
1282054554285047808
1282074832192991233
1282101655245164544
1282108571962929152
1282109733764096001
1282111005972066304
1282120199420821504
1282121378456432640
1282121437432578048
1282121812143337473
1282122102649184258
1282122105291632640
1282123831436427265
1282127764330446848
1282128535407210496
1282130290928832512
1282130937841545216
1282130970162806785
1282132024245936128
1282133084574322689
1282134322267353090
1282134460083826689
1282135797584367616
1282136113688096769
1282137998407004162
1282140878354575360
1282145205840302080
1282149244296499200
1282150085485146112
1282150446509899776
1282151095096107012
1282153314671456262
1282158316290883590
1282160395570917376
1282162282579898368
1282165625125695490
1282169446056947713
1282169646750117888
1282170732554760193
1282172675759038465
1282172756323262465
1282172807435022336
1282173864999440384
1282178794770448384
1282179129891160064
1282180990069174274
1282187648363147268
1282187884074688513
1282189224381263873
1282195776848846849
1282197804610236417
1282203051143520257
1282203934988234752
1282209863309725696
1282216548602527745
1282216890610470912
1282243416986923008
1282244813530689538
1282245528688799744
1282245645173239808
1282251866563211264
1282255868046635008
1282272098820349954
1282273739246317568
1282281110202793984
1282301686602579970
1282307822194003971
1282330336043528199
1282330748049997824
1282514303849918465
1282630913361248256
1282630918016921602
1282649501350735872
1282746068774424576
1283218049877733376
1283696464548392960
1285038317457698816
1285543959402446848
