id
1259651558968397831
1259653424326610952
1259673493735686150
1259673825186156545
1259674165302394880
1259674507100467201
1259677988146180096
1259679000860913665
1259681881655635969
1259681916879601665
1259682284489158657
1259682746550681600
1259685332468953089
1259685422025838598
1259685439377555457
1259685953179795458
1259686287067537408
1259686486091264000
1259686514855944199
1259686569440677889
1259688234784882689
1259689348691374081
1259689619047604227
1259691317774385152
1259691812291133440
1259691922592944130
1259692043221102592
1259692051517472768
1259692265338925056
1259692270212636672
1259692279968657411
1259692305277054976
1259692370615926787
1259692408326897670
1259692414362476544
1259692471329701890
1259692544486633473
1259692600585449472
1259692658726973440
1259692734308208641
1259692903795957760
1259692909743403008
1259692916823515136
1259693269417472006
1259693303123107842
1259693669545893894
1259693833761296385
1259693858771869702
1259693869958074368
1259694171331235841
1259694214968827906
1259694241065959425
1259694444833464325
1259694764288589824
1259695113896370176
1259695514234347523
1259695725069447170
1259695740349296642
1259695752508592131
1259695905588076550
1259696724173623296
1259696938179534850
1259697074838396932
1259697859437436929
1259697901229539328
1259697988319891458
1259698264493850624
1259698325554638850
1259698899524046848
1259698992838930432
1259699673389953025
1259700071534338050
1259700420714229766
1259702129616273408
1259702519606829058
1259702959459401728
1259703235868155904
1259703256533463040
1259703993715982336
1259704233235853312
1259704284070899712
1259704419710414848
1259704743854628865
1259704757939126272
1259705472250150912
1259705911330799618
1259705972454330368
1259706057498095616
1259706204961624065
1259706288751214594
1259707226219921408
1259707712478171138
1259707725203660800
1259707786914484224
1259708050065195008
1259708108995129344
1259708148954193927
1259708725486661635
1259709180077694976
1259709236679868418
1259709252161040384
1259709398064103425
1259709410349211649
1259710017965641729
1259710070947901446
1259710220554493952
1259710285411016704
1259710327731544067
1259710428306792448
1259710608464687104
1259710618728161282
1259710623480307712
1259710670272114688
1259710861481963522
1259711484147490816
1259711501809614856
1259712569759023104
1259712582169972736
1259713341393498113
1259713495047823362
1259713699243274240
1259713756839522305
1259713897612759040
1259713909604392961
1259714382813999104
1259714539567804416
1259714963792429056
1259715380446146560
1259715390726430720
1259716127271399427
1259716209416843271
1259716249803804675
1259716360734556160
1259716378103144449
1259716384629690369
1259716394062696448
1259716396042186752
1259716913388679168
1259717050005458944
1259717060856143872
1259718421199060993
1259718527357005824
1259719043206057985
1259719082762436610
1259719098604249088
1259719900895068160
1259719960684879876
1259719974370914306
1259721713996247041
1259721729443848193
1259722048999510018
1259722207837724672
1259722213370011648
1259722353975541760
1259723127384244224
1259723139354943493
1259723194707009536
1259723444955910145
1259724189000482816
1259724228900777984
1259725023893286912
1259725029840846849
1259725354052145152
1259725357151711232
1259726805801381888
1259727743308099588
1259728054785462272
1259728586874818561
1259728926487633922
1259729132046483456
1259731790685765638
1259732270015004672
1259733563055931395
1259733576012218368
1259733931051507713
1259736134600536064
1259737521497477121
1259738727687098368
1259738832888639488
1259739217187319808
1259739743417511940
1259739747972333568
1259740946960392192
1259741346274951168
1259741352885018624
1259741360426561536
1259741662625980416
1259741749380919297
1259742190009372672
1259742579110756354
1259742590590541824
1259744269029408768
1259744924829757443
1259748505389842432
1259748660209909769
1259748801453207553
1259749067350962177
1259749687978004483
1259750286979141642
1259751244295479297
1259751282123964416
1259752509322584064
1259752808598962176
1259753266067517443
1259756295013502976
1259756348067196930
1259756539964993537
1259757924953382913
1259758257184190465
1259758471957942273
1259758779970785280
1259760252481753089
1259761053690327043
1259763631534731266
1259763665835876352
1259763819188031488
1259764042131963904
1259764651539087362
1259764848281489408
1259764937527824384
1259765746768375809
1259766200147402756
1259766384952737794
1259767933384790016
1259768369101901829
1259770875181596675
1259771131659120640
1259771168246153218
1259771172901785605
1259771262366171138
1259773582655123456
1259774811342954497
1259775064259657729
1259775681723916292
1259776040773156867
1259776476825571329
1259776794875564033
1259777055505313794
1259777724639576064
1259778503878176768
1259778516486426625
1259778589219676162
1259778801359339521
1259778804748365824
1259779048269463552
1259779323520790528
1259779494006554624
1259779707089883137
1259779903605608450
1259780247735529474
1259780333689466880
1259780517874094080
1259781167395622913
1259781200031277057
1259781224861773824
1259781461038817280
1259781542185844738
1259781682665750529
1259782709355982849
1259782790415073282
1259782926113411072
1259783288539033600
1259783462149636098
1259784698366132224
1259785019561840641
1259785324798099461
1259785394088001536
1259787003048144897
1259787076720975874
1259787126637559808
1259787232400949249
1259787240164790272
1259787241796153346
1259787537020678144
1259787545711226880
1259787787689222148
1259789056843624448
1259791465397604353
1259791558699868160
1259791945804722178
1259791993758199808
1259793435319386113
1259793692124049408
1259793857690001411
1259793859367833601
1259793882746966016
1259793891160719362
1259793892108623872
1259793987642306561
1259794063001128960
1259794456720535552
1259794534503813120
1259794755468345345
1259795061149057024
1259795218238509056
1259795226224451585
1259795380490792960
1259795705058615296
1259795711895277570
1259795715020271620
1259796175625969664
1259796208358354945
1259796385316196358
1259796475346931721
1259796799683825665
1259796843615092736
1259796886396928000
1259797218917318659
1259797242073853954
1259797828135575553
1259798139395018752
1259798440445243392
1259798640538931202
1259798696620949504
1259798864808349696
1259799004474257414
1259799044039127041
1259799052922662913
1259799170082238464
1259799487154925575
1259799612275060736
1259799808216166400
1259799967289339904
1259800209657229312
1259800468676435968
1259800605578723328
1259800745261576194
1259800936504889344
1259801584701181952
1259802401353207808
1259802887825195008
1259803226909655040
1259803293930229761
1259803315912630274
1259803387819888640
1259804313729171456
1259805191492251649
1259805375550947328
1259805499702145030
1259805837624619009
1259806300965228544
1259806413469233152
1259807070129291264
1259807373092360192
1259807391299719168
1259807433540669443
1259807928925618179
1259808115454869506
1259808201501036549
1259808334107955200
1259808620314652672
1259808834328997889
1259809148046172165
1259809893642416130
1259810268114083842
1259810720163573761
1259811011588026368
1259811066470518785
1259811532956930050
1259811665417306112
1259812150048145413
1259813014959726593
1259813025554579457
1259813071398285314
1259813084568457216
1259813324851724296
1259813672274194432
1259814756761784324
1259814758930415616
1259815043769630721
1259815043970904065
1259815480702853125
1259816555791241217
1259816754739437571
1259817973063139328
1259819325738889217
1259819373784678400
1259819778543366146
1259820105321426944
1259821157135667200
1259821225049616385
1259821391035150336
1259823266920902656
1259823764960772096
1259823823907516427
1259824170969501697
1259824265983152131
1259824602060132353
1259824789721624576
1259824881358774276
1259825096748744706
1259825229066645504
1259825632487239681
1259825941523558400
1259826308349079562
1259827052850503681
1259827952990093312
1259828073236701184
1259828779490463744
1259828833445974018
1259829209121210369
1259829315480571904
1259829488193384449
1259830035885592576
1259830419257618433
1259832298930753541
1259832372582907904
1259833359078952961
1259833792409174016
1259833841608351745
1259834216302469120
1259834426210451457
1259834563922141186
1259835086154788864
1259835868627398656
1259835995538829316
1259836028099018753
1259836136748281858
1259836579721498626
1259836628429950978
1259837093020344323
1259837175866241026
1259837769024708608
1259838893093990402
1259839646663663624
1259839892475056131
1259840284067848194
1259840628097196044
1259840720871006208
1259841414659215362
1259841656049860611
1259841989979320320
1259842200810262529
1259842347912790017
1259842738696192011
1259842755964080128
1259842969483522055
1259843091344875526
1259843320727121921
1259843478722416641
1259843593268756484
1259843679889563652
1259843705932054529
1259843940645289990
1259844012049080320
1259844314961674243
1259844718818713600
1259844767632015369
1259844901392592901
1259845520090181637
1259846208186658817
1259846265254395904
1259846276503519233
1259846278491656199
1259846308959051776
1259846317817413633
1259846347429199874
1259846363065581573
1259846373861703681
1259846386037796871
1259846418237403137
1259846436004519937
1259846539821961217
1259846596818341889
1259846660064260097
1259846671292383240
1259846703211073537
1259847089351204868
1259847375977398282
1259847458282184706
1259847555267133441
1259847899791441921
1259848190075047940
1259848446917464067
1259849181231013892
1259849631942483973
1259850639615709191
1259851233663295489
1259852985737322496
1259853239635316736
1259853352143388675
1259853557563568128
1259853964289458177
1259858437967618055
1259858675663081477
1259859147803242498
1259860308627251201
1259860979812388865
1259861462375415808
1259862411768729600
1259864525697716225
1259864829138841600
1259865611758448641
1259865798300053505
1259865815458988032
1259866258419286016
1259866518873088000
1259866762616733700
1259866922331537410
1259867064191397896
1259868345488166912
1259871876047872001
1259872007908478977
1259873481757544449
1259873576213262340
1259873768450805761
1259873848893280259
1259873879608176640
1259873965721427968
1259874072177053697
1259874363266011137
1259874420614746116
1259875411166523392
1259875613436809217
1259878622980079617
1259880810758451205
1259881330898329604
1259881825553522689
1259882408494718976
1259882555316240386
1259882613088624640
1259883127519842304
1259885198814126081
1259886791395549184
1259887809868922883
1259888466877394944
1259890662134239233
1259891885264404480
1259892253373263872
1259892460450467847
1259893923536764933
1259896078482079747
1259896309089292289
1259896454090559488
1259897086235025408
1259897125086703616
1259897619591004161
1259898076187242496
1259898386393767943
1259902661563953158
1259905410619904000
1259905939815071744
1259906149027139586
1259906345282596867
1259907529754030081
1259907835896496129
1259909899766493186
1259913063005896704
1259914188266201089
1259914629444038658
1259914790622896128
1259918996310093826
1259920684962050053
1259929017421107200
1259929079693926403
1259941067585134593
1259943819216326663
1260055935323484161
1260060781187608581
1260060789240508416
1260082536392192000
1260082560803041280
1260082572219969536
1260082582923776000
1260082594487472129
1260082605052948481
1260163891163586569
1260163901078945792
1260164051042136064
1260164798508961793
1260180538519883776
1260180544605892608
1260182080551628801
1260189114286080000
1260189177368514561
1260189187153805312
1260189237149945856
1260189250609430529
1260189260633735168
1260189318351552514
1260189328392826880
1260189365306785795
1260189401377918976
1260206422459113472
1260206429048320001
1260207730112905217
1260214109619904512
1260214122488070144
1260242283724591106
1260242295460257792
1260247854087647234
1260248233667899392
1260250344875085825
1260286791602581505
1260397306928680960
1260417821198159878
1260423239668563969
1260423261537677313
1260423291866624003
1260423321100980224
1260425035946262528
1260427030463680512
1260427046892843011
1260442913986797569
1260442923012890625
1260447111105196032
1260447125772603402
1260447446561427456
1260511462868557824
1260513971821580291
1260514024992710656
1260615046322778116
1260803604316913665
1260803649787265025
1260806989267042304
1260807001627676672
1260930546026164224
1260930556428038147
1264746742131462144
1264746750788505600
1266625926084857856
1266625941880668161
1270253795830710275
1270253803724398592
1277631514352574464
1277631515493425154
