id
1257487553449476096
1257488684397416448
1257489776992608257
1257490551554707456
1257491238413975553
1257491485920034824
1257492194698711041
1257494020671934465
1257494515322982400
1257496270853206016
1257496596993806336
1257499493097967617
1257499567836114944
1257502990740582400
1257503097397473280
1257506557694271499
1257507675740536834
1257509016638418950
1257509489625804801
1257513666271784960
1257513698337280000
1257515791265804291
1257516072573505536
1257516072984383491
1257517462486040576
1257518367025455104
1257518382502428673
1257519292217618432
1257520618171297793
1257521002751221760
1257521534211514370
1257521616159797248
1257521963636940802
1257522662311673856
1257523138427940869
1257523375947362304
1257523888227069952
1257524223666462721
1257526464099921921
1257526587727069184
1257527591742984192
1257527651025268743
1257527713818173440
1257529523660156928
1257529669034733568
1257530251351113730
1257531317979316226
1257531320231530496
1257531591741435904
1257531693449134081
1257536112081305600
1257538549240328199
1257538701023985664
1257540887569035264
1257541745094451200
1257542175203692552
1257545389659561986
1257547074540716032
1257548264280223744
1257548423315640321
1257549399183355904
1257554173534625792
1257555269388627970
1257556598609678336
1257557121362808833
1257559517291839488
1257559540083630082
1257559637458653184
1257559661521317894
1257560072164524035
1257560932215111687
1257561379105456129
1257562843165028358
1257565209834795008
1257568461129019392
1257568727534632967
1257569052891009025
1257569070368665601
1257569204087271426
1257569291852906501
1257569522543816706
1257569651095007233
1257571257803030529
1257572219179286530
1257573576472801281
1257575263166066689
1257578927318425601
1257579677650006017
1257579894600499200
1257580190944776192
1257580332880023560
1257580333958156289
1257581832960425988
1257581977827282944
1257582536357789696
1257582676929728512
1257584929291960320
1257586579750567936
1257588757714407424
1257589054977253377
1257589986364231682
1257592035541843970
1257594256899952640
1257595942707986432
1257596823998431232
1257597100302503936
1257597184578551808
1257597615203594240
1257598885402468353
1257604557200228353
1257605655332085762
1257606041543471104
1257607547789303808
1257609168585777153
1257611074473349121
1257611352186724352
1257611653316669440
1257612187201343488
1257621076990996485
1257621261749870597
1257622018926641154
1257622147012481026
1257622369511694339
1257622582393634816
1257624053197803522
1257624207816454146
1257624736533630976
1257625204811063296
1257625220325584896
1257625332041093120
1257625581614743552
1257625667732156416
1257626061447323650
1257626092900421633
1257626306528686083
1257626473088901120
1257627028284555265
1257627396527861760
1257627682616926209
1257628097328840705
1257628454574489601
1257630210263932928
1257630325695365120
1257630407824044034
1257630480217718784
1257630921328660481
1257631006745657344
1257631014580453376
1257631114518282240
1257631907229118471
1257632422809808897
1257633246222966784
1257633764794142721
1257633826932580352
1257634608100843520
1257635055838433280
1257635193256660992
1257635816521830402
1257636271167438852
1257636334635638784
1257636382622863361
1257636685250248704
1257638661165928448
1257639226876874752
1257639340777205761
1257639546784755712
1257640140219969536
1257640452913795073
1257640472274558978
1257641104792526849
1257641270215880704
1257643723078287361
1257643812949655552
1257643955304501249
1257643979622854657
1257644162272411648
1257644200121729026
1257644682848305154
1257644835802157056
1257644956077953025
1257645272580206594
1257645382114455552
1257645463798341633
1257645640433250305
1257645767042490369
1257645833597726720
1257646563884597248
1257646761314844673
1257646935017693187
1257647014818562048
1257649252383129602
1257651535766568965
1257651609984806912
1257651678423236609
1257652114433757185
1257656143641444353
1257656833021542400
1257657591028736001
1257657962837016577
1257662180725424131
1257663724724170753
1257663918270345218
1257664034125475840
1257664189981745154
1257664500490174464
1257664804870852608
1257664824567377920
1257664856171393024
1257664879244259329
1257665011129806853
1257665453079527424
1257665628216995841
1257665744126586882
1257665784169418752
1257665864121438208
1257665876511338497
1257665891929673728
1257665907419160582
1257665920241197056
1257668149555507200
1257668446017503232
1257668634668945410
1257669022880919552
1257669033173884928
1257669388313870343
1257669789562146817
1257670092386533376
1257670693178806272
1257670956845117441
1257670959609323520
1257673622363275264
1257673773127434241
1257674137390256130
1257674312368128000
1257674474733932545
1257674570322128898
1257674607546576896
1257675182107504640
1257675477189160966
1257676158705045504
1257676321246740481
1257676460661317633
1257676798000656387
1257676988162035713
1257677196380065792
1257677298519572480
1257677352324288515
1257677435677671425
1257677465432068096
1257677607526596615
1257677705501425664
1257677962956214272
1257678448677359617
1257679269829971968
1257680116479557632
1257680209391714304
1257680592902033409
1257680705607348226
1257680906850119681
1257681138341953539
1257682642692161537
1257683467183292417
1257686260195512322
1257686274309148672
1257686797141803008
1257690065897021441
1257690177205678082
1257690572715941890
1257691332958580737
1257692729812766720
1257692824226668544
1257693757329342466
1257694041489182722
1257694044907540481
1257694417982558209
1257694499570147329
1257694704214241281
1257694848116760578
1257695947376689152
1257696053916323841
1257696131468926980
1257696178944294912
1257696295147524096
1257696449963442177
1257696533794959361
1257696622995218432
1257696648077160450
1257696765723041795
1257696927531118594
1257697089942892546
1257697345438957570
1257697434769092608
1257697872516087816
1257697940270874625
1257698766037176328
1257699002050584576
1257699253897420800
1257700205001977856
1257701313820987395
1257701414018539521
1257701495383851009
1257701628091695110
1257702251935784961
1257702881479647232
1257703265921380354
1257703644146917377
1257703722249043968
1257704239708565505
1257704675693871104
1257705644695662592
1257705736886341633
1257706009771995139
1257707432396152833
1257707551719915524
1257707570351013888
1257707595692937223
1257707601443373057
1257707621664067587
1257707753902047232
1257708334133764097
1257709975377530885
1257711529505497088
1257712309155184641
1257714636184420354
1257715020080832516
1257715550555275266
1257715572860747781
1257719936216006657
1257720159495651330
1257720655300014080
1257726606132436992
1257726710147096582
1257726757928648704
1257726907505946625
1257727006462169091
1257727146115694596
1257727978819194885
1257728686616272900
1257728932457009152
1257729735574073345
1257731114614927360
1257731120969515011
1257735286580113409
1257735519343124482
1257735663346159622
1257736194483531779
1257736269251084291
1257740753100517384
1257742942334115840
1257744334201462784
1257746500500754433
1257746523959357440
1257754858150457344
1257762381645701121
1257765939891761152
1257768573180579841
1257771081361797120
1257775535129686016
1257777275937816576
1257834882069409792
1257835001426706432
1257855204546002944
1257855227832569858
1257869518602264578
1257870506360897536
1257891027953676289
1257891402626678784
1257905884279173122
1257909091520983047
1257920623847682048
1257956259396976641
1258071162975711232
1258071227941269505
1258080286203695104
1258229115821395970
1258229201632714753
1258229346009067521
1258229656848867333
1258229838198038540
1258445133479108608
1259009087259492352
1267056215516942336
1268408008448638977
