id
1253136206063435776
1253136562092679173
1253138357779136513
1253140251955957761
1253140902224080896
1253142234930778113
1253143114417610753
1253143531280986112
1253143568811687936
1253144049780957187
1253144109339963392
1253144168785776640
1253144925098524673
1253144931931090944
1253145613425709057
1253146605546606594
1253146686173691907
1253146963824070657
1253147163799908352
1253147263410503685
1253148282257240065
1253148727646158849
1253149249656827909
1253149291364769793
1253149557694722049
1253150096197222401
1253150207878942720
1253150699552112641
1253151212804792321
1253151272254861312
1253153677520572416
1253153871347646464
1253154001442332672
1253154326954074112
1253154398248656897
1253154482676027392
1253154485691506689
1253154944896524289
1253156177179021313
1253156347295805440
1253156718651092992
1253157231941636097
1253157623009959936
1253157885250428933
1253157978435284992
1253158235403464705
1253158523426557953
1253159230963478528
1253159632769441797
1253159814613602305
1253159956985065472
1253159968238419968
1253159981043666944
1253159990812127237
1253159999871819776
1253160018804985856
1253160042838269952
1253160058541740034
1253160315631497217
1253160400637419520
1253160432812130304
1253160670897541125
1253160737641500672
1253160749301559299
1253160761179987969
1253161111081361409
1253161308658130944
1253161420406919169
1253161486656188417
1253161499440414720
1253161708920680448
1253161716063535104
1253161792274137088
1253162102942060544
1253162357062279168
1253162511978819586
1253162542316347393
1253162601846104066
1253163140822564867
1253163314328350721
1253163361191239685
1253163433849208832
1253163439746318336
1253163484789067777
1253163648417017857
1253163829795729413
1253163850452664322
1253164113519394816
1253164178996711436
1253164391048138753
1253165224460316674
1253166027187326982
1253166061857497088
1253166409577902081
1253166865146396672
1253166877502627841
1253166928316608512
1253167362481639424
1253167608557219842
1253168211555749888
1253168513054801921
1253169135430877187
1253169223171477506
1253169309821648896
1253169621231734784
1253170174699745282
1253170307826741250
1253171179386548224
1253171491245416450
1253171987737907201
1253172043408797696
1253172817899601921
1253172862145499136
1253173182934253569
1253173399112876035
1253173410680750080
1253173524673396737
1253173624774594561
1253173637299023872
1253173693318139904
1253173742680920070
1253174006783631362
1253174187314876416
1253174256378228737
1253174269888155648
1253174452843667456
1253174455309930496
1253174517767208961
1253174543742578689
1253174562281402371
1253174612109770755
1253175063790182400
1253175178932125702
1253175354480422914
1253175430762442752
1253175458583072768
1253175541491888129
1253175652330676225
1253175674363355138
1253176041788620800
1253176637832728577
1253176656677740544
1253176772998332424
1253176798545879040
1253176876736135169
1253176961310089217
1253176991811096577
1253177012476354566
1253177054272589829
1253177085381742595
1253177138250907656
1253177583216332800
1253177620096847873
1253177929334509568
1253178001472327687
1253178394130501634
1253178612003430401
1253178684766371840
1253178863351447553
1253178973757960192
1253179080201121797
1253179105346019329
1253179526244454400
1253179787792863233
1253179814158221312
1253179865433542656
1253180029636206592
1253180153586429952
1253180554100592640
1253180998709207045
1253181153642549249
1253181192184029184
1253181215361949701
1253181379896057856
1253181558443433989
1253181727402364928
1253181806024638465
1253181913700990976
1253181996710236165
1253182089328918529
1253182111009439744
1253182142139363328
1253182308435320867
1253182362499735552
1253182477394481153
1253182792969658376
1253182943025147905
1253182975824596994
1253183086898151424
1253183272118558720
1253183291462684673
1253183306486747136
1253183453639647232
1253183643566125057
1253183772071268352
1253183825817088001
1253183897833111553
1253184032990474242
1253184656637333504
1253185248919195648
1253185539081035777
1253185542528827394
1253185755947515906
1253185864957648897
1253185923400888321
1253185980737208320
1253186181443043330
1253186348741283841
1253186520946749441
1253186647258259457
1253186656200527878
1253186718783754243
1253186722055237632
1253186738077478912
1253186918159966211
1253186966218174464
1253187130202914816
1253187152847880193
1253187296700108800
1253187359660785664
1253187389968789505
1253187413473624064
1253187491059900416
1253187512983420929
1253187694324322304
1253187907604668416
1253187959639195650
1253188151419568131
1253188162597163008
1253188238761574400
1253188768695226368
1253188851184668679
1253189008798003200
1253189180538138624
1253189355780227074
1253189607195279361
1253189618276564992
1253189824909017089
1253189997756329984
1253190127595081730
1253190386656391168
1253190646300639232
1253190719306633216
1253190749639766020
1253190828362694657
1253191456682115072
1253191527146254338
1253191703521001472
1253191731698372608
1253192071290204160
1253192166266081280
1253192587097276417
1253192970792169472
1253193451027476481
1253193456660422657
1253193590341320705
1253193592757248001
1253193989429145601
1253194015828332547
1253194194782490624
1253194315712663554
1253194390333513728
1253194704856010758
1253194719724797952
1253194806278230016
1253194922997370880
1253194969977769986
1253195026852491264
1253195097455226880
1253195295032086528
1253195541019856896
1253195707181174785
1253195794460618754
1253195800114577408
1253195866623684613
1253195939373879296
1253196007937986564
1253196039269441541
1253196048039735296
1253196103207567360
1253196106722357248
1253196329003728901
1253196486290157573
1253196663176474625
1253196882219843584
1253197315206262784
1253197375008649217
1253197439651074048
1253197944666435586
1253198075667140610
1253198194051125250
1253198561795280896
1253198754825543680
1253199349099659266
1253200516429033478
1253200539396997120
1253200711300657152
1253201095456768001
1253201268341948417
1253201303028862977
1253201390295322628
1253201892324323328
1253201941586251776
1253202077800517632
1253202114198863873
1253202319744917504
1253202360836526080
1253202482072715264
1253202496593387521
1253202503191212033
1253202567124987905
1253202584569098241
1253202735618568195
1253202739733151749
1253202772071071744
1253202892263055360
1253203125625917440
1253204044983787521
1253204161992241152
1253204455295598593
1253204464489635840
1253204544240017408
1253204583834402818
1253204686619807744
1253204712276594688
1253204858020257799
1253205216356253697
1253205224476610561
1253205253421326337
1253205291178627072
1253205408312745984
1253205421344653313
1253205430777634816
1253205530790805505
1253205819417600003
1253206224553701376
1253206646223802368
1253206762380910592
1253206881171992576
1253206929914032128
1253206952508903424
1253206994229571584
1253206994258780161
1253207065268334595
1253207565682593797
1253207708544708609
1253207804472680448
1253208033901019136
1253208417973473282
1253209077032910848
1253209658321514501
1253209787208171521
1253209794204205061
1253209846863798277
1253210451925594112
1253210922136399873
1253212159414280197
1253212493750697985
1253212545608871936
1253212720591179777
1253212833220685824
1253212854359977986
1253212985419608064
1253213052574580737
1253213107780018178
1253213112720928771
1253213186213494784
1253213194606317568
1253213342912692224
1253213400508833794
1253213679257976833
1253213731955277825
1253213786590318594
1253213814004293633
1253213976470716416
1253213983005433863
1253214048348504066
1253214198391345153
1253214351986745345
1253214361994301440
1253214434752966656
1253214463890685952
1253214508824195073
1253214549056131072
1253214649761366017
1253214778564186112
1253214795811020800
1253214806003167232
1253214807366516736
1253214858478342144
1253215024937611264
1253215026082529282
1253215176750317569
1253215187982856192
1253215414521389056
1253216097542852614
1253216147048185856
1253216163145953280
1253216195534303232
1253216199736995842
1253216230015729667
1253216318339366913
1253216321313083394
1253216406570782720
1253216494541914113
1253216832535687168
1253216933903839233
1253217040858517504
1253217345398546437
1253217383273107458
1253217391082827777
1253217471156420608
1253217484536233985
1253217521630679040
1253217587296702466
1253217648059600896
1253217706398093312
1253217765848158208
1253218081221931008
1253218272260096000
1253218371782533120
1253218525843341313
1253218632361840640
1253218776264462336
1253218801371365376
1253218823391633415
1253219041931522049
1253219081689403394
1253219348384083969
1253219447944470528
1253219647773532160
1253219842779275268
1253219972681170946
1253220064980951045
1253220167930327042
1253220194635452417
1253220276281712641
1253220305054699524
1253220401943138307
1253220427092164608
1253220470280904704
1253220478552018944
1253220623305883648
1253220631467839488
1253220644189286400
1253220759780102147
1253220873688907776
1253220882006278144
1253221068224905217
1253221097152974848
1253221222214545409
1253221239335739394
1253221871929171968
1253222302201851909
1253222376684302338
1253222643014270976
1253222673263423488
1253222905615249408
1253222916407377922
1253223024205185024
1253223146234109952
1253223198562402305
1253223956636672000
1253224213567209475
1253224671664799744
1253225235463233536
1253225755502395398
1253225858300628993
1253225979671130112
1253226164946010112
1253226684641185792
1253226714521616384
1253227383169052678
1253227480871206913
1253227570440687616
1253227843422547970
1253228320206053376
1253228470605250560
1253228956334972928
1253229026786914311
1253229072479449088
1253229383713566720
1253229574168686593
1253229621136502784
1253229813520830467
1253230061601333248
1253230065799684101
1253230360722321410
1253230417362087938
1253230473217634305
1253230811618381824
1253231042036547585
1253231191408308225
1253231526432567299
1253231529171357697
1253231569197727745
1253231763951726592
1253231955581128704
1253232034182582272
1253232129347117056
1253232135797796865
1253232138616479755
1253232171826864128
1253232178219159552
1253232308016107521
1253232547045281792
1253232736107667457
1253232997731577856
1253233031764008960
1253233593821863938
1253233802454827009
1253234122836840448
1253234230374436867
1253234562836168704
1253234654418796544
1253234702863011841
1253234824032157697
1253234952633810947
1253235035399958528
1253235371166642177
1253235506772611074
1253235515731697664
1253235722607144960
1253235786691960832
1253235903692242944
1253236919552471040
1253237100348157952
1253237263607070720
1253237352379625475
1253237712313880576
1253237978366869504
1253238130272075783
1253238182541357056
1253238222219554818
1253238406336974848
1253238551208251394
1253238698398887938
1253239306476544000
1253239440538992641
1253239688489385985
1253240353362042881
1253241508465123328
1253241570951823361
1253241667915706368
1253241895804899329
1253242373011726336
1253242442721214464
1253242519430803458
1253242583079440384
1253242601790230530
1253242659461689350
1253242719234736128
1253242790005207040
1253242948889849856
1253243481532882944
1253243790233677825
1253244046123741185
1253244053803565056
1253244074884321280
1253244186825900038
1253244611079704583
1253245172822966272
1253245500842786818
1253245561085591558
1253245743592161280
1253246031040397312
1253246318207696897
1253246565306728450
1253246605228036098
1253247196847202304
1253247725245739008
1253247867352805378
1253248496662126593
1253248529226625025
1253248865395970048
1253248899231313921
1253249033101103104
1253249377851883521
1253249468067127297
1253249492280848389
1253249678080122882
1253249889267601409
1253249902584279045
1253249920049520640
1253250553645281280
1253250582279622657
1253250808692355072
1253251064947773440
1253251085097189378
1253251172783337472
1253251231411249153
1253251346859524103
1253251346935033860
1253251471694606336
1253251588313034752
1253251909865086976
1253252182138388481
1253252196189327360
1253252559399260160
1253253151739858944
1253253323983065088
1253253393445015554
1253253715332599809
1253253762585681921
1253253894072872960
1253254128110694402
1253254203486552065
1253254281873981441
1253254291772436480
1253254337830309888
1253254601006088192
1253254717473513473
1253254774524428290
1253254851733184513
1253255039210213376
1253255118243483648
1253255275500523520
1253255282286891008
1253255423722831872
1253255456501440512
1253255564055818243
1253255606603038726
1253255842792566784
1253255864569360384
1253256281386741761
1253256509296910339
1253256626930421762
1253256819188752385
1253256899044077569
1253257270739288064
1253257442588164096
1253257836785614850
1253257908818595841
1253257967945707520
1253258014934437892
1253258018092986369
1253258079241515008
1253258268404744199
1253258407231893504
1253258425053573120
1253258441239527425
1253258443462344707
1253258594646188032
1253258692461387776
1253258926411223040
1253259082686853123
1253259579527397377
1253259631482286080
1253259704287006720
1253259908876648448
1253259924890701825
1253260017425408001
1253260060274438144
1253260079031189504
1253260108471119872
1253260204965351424
1253260349161328640
1253260391234203649
1253260489875849216
1253260587980767234
1253260722672410624
1253260774765662208
1253260984703234048
1253261264844984321
1253261588108324864
1253261720027426816
1253261919286419457
1253262095480750087
1253262278134239233
1253263121671761920
1253263592251699200
1253263924063076352
1253264032909324288
1253264127742676992
1253264313378394113
1253264524087422982
1253264613228961792
1253264644703223810
1253265188653948929
1253265189710917634
1253265275937525766
1253265407869431809
1253265474781151232
1253265479285837824
1253265491147272192
1253265834887299072
1253265887714594818
1253265892231778304
1253266566419865600
1253266725015097346
1253266808800452608
1253267012589150208
1253267312679047169
1253267522264150017
1253267531445436416
1253267633186598912
1253268132954849282
1253268229276958722
1253268527026298882
1253268527416520704
1253268537272987650
1253268618495668226
1253268679120220160
1253268765606846466
1253268790680272907
1253268855205609473
1253268878228107264
1253268894992658433
1253269025888632832
1253269287034224640
1253269353212108800
1253269855597481985
1253270100079046659
1253270646412308481
1253270792906784768
1253270828885704704
1253271201209896968
1253271251105320960
1253271320583983105
1253271418810380288
1253271597743390720
1253271618312380416
1253272141857873922
1253272341859102720
1253272363375964160
1253272472314511360
1253272523996889088
1253272634076196866
1253272759297290241
1253272784685285383
1253272813126873088
1253273150315474944
1253273177813327873
1253273269337235458
1253273346281619458
1253273347263168514
1253273383158120448
1253273395740979200
1253273878056427520
1253273899531251712
1253273916698697729
1253274174837137409
1253274406664564736
1253274817824018436
1253275026801012743
1253275143243169795
1253275307177476097
1253275399657832453
1253275649164431361
1253275662980468737
1253276849137840128
1253277059922776064
1253277576258183169
1253278229651247106
1253279223306911745
1253279302013136897
1253279311693578240
1253279332690165761
1253279477179707395
1253279692406296576
1253279854910476294
1253280169189613570
1253280431367163905
1253280738738180098
1253280780597460994
1253280978400935938
1253281391535685633
1253281396652748800
1253281509936476161
1253281531625439233
1253281542333497346
1253281630862663680
1253282054147469313
1253282861316218880
1253282890600808448
1253283040157216768
1253283236161048576
1253283236735844353
1253283375982555136
1253283515195486208
1253283742409535488
1253283783538872320
1253283978569822208
1253284076418748416
1253284105418092545
1253284206152581120
1253284689378304011
1253284740116942853
1253284766721474560
1253284834971201536
1253285149652824064
1253285165423452160
1253285179617132544
1253285280012021760
1253285284856414208
1253285315135012864
1253285345980006407
1253285413436997634
1253285529526861824
1253285802727149569
1253285834117316608
1253285849493618689
1253285939939438593
1253286037717213185
1253286185050529792
1253286375283142658
1253286398121123845
1253286522947809282
1253286623128715265
1253286765705801730
1253286877005787136
1253287036276137984
1253287045516181511
1253287062855471104
1253287063526543361
1253287115422605312
1253287136964427776
1253287217029681152
1253287236776460288
1253287490447912960
1253287687588642816
1253287782925172738
1253288045849141250
1253288079340822528
1253288572821606400
1253288732993761280
1253288790367457281
1253288808235360258
1253288810214862848
1253288884537921537
1253288942247522305
1253289389255319553
1253289699126501376
1253289738800369665
1253289972582539264
1253290241701658624
1253290249519869955
1253290422207746048
1253290481707966464
1253290500930465792
1253290609416318977
1253290639225008128
1253291228369686529
1253291259218857984
1253291582280916993
1253291862611431424
1253292161489162242
1253292823375470594
1253292938089525252
1253293277689917440
1253293297604481029
1253293373584281600
1253293608737878016
1253293615809327104
1253293662768775168
1253293841609682945
1253293908685185025
1253294094207647746
1253294244128870400
1253294676884385793
1253294805272141824
1253294859173183489
1253295047656845317
1253295092380696577
1253295174421282826
1253295509042675712
1253295535206907904
1253295579796574208
1253295682074501121
1253295774739378176
1253295885410336769
1253296018780651521
1253296243050115073
1253296425305141249
1253296610668396545
1253296873860820993
1253297144750125057
1253297150248837121
1253297365223497728
1253297694963007489
1253297760083705856
1253298147192909830
1253298262280470531
1253298266642550784
1253298439842078725
1253298655907454976
1253298899898466308
1253299248499617792
1253299261300604937
1253299397456207875
1253299499684028418
1253299711005556737
1253300077382303744
1253300328935677952
1253300779227795456
1253300869933621248
1253300887033974787
1253301295181631488
1253301668176896003
1253302652571541504
1253302756141666305
1253303053194874880
1253303209067794434
1253303478006411265
1253304053867708416
1253304553535164419
1253305057354944512
1253306116487950336
1253306118991822848
1253306254568460288
1253306354607050752
1253306366371872768
1253306475956408320
1253306709105184768
1253306981089148932
1253307042493657088
1253307133271162881
1253307268663296006
1253307566269972481
1253307683286822912
1253307684746604544
1253308102105010177
1253308143833985024
1253308169582977025
1253308983164628992
1253309112021991424
1253309240422420482
1253309542235992064
1253309626424139777
1253309785891655680
1253310072970567682
1253310138762526720
1253310172979748868
1253310548810387456
1253310679735390208
1253310707111735297
1253310724987912195
1253310728704008192
1253310757120421888
1253310806051229697
1253310947667644416
1253310984690659328
1253311203876769793
1253311223162179585
1253311536195678208
1253311810582781953
1253312166452531200
1253312181149429762
1253312333222273024
1253312374284537856
1253312503808835585
1253312543164174343
1253312663725064193
1253312883431219200
1253312907800010754
1253313312181248000
1253314121296228353
1253314138815655937
1253314559168983040
1253314798688759813
1253315151526166530
1253315196552048641
1253315263711199232
1253315637075533833
1253316404926799880
1253316533029396481
1253316874328145920
1253317158165049344
1253318011873714177
1253318101833101321
1253318128190144514
1253318507896336385
1253318631183671296
1253318959815749637
1253319064128114697
1253319418584526851
1253319444157222914
1253319523643449346
1253319636415733766
1253320232514416646
1253320256874876938
1253320480049655812
1253320503034433536
1253320540615348229
1253320966626668544
1253320971827605512
1253321153499639808
1253321384740020224
1253322332975722500
1253322426663886851
1253322603952893962
1253322699956342786
1253322906131546121
1253323379488075776
1253323557955710980
1253324028585992194
1253324888036700162
1253325582957346816
1253326028019097604
1253326202250526724
1253326260400353282
1253326302603407363
1253326402763362311
1253326632879718400
1253326637908680705
1253326767437123584
1253326786017939458
1253326969787215873
1253327634299154435
1253327755388702721
1253327783310159874
1253327832790384642
1253328014353428480
1253328105885675525
1253328345183383553
1253329201588867081
1253329263547125760
1253329299299373056
1253329598185484290
1253329883859566593
1253330129347948549
1253330181931991049
1253330235170291717
1253330242401234946
1253330261078499328
1253330264714928128
1253330324697706501
1253330360298954753
1253330393081606145
1253330409338753024
1253330613857161224
1253330641615126531
1253330946578763780
1253331030561284102
1253331056087846913
1253331216343822338
1253331695878594562
1253331890246803456
1253331931850133505
1253332031854874628
1253332055691104261
1253332279755063296
1253332416191541257
1253332673453371392
1253332721184587776
1253332737374613505
1253332863350566912
1253333142200434691
1253333443804454912
1253333651393142785
1253333977508663306
1253334279892824070
1253334331084255237
1253334399665311744
1253334441537048578
1253334508268515330
1253334751357759489
1253334897311117314
1253334979884376067
1253334981755105282
1253335264069423108
1253335294914383872
1253335319329423360
1253335416993767425
1253335427026612232
1253335497008533508
1253336098496851979
1253336311164887041
1253336401396940801
1253337003631902725
1253337059533574152
1253337178051973126
1253337226080948224
1253337713492672513
1253337723873538048
1253337774549135360
1253337775757094913
1253338178468999168
1253338291375443969
1253338521181421577
1253339003354361856
1253339063769128961
1253339204714524672
1253339292388036611
1253339612149252098
1253339900889296901
1253340231979261953
1253340276883480582
1253340293895610372
1253340768724414472
1253341154516459520
1253341324549353472
1253341668524396547
1253342018677293057
1253342214173847554
1253342257123483649
1253342541694541825
1253342688859963392
1253342717431541760
1253342744182833154
1253342870083235842
1253342922767921157
1253343204226691073
1253343385118744577
1253343450642001922
1253343495475126273
1253343933087678466
1253344029770563586
1253344123177721856
1253344164005261312
1253344280271294465
1253344396084252672
1253344497573998593
1253344840999297024
1253344871575928832
1253344996989841416
1253345004250161154
1253345052983562240
1253345085627879425
1253345136542576640
1253345235868016640
1253345299923439617
1253345314855178240
1253345693764222976
1253345717269061632
1253345843630895105
1253346056420679684
1253346150536503297
1253346341956321280
1253346456498352128
1253346666133876737
1253346670139658245
1253346976961302529
1253347345842003968
1253347512662065154
1253347523634368517
1253347645332033539
1253347755218608129
1253347831081054208
1253347968805208066
1253348033011605505
1253348066373111808
1253348157649543169
1253348277669552131
1253348409836265472
1253348724643901452
1253348768830889984
1253349013535043588
1253349145659703296
1253349366821240833
1253349393463468033
1253349728550563841
1253350028879560706
1253350083795603465
1253350277027188737
1253350383465922563
1253350447282360321
1253350533731168257
1253350557768613888
1253350962363850754
1253351200780664834
1253351424622288896
1253351461234397184
1253351501499596801
1253351686455939074
1253351785642758148
1253352080292667395
1253352283032694785
1253352386569146374
1253352396794757122
1253352694456123392
1253352850626879488
1253352869513900035
1253352957753667585
1253353237417209857
1253353701475000326
1253353831301296130
1253354377135480839
1253354496496791552
1253354531728920577
1253355055425687554
1253355089714122755
1253355092843036678
1253355693312290817
1253355821871910917
1253356109940785152
1253356212390899713
1253356391223324672
1253356455681540100
1253356465756176385
1253356546014281731
1253356574019588096
1253356600380788737
1253356613106360320
1253356629686444033
1253356889464807425
1253356907320008705
1253356920867557378
1253357098542395392
1253357269401636870
1253357288955408384
1253357539682594817
1253357564026400769
1253357618908839942
1253358252714102784
1253358454628126722
1253358556666986496
1253358559800307712
1253358695401971713
1253359192431190016
1253359299402719232
1253359463324581895
1253359494580625408
1253359778270568449
1253359845777928199
1253360333806358529
1253360350591881217
1253360421517627392
1253360649247133696
1253360899349413891
1253360936309719041
1253360982144974848
1253361252908204038
1253361299288924162
1253361415798370316
1253361900059897856
1253361976463560704
1253361985057624065
1253362139793743874
1253362380718800898
1253362561556385792
1253362735447859200
1253362781140561921
1253362873369341959
1253363159521468420
1253363331961847808
1253363715640037376
1253363843910303745
1253364215164874757
1253364557868748806
1253364946584264704
1253365090189029378
1253365181788205058
1253365212297736192
1253365226239655937
1253365890348974080
1253366236756369409
1253366914492936192
1253367016242601984
1253367200553095175
1253367333604732934
1253367596029669377
1253367760249188352
1253367868751843330
1253368064076365825
1253368397020176386
1253368478066753537
1253368776768335876
1253369119354699776
1253369549090516992
1253369945460629504
1253370022694735881
1253370201002967047
1253370202042949633
1253370659146657793
1253370824607883266
1253370983475339265
1253371312036184064
1253371497709740039
1253371703167725571
1253371729885442050
1253371755470651393
1253371891760484352
1253372000887660546
1253372059079585795
1253372074091036674
1253372090671128584
1253372447165825024
1253372447333761025
1253372608428544001
1253372644017049600
1253372644738641920
1253372724296192003
1253373328594796551
1253373372764844032
1253373639585673217
1253373868808470528
1253374286754177024
1253374476068294657
1253374826628231168
1253375019306168323
1253375267772514308
1253375463906476036
1253375520345149453
1253375813816406020
1253376759677911040
1253376944277794819
1253377214906843145
1253377339733487619
1253377538862256135
1253377766952706049
1253377914839674882
1253378193001779203
1253378398954459136
1253378790924775426
1253378820138307585
1253378828250030080
1253378937167785985
1253378965839831040
1253379020680572929
1253379033024335873
1253379638388117504
1253379651075891200
1253379701026021378
1253379758013812736
1253380062927179776
1253380334336372736
1253380627740704768
1253380642492030983
1253380683784785920
1253380866170068997
1253381248606629888
1253381994806984710
1253382485683003392
1253382509662031872
1253382682504916992
1253382841842499584
1253382946553245696
1253383073632157696
1253383121807921154
1253383147858751488
1253383176468250628
1253383300036481024
1253383700957540354
1253384201224814598
1253384378870231041
1253384500555452416
1253384682089177089
1253385307715559429
1253385502977384449
1253385554806390785
1253385637627117569
1253385859975520257
1253385955035230208
1253386108144095232
1253386380610134017
1253386479381778432
1253386724295630849
1253386737428000769
1253386770663669761
1253387165150531584
1253388021732433922
1253388607278264327
1253388970735607809
1253389005795688448
1253390006691016705
1253390739934863361
1253391306304315393
1253391482784043008
1253392136357081089
1253392604990853120
1253392621130534918
1253392979378782210
1253393309441110016
1253393551536173057
1253393751730532352
1253394702927384583
1253396191213060096
1253397463240589312
1253398205221556224
1253398211126947840
1253399437084426240
1253400228008472576
1253400475707334661
1253400661892272129
1253401880388079616
1253402085883817984
1253402720406433793
1253403213526679554
1253403808031334400
1253405143602733059
1253405234363326465
1253407848979034112
1253408784174759938
1253408986537189377
1253409076354052096
1253410023000039424
1253410677638615041
1253410833083686913
1253411584451284992
1253411957790478337
1253413377801547777
1253414978721157127
1253415482012516354
1253416700235542533
1253417134438285315
1253417168118575105
1253418898726064128
1253421218339799040
1253423499873406979
1253423504856190979
1253423617682989060
1253426515913478145
1253426933146124291
1253427208774803460
1253436324800937985
1253436406262722563
1253436483718922240
1253436557781958659
1253436670097178624
1253436750233579520
1253450794524971009
1253464150757572614
1253476208253104128
1253484397816213504
1253487228237512704
1253491784455462913
1253493235302965251
1253495133305212930
1253497786370228224
1253498005728178178
1253498068957200385
1253498157511536640
1253500266592104449
1253503801530748930
1253503902802235395
1253509735216828417
1253513665036333056
1253514349987143681
1253514575791751168
1253515272901685248
1253515372596211713
1253515572517584896
1253516059975413760
1253516079453868033
1253516347675467777
1253518288077848576
1253518755268829184
1253520213720457218
1253520514460422144
1253520570953510912
1253522587944181767
1253522935786151937
1253523312636026881
1253524492858658816
1253527022657245188
1253527295479951360
1253527305303068672
1253527999686733824
1253528350745821184
1253528717537587201
1253530403996160000
1253530462938693632
1253530518718763008
1253530634208841728
1253530723740299264
1253530786151780353
1253531364932157440
1253531389623963653
1253531891543633920
1253533606011703297
1253534084200005632
1253535287940177922
1253535702207410176
1253539150785019904
1253543015349661696
1253547555780206592
1253548003161329664
1253548831964200960
1253549684691435520
1253549839838666754
1253550410247426048
1253551313150857216
1253553547066703872
1253554242608074752
1253554463484317698
1253555031439106048
1253555672706252801
1253557772274348032
1253559323587837953
1253560097114075137
1253562487162703874
1253565228119441408
1253566417611436032
1253567836158668800
1253569003517181955
1253572698204241921
1253575344268984320
1253575657004523520
1253579759268872193
1253580575622885376
1253580743781089280
1253580884009201669
1253583002388639744
1253584088801243136
1253588648525795328
1253595521773690880
1253596558974750720
1253609688874323971
1253615446294704128
1253615466716807168
1253615511394496513
1253615526473019393
1253615578536968192
1253615636200251393
1253621050610536449
1253625280326963202
1253625343283474435
1253628119669280771
1253632548372017152
1253632885791371264
1253639008250404865
1253645805103308801
1253651352682561537
1253662824636784641
1253666477296812034
1253670071622221831
1253676970027692035
1253680239873388544
1253681924083769344
1253681931885203457
1253684524501946369
1253691923014926341
1253694123166429184
1253720061941968896
1253720552726056960
1253725615036829697
1253730439870676996
1253733726602719237
1253734243303383046
1253735009535627264
1253738616863547392
1253767878320553987
1253771156185726977
1253838026482081792
1253865454604447744
1253870595986644993
1253931935694417920
1253936557783990272
1253949799805698048
1253999616741257217
1254011115727552512
1254073633175146496
1254110354851930113
1254224134801969153
1254310337014202372
1254310522813464576
1254316546605924353
1254561323150532610
1254597221259055106
1254832824131244032
1255088351687913481
1255459274291101698
1256077872873312256
1256889953277087749
1257611969953218560
1257612023451484162
1262040520034971648
1263445817593135105
1267339742217220096
1269853171003715584
