id
1245879440271269888
1245880791856365570
1245882442436804610
1245884011840299009
1245886099987156993
1245887697157107712
1245888274444333057
1245889639702913025
1245890521504968706
1245893361652793344
1245894545792892929
1245895477200957441
1245895746437734401
1245896572401061890
1245896850629996546
1245896932842594304
1245897018377035776
1245898229109026816
1245899750311743488
1245899914367733761
1245900241976438785
1245900308363894784
1245900604649508864
1245900923353743360
1245901385603747841
1245901526956032000
1245902111377932288
1245902309407641601
1245903162994601984
1245903850059399169
1245904580979785728
1245904710680231936
1245904711380656129
1245904716426391552
1245905272507215874
1245905699986522112
1245905776469671937
1245906366260113409
1245906403270619136
1245906508216291333
1245906531964444677
1245906571424493570
1245906689330761731
1245906777754882049
1245906842582040578
1245906907979632640
1245907045729144832
1245907293339705344
1245907611716743168
1245907618859638784
1245907676753620992
1245907708634529793
1245907734731436033
1245907769112190976
1245907885755752448
1245907913291395077
1245908134360563712
1245908149556543489
1245908178081996800
1245908218049482753
1245908342620356608
1245909076384636931
1245909126204608517
1245909661598937090
1245909969653751809
1245910104202862592
1245910243143348225
1245910810330873856
1245910970742059010
1245911328167845888
1245911381666172929
1245911442785595392
1245911498364461056
1245911601263173632
1245911621093838849
1245911691780476928
1245912073491460096
1245912311665025031
1245913313952911362
1245913531335053312
1245913578974003202
1245913847673716737
1245913889809760256
1245913926497271808
1245914041597353986
1245914304127201280
1245914626534989827
1245914894790057986
1245915474308632576
1245915937108152320
1245915966996791297
1245915971442761730
1245916140435427328
1245916343745929220
1245916912225140737
1245916921582632960
1245917071868715013
1245917164097261570
1245917225803862016
1245917295190274048
1245917373497917440
1245917445413425153
1245917446147473408
1245917562430316545
1245917601907138560
1245917703119859715
1245917769029181442
1245917795612684288
1245917811240656897
1245917913338413056
1245918208369897472
1245918301697409025
1245918479384903681
1245918533101338626
1245918615020245004
1245918768200482819
1245918773502074881
1245918784428244994
1245918816116170761
1245918893194936320
1245918949247569930
1245919063504596992
1245919073684172803
1245919106840182784
1245919386004639758
1245919479449759745
1245919488249225223
1245919697054216192
1245919989523046405
1245920100609167360
1245920469959602182
1245920583784624130
1245920639342358528
1245920690496102401
1245920939939753985
1245920940124295168
1245920979911495683
1245921019996463107
1245921025813934081
1245921044155650050
1245921089017901057
1245921099876929540
1245921188368412672
1245921227278929920
1245921288155066369
1245921309239828481
1245921319390081024
1245921432510464004
1245921441289105408
1245921529143025664
1245921636722728960
1245921658180792321
1245921670725943296
1245921778758647808
1245921827844571139
1245921850099511299
1245921874686529536
1245922023529799680
1245922053212884993
1245922093922803713
1245922178731671558
1245922264811372549
1245922371615125510
1245922541715066881
1245922623097167875
1245922674951385089
1245922747630243840
1245923048584359936
1245923114917212160
1245923246811144194
1245923365363179522
1245923843673190400
1245923888736821248
1245923912233320449
1245923913244143616
1245923985608413184
1245924048816574464
1245924093632733186
1245924395610017798
1245924483484905478
1245924518452809728
1245924535695597575
1245924695855083520
1245924722082107394
1245925089582780417
1245925092585902081
1245925098483142657
1245925316578566148
1245925351307403265
1245925884764106752
1245926202042245122
1245926209050968064
1245926588232822784
1245926603386802176
1245926611137916934
1245926630465261570
1245926637629140993
1245926643073335297
1245926849458257920
1245926859163852804
1245926932325101571
1245927029096284160
1245927192963371008
1245927474283704320
1245927485105209344
1245927485822382080
1245927773966761990
1245928033887764480
1245928171603722240
1245928409059831810
1245928480061022208
1245928646138671105
1245928772508905474
1245928800182886402
1245928881934090241
1245929139195932675
1245929154035372033
1245929374496391168
1245929398215176193
1245929399389548544
1245929408235372544
1245929523004076035
1245929621545091072
1245929970024632321
1245930017063702534
1245930046205751297
1245930048328093697
1245930071992360968
1245930705491648513
1245930753143328768
1245930755064131585
1245930759086436357
1245930952804589568
1245931246481334272
1245931532520271886
1245931567886635009
1245931909013598212
1245932095911759878
1245932184671670277
1245932443384696841
1245932817558556673
1245932856460730368
1245932896344584192
1245933116570525697
1245933466862014464
1245933728007745536
1245933848036179969
1245934012352188417
1245934089661603840
1245934261519048706
1245934373053952000
1245934432457863176
1245934971178672128
1245935206873419777
1245935223377809410
1245935227584667648
1245935313916063744
1245935326607986689
1245935345918775296
1245935439929683968
1245935517704712193
1245935554467786757
1245935634113376257
1245935666099175425
1245935689457233920
1245935738027257856
1245935739314909184
1245935794675744768
1245935820856365056
1245935877945036800
1245935884727234561
1245936287976017920
1245936312105852930
1245936390740643848
1245936405290684418
1245936405915656193
1245936434940448770
1245936498085511168
1245936641463574530
1245936663693385728
1245936771667505152
1245936856052551680
1245936882443153408
1245936960020963329
1245936968585949184
1245937028799193089
1245937052979359745
1245937177957031936
1245937198769123329
1245937258923884544
1245937300669739009
1245937457608024064
1245937500108943360
1245937507897872384
1245937594036146177
1245937629821939713
1245937700164612097
1245937709203329025
1245937722633539584
1245937758683586560
1245937902577577985
1245937926329880576
1245937988799827973
1245937992176295938
1245938080386711553
1245938134245707781
1245938172397268993
1245938196246126592
1245938208283570177
1245938234196135941
1245938343214374913
1245938361228877825
1245938415054376962
1245938604695789568
1245938632210272256
1245938712162324480
1245938731028078592
1245938879544385537
1245938932182700032
1245938943427629056
1245938967020597248
1245939082980663296
1245939100252659713
1245939117063655424
1245939415098236936
1245939507289079808
1245939773044191237
1245940048803049474
1245940262515417088
1245940283860062209
1245940344086126594
1245940387539116032
1245940415343165441
1245940421869465601
1245940616497786880
1245940621115703296
1245940627264675845
1245940732071837697
1245940770474868736
1245940817337843712
1245940953195536384
1245941095671844864
1245941127842271234
1245941344058527745
1245941362601541632
1245941497037389824
1245941694542958592
1245941776675790854
1245941798389899264
1245941825552056322
1245941906653302785
1245941944896884737
1245941983215890432
1245942004242153472
1245942009816182784
1245942225428549632
1245942306038902784
1245942351526129669
1245942394505367553
1245942450574614528
1245942467448295424
1245942484733231106
1245942542656389121
1245942601083125760
1245942656577884160
1245943076297650176
1245943087295131649
1245943106727481344
1245943185685090304
1245943186091986944
1245943190869258240
1245943276357570561
1245943311585574912
1245943389138239489
1245943400614047744
1245943415595921408
1245943438979272710
1245943465306800128
1245943482977411073
1245943570529320967
1245943644793659393
1245944012529381378
1245944057190219778
1245944200350367746
1245944204095717376
1245944252586172416
1245944260139962369
1245944270667821056
1245944439375384576
1245944463823798272
1245944481481781248
1245944565208498177
1245944577053392897
1245944765566181376
1245944827272822784
1245944873691144193
1245944933778771968
1245944935502643200
1245944940821168129
1245944995363708931
1245945130365771776
1245945173508423681
1245945210514722816
1245945219050176513
1245945302344814592
1245945370955390983
1245945388466466817
1245945390530048000
1245945429352562690
1245945435543547904
1245945504099381249
1245945664866926593
1245945866466328576
1245945971877351425
1245946109022720005
1245946120158580736
1245946261225623552
1245946282486697984
1245946473847476224
1245946522761478144
1245946532123246592
1245946614927093769
1245946671067848704
1245946718954254336
1245946815125401602
1245947048983060480
1245947089772838913
1245947137545760775
1245947247537217536
1245947256924061698
1245947263207084032
1245947270287122432
1245947324804800512
1245947340021583873
1245947425715417093
1245947439036555264
1245947451099340800
1245947467398594560
1245947560386150400
1245947588605382657
1245947617994887168
1245947706490540032
1245947763797266434
1245947793065127936
1245947860224335873
1245947868017389568
1245947949689065472
1245947959092457474
1245948031251271681
1245948101317320704
1245948162621075459
1245948324881944576
1245948375842852864
1245948484965920768
1245948527697518592
1245948609742295041
1245948626255228930
1245948731716825090
1245948757339856896
1245948863770320897
1245948874516283401
1245949259649708032
1245949470811885569
1245949819497021441
1245949858063593473
1245949978549170178
1245950103266791424
1245950114423656448
1245950139404914688
1245950207780630533
1245950241313972225
1245950329595654144
1245950348780437511
1245950723826667523
1245951177524514816
1245951423029755905
1245951491602612224
1245951545776017408
1245951669764063232
1245951678983127041
1245951865092747265
1245952182144262144
1245952271608770561
1245952736253730821
1245952765706129410
1245952927337865216
1245952954160439300
1245952954429030400
1245952994295701505
1245953199741128704
1245953268808929280
1245953288333213699
1245953299511115777
1245953430918549505
1245953435817533441
1245953617443483652
1245953766651650048
1245954053290393600
1245954095313125376
1245954191253594112
1245954219653255169
1245954562382389254
1245954673015582720
1245954769291587585
1245954830994149376
1245955023776841730
1245955076021084162
1245955083621109762
1245955126201737216
1245955163589771264
1245955218363142150
1245955218778386432
1245955233085358086
1245955274973655040
1245955285346209793
1245955362177474561
1245955407920553984
1245955427138801664
1245955428707516418
1245955728482824192
1245956096352636928
1245956295829491713
1245956304805363713
1245956384392237057
1245956612868558853
1245956628609818624
1245956637757591552
1245956646326513664
1245957002661998602
1245957097172242432
1245957361363083266
1245957483010486273
1245957781707870208
1245957886024417281
1245957897558749186
1245958302644596736
1245958445892694016
1245958481422606340
1245958954019983360
1245959039311204353
1245959188494389248
1245959265853919232
1245959761603858432
1245959793023406082
1245959808739508224
1245960011907395586
1245960044262436864
1245960115053719554
1245960302807494658
1245961012043382784
1245961171083001856
1245961193208119303
1245961279493115904
1245961353610661888
1245961366894080000
1245961380949159936
1245961564743589888
1245961768389623809
1245961820818423808
1245961836450607104
1245961893354688514
1245961902015918081
1245961902636683264
1245962169851596801
1245962250457767936
1245962312533434369
1245962341587374080
1245962379902377992
1245962498513108992
1245962507208069120
1245962623989866497
1245962630310682624
1245962805917806592
1245962813610151936
1245962817703829504
1245962869520224256
1245962982195990528
1245963023916789761
1245963111611285505
1245963123732824064
1245963699497680898
1245963942519656451
1245964126679007232
1245964156924088320
1245964764255260678
1245964792860295169
1245964809172025344
1245965051783196673
1245965329450188800
1245965369241632770
1245965375386161153
1245965861296300034
1245965928786841600
1245965961062010880
1245966037113352193
1245966062882967553
1245966196014448640
1245966384959328257
1245966507999363072
1245966641239691264
1245966799469817857
1245966960980099073
1245967019725295617
1245967053334298624
1245967102734815233
1245967211551813633
1245967237904818177
1245967341206114306
1245967382151077890
1245967477365977088
1245967555086495744
1245967903498756096
1245967917071532035
1245968199977283584
1245968277571948550
1245968334799110144
1245968529980940288
1245968771413467137
1245969070341730304
1245969689936707584
1245969740163506176
1245969926394789891
1245970174420779011
1245970289432788993
1245970310437965825
1245970317110988800
1245970327093436417
1245970554718269445
1245970565845766145
1245970683722489857
1245970732787462151
1245970757454376961
1245970801930747905
1245970952338518016
1245971117770256384
1245971245507567617
1245971320472395776
1245971347857080321
1245971359210979329
1245971526945353728
1245971573812514822
1245971602207952896
1245971797478162434
1245971823981809665
1245971900934664192
1245971939165761542
1245972005666471937
1245972062960676864
1245972080719302656
1245972173463773184
1245972206930157568
1245972458009530368
1245972520869584896
1245972610698997760
1245972649672503297
1245972679602999297
1245972682618912774
1245972701904158724
1245972728043069440
1245972745189392385
1245972945341755393
1245972971212046337
1245972992775069696
1245973050627174401
1245973091026702337
1245973169816719360
1245973456107098114
1245973517306335234
1245973574084636672
1245973595433529344
1245973755228110848
1245974074641154049
1245974331152269313
1245974335891726338
1245974671884873729
1245974984037523456
1245975122143518720
1245975154418647040
1245975534493990912
1245975742917140482
1245975746218061824
1245976086275473414
1245976088758480903
1245976358188130308
1245976553323823105
1245976562383503362
1245976741090168833
1245976756726751232
1245976930337329152
1245977153591824384
1245977176316317696
1245977200261652480
1245977345837563905
1245977393593892866
1245977530865238016
1245977779285323776
1245977811871059968
1245978006826278913
1245978034965897217
1245978053336915968
1245978071645085696
1245978207674724352
1245978252260200450
1245978363358883843
1245978585845977088
1245978590618910720
1245978678892216320
1245978749574635520
1245978774392279041
1245979036557496320
1245979129155063808
1245979154152968192
1245979347313278977
1245979384554475522
1245979398085500928
1245979399351971841
1245979557842337794
1245979563454234625
1245979673655267329
1245980007337324545
1245980065835421696
1245980067181682688
1245980372573343752
1245980519390576642
1245980532799873024
1245980566278684673
1245980586109308928
1245980707110805505
1245980721983807488
1245980779466747904
1245980798248824834
1245980994521333760
1245981173475684352
1245981232938115077
1245981416967421954
1245981592725618688
1245981599369285632
1245981683397976065
1245981860011761665
1245981879431352320
1245982007428911105
1245982036868976644
1245982110181097472
1245982275730173953
1245982477136482304
1245982540755644418
1245982541410000897
1245982868959969280
1245982924081524736
1245982937612345344
1245983116130304000
1245983696861069314
1245983850401939457
1245984111958716418
1245984130669535233
1245984251956416512
1245984273632387072
1245984499516743680
1245984798482386945
1245984889993711616
1245984997447733248
1245985193359364096
1245985293452312577
1245985346954944518
1245985359827091457
1245985487472537603
1245985509526196229
1245985635346927616
1245985669811404800
1245985833917743105
1245985866377388032
1245985888078831617
1245986070459822082
1245986207785529344
1245986355336712192
1245986384755585025
1245986448756506625
1245986685948698624
1245986724339015686
1245986762339405827
1245987272136130560
1245987299575226368
1245987302154723328
1245987414302003200
1245987958877908992
1245987999709450240
1245988184254644226
1245988541957419010
1245988604339347456
1245988704377700352
1245989096708661250
1245989413550804992
1245989624607936514
1245989674763440128
1245989677129031685
1245989729243299847
1245989974861733889
1245990017970794496
1245990223772778506
1245990565973393408
1245990580733317121
1245990664971550720
1245990883591204864
1245990940424069120
1245991231563264006
1245991567300550657
1245991595918295040
1245991735445966848
1245991773991657472
1245992012534304769
1245992487157555200
1245992511971213315
1245992750413017089
1245992792188506113
1245992925948870656
1245993027149139969
1245993190278066178
1245993236054700032
1245993288651296769
1245993528838127616
1245993645578178562
1245993655921528838
1245993908011556865
1245993923568226305
1245993961480523776
1245993991847337984
1245994216263573506
1245994248979329024
1245994425131470848
1245995014695485440
1245995308192063494
1245996669575008256
1245997421139619840
1245998109055832064
1245998322864640000
1245998439810375681
1245998478922149888
1245998695499231233
1245998816182046720
1245999268151754752
1245999281472851969
1245999415254380545
1245999510708523008
1245999649367789569
1245999652316401666
1245999706200629248
1246000080848478210
1246000157226754048
1246000738578214912
1246000885374672898
1246001114786476032
1246001560682815488
1246001839792766978
1246002320116273152
1246002362499518464
1246002636412895234
1246002813592715265
1246002865857908737
1246002940000665600
1246002961492217856
1246003024759148546
1246003084825735168
1246003120942878723
1246003162412011520
1246003240409464834
1246003272025923584
1246003451458228224
1246003711375077377
1246003741058187265
1246004112006582273
1246004143174508546
1246004643223580675
1246004654606938113
1246004827064135682
1246004860064919552
1246004873553793024
1246004919271735297
1246005010619666433
1246005041481342978
1246005062666612736
1246005236222681089
1246005268695179264
1246005292812226561
1246005301662240769
1246005560094285825
1246005608018403330
1246005630630080512
1246005646769541121
1246005653459501056
1246005702859972609
1246006085741350912
1246006192561766400
1246006341207855104
1246006459382419457
1246006527430758400
1246006752677523458
1246006762479800320
1246006937818255362
1246006971368501249
1246007010119659520
1246007313636311040
1246007560571781120
1246008061983993857
1246008219945725954
1246008988610613248
1246009160212164608
1246009461463896064
1246009475279892480
1246009631358377985
1246009991036686336
1246010176328491010
1246010642168864768
1246010648544169984
1246011259016769536
1246011285264687104
1246011508762406912
1246011535148732416
1246011808038694912
1246011817123409920
1246012062779600897
1246012252299411456
1246012375855173632
1246012545594314752
1246012573775880192
1246012789665091585
1246013521113968640
1246013798462279680
1246013799347277824
1246013890745384960
1246013941169500162
1246013971183722496
1246014090721574912
1246014183830740992
1246014184287961088
1246014263979802625
1246014272720769024
1246014695787487234
1246015052517261317
1246015150211006464
1246015223552589824
1246015252359249920
1246015417086140416
1246015793445220354
1246016021430849536
1246016275177803776
1246016629848166401
1246017740726366210
1246018071019393024
1246018119841308672
1246018589880012800
1246018773863124994
1246019450853195781
1246019555811414016
1246019612182859776
1246020425756200962
1246020589220794368
1246020713560993792
1246020810533265409
1246020868825911296
1246020907929239553
1246021137508663296
1246021534008758274
1246021545178234880
1246021782508720131
1246022177586991105
1246023038799196165
1246023356349960192
1246024134095540224
1246024294896783361
1246024351918501888
1246024645746163712
1246024939552956417
1246024999091097601
1246025134726471680
1246025339018588160
1246025384354693120
1246025641734090754
1246025740895711232
1246025826023247872
1246025882461929472
1246025921104093184
1246026176541257728
1246026279452721152
1246026430355402758
1246026641723109376
1246026912880676865
1246026959492022272
1246027069940576256
1246027417203826690
1246027703947530240
1246028028548808704
1246028108525756416
1246028572285779968
1246029676205584386
1246029704076890112
1246030649682620416
1246030672273084416
1246030773355859969
1246030872312270850
1246031113715216385
1246031185265848320
1246031400123240448
1246031421547982849
1246031487964712961
1246031608387260417
1246031613172973568
1246031707540606976
1246031739924840448
1246031753107525633
1246031848897048576
1246031859856916480
1246031915754369024
1246032041948246016
1246032208369823744
1246032273322831872
1246032287214403586
1246032513144721411
1246032877881413632
1246033012124311552
1246033514518085635
1246033519442198528
1246033567840231427
1246033618947850240
1246033732370219009
1246033942378991617
1246033986284949505
1246034047706562563
1246034114060271617
1246034194263756801
1246034250115067904
1246034299763085313
1246034527593652224
1246034558354522112
1246034565845540864
1246034612771360771
1246034637907873796
1246034887527858181
1246034983401082881
1246035013528956930
1246035028569620480
1246035124275130368
1246035584138776578
1246035780985733120
1246036021348884480
1246036037299650561
1246036114189611008
1246036169273442305
1246036300437655552
1246036377688391681
1246036451965337601
1246036457753464832
1246036486933397504
1246036487570767873
1246036552238747648
1246036592030035968
1246036602259787778
1246036891251527680
1246037013213728768
1246037056545005568
1246037098836029440
1246037165949112321
1246037203635130369
1246037268650840064
1246037671845208065
1246037996849098752
1246038318501904384
1246038430665998336
1246038731007680520
1246038807797018625
1246038945965707270
1246039905765130240
1246040030818136064
1246040396347523072
1246040802016374784
1246040824334266368
1246040878403080192
1246040962096222208
1246041129079812099
1246041752244387840
1246041857676595200
1246041880787181569
1246041943563354112
1246041978397241345
1246041986764808192
1246042260954689538
1246042383231246339
1246042400369168384
1246042619697823746
1246042628870696962
1246042795816648706
1246042818495295488
1246043023311437829
1246043052163993601
1246043168564547585
1246043281621803010
1246043534198591488
1246043549851762688
1246043617958887425
1246043639261696000
1246043665186750464
1246043675768918016
1246043713169547265
1246043812159340544
1246043836943454210
1246044008201236480
1246044395696095232
1246044420354473984
1246044508527063040
1246044559613755392
1246044628853407744
1246044766804082688
1246045304786386945
1246045618256195591
1246045874897051650
1246045883495354368
1246045948137984000
1246045977229680640
1246046018161881088
1246046240158040064
1246046338258620417
1246046390427344896
1246046435717427205
1246046505175101441
1246046595164131328
1246046654957936643
1246046837145886720
1246046933732356096
1246046947347034113
1246047253300531201
1246047275844923393
1246047481349038084
1246047803526144001
1246047849768316929
1246047856584265729
1246047905456123904
1246048046925770758
1246048177746149378
1246048205877338113
1246048225292775424
1246048466591084544
1246048543309094912
1246048697097621504
1246048727116034048
1246048743507415040
1246048830878912512
1246049065424408577
1246049376289443840
1246049386053783553
1246049402935848960
1246049433885626374
1246049557135249411
1246049692410089479
1246049812480290817
1246049822089588736
1246049930529079297
1246049937034543104
1246049948262518784
1246049972258131968
1246049973709373441
1246049992474685446
1246050174914506752
1246050317873135616
1246050348386615296
1246050426236989447
1246050537587404807
1246050868396343296
1246051085321506818
1246051125792346112
1246051389811220482
1246051747321151490
1246051900178534401
1246051958718259201
1246051985956061184
1246052124221419522
1246052588807569408
1246052666557394945
1246053064013840385
1246053674293424130
1246053769642532865
1246053943873953793
1246053958256193539
1246054006645854209
1246054161478647810
1246054230877585408
1246054276712910850
1246054293318160386
1246054505017303046
1246054514206969856
1246054588081262595
1246054603453427714
1246054824367370242
1246054883825831936
1246055165100044288
1246055677245534210
1246055796284235782
1246055874604326912
1246056137276952576
1246056157300613122
1246056265379282944
1246056785347112960
1246056863361372164
1246056989316136960
1246057056290955265
1246057717732528135
1246057833956769792
1246058240141455360
1246058331627606027
1246058569604067330
1246058581306171392
1246058584917463040
1246058940636393472
1246059036384079872
1246059139471519749
1246059160438898690
1246060624909484032
1246060843210403840
1246060901964435457
1246060926836412417
1246061053219307520
1246061183695646721
1246061567315189761
1246061693022670849
1246061779135926272
1246061868432662529
1246062196120883201
1246062248788815872
1246062329332187137
1246062408403005440
1246062434936393728
1246062598937661440
1246062613013975040
1246063076341735424
1246063085376417794
1246063235456958464
1246063273327370243
1246063882851909634
1246064134120071168
1246064365167620096
1246064383874215936
1246064436315426818
1246064446545506304
1246064609334886402
1246064714808881158
1246064819880386560
1246064826943541248
1246064888624996352
1246065057424740358
1246065073782550534
1246065842258731011
1246066091404808192
1246066099889692674
1246066276767879168
1246066311966257153
1246066366370758656
1246066931225915393
1246067958272512000
1246068033849712640
1246068103261212673
1246068315677544448
1246068523048112135
1246068694792335362
1246068798127345666
1246068842289188864
1246069060061630468
1246069199207718914
1246069283047653377
1246069355332251653
1246069410713858049
1246069463591432192
1246069493085831170
1246069834346934272
1246069936230785031
1246070123254829058
1246070954255474693
1246071040448610304
1246071421748441090
1246071842949017600
1246071860925804544
1246072075283877890
1246072321833459716
1246072514427551745
1246072655955935232
1246072675421663232
1246072688914747393
1246072954133217283
1246073189404266497
1246073257867882497
1246073312121253888
1246073322535653386
1246073338872475648
1246073364164128772
1246073447068901376
1246073509152829441
1246073532414488579
1246073977040072712
1246074009927577601
1246074093226450945
1246074295245127682
1246074439680196614
1246074553488433157
1246074645398179845
1246074757281275912
1246074766210912257
1246074934368985089
1246074962500128768
1246075322543439874
1246075391623622660
1246075429393293313
1246075519205957642
1246075625804185601
1246076221219155970
1246076443164987393
1246076506163429377
1246076508759703555
1246076898448265216
1246076963267080198
1246077045546700802
1246077146444861440
1246077230641364992
1246077312614817793
1246077520165761024
1246077527740698626
1246077639737163777
1246077644010950659
1246077647748132865
1246077821446795265
1246077920151388161
1246077968557862912
1246078108387565568
1246078215220867072
1246078262213656576
1246078283139051520
1246078464601534466
1246078506070691841
1246078562416734208
1246078580079001600
1246078602254450692
1246078690997555206
1246078691379154946
1246078785629212672
1246078792147165187
1246078803719290880
1246078839714910209
1246078843724525569
1246078888851181568
1246078923177246721
1246078988780482561
1246079116031361025
1246079148851785728
1246079164676837376
1246079214303969282
1246079265629601792
1246079332088287234
1246079438460088320
1246079560858427395
1246079573609062402
1246079621579206657
1246079999616200705
1246080074509508608
1246080090053709828
1246080190020812802
1246080207989010433
1246080234215985154
1246080253992132608
1246080381473787904
1246080420308901890
1246080549149646850
1246080606322061312
1246080776908791808
1246080842578812929
1246081227897081856
1246081261161963520
1246081435640848386
1246081571997642753
1246081628104884231
1246081693963800577
1246081714415263750
1246081764121960448
1246082023627698176
1246082072743157763
1246082117924085761
1246082341321113603
1246082393611464704
1246082408929054722
1246082442898706432
1246082473710084101
1246082484032253952
1246082494245425153
1246082547299295232
1246082562692222977
1246082590127185920
1246082611400732674
1246082613812457476
1246082664806797312
1246082710621138944
1246082738756571136
1246082803088773121
1246082812018475011
1246083000455987202
1246083330493169664
1246083640427192320
1246084037296283651
1246084037489201153
1246084311649943552
1246084437059596288
1246084501161168896
1246084891558572032
1246085228180803584
1246085409076957185
1246085419852156933
1246085481177051137
1246085770340896768
1246085908182355974
1246085924347355136
1246085993242996738
1246086305823354881
1246086412845252608
1246086464305127424
1246086501638668288
1246086550355505152
1246086793440755725
1246086866836676608
1246087014430040066
1246087033954504705
1246087152221339648
1246087173759098880
1246087188095193088
1246087206634053633
1246087293015715840
1246087441754161152
1246087485135847431
1246088242602049536
1246088496210513923
1246088500245434370
1246089215135215616
1246089459906551811
1246089467309355008
1246089602940588034
1246089614546423810
1246089778195386370
1246089798575476736
1246090020902993920
1246090149177356288
1246090168613797889
1246090321806540801
1246090387338346498
1246090819381026817
1246090889639821313
1246090921923317761
1246091111610777601
1246091124504006656
1246091337658535937
1246091497952309248
1246091593314000902
1246091630236454912
1246091649941454848
1246091837636513797
1246091910021668864
1246092110278860801
1246092509035597824
1246092585979932672
1246092592585928705
1246092839194255361
1246092859167694851
1246092986884059137
1246093624405786625
1246093783206260738
1246094012924039168
1246094076589543426
1246094081232719872
1246094083749064705
1246094404345040897
1246094413522231297
1246094530509586432
1246094633811103744
1246094658540687362
1246094754758053888
1246094813927104514
1246094814203924482
1246094834567237632
1246094900245848064
1246094925860614144
1246095237379952644
1246095245332234241
1246095438706552834
1246095583460220929
1246095929637105666
1246096243844997120
1246096250136477697
1246096535395266563
1246096635551072256
1246096771366809600
1246097093590204419
1246097130525081601
1246097142692769792
1246097317041541126
1246097731363516421
1246097956543086592
1246098150215028736
1246098155868848128
1246098212001382400
1246098823367163905
1246098840731582465
1246098855080296450
1246099314394316803
1246100624543895553
1246100657796456449
1246100726201241601
1246100882845908992
1246101127390588928
1246101250275303430
1246101335662968832
1246101346945609733
1246101351769071616
1246101629935300608
1246101838220251136
1246102016331354112
1246102295160320000
1246102397543301120
1246102648954093569
1246102782668468224
1246102849676873728
1246103036478570496
1246103117533347846
1246103323783991301
1246103482873950208
1246103500473290752
1246103569914355712
1246103877834997767
1246104125131108352
1246104280005636097
1246104293414801408
1246104820299292673
1246104867892011008
1246104915191070721
1246105038897827845
1246105045575143434
1246105132208508929
1246105139401932800
1246105154190839809
1246105233509376004
1246105371279646721
1246105401663184897
1246105596199424005
1246105647009202176
1246106065495822336
1246106220886257665
1246106353497587713
1246106730599256073
1246106983788359681
1246106986812342272
1246107206459645952
1246107326769016832
1246107595523293186
1246107856048275456
1246107950764023808
1246108107651969024
1246108324715581440
1246108345699676160
1246108375814995969
1246108412573667328
1246108430500159488
1246108522409910274
1246108580433944576
1246108599094370305
1246108626026020864
1246108654383726593
1246108735245697025
1246108834751565826
1246109043732516866
1246109066855763968
1246109266349453312
1246109317968863241
1246109458473742338
1246109588174163970
1246109839786475522
1246110353282535424
1246110400904454144
1246110702403649538
1246110791415164929
1246110819949195264
1246111300125630464
1246111729131479040
1246111809204969477
1246111869770838019
1246111897323220993
1246111911554347009
1246112020744638464
1246112642525097984
1246112963070574598
1246113184001323010
1246113291190984705
1246113459558707203
1246113463463706625
1246113520388837379
1246113567385894912
1246113898912083968
1246114141896507393
1246114281612963840
1246114585683177472
1246114914227253248
1246115246063923207
1246115500301512705
1246115748579246081
1246115949998043141
1246116055841304578
1246116057321857026
1246116415997792256
1246116595698528256
1246116604808552450
1246116675935764480
1246116714955317248
1246116723687854082
1246116732122599426
1246116735146545152
1246116771494494214
1246116828180615168
1246116871599845378
1246116977669783555
1246117460979273733
1246117496945438720
1246117797588946945
1246117977537286146
1246118047582224384
1246118064623476736
1246118067471634438
1246118083615309826
1246118101797588993
1246118104389890051
1246118180629733377
1246118220710305794
1246118236011155456
1246118755677003776
1246119079791833088
1246119179465289729
1246119221693538305
1246119579006328832
1246119733167980544
1246119740902240256
1246119782094536705
1246119813644087296
1246120048495755269
1246120389937258496
1246120611534884866
1246120663380668416
1246120820658716673
1246120922731298818
1246121051081211904
1246121305415417857
1246121752041787397
1246121795947659264
1246121874032955392
1246121970615218177
1246122239113732099
1246122271762272259
1246122379127988225
1246122993635516416
1246123000966987776
1246123042276888576
1246123099134644225
1246123373240807426
1246123387962806275
1246123465314312192
1246123484188573696
1246123592980594689
1246123840687628288
1246123940553953283
1246124137237458945
1246124181298638851
1246124252652122119
1246124327461728256
1246124494411821064
1246124528834506753
1246124567623393282
1246124892132528128
1246125154935001088
1246125164598677504
1246126029871046657
1246126167968468993
1246126186410864641
1246126303511597056
1246126982779162629
1246127067797663745
1246127124995551232
1246127429606727681
1246127533701115904
1246127823149916160
1246127863985631232
1246128121579012104
1246128160954957825
1246128321223671811
1246128591403757569
1246128837701668865
1246128943372984320
1246129224580202496
1246129723740049409
1246129794611204098
1246129847182622721
1246129855676088321
1246129873292165126
1246129932855439362
1246130028275879943
1246130069992423424
1246130145657643009
1246130278927605760
1246130323588444161
1246130476856651776
1246130494208495616
1246130890335346689
1246130905334210560
1246130968626442241
1246131000121249792
1246131072410107904
1246131116743913472
1246131138847895552
1246131261426397185
1246131436920303621
1246131482176954371
1246131538523230209
1246131802869137408
1246131833458188288
1246131893042442240
1246132111225917440
1246132280885514240
1246132283800600576
1246132565649412096
1246132731341234176
1246132832843567105
1246133088951783430
1246133115786944514
1246133199920496642
1246133279603847168
1246133603186036737
1246133699118129152
1246133722698547201
1246133803183046656
1246133808727863296
1246134114081624065
1246134160999067648
1246134251826774016
1246134387298545666
1246134420051865601
1246134431171006465
1246134510065836033
1246134674558050305
1246134851285090304
1246134924190441474
1246135694721875968
1246135725998764032
1246135755157594113
1246136007889522688
1246136038382157824
1246136214089916417
1246136819915223040
1246136887636459521
1246137597363027968
1246137658738274304
1246137804825849856
1246138011072581633
1246138085160521728
1246138584849055748
1246138651462926336
1246138861459103744
1246139277320130562
1246139526977744896
1246139548842647552
1246139595118370818
1246139615683022848
1246139850685730816
1246140122568900608
1246140745129623553
1246140790134448128
1246140811424587776
1246141515484631041
1246141828375568384
1246141853960896514
1246142092813819906
1246142261152428038
1246142758319869952
1246143014340198400
1246143015074156549
1246143435087564801
1246143466758737920
1246143481677938688
1246143546567962624
1246143678373974016
1246144366252613632
1246144599204098048
1246144658461376514
1246146121082105858
1246146337369755649
1246146409448894464
1246146942150643712
1246146947963998209
1246147340274032640
1246147391691972608
1246147397488533504
1246147588077678592
1246147626455764992
1246148033324048384
1246148515601903617
1246148546526679041
1246148687350444035
1246148706564370433
1246149883377025024
1246151856612610049
1246152015081701376
1246152116277837826
1246153008003440640
1246153229869535232
1246153955920338944
1246153961817571328
1246156583442083840
1246156710416392198
1246157006584471552
1246157370805215233
1246157663412432897
1246157736586260480
1246157811307778048
1246158432153088003
1246158658712424448
1246159400995188737
1246160116136771587
1246160394235805698
1246161089529696261
1246161551985381382
1246162741871562753
1246162818749075456
1246162986814910466
1246163367443587072
1246164327679197184
1246165210227859456
1246165579423047681
1246166205204819968
1246167483943227392
1246168589243047936
1246169410009776128
1246180795489882116
1246180951505289216
1246183054747582465
1246185511867174912
1246187574068006912
1246190600854126592
1246191978963820544
1246192530393358337
1246192784706424832
1246199669878853632
1246228597393649665
1246230746689196032
1246241897904869376
1246243782854455296
1246244173608443904
1246246124375035904
1246247608009424896
1246249481307185152
1246249837835833356
1246250530755604482
1246250892187164672
1246252265834524672
1246252574216339456
1246252927095672833
1246253895304675328
1246255226086031360
1246255980024721408
1246260284320149504
1246260845362819072
1246260930641461248
1246261004448628736
1246261022320513024
1246261078914289665
1246261199303393281
1246261393944391680
1246261499288412160
1246261626640019456
1246262913347637248
1246262979235999745
1246266935857180673
1246267472099057664
1246268259806183427
1246268402089390080
1246269225699700736
1246269339994488841
1246269657578983425
1246269671357198336
1246270610751160321
1246271243688402944
1246271376631009280
1246271556189188097
1246271891960147969
1246272209653338113
1246272286472060928
1246273295953154048
1246273366786375681
1246273565432918018
1246274795269840896
1246274945904029696
1246275528551587840
1246275708793401345
1246276945790160896
1246277414272917505
1246277973289734144
1246282130201530368
1246282197893386242
1246282840695885824
1246282893522923520
1246282962875760640
1246284291069210629
1246284329585524744
1246286424631988225
1246286538498928643
1246286912404389888
1246287197579497473
1246289022244106241
1246289096311476224
1246289976603463680
1246291169497276416
1246292581593387009
1246292791455449089
1246294843803856898
1246295874269036548
1246296461651800064
1246296895594450945
1246297348394881024
1246298534464212992
1246298764253360130
1246299118802219010
1246299223219298309
1246299241263194112
1246299252306788353
1246299546650415106
1246300941411733504
1246301068385865728
1246301099209797632
1246303334849339393
1246303770012725248
1246304058467471361
1246304069221679104
1246304375623933954
1246304844157050880
1246305059266269185
1246307202312224769
1246308584347930626
1246309310377820160
1246309382083641345
1246310071111274496
1246310148051632129
1246310600382099457
1246311347937144832
1246311547938447363
1246311603751903233
1246313513800228864
1246313769187201024
1246314498102706176
1246314659025571845
1246314681163112449
1246315438004469760
1246315519050805248
1246316487314268160
1246319566105575424
1246321155918553088
1246321842882670593
1246322470317146112
1246324107500613632
1246325201203122177
1246325229246283776
1246327188183494656
1246327241803350016
1246327747372290048
1246327768280731649
1246330137194295296
1246330778465656832
1246332177966460928
1246332403146051584
1246333620089831426
1246334728669515779
1246334988070445057
1246337394770456578
1246338717943500801
1246339984568627203
1246340177338847233
1246341479393456133
1246342215355355136
1246342804705398784
1246343023086075904
1246345433925824513
1246345539395809281
1246345991957041152
1246346545768747008
1246348541796089857
1246350514310090753
1246350629028544513
1246351463447588867
1246351776724291585
1246351854390427649
1246352273447555072
1246354959840366592
1246357049300209664
1246358297445158913
1246363234963197952
1246363963744378880
1246364368876343297
1246365111448555520
1246366314731458562
1246367456064610304
1246368988772184064
1246370207267880960
1246371593082687495
1246376475609063426
1246378883198287872
1246380664489783296
1246382052934443008
1246383510480273408
1246383853033250816
1246387966492045313
1246389070617399298
1246392166399635456
1246392246716387328
1246392802650406913
1246393963151572997
1246394483324981248
1246398591515496453
1246399763874013184
1246400703142100994
1246401169167015937
1246401917481172994
1246401952176627712
1246408352504176640
1246412451521781761
1246417475282984967
1246418663621582848
1246419168154521603
1246422529566097413
1246424364129476608
1246424377857429504
1246428706056196098
1246430138922930177
1246431344269426690
1246431536406302721
1246436075196710913
1246437113668788225
1246437533191290882
1246441820462051328
1246443408333230080
1246449245122465792
1246449341528567808
1246449521854312449
1246449606239510531
1246454608928460800
1246458645262434313
1246464100667813889
1246464137766543360
1246468012296646656
1246473385124626433
1246475741589409796
1246479027872747520
1246479915849060361
1246483056963141633
1246483660355719169
1246487372096659457
1246489176775593984
1246490335330447360
1246498700731416578
1246511047395012609
1246514171627241473
1246518267973210112
1246623592776740864
1246625226718203905
1246645413320331265
1246651780504543234
1246653472272875520
1246656299133272065
1246658677580296193
1246661452938665989
1246662031916195840
1246665099705634817
1246665893259571201
1246666469942784001
1246668074360672256
1246669771346546688
1246677705954701312
1246681612013559809
1246683095564201986
1246686651536904194
1246694986654969857
1246699121286635520
1246699686901231616
1246700262166638592
1246700822336958464
1246724221574598664
1246737901720702976
1246738298401206272
1246749557028990982
1246751658568298496
1246751728835461121
1246751788205735936
1246761107491942400
1246772681250242560
1246778353132032001
1246783157308801029
1246816550906023941
1246846080404332545
1246848974289584131
1246998929863933952
1246998956812337154
1247013463081103362
1247064282006605824
1247066731450748929
1247074671561814016
1247129988228206592
1247399373228486656
1247422591133835265
1247539989698633731
1247616134402035712
1247616230401298432
1247620056546193409
1247620185244213248
1247647112864526337
1247776836928434181
1247857400687800320
1247857491725242371
1247859659337277441
1247859753889542144
1247892568337051654
1247914158638518273
1248149768338956293
1248149997163405313
1248274994942980101
1248515089969238016
1248586422031966208
1248586554924244999
1248657933593767936
1248658031736315906
1248703246912249857
1249051035332575232
1249245806072188928
1249321516413538305
1249680634328436736
1249728061521739787
1250029747658084354
1250085673152868352
1250085689800024064
1250370690735374337
1251584825070362629
1252654514261372934
1254144577155543042
1258568858719395841
1259617680895569920
1264738925924552704
1278198651722948608
1287377501602213889
