id
1246246088094314499
1246249139597234176
1246253647756800000
1246257923572903936
1246259093880397830
1246259268325486593
1246260165587775488
1246260657218977792
1246261849907032064
1246262100659298304
1246262600104652800
1246262683252350977
1246263274561126400
1246263412998340608
1246263504836820992
1246265005470867456
1246265270869487618
1246266237593817088
1246266418246512642
1246266506943455232
1246266748074156032
1246266854638673923
1246267326825201664
1246268098857984000
1246268310175592448
1246268557232488450
1246268727529598984
1246268754331422721
1246268881024376834
1246269483255099392
1246270295087804417
1246270715659259907
1246270868369502209
1246272929299443713
1246272994596380672
1246273538018799616
1246273782333026305
1246274173086740480
1246275179279343616
1246275589343825920
1246275736027033603
1246275931850698753
1246276563592605696
1246276813094961152
1246277033618890752
1246277149084004353
1246277593520693251
1246277607231909888
1246277943082414080
1246279021538578433
1246279139213987842
1246279262337826816
1246279277588492289
1246280125181841409
1246280284389036033
1246280746110726144
1246281161409794048
1246281337108959238
1246281348484120584
1246282092679331842
1246282225508855810
1246282343955828736
1246282678736801794
1246282757317128192
1246282948032090113
1246283340367294464
1246283437348020224
1246283756169613312
1246283834720649217
1246284013578244096
1246284645542572038
1246284755642880002
1246284819434070016
1246284869744742400
1246285019628417024
1246285256572973066
1246285296611688448
1246285922380836866
1246286472669466624
1246286541653073920
1246286630710702081
1246286733622173697
1246286838228287489
1246286933103456262
1246287083779416064
1246287394887938049
1246287450927849473
1246287629064134656
1246287776313737219
1246287842352877570
1246288253596192770
1246288703108104192
1246288791871975425
1246288886818463744
1246288904057061378
1246289089499807744
1246289487803473920
1246289843497381888
1246289900762103809
1246289991766102025
1246290098183790595
1246290415613022210
1246290546869407745
1246290603098255360
1246290756563660802
1246290826918899712
1246290984830304256
1246291518408790016
1246291780464570368
1246292147919175681
1246292358355759104
1246292947966070793
1246293223431077889
1246293262253490176
1246293408399773698
1246293535470628864
1246293723635277825
1246294063474712576
1246294258060890114
1246294466354270209
1246294601398353929
1246295002013196288
1246295310592348160
1246295789338427392
1246295795206443008
1246295817192783872
1246295992401408000
1246296436553273345
1246297110355599361
1246297252089323520
1246297564397408256
1246297628155023371
1246297885882417153
1246298314808713218
1246298394760343554
1246298880196689921
1246298965731131392
1246299000795320323
1246299387174834178
1246299446071005184
1246299501532459009
1246299676720001024
1246299734987272193
1246299822602280960
1246300131969970176
1246300179772260352
1246300246264561664
1246300938249199616
1246301013453287426
1246301189953720325
1246301277866192896
1246301600370606082
1246301675943612417
1246301754548817920
1246301788904591360
1246301999441694720
1246302135668490241
1246302447611654145
1246302677517996032
1246302718731235328
1246302904316833793
1246303010172669952
1246303224061190145
1246303239361839104
1246303455339106305
1246303573475909632
1246304258758082564
1246304384759169024
1246304645313712128
1246304725471019010
1246304859793641472
1246305032913342465
1246305147577421824
1246305268746477570
1246305366670901248
1246305400477093888
1246305635475451906
1246305662629564416
1246305717742526464
1246305788903084032
1246305829600387073
1246305933270986752
1246306019237486592
1246306079639654400
1246306116155236355
1246306308803956737
1246306394141147136
1246306472197107713
1246306501527916545
1246306552882925568
1246306643198930944
1246306689005105152
1246306734475489282
1246306810568404993
1246306840251514880
1246306855506178048
1246306869133455360
1246306869720711168
1246306991234002944
1246307009244344320
1246307239767539712
1246307252589326339
1246307338593566721
1246307399306076160
1246307412652347392
1246307431560278016
1246307444722188288
1246307609386184705
1246307640885403649
1246307706111213571
1246307764613218304
1246307790492069890
1246307800935890944
1246307961221156864
1246307981852991488
1246307997048958977
1246308039751118849
1246308057555992577
1246308061284835328
1246308290218332160
1246308341703417862
1246308343653826568
1246308396115972099
1246308439699013632
1246308466144079873
1246308596528250885
1246308672684384256
1246308688668889088
1246308906386821120
1246309019498635264
1246309020710744065
1246309133512368128
1246309176604672000
1246309327717236737
1246309475083931650
1246309487713095681
1246309505471741952
1246309581652779008
1246309707041492992
1246309722644307969
1246309805003661313
1246309836976947206
1246309857747259398
1246309992220639232
1246310012995006464
1246310094922551298
1246310171376152578
1246310181883064321
1246310181983498242
1246310201285844993
1246310355057475584
1246310399198330882
1246310411986558979
1246310441053085697
1246310474880176130
1246310495319023616
1246310597085536257
1246310629146791939
1246310720314064898
1246310825058398208
1246310869207842816
1246311028528279552
1246311048866459649
1246311056172929025
1246311401242517510
1246311461460144130
1246311672437850123
1246311738108080128
1246311914574995457
1246312015854886912
1246312275134177280
1246312306939551749
1246312355740274689
1246312364514971648
1246312436627410950
1246312454516170753
1246312570866130944
1246312587500769280
1246312757760151553
1246312773006454785
1246312794200268801
1246313009527394304
1246313138250821632
1246313241376174080
1246313261139705858
1246313495575949313
1246313525854613505
1246313581928280064
1246313629185531905
1246313666481250305
1246313668545044480
1246313951186444289
1246313962301313024
1246314004642811910
1246314160217944064
1246314304371974146
1246314378196025345
1246314412782149635
1246314485603680258
1246314529782411264
1246314563730952192
1246314655502315521
1246314830228631552
1246314937724461056
1246314938638856192
1246315061691305984
1246315347789168643
1246315400813350912
1246315579591421952
1246315714601869315
1246315731601338369
1246315800803389441
1246315942008651776
1246316056479760385
1246316094664499201
1246316242148790272
1246316243654545408
1246316286591807489
1246316383639502850
1246316579505049601
1246316682383101952
1246316881725849600
1246317133270671361
1246317468810805248
1246317519511498752
1246317587883012098
1246318079790858246
1246318414135562240
1246318677420474368
1246318689390956544
1246318804914733056
1246318817237557248
1246319029670662144
1246319105642303488
1246319333229248512
1246319399360856066
1246319557188259840
1246319797756887040
1246319936898600960
1246319946608431104
1246320441972494337
1246320547836751873
1246320650391883777
1246320761322770433
1246321118715056128
1246321433510174722
1246321485595070464
1246321798460907521
1246321905872916483
1246322865814638594
1246322963953127430
1246322990603632640
1246323047969116161
1246323087907291137
1246323111034859520
1246323224247504896
1246323603357876227
1246324142888157185
1246324912966361090
1246325020088918016
1246325052187922432
1246325143267229697
1246325160782659584
1246325250549092352
1246325280018292737
1246325474768240641
1246325481076449285
1246325549900763137
1246326234491097093
1246326256305451014
1246327080419119104
1246327181141139457
1246327205921054720
1246327357830352896
1246327392232067073
1246327512092667905
1246327643324047361
1246327916801089536
1246328275770560512
1246328325192089602
1246328516896907264
1246328846753787904
1246328863954616321
1246328928240685056
1246328968698945536
1246328999648747521
1246329004262486016
1246329079474704385
1246329241496465411
1246329249247588353
1246329321997905920
1246329450540589056
1246329485667913728
1246329558158077952
1246329562759229440
1246329586679336962
1246329642039963648
1246329681395081216
1246329717571096576
1246329901361184769
1246330043695017984
1246330181012164609
1246330218928680961
1246330694554406912
1246330793422548992
1246330952231661568
1246331007092977665
1246331120259489792
1246331186302963712
1246331258214535168
1246331432005283840
1246331624968441860
1246331704517763072
1246331969488572418
1246332090083184640
1246332122664554496
1246332313903890433
1246332562638647296
1246332998624006144
1246333652461469696
1246333911296143360
1246333974806278144
1246333987385044994
1246334058457530368
1246334123171442688
1246334230067634176
1246334452839710720
1246334567423840258
1246335209684885504
1246335279700598790
1246335559095721990
1246335670701850625
1246335732664299520
1246335780894605313
1246336104493486088
1246336376431415296
1246336475429359616
1246336702026743813
1246336858155388928
1246336991807131649
1246336993098739712
1246337123705171968
1246337533622902785
1246337575977013255
1246338043209891840
1246338070649008130
1246338128274575361
1246338163024384000
1246338220163383296
1246338270155296768
1246338291042934784
1246338438116175874
1246338538309857280
1246338659315363842
1246338680903454722
1246339003294666752
1246339030062526465
1246339074715049985
1246339132961329152
1246339301673029635
1246339316680282112
1246339616455536641
1246339772894687232
1246339878255824896
1246340069192904706
1246340364916539392
1246340463507976192
1246340734598500352
1246340739245789187
1246341050685427717
1246341389224300545
1246341401354342400
1246341629230940165
1246341688743710720
1246341847762391042
1246342202206441473
1246342256140812289
1246342302408282114
1246342680986226688
1246342793854717954
1246342877866790913
1246342961467740160
1246343145991753730
1246343444479373312
1246343497621397504
1246343801771184128
1246343838681067520
1246344224242462720
1246344251581095937
1246344288780328960
1246344333508272128
1246344334867218437
1246344515667005443
1246344674853322753
1246344772614336512
1246344781934006272
1246344922829074433
1246344937391542283
1246344941678329857
1246345036079329280
1246345048393834496
1246345113057591296
1246345305060073473
1246345448899506176
1246345519368007680
1246345543334297601
1246345625827852288
1246345638893125632
1246345822167392257
1246345826466758656
1246345832288251904
1246345838298718208
1246345965176606720
1246345997510250496
1246346092121214976
1246346109812789249
1246346184391868418
1246346212438970369
1246346497647456257
1246346511773917186
1246346619936591873
1246346909192564738
1246346911445061634
1246347251040931843
1246347292057063425
1246347894254231552
1246348078287732736
1246348346458963968
1246348364150722560
1246348474888552448
1246348729092882432
1246349418971795457
1246349612949975041
1246350168364064771
1246350487177195520
1246350672439570432
1246350915533033472
1246350957383802881
1246351009749667840
1246351069585846273
1246351110253596673
1246351111604314112
1246351574680518657
1246351647598456834
1246351770512572416
1246351784421068800
1246352159471366146
1246352189418807296
1246352275749998592
1246352458068066306
1246352551425052682
1246353081291485184
1246353391229513729
1246353406576324608
1246353561606389760
1246353622973190145
1246354150964822018
1246354195915005952
1246354391231344641
1246354502661390339
1246354525730082816
1246354602900877313
1246354631883554816
1246354751446384640
1246354826696331264
1246354880609935365
1246354967956467713
1246354974671400960
1246355000378474497
1246355130514952192
1246355299524460544
1246355393078390784
1246355456739569666
1246355605599580160
1246356202285674497
1246356240139046913
1246356434373283840
1246356647783444480
1246356779077783552
1246356834622947328
1246357143525052418
1246357479140753409
1246357688285564928
1246357942162444290
1246358251387707398
1246358346757599232
1246358892839239680
1246359006932635651
1246359032090128389
1246359271836487681
1246359305428713472
1246359749744099330
1246359775081717760
1246359966350364677
1246359976924319744
1246360311986257923
1246360836760690701
1246361228835864576
1246361321437790213
1246361435837542402
1246361512576458752
1246361663751589889
1246361830089469953
1246361872737026049
1246361895319351297
1246362528827019264
1246362559399116801
1246362678366437376
1246362750391062530
1246362757630316544
1246362889952178177
1246362997351563264
1246363310494068737
1246363314680213510
1246363472410972160
1246363796073054208
1246363818420133889
1246363936238125056
1246364214530170881
1246364279533494273
1246364375302184967
1246364407241641984
1246364407459766279
1246364410202869762
1246364601781866496
1246364616243855360
1246365245775306754
1246365383856021505
1246365704552460290
1246365949172658176
1246365959419379718
1246366278228627457
1246366741170507777
1246366901007196161
1246367234793992193
1246367570187505667
1246367776618340355
1246368325132677120
1246368576262385664
1246368586014306305
1246368674547560448
1246368675688353792
1246368709716803585
1246368810673868802
1246368877472174080
1246369110490886144
1246369197614981120
1246369269614407681
1246369390976589825
1246369611873783816
1246369778811301889
1246369956054224896
1246370242218999808
1246370505524944903
1246370556129112064
1246370655030743040
1246370904000602113
1246371173908111360
1246371441085480960
1246371452858834944
1246371677182799872
1246371928308244481
1246371962609217536
1246372216100380672
1246372388272353281
1246372489011191808
1246372506413355008
1246372693533810689
1246372728350937089
1246372819753033728
1246373274113544193
1246373368300851205
1246373465361453057
1246374367124049920
1246374764207198209
1246375031531352064
1246375108370763777
1246375161990803457
1246375327850328065
1246375417709092864
1246375492820832256
1246375841145057280
1246375985194254336
1246376151791964160
1246376725723799553
1246376906850570240
1246377117899579392
1246377273738973186
1246377557022224391
1246378109110083585
1246378190777409536
1246378211740725248
1246378299137200128
1246378463365218304
1246378593539616769
1246378740168323072
1246378856316977154
1246378877447843841
1246378987426725888
1246379220357361666
1246379587828883457
1246379695060455426
1246379791529299968
1246380086896373760
1246380248792313856
1246380361870979073
1246380600153518082
1246380628179738629
1246380704423804928
1246380811533922305
1246381779436679168
1246382347139891200
1246382628996919296
1246382851299278849
1246383046737223681
1246383248357425152
1246383292917485569
1246383298483535874
1246383389021626368
1246383396810604544
1246383420000829445
1246383460379324416
1246383624561229830
1246383892199686146
1246383938030854144
1246384301387599872
1246384328503779328
1246384348414103553
1246384633085820928
1246384680657735680
1246384825231003650
1246385359094571008
1246385710535299072
1246385727023091717
1246385766776721408
1246385786057920512
1246385873651773441
1246385892442255361
1246385934062379008
1246385944996884480
1246385960742510594
1246386093458698243
1246386095425642496
1246386314422829056
1246386392999043072
1246386547147993090
1246386603301449729
1246386687812308994
1246386737602949121
1246386948446408704
1246387180294946816
1246387233743134721
1246387356178907136
1246387461854507009
1246387738628231170
1246387932270866432
1246388048536850432
1246388064156434432
1246388165100748800
1246388223741329408
1246388239222460416
1246388273410379777
1246388344029876226
1246388691192381441
1246388699757031425
1246388984340611072
1246388993547108352
1246389149529227265
1246389479474167808
1246389630989144065
1246389636324188161
1246389820823195648
1246389862338457603
1246390140349661185
1246390323842093056
1246390565391876096
1246390592352817153
1246390686133305344
1246390814818709505
1246390835790245889
1246390925166665728
1246391186761408513
1246391265257836546
1246391542190931969
1246391561669292033
1246391615645601792
1246391635996315648
1246391667030032385
1246391783015112704
1246391867551428609
1246391982819180544
1246391996673032192
1246392048925560837
1246392224771739650
1246392260830171137
1246392685931278336
1246393371653890049
1246393644082319360
1246393704279150593
1246393854254698496
1246393866388824065
1246393896193556480
1246394008584126465
1246394024929316865
1246394155619803138
1246394442996563969
1246394549364113414
1246394572642480129
1246394869787930629
1246394882505113600
1246394959546077184
1246395062579105792
1246395112302587906
1246395155059531776
1246395317135609857
1246395383565123586
1246395565241294848
1246395660850495488
1246395732476624896
1246395760305831936
1246396074819899393
1246396169346928640
1246396901420748802
1246396901781417987
1246396905745154048
1246397032597565440
1246397101736509440
1246397183181479936
1246397215041445889
1246397245647249408
1246397254073610240
1246397271257665537
1246397331832016896
1246397435615690753
1246397653010661378
1246397771428421633
1246397775836631040
1246397936876933122
1246397969277931520
1246398304033873920
1246398343569215488
1246398791365742592
1246398815180996608
1246398893601902593
1246399123420372992
1246399125584633858
1246399380732571654
1246399781569585152
1246399892022419456
1246400008812986368
1246400071299551233
1246400359435771906
1246400885648797699
1246401000459481088
1246401001558401024
1246401103043784704
1246401258258223104
1246401279615815680
1246401342022635520
1246401577004531719
1246401744051077120
1246402034904883202
1246402121731174400
1246402245320536064
1246402538171138048
1246402756417449986
1246402814667976705
1246402932096086016
1246403578501218305
1246403579289559040
1246403606988738560
1246403703742935045
1246403769446756355
1246403837788712960
1246403858168827905
1246403932160757760
1246403968005058560
1246404046916706306
1246404139187404801
1246404249161850880
1246404548102483969
1246404557313196037
1246404680256651264
1246404834791546886
1246404869780463618
1246405191878021122
1246405577334390787
1246405777817911296
1246406279825739776
1246406389385191425
1246407196235071489
1246407360811163648
1246407470718824454
1246407594564091905
1246407595159687171
1246407601086025729
1246407721995448321
1246407995946233862
1246408149159968770
1246408286414336002
1246408313882853377
1246408403364147200
1246408569248833536
1246408637901389824
1246408836266766343
1246409239548985346
1246409323711848448
1246409412606070787
1246409505379774466
1246409586807980032
1246409594752163842
1246409744979333121
1246409879129952257
1246410258110537729
1246410371142803457
1246410431515648002
1246410458392711168
1246410661770350592
1246410692929802240
1246410921821368320
1246411088234565633
1246411268971470848
1246411887434031104
1246411947819405312
1246411960876490753
1246411972083507200
1246412072142819328
1246412085019291648
1246412178292269057
1246412227734720512
1246412320776916995
1246412368373940226
1246413086556184576
1246413241476976640
1246413336457154560
1246413453255794688
1246413559845675008
1246413618221965312
1246413630037348353
1246414163385053185
1246414254736961536
1246414445762326535
1246414577731956738
1246414676445011968
1246414890392141825
1246414898868785154
1246415098463354881
1246415461723430912
1246415530069757952
1246415950984826880
1246416702478245888
1246416806094331905
1246416980157927429
1246418180068610048
1246418225492967424
1246418602296619014
1246418978391670785
1246419278275936256
1246419522157867010
1246419671223427072
1246419743281725441
1246419813804597249
1246419948236234752
1246420058722762757
1246420129782493186
1246420258627321856
1246420325329440768
1246420455809929216
1246420632751013888
1246420779270426624
1246420894307647489
1246421360185724929
1246421377340637184
1246421409565294592
1246421510513758209
1246421807625670656
1246421998537859072
1246422044209635329
1246422127844241409
1246422223763542019
1246422492840742912
1246422711682777089
1246422885826064384
1246422920752246785
1246423004797689856
1246423066529255427
1246423134539939840
1246423792110276611
1246424046880735232
1246424096465981441
1246424254255513600
1246424270525341696
1246424510720389120
1246424663602999296
1246424684478058499
1246424735153446913
1246424882994429953
1246425152793051137
1246425251249963008
1246425347899428867
1246425550488391680
1246425590535729154
1246425918379159552
1246426169240481793
1246426385784041472
1246426520924512257
1246426686138146817
1246427359026335748
1246427433001046016
1246427903505596417
1246428393014308866
1246428894606942208
1246428972788805633
1246429206260510724
1246429260740321280
1246429643978297345
1246429767806545921
1246430083792777217
1246430215707873280
1246430460655230978
1246430562576936961
1246430564959375360
1246430802528747520
1246431188157444098
1246431218834509824
1246431433561866241
1246431723576909824
1246431949326938112
1246432152872521731
1246432164339535874
1246432327762206720
1246433064101621761
1246433069675864069
1246433096469303299
1246433258813841410
1246433341722648576
1246433377625882627
1246433661622206465
1246433752449839107
1246433770648948736
1246433952832712704
1246434141941293057
1246434219045371904
1246434448372973570
1246434471068352512
1246434595437834241
1246434643684945922
1246434646964891649
1246435051870380034
1246435123806867462
1246435128911507456
1246435173823967232
1246435197060448256
1246435295370678272
1246435312588505091
1246435547167379457
1246435558571663360
1246435583724900355
1246435771017396228
1246435811706286081
1246435876420239362
1246435882288025601
1246435895470731264
1246436090468278273
1246436425307951106
1246436460930183170
1246436488113311744
1246436724001009664
1246437022069166080
1246437028704616448
1246438100072648706
1246438162760470528
1246438163024773123
1246438517586178057
1246438521948135424
1246438627028041728
1246438628982652933
1246438692366897153
1246438730010787840
1246438862429151235
1246438867818823680
1246438872361271298
1246438951021395971
1246439049025343500
1246439116427780096
1246439433060012032
1246439474852032513
1246439476512976899
1246439543810727936
1246439987098329088
1246440099686100993
1246440229256364035
1246440497888907266
1246440868095111171
1246441015491223553
1246441036139773953
1246441050450923520
1246441111960170496
1246441188934275081
1246441284392439809
1246441288775294976
1246441562499952640
1246441681093668866
1246441858953142272
1246441921901293569
1246441943552249856
1246441981422657538
1246442098297114624
1246442124813332482
1246442141934485505
1246442158447452160
1246442787714633733
1246443063490359296
1246444048853893122
1246444387086643201
1246444404753088522
1246444432687333380
1246444727303417856
1246444778130038784
1246444824372355073
1246444854353080320
1246444905229996035
1246444921378050049
1246444993402863619
1246445017863843841
1246445179470561281
1246445211426754560
1246445275159265280
1246445609734647809
1246445615245975554
1246445622942519296
1246445639673630720
1246445666936582144
1246445695080337408
1246445704039378944
1246445802706423808
1246445823111528451
1246445864333144064
1246445926945714178
1246445927533096960
1246445940212240385
1246445956884615169
1246445973255012353
1246446466429681664
1246446510629216262
1246446814313635840
1246446819040563200
1246446832223260673
1246446837868957696
1246446954642575362
1246446977887260674
1246447057738412033
1246447381672939520
1246448225898442752
1246448271276388353
1246448297482559492
1246448307733270529
1246448363395895296
1246448373378322438
1246448373948755969
1246448450650009601
1246448829077106690
1246448968491397120
1246449057456771072
1246449213849759744
1246449496659296257
1246449643053092865
1246449705778728962
1246449739874230272
1246449930253803520
1246450023304507392
1246450170428088322
1246450250442625024
1246450526926987265
1246450792195899393
1246451428241166338
1246451435169972224
1246451482670567424
1246451504724217856
1246451567563288578
1246452276916391936
1246452500343009281
1246452715426725888
1246452876768997377
1246453159171510272
1246453215211577349
1246453263479631874
1246453281531940865
1246453406681751553
1246453642128834560
1246453664115384323
1246453878876495873
1246454969412157441
1246455135989051395
1246455545881452545
1246455577288433664
1246455651384999936
1246455746193166337
1246456358188154880
1246457094800375808
1246457142015492096
1246457762810417152
1246457857597247490
1246458048995979266
1246458514362363906
1246458578787057666
1246459394176323585
1246459669855399936
1246459996969136128
1246460080482127873
1246460409294413824
1246460534523711488
1246460574248075268
1246460593101516800
1246460775587172352
1246460818855780352
1246460943371927553
1246461348013203457
1246461550732480512
1246461881608519681
1246461987418066945
1246462073233494016
1246462076018540544
1246462543855521793
1246462726362124288
1246462740421431297
1246463008382922758
1246463272552779776
1246463721511071749
1246463861407924224
1246464067230822400
1246464224013893632
1246464273313751040
1246464745428750337
1246464845806841858
1246465008193564672
1246465409500557313
1246465457915195392
1246465569974390784
1246465634197745664
1246465724249300993
1246465779509465089
1246465822744137728
1246466053804187653
1246466098700193792
1246466237179314177
1246466464682393600
1246466655032504321
1246467026706563072
1246467201248329730
1246467333008191493
1246467352461316101
1246467600244064260
1246467730066178048
1246467999575367680
1246468133969252355
1246468167435579394
1246468486844432386
1246468621435457539
1246468929909706753
1246469107609788422
1246469138190483456
1246469153147387906
1246469252636266496
1246469283468754944
1246469295732858883
1246469369753767937
1246469891898478594
1246470362495238145
1246470420120944641
1246470545111011328
1246470650543230976
1246470677823213569
1246471245345910784
1246471330007879680
1246471363784847366
1246471365927948288
1246471891776417792
1246472093971050496
1246472366558834695
1246472480232882176
1246472635157970944
1246472668775251968
1246472828485951489
1246473586048561152
1246474032913846273
1246474137582727169
1246474356252762116
1246474455435665408
1246474745362690049
1246474763762929664
1246474774756245505
1246475480514973697
1246476475684884481
1246476489966489600
1246476844486004741
1246476899335000065
1246476995430670347
1246477550613745664
1246478555547983872
1246479032553619456
1246479358765613056
1246479521131327490
1246479627847110656
1246479946119184384
1246479981623930886
1246480027065040896
1246480031334805504
1246480304082006017
1246480463889195009
1246480502350958592
1246480592805359618
1246480642390380545
1246480847210811392
1246480934976679936
1246480945298804736
1246480950856302592
1246480962805878784
1246481025854668800
1246481037791657984
1246481142687191042
1246481155651706882
1246481200811626498
1246481455334559746
1246481496787075072
1246481539837251586
1246481868976836608
1246482073755488260
1246482308435083265
1246482499510779904
1246482643048251394
1246482770542481408
1246482977049149441
1246482992454721536
1246483115918282752
1246483249108574209
1246483470513082368
1246483528008658951
1246483979064115200
1246484081904238592
1246484423312203779
1246484459345625089
1246484713742557185
1246484716573753344
1246484727818670083
1246484920232488960
1246484972401242112
1246484984724180992
1246485004567207936
1246485056253644805
1246485069830729729
1246485117536628737
1246485121718501378
1246485304430616576
1246485384889958400
1246485539555024898
1246485638431432704
1246485975397593090
1246485978807746565
1246485984021266440
1246486014543233024
1246486049045377029
1246486103973957634
1246486118805032960
1246486187180609538
1246486212396716037
1246486271930712064
1246486355732869121
1246486631235772416
1246486652878352386
1246486773145808897
1246486917094313985
1246487078650540032
1246487151019081730
1246487178802114560
1246487238617247744
1246487309068816386
1246487351313891334
1246487370804776960
1246487375036821505
1246487601101471745
1246487791120179201
1246488156611825664
1246488412640563200
1246488424476839936
1246488453614727168
1246488916917547008
1246488992775692290
1246489040443944960
1246489256341585922
1246489261869633537
1246489267251163141
1246489475993071617
1246489686299815936
1246489919121510402
1246490336009940992
1246490368566124544
1246490405547307008
1246490520022466560
1246490531019907072
1246490728177389569
1246490781751349248
1246490881663709184
1246490924219125762
1246491217854005248
1246491436708556801
1246491804385435648
1246492132061220864
1246492208536133634
1246492222784061440
1246492413700390913
1246492599734743041
1246493070247563264
1246493107564265472
1246493375936659458
1246493905077415937
1246493947511201792
1246493999801577473
1246494066843561992
1246494266651623424
1246494411044917254
1246494951300419584
1246495109430083585
1246495148890095616
1246495161623838721
1246495168544440320
1246495784192761857
1246496034320072707
1246496071208980480
1246496309680525312
1246496313115435008
1246496331549548547
1246496331679649792
1246496355134189574
1246496482909392897
1246496746995245057
1246496955661836288
1246496998942855170
1246497319874449413
1246497329084911617
1246497486807527424
1246497685412216834
1246497795936313344
1246497891713028097
1246497894854578185
1246498201345110017
1246498253241114625
1246498668028387328
1246498893040254976
1246499032052027392
1246499477709418496
1246499498202812416
1246499537633472513
1246500116636110849
1246500125972692992
1246500273079476230
1246500334710775808
1246500424565297152
1246500547768635394
1246500802316791808
1246500844033335296
1246500947208986624
1246501132987289602
1246501195255971840
1246501207188713472
1246501834564308992
1246501971839741952
1246502161095077889
1246502881580077056
1246503106512162817
1246503587384983552
1246503882357764102
1246504191255699458
1246504426921050112
1246504540217565184
1246504663815462917
1246504884020506624
1246505065428348928
1246505125146841088
1246505782595575808
1246505927634595841
1246506690100387840
1246507747358560256
1246507924035272704
1246508284711817217
1246508295809982464
1246508365141798913
1246508420330446849
1246508477855354880
1246508604321968129
1246508961282396161
1246509546438144000
1246509640449482755
1246510398854946816
1246511045440651265
1246511133269168128
1246511617879105536
1246512120352714755
1246512160072765444
1246512290909892612
1246512292214308864
1246512447697141768
1246512523395739649
1246512543201296384
1246512635979468806
1246512706770874368
1246512738060378116
1246512895682281473
1246512963235840000
1246513394246660097
1246513446264483844
1246513499678769153
1246513507282997248
1246513521795272704
1246514413294751745
1246514438951391232
1246515752842264581
1246515878432108544
1246517198614601729
1246519041788792833
1246519364221669376
1246519440897785857
1246520211752259592
1246520312247635968
1246520933445062657
1246521464897101827
1246523626762965000
1246523694555357184
1246523739149185024
1246523952878379008
1246525045330984960
1246525153518870528
1246525827010842624
1246525923031019520
1246526362774417408
1246526845631098880
1246526906893127680
1246527118403485696
1246528986752192514
1246529806864449536
1246529844390789122
1246530383732244480
1246531129487667201
1246532126901665793
1246532192127287296
1246532261945597952
1246532771507507200
1246535603706982400
1246540136696795136
1246540941835599880
1246541229363359745
1246544171105693702
1246551205913886720
1246563862272282624
1246567043152982017
1246567430513623042
1246572781845659648
1246575220388818945
1246587045142597632
1246587328971169792
1246596421073154049
1246605392823476224
1246605576064380936
1246608770337140736
1246610236472881154
1246611695163731969
1246613353406980096
1246614751888592896
1246614900140457985
1246615387388538882
1246615557773733889
1246615819708235780
1246617579713515520
1246619923213774850
1246620713294815232
1246622034345357312
1246622115282862081
1246623142329511937
1246623204363255813
1246623724259827714
1246624000416993281
1246624918273314817
1246624995414925314
1246625076734124034
1246625424962023431
1246627235567722497
1246628545981378560
1246630975091511296
1246632724678377473
1246632966115098625
1246633076224032768
1246633130288730113
1246633498666061824
1246633768875708417
1246634090628972544
1246635892879421446
1246636638215778315
1246639301204443136
1246640999901753346
1246641481613377536
1246642183165186049
1246644706743705600
1246645186408505344
1246645246273839104
1246646951547817984
1246646982413713408
1246647251864256514
1246647556504834048
1246649037987516418
1246650858877509635
1246653072069156866
1246653760706711557
1246655192390668289
1246655204134719488
1246658145100931076
1246658634185977858
1246660109335293953
1246660629001146369
1246661346269093888
1246663816131137536
1246664439023030272
1246664510804353024
1246665630800941057
1246667334993031169
1246668976228159490
1246669820495446016
1246671263088533504
1246671308512825344
1246673653174960128
1246675850973442048
1246678147061309441
1246680241176748038
1246680595507404807
1246683332399620096
1246684025881755649
1246684323299954689
1246688360296411136
1246688373651062786
1246688553683189760
1246691518229995520
1246694840345100289
1246694961333952512
1246695024886087680
1246696367193337858
1246697882138193920
1246701544797429760
1246702481926578181
1246704797996072963
1246704855806177280
1246705094927749122
1246705753064263681
1246705945238835200
1246708344888283136
1246709183757594624
1246713256758013953
1246716829000761344
1246723296923705344
1246726123234324480
1246728548603138048
1246730562011717633
1246743036316418049
1246743706205433856
1246744408919175168
1246745318684651520
1246755148929454080
1246760005396656128
1246760071801028611
1246760619044483072
1246764979652526081
1246772675189657600
1246773193706274816
1246778380239769606
1246786051458215936
1246790284886904838
1246794023718670338
1246798138058461184
1246798161089306624
1246802488579117063
1246819356207714306
1246819401904635907
1246819455235231745
1246819530770460672
1246819564173889536
1246822393521283074
1246822426576650245
1246822460508590080
1246822511930679296
1246822542154891264
1246826599745347589
1246832427533602817
1246854530664464390
1246854648742334464
1246855078876606464
1246859374099759109
1246885469884907527
1246952525787430913
1246998793217642496
1246998806987595776
1246998820468051969
1246998833663373317
1246998846669905920
1247086240651857921
1247166607979204609
1247181485917888514
1247191834373189632
1247215392734318592
1247241912727339008
1247241937888915456
1247241966783549440
1247242007191396352
1247242033607180327
1247358262904672259
1247459360449556480
1247469149426778117
1247526873917042689
1247614989961015296
1247615824275230721
1247615863873605637
1247615887068160003
1247615937173307392
1247615977358888960
1247619811212959746
1247619834210390017
1247619848873693184
1247619892087529477
1247619924492791812
1247621572501729281
1247734789106323457
1247857199399014400
1247857220794056706
1247857233230286850
1247857264037367808
1247857292718026753
1247859446187020290
1247859463773655040
1247859482387984384
1247859509390958592
1247859543566139394
1247881392987373569
1247881403099836416
1247881413250039808
1247881434066386944
1247882723122798593
1248119584311242752
1248238463826223105
1248586190623846400
1248586216188063745
1248586237662945283
1248586277232001027
1248586300782936064
1248655880914116614
1248657096595431425
1248985325340262400
1249070017888399360
1250231168034672640
1252654367934763008
1254675171211960320
1260459191715663873
1262435413030928384
1264231496786890754
1267055153842135042
1269078246441668609
1269950143672930304
1270410356456747008
1284812059163541514
