id
1256378126160080899
1256378965037547525
1256382285726834690
1256383596245508097
1256419718421979137
1256423455874039814
1256424271875846144
1256424274405011457
1256429319683014656
1256438901830541317
1256439005765394433
1256449321253457927
1256472102661652481
1256472237865140225
1256517246014324736
1256528697647079425
1256536117073137665
1256536507667623943
1256538979765309441
1256542699592847362
1256551486609403904
1256578357233418241
1256581475258060806
1256588567616221184
1256592650037313536
1256610269888987137
1256625256074227712
1256625950428672002
1256641069648875523
1256650278998343682
1256658271747932161
1256691505651232773
1256721350259081218
1256984362106658816
