id
1257133442963308546
1257167883655929858
1257178332132761600
1257188997954187264
1257189833870659584
1257190615441424384
1257192739332112384
1257194375513333761
1257196816778608640
1257200439889723392
1257203830686695431
1257206178372820992
1257211071103983616
1257215881307881472
1257225346044305409
1257229129457364993
1257235737537384448
1257253224840663041
1257272738529640454
1257273256471560192
1257273351317458946
1257294411186266113
1257298247707766784
1257298762093015041
1257299336045658112
1257299498637889536
1257299634445320192
1257301336233840640
1257301655281741826
1257301899369345024
1257302880828059651
1257303757873807360
1257330958396731392
1257335888255823878
1257344319050207237
1257371231873105920
1257381342360322060
1257381852236611584
1257384550545711107
1257391883598344192
1257402212223004673
1257404731909115908
1257445194536017922
1257459456209596416
