id
1285746114407419910
1285749517778911233
1285752632976371714
1285753038813052928
1285753592943489024
1285754654282768384
1285755055728033792
1285755853769867264
1285756229248151552
1285756275922481163
1285756833861267456
1285756873879109632
1285757371633950720
1285757942629666822
1285758433107382273
1285758612032286720
1285759089075605505
1285759507100864512
1285760422105059329
1285763356368883712
1285764008738459648
1285765833176698880
1285765839375855616
1285766770041602048
1285766799275909120
1285767347026882560
1285768549416366081
1285769094424178689
1285769097737728001
1285769370216497153
1285769493986152449
1285769827735355399
1285770233232240640
1285770621821923329
1285770722351046657
1285771859871457281
1285772718382542848
1285772782417018880
1285774762862505985
1285775060393799680
1285775071793999874
1285775950945284097
1285776158210965504
1285776162669490177
1285777147785863168
1285777976701771778
1285778112001658880
1285778124014141442
1285779067749273600
1285779248582557697
1285780033173430272
1285780122872819717
1285780511714168834
1285780947816910848
1285782041242611712
1285782486950133763
1285782621889236992
1285782864349458433
1285783691613007873
1285783878355914752
1285784403524718598
1285784502837538816
1285784791267385346
1285784930929111042
1285785076672925696
1285785431909576704
1285786857440075778
1285787437159993344
1285788389179097088
1285789226458468357
1285789474803216388
1285789574271086592
1285790476965228546
1285790675233935360
1285791306594185217
1285791508935766022
1285792272492007425
1285792578693001216
1285793150250827776
1285793278336483329
1285793363417952260
1285794309254467585
1285794736243171328
1285795365392748546
1285795396367708160
1285797090514227202
1285797132776038400
1285798317356511232
1285798693413634048
1285798713173008384
1285798790738276354
1285798853841571843
1285799432584171531
1285799551924948993
1285799686582894592
1285800337060687872
1285801947526647808
1285803529198645248
1285804952749633536
1285805719808180224
1285806059915931648
1285806453417144323
1285806501655752705
1285806662788366341
1285806823677718528
1285807377015615488
1285807475892064256
1285807855354867714
1285807980164730880
1285808062104657920
1285808275502428160
1285808753523060738
1285809196504543233
1285809315039731717
1285810185454247936
1285810365096357888
1285810445777907712
1285810560034959362
1285810770140266497
1285810804646789122
1285810893712809984
1285811023757205504
1285811814920359938
1285811869215645697
1285811963767840768
1285812042104926209
1285812439531925505
1285813065598955520
1285813149455667200
1285813178106933249
1285813481938096129
1285814207129083904
1285815228370792448
1285816167102181377
1285816393871458304
1285817485199990785
1285817671305420800
1285817997991440385
1285818031038316545
1285818087414001664
1285818759031033856
1285820213141725184
1285820876554858496
1285820926689284096
1285821598633619456
1285821646247391233
1285821710009118720
1285822447913177088
1285822456687661056
1285822774368321536
1285822876353003521
1285823217723011073
1285823599002005504
1285824246325755904
1285824381575294976
1285826193661538304
1285826672596414465
1285826702124277760
1285826772819259394
1285828135846473729
1285828268940132352
1285829245327925248
1285830793978277889
1285831391351996419
1285831664124362752
1285831878516170753
1285832039808167936
1285832057122242561
1285832379404148736
1285832429966483456
1285832626318630912
1285832695868620800
1285833814837571585
1285833929790906368
1285834439579189248
1285834665874485248
1285834875182825472
1285835252884140032
1285835719437475841
1285835985264115712
1285836017283371008
1285836290693320704
1285836322188357633
1285836420368732160
1285836671578079235
1285836851958255616
1285837757516922882
1285837920721461248
1285838046475108353
1285838323051683840
1285839322264952832
1285840113780523008
1285840396115865601
1285840972337700866
1285841081871958016
1285841433530789888
1285841676561342464
1285841783310766080
1285841889510346752
1285842470492794881
1285842742786940929
1285843151689834499
1285843650262364161
1285843888889114625
1285844327839567874
1285844621851910145
1285844632413237248
1285844703041077250
1285844964958601223
1285844979294834689
1285845150367756289
1285845443272835072
1285846068400283649
1285846511792750593
1285846828290732032
1285847919560552449
1285848189380116480
1285848294313226241
1285848951636193280
1285848965775101953
1285849861489754113
1285849924278669313
1285850278936244224
1285850886388895745
1285851461956415488
1285851910126231553
1285851963586826240
1285852146861137920
1285852463766081536
1285852675582701569
1285852714996576256
1285852854880620546
1285853004290093056
1285853041283829761
1285853179511312384
1285854270919602176
1285854298912382976
1285854327324606464
1285854474129432576
1285854914783010817
1285854951843876864
1285855312973451264
1285855944253927424
1285856101292883969
1285856908839022592
1285857556120760321
1285858361251000321
1285858654399258625
1285858866043817984
1285858949846061061
1285859151772413952
1285859662869393410
1285859760198127616
1285860421912547330
1285862808597364738
1285863568664080384
1285863579321688065
1285864531550322688
1285864823310483462
1285864950062170113
1285865029154283520
1285865711751925760
1285865798313996290
1285866408098791424
1285866583009759237
1285866975030321152
1285867463490416641
1285867519337783297
1285867816273408000
1285868093726695425
1285869610093260800
1285869962037354496
1285870133156569089
1285870196213706752
1285870218812637184
1285870251075178496
1285870302145069062
1285870397200588801
1285870629338542080
1285870911376093185
1285871354072326144
1285872154441994240
1285872746648317953
1285873686096961536
1285873741805703168
1285874038242373632
1285874258866868229
1285874296959582208
1285874982766034944
1285875725602484226
1285875813573750785
1285876424210096129
1285876712513789954
1285876953136820224
1285877239981039622
1285877645578731520
1285879303666712581
1285881057053741057
1285881411103145985
1285881442061283328
1285881602996752385
1285881920627204096
1285882380935258114
1285882931605581826
1285883086744371201
1285883095879581696
1285883102535929856
1285883185918808064
1285883231879888896
1285883538223427586
1285884080819601409
1285884795445055494
1285884947182411776
1285884971224141824
1285885287411982337
1285885406286770178
1285886015274545152
1285886084031840261
1285886172334485504
1285887246583750656
1285887484715339777
1285887514759229440
1285887610813067264
1285888276759371779
1285888356228845570
1285888766872182789
1285889490473545728
1285889496597368833
1285889796393467910
1285890370312650753
1285891544336101384
1285891609452703744
1285891664817451010
1285891948172111872
1285892150689816577
1285892305883246594
1285892593402826753
1285893907830587393
1285894033378734081
1285894334429057024
1285894537525596160
1285894973238284288
1285895231653773312
1285895508960006145
1285897658012319744
1285898458390392833
1285898529680941059
1285898549113180160
1285899226883305472
1285900800829427712
1285901055121739776
1285901233715216385
1285901377697284096
1285901395779035137
1285901770917425152
1285902089340596224
1285902692397617155
1285902952612327425
1285903144308875264
1285903586421993476
1285904235414974465
1285904381116690436
1285904426947895297
1285904454240202752
1285906155739340800
1285906273234325506
1285906918108798976
1285907841258151937
1285907939618775042
1285908366716354562
1285909139533828097
1285909462553784321
1285910136788185088
1285910598153203713
1285910654210072577
1285911607936253952
1285912904739328000
1285913188131696640
1285913487814692864
1285914984069783553
1285915403550552066
1285916882646601728
1285917725240340481
1285918318780534786
1285918578416353280
1285918694741245952
1285918784721547270
1285918956381851649
1285918979370790912
1285919198888095744
1285919400508289027
1285919896602198023
1285920019214295040
1285920263024984065
1285920377776955392
1285920693402533889
1285920748045910018
1285920837523001350
1285921533232156673
1285921645790547968
1285922059323731969
1285922083197685760
1285922118018859009
1285922189200355329
1285922338265939968
1285922340694458368
1285922364476149761
1285922412073119745
1285922973669421057
1285923013347573762
1285923019987156997
1285923449987190784
1285923452457644032
1285923454609289216
1285923518614589441
1285923530958409730
1285923539292430336
1285923770209669123
1285923779479089152
1285923782591254529
1285923789709012994
1285923801457295360
1285924055489470464
1285925197930016773
1285925522384404481
1285925764018446343
1285925988858097668
1285926058726842370
1285926393910632449
1285926665030234113
1285926820118851584
1285927185904054276
1285927219001356288
1285927819160236032
1285928204050604032
1285928300318089218
1285928640299954177
1285928662127149057
1285929768840359936
1285930742338351105
1285930809220689925
1285931093095411713
1285931289187463170
1285931491063746562
1285931613101195264
1285931852751044608
1285932006887456768
1285932203772387330
1285932394973769728
1285933202066923520
1285933365095305216
1285933869175209985
1285933947533180928
1285934480713117696
1285934712419020803
1285935467272101889
1285935637573414913
1285935717168803840
1285935839139119109
1285936216894889985
1285936385380118534
1285936414492749824
1285936937124065280
1285937186949521416
1285937213247758336
1285937223200907264
1285937421914304514
1285937615942737922
1285938134446796802
1285938198288318464
1285938236171227136
1285938268341538816
1285938278231756800
1285938338759757824
1285938495685398528
1285938496352292867
1285939134226264070
1285939166514049024
1285939188844523522
1285939210050875393
1285939245652168704
1285939284541714432
1285940253723815936
1285940500655030272
1285940645056720900
1285940646822514690
1285940678866825216
1285940834563571712
1285940995041845248
1285941380972306433
1285941521397813250
1285942067739324416
1285942214086979584
1285942266838704128
1285942352666718214
1285943828763996161
1285943942115016705
1285944657914945537
1285944709534240768
1285944935334608898
1285945006893613058
1285945461719924736
1285945662350086144
1285945684017868800
1285945900087382019
1285946145554882560
1285946202681303040
1285946281186095104
1285946382885380096
1285946648170885120
1285946877246967813
1285947001473925122
1285947205375819776
1285947228566073345
1285947257146105856
1285947376360812544
1285947417234255872
1285947420845600768
1285947479402246145
1285947501661442049
1285947635082260480
1285947700282712065
1285947714564354048
1285947767399968769
1285947850703073281
1285947946022780929
1285948021331554304
1285948052407123968
1285948155377250306
1285948247287009281
1285948311854170112
1285948387070636033
1285948540762521600
1285948548165455879
1285948612497690624
1285948838637744129
1285948879012114433
1285949056213114880
1285949203026374656
1285949275076128776
1285949299050770432
1285949389651898375
1285949390490722304
1285949483633659905
1285949631122173954
1285949675795701763
1285949794972848129
1285950129829109761
1285950169893216260
1285950199165321218
1285950573439639553
1285950861051457538
1285951747274338304
1285951858972844034
1285951900236410880
1285952317418729474
1285952803819511813
1285953178521894913
1285953240526319622
1285953240673079296
1285953331043549185
1285953403936313344
1285953464959250432
1285953643636645888
1285953696476487680
1285953928278929410
1285953960554008576
1285954091328233472
1285954296354242562
1285954350301343744
1285954408795082759
1285954438872498181
1285954466102087680
1285954526575378432
1285954638852747264
1285954773502398467
1285954834131062784
1285955395719016449
1285955472709816321
1285955842378891265
1285955983487844385
1285956009094049793
1285956113847013383
1285956126979190785
1285956184868917249
1285956291861651463
1285956510321762304
1285957057405874176
1285957059762991106
1285957071444140032
1285957132383162370
1285957201866063873
1285957215350738946
1285957241728712704
1285957277501894663
1285957369025847298
1285957637700349955
1285957872833032192
1285957985882132481
1285958283929387008
1285958461633654785
1285958535843479552
1285958809932816385
1285958824608727040
1285958882104238080
1285959321453568001
1285959380823797760
1285959387702599681
1285959454131810305
1285959466626629634
1285959484351766528
1285959493642158080
1285959607723024384
1285960041799880705
1285960129263722497
1285960316380041218
1285960350584631298
1285960397317603328
1285960594114240513
1285960796342636548
1285960960864223232
1285961196152201216
1285961258789777408
1285961261390295040
1285961264301142017
1285961320592928768
1285961854460690440
1285961946013941760
1285962613021532161
1285962644348960775
1285962666704375816
1285962690792480768
1285962706160418819
1285962729312808961
1285962746400346113
1285962772711342080
1285962773780979717
1285962774481272832
1285962785868791808
1285962838167691265
1285962951111909376
1285963197925650434
1285963465899696134
1285963483675103234
1285963779600084992
1285963993220186113
1285964115429560320
1285964215551844352
1285964366274195456
1285964401204498432
1285964509463695372
1285964722093711367
1285964768897978369
1285964810144776195
1285965208041582592
1285965478846816256
1285965551349534727
1285965575781355520
1285965774495121415
1285966722885799937
1285967186142523394
1285967327796715520
1285967622991798273
1285967642205941761
1285968009962459136
1285968097900281856
1285968201650561025
1285968269023870981
1285969057376694278
1285969266051739648
1285969372758986754
1285969379419721728
1285969543630733317
1285969668897861634
1285969691505115139
1285969789853159425
1285969925509533698
1285970323540770824
1285970369979879424
1285970572409618432
1285970691372679168
1285970741750423553
1285970774822490114
1285970814404190209
1285970855080546305
1285970899066163200
1285971049562042368
1285971353829437440
1285971399727706112
1285971517969317888
1285971697536045056
1285971915874512902
1285971997705465856
1285972177594900480
1285972234469642240
1285972301012320263
1285972400501223424
1285972414816378881
1285972482281705472
1285972500065603584
1285972944242401280
1285972947895611393
1285972982234411008
1285973012110434304
1285973165957451777
1285973256248287233
1285973577079025664
1285974071751045120
1285974107608109068
1285974123756179456
1285974167628550144
1285974455177494529
1285975057148207106
1285975482194771968
1285975569876881413
1285975655780212742
1285976090255605760
1285976172833079298
1285976204982419456
1285976222132957184
1285976233612685313
1285976236951388162
1285976253653118982
1285976280522006535
1285976366484094977
1285976476957896704
1285976516636168193
1285976604217229312
1285976834325098496
1285976903598342146
1285977279302995968
1285977641493749761
1285977976555704326
1285978230223015936
1285978309365399552
1285978693219696641
1285978810039455746
1285978862178807809
1285978893912993792
1285979051396493314
1285979063203491840
1285979078969790464
1285979139028037632
1285979171697508352
1285979902664011776
1285979955210285056
1285980139520577536
1285980181383938050
1285980426314506246
1285980479967989760
1285980893094371331
1285981111806578688
1285981275312910337
1285981553131089920
1285981593518002176
1285981729614782464
1285982983430606850
1285983567747510274
1285983589247488001
1285984051959001088
1285984155679875072
1285984973485494273
1285985290319015936
1285985652106878976
1285985811993780224
1285986059617263619
1285986415227162625
1285986568939819008
1285986791342759936
1285986823110635522
1285986968082329600
1285987178699350016
1285987316260052992
1285987881497120768
1285987898978967554
1285987932294139910
1285987992583106562
1285988202088501250
1285988757724753924
1285989297812836352
1285989526125416450
1285990174464212992
1285990528245522432
1285991078487719936
1285991153880293376
1285991934163513344
1285992074739740673
1285992156713242624
1285992568229031938
1285993754239864833
1285994165357010944
1285994731869048832
1285994780862758912
1285995046492225536
1285995172946341888
1285995949110722561
1285996094975926272
1285996250542698496
1285996296906539009
1285996331798949889
1285996332184817664
1285996964857798658
1285997177450397700
1285997853588852737
1285997938276044800
1285998985732165632
1285999355959242752
1286000044512960512
1286001207488573440
1286001405459922946
1286001593620426752
1286001631142674433
1286001995690569728
1286002023133900801
1286002152528384000
1286002200255184898
1286002377019944961
1286003294255476736
1286003435985178624
1286003451697102853
1286003724062806017
1286004188724379648
1286005020081532928
1286005165204500481
1286006369439461376
1286006380374028288
1286007304702181376
1286008533331275777
1286008960906977280
1286009452164870144
1286010687538335744
1286010895844298752
1286010951708192770
1286010964018491397
1286010976534294529
1286012109093036035
1286012469765238784
1286012657095467009
1286012765501419520
1286012795922784256
1286014648873914368
1286016883016097792
1286018022973440000
1286018418672451584
1286027197539430401
1286027273439649792
1286027518160465926
1286030554517909504
1286030939361959937
1286031610962296832
1286032081168957440
1286033119494017024
1286037803143278592
1286039848621494272
1286044641935015937
1286061999453900801
1286077415547113478
1286082065834754048
1286084175771176962
1286102585452056576
1286107154462707712
1286110469443346432
1286119059801518083
1286119107352383488
1286119128340676608
1286122164895141890
1286122305102286849
1286122466260074496
1286124983987703808
1286125573920579584
1286126314206842880
1286126463327129603
1286126869603999745
1286128870589005826
1286131229587193856
1286133390157086720
1286134030258192385
1286134135321276417
1286135157498318848
1286135476299038720
1286136164240330752
1286136857885982721
1286138389159321600
1286138647016697857
1286141381887447040
1286141902966775808
1286142357767766016
1286142906940547072
1286148009365913600
1286149412243136512
1286150202479349760
1286154863454441474
1286156595211022336
1286157084438884352
1286159594679447552
1286165448489234433
1286165974396227585
1286166683896356867
1286167371053326336
1286170040669073408
1286172802702143488
1286173489527848960
1286180045870862337
1286181732920602629
1286181832925409280
1286181853917876224
1286182343477088256
1286182456559669248
1286182484900601857
1286182777012936705
1286185578254368768
1286194165655588864
1286195652146290688
1286197894911897600
1286201950308974597
1286201960111067137
1286201993367703553
1286202081326403586
1286202091384369152
1286202299660947456
1286204557479968768
1286204602409394177
1286204623523438594
1286205572900179969
1286205632022945793
1286207085416296449
1286211167304605696
1286211244202971136
1286211956467044352
1286211996753334272
1286212143805689857
1286212662271963142
1286214567589101568
1286223554673967104
1286225895829590017
1286229729243086849
1286240423183126529
1286243323192041473
1286243958834642944
1286250157734891520
1286252038691655680
1286253237817884675
1286256564316172288
1286270517637312512
1286271704717643776
1286281381782274053
1286297707011768320
1286304273228279808
1286307198990036993
1286307325393817602
1286312568538034177
1286315730858676226
1286315783593717761
1286316887714930688
1286318280404135936
1286320089302626304
1286320298644525056
1286320346233057280
1286320401405026304
1286320779190087681
1286320907674238983
1286320923360948224
1286321320989360130
1286322084369457152
1286322272358129670
1286323184367816710
1286324319119798273
1286328361891946496
1286339934782140416
1286340006076964864
1286340364618608640
1286351192893816833
1286358735409967104
1286366031124946945
1286380472549781504
1286382284057137153
1286382313283047426
1286382333080330240
1286485995039281154
1286488102018510849
1286488479887548416
1286489255112404992
1286585624355573760
1286595080984227840
1286595098268991488
1286595132838445057
1286595368239509504
1286595383691341824
1286606429160222720
1286606456603598848
1286606469907927040
1286606489063313408
1286606561918386183
1286606570726387714
1286678290103767040
1286735444181282816
1286815640511102976
1286947975483150338
1286970896536616960
1287206002954244100
1287260827322478592
1287697109076938752
