id
1279587004188176387
1279589702576693248
1279592141203795970
1279592345235787782
1279595932003135491
1279596744607555586
1279597298062733312
1279600018488320001
1279600719524319232
1279603417485389826
1279604642779971585
1279607108455919616
1279609835370147840
1279613147322568710
1279613489581981696
1279614652117213185
1279617309057769473
1279618214226358278
1279618522277195782
1279621082287235077
1279621492897017856
1279621802159796225
1279623112598777856
1279623143481503745
1279623731086626817
1279624261078888449
1279624895048019968
1279626839124672513
1279628942618406912
1279629630522056704
1279630092608475136
1279630390752186369
1279632024869851136
1279633123354062853
1279634035774337027
1279634074903035905
1279634474574069762
1279636563949785089
1279637232530239488
1279637275102543872
1279637874527186944
1279638047848620032
1279638494126567424
1279639450398494720
1279639630971678722
1279640449192357889
1279640455529984000
1279640499029082118
1279640973333671936
1279641184835534848
1279641203684683776
1279641236912078848
1279641480710123520
1279641632292421632
1279641819760992256
1279641830133391361
1279641950849818624
1279641976359526400
1279642151752568838
1279642323983364097
1279642364693188609
1279642908220518402
1279643171891249153
1279643501165080576
1279643555053494273
1279643924680765440
1279645144912814080
1279645350815363073
1279645510106677251
1279645642743148544
1279646251101765633
1279646454634569732
1279646806104817664
1279647163052515328
1279647336998645760
1279647365775814656
1279647556046209024
1279647718550339585
1279647849219678208
1279648068909109249
1279648212681277441
1279648274572439553
1279650400279203840
1279650547746795521
1279650798415142913
1279650818841440259
1279650838802075648
1279651073548939264
1279651274007273474
1279651430651949056
1279651568023986176
1279651777877434368
1279651799863975936
1279651925995122688
1279652032601710592
1279652791242371073
1279653359998271488
1279653694045163521
1279653696209481728
1279653734092386304
1279653845979639808
1279653851348512769
1279653862178095104
1279653868163330048
1279654150192525313
1279654439331205120
1279654741681647617
1279654859780710401
1279655266007441410
1279656142478561281
1279656388717768704
1279656439854714881
1279656755874525184
1279656999433560064
1279657087060992001
1279657407174475780
1279657444562448385
1279657648980234241
1279657697135058945
1279657755666608128
1279657768924835847
1279657780215980033
1279658441305276416
1279658714681794561
1279659083100852224
1279659138503458818
1279659373984350209
1279659733813690368
1279659811479654400
1279659884892393479
1279660099267473409
1279660523739418624
1279660575409074176
1279660636830494720
1279660719890247680
1279661024589705216
1279661416299937793
1279661914440626176
1279662019050799109
1279662172356792320
1279662189180096517
1279662621638062081
1279662863410331648
1279663291703296000
1279663558637137920
1279663571115204608
1279663980256964609
1279664465164726275
1279664600229703681
1279664671121739776
1279664924583550977
1279665046604431360
1279665323126423552
1279665373718036480
1279665568144998400
1279665759434784778
1279666037378576384
1279666200402776065
1279666234120781825
1279666437171433474
1279666473364000768
1279666732513157120
1279666916726980609
1279667184030167040
1279667306809954307
1279667875930873856
1279668070504558592
1279668131246432257
1279668161663496198
1279668517311152128
1279669241508032512
1279670189974405121
1279670432208052225
1279670916968878081
1279671998088531968
1279672294613254146
1279673521958862848
1279673692880990208
1279673821327290368
1279673925098590209
1279673961391910912
1279674359527862274
1279674577304481794
1279674987436097539
1279675283222626304
1279675581894811650
1279675953816338432
1279676144443207680
1279676953893548033
1279677023217057792
1279677379204399104
1279677949810143232
1279678135051497472
1279678255243710465
1279679350951030784
1279679714613837834
1279679917265784832
1279680028444291073
1279680557987672069
1279680567081160704
1279682245154926593
1279682623850217473
1279682776044691456
1279684015453343744
1279684834416144384
1279685623260069888
1279685916387229697
1279686087581945857
1279687370074275841
1279687959181012993
1279688064265146368
1279688587676508160
1279689200393043968
1279689691919314950
1279689772982665222
1279689819098984448
1279689947897716736
1279690324936232961
1279691118641213440
1279691128933986304
1279691999004643328
1279692576883462149
1279692998075285509
1279693015070707712
1279693229454049281
1279693811808038912
1279694070734917632
1279694168118288384
1279694427590553600
1279695056140632065
1279695067557564417
1279696119350493184
1279696570686926848
1279697603119251460
1279698051922157568
1279698874274177024
1279698982776832002
1279699503268782081
1279699585741361154
1279701081228886018
1279701630313619457
1279701923872911362
1279703390352584704
1279704950428188675
1279705009311977473
1279705450057850882
1279705517552594945
1279705872009236480
1279706364013506560
1279707212143681536
1279707372546453505
1279707705779896321
1279707970465460227
1279708031081574401
1279708246102736896
1279708951626387456
1279710379552264192
1279710571751866369
1279710805584314368
1279710809258512384
1279710989496143872
1279711669757767680
1279711725160247298
1279711903577567232
1279711967205183489
1279713077244592134
1279713472905797632
1279713769090961408
1279713798987739136
1279714225699487745
1279714570328698881
1279715273394647040
1279715954700595201
1279716083721596929
1279716237908443138
1279716398726410241
1279716992103186432
1279717036721987584
1279717978133499905
1279718592255123456
1279719868657328129
1279720520448008192
1279720573157781505
1279720748332969986
1279720828532228096
1279721190248988677
1279721252668583936
1279721564091478017
1279721778177208321
1279721942463836160
1279722101415370752
1279722145552183296
1279722191400005632
1279722207552274432
1279722249055019010
1279722278893301760
1279722291962806275
1279722347625353217
1279722355208491010
1279722373223194625
1279722428294283265
1279722904767340545
1279722933288484864
1279722964120825857
1279723098363752448
1279723239892111361
1279723403813908483
1279723478174896128
1279723567601467393
1279723737646915585
1279723857272659968
1279723891410079744
1279724197808201728
1279724398178525184
1279724615502163968
1279724786571046912
1279724927990423552
1279725003190136834
1279725027865161729
1279725303259004928
1279725322380824576
1279725679521628160
1279726317592735745
1279726698670350336
1279726710070509574
1279726943529656320
1279727304227213312
1279727384682352641
1279727720834797568
1279727796168691712
1279728083726004225
1279728144316915714
1279728564141568000
1279728907420196864
1279728910410776576
1279729017461944321
1279729571219169280
1279729672582881280
1279730905431412737
1279730950532993024
1279731163922173953
1279731315965931520
1279731838227935236
1279731970977619971
1279732416714661888
1279732697707888640
1279733138256588803
1279733196511342592
1279733370964959232
1279735807327125504
1279736099816923136
1279736599375298561
1279736974564188161
1279737094991048705
1279737103694172161
1279737109297815552
1279737399094829056
1279737406506164224
1279737565432565760
1279737779035844612
1279737856370413569
1279737920430080001
1279738069608873991
1279738108548755456
1279738122608078848
1279738247640383488
1279738418549817344
1279738486703165440
1279738599118962688
1279738760616271872
1279738771164901378
1279738938920366080
1279739083603021826
1279739291669860358
1279739825277399048
1279740068974845953
1279740081394221058
1279740340702867457
1279740377134702592
1279740580998733824
1279740581145534466
1279741103340568576
1279741453111980038
1279741473055883266
1279741770453008385
1279741775138009088
1279741905807347714
1279742064394043393
1279742070156955648
1279742523636723712
1279743440314609665
1279743551702618113
1279743616844349442
1279743656639885314
1279744118319538176
1279744556007915522
1279744669996347393
1279745071198298118
1279745287775387651
1279745402376318977
1279745413860323330
1279745936047042560
1279745941734596610
1279745963385483265
1279746280499994624
1279746331582402560
1279746656586436609
1279746664673218561
1279746993825304576
1279747294762426368
1279747320729317377
1279747633502920704
1279747802940059649
1279748314569650176
1279748375047540741
1279748639624007680
1279748651598872576
1279748665058312192
1279749487057965056
1279749820845039617
1279750912659976194
1279752437163679746
1279754922146349056
1279755746792681473
1279755858642120705
1279755861385084928
1279755872290385920
1279755881966534660
1279755962249818112
1279756147604328449
1279756458414837765
1279756572831301633
1279756581735931904
1279756960766627842
1279756976939884545
1279757069759832064
1279757802123063296
1279758210828660737
1279758664492933121
1279758912644722688
1279759404435300352
1279760014832332802
1279760088077529088
1279760158852182016
1279760482161704960
1279760520162111489
1279760549861941250
1279760898689847297
1279761088360312833
1279761098900680705
1279761522030342144
1279761748267016192
1279761800305627137
1279762285456551936
1279763016519610369
1279764008128544768
1279764014579376128
1279764853696065540
1279765199348625409
1279765516026998784
1279766277708345344
1279766648795234304
1279766692835373056
1279767053247766534
1279767141642760193
1279767550054760449
1279767851306373122
1279767861058125825
1279768965439344642
1279769005251690497
1279769261188108289
1279769320084475905
1279769665745481733
1279770080557973504
1279770573829107712
1279770693220159490
1279770734504493056
1279770787918934016
1279771123119304704
1279772387236384770
1279772546557030401
1279772808105455617
1279773115757654017
1279773760065691648
1279774119077138434
1279774339420717059
1279774744028446721
1279775114586984449
1279775756437110791
1279776042106998785
1279776351256408066
1279776520186150914
1279776721026285570
1279776742182289409
1279776888848740353
1279777538630279168
1279777547367051265
1279778335061536769
1279778468146774017
1279778952421109761
1279779032960077824
1279779323566682114
1279779393359896576
1279779424196374528
1279779489136820224
1279779500218171392
1279779565708234752
1279779651984986112
1279781362082263041
1279781487152295936
1279781801183948803
1279781934747582464
1279782038950666240
1279782463502516226
1279782634114052099
1279783130887421953
1279783511512068096
1279784272644075520
1279784478810898432
1279784656435441664
1279784681639079937
1279784787914313729
1279784816724946944
1279785250004938752
1279785322658893824
1279785333316440064
1279785960612392960
1279786195858276353
1279786396677476359
1279786436045111297
1279786574658428934
1279786578659794945
1279786604068958211
1279786615221575681
1279786617318719488
1279786733727440901
1279786737846194176
1279786801180237829
1279786895849869313
1279786922169077761
1279786941593116672
1279787004654321664
1279787012787077120
1279787192928239616
1279787446675189761
1279787563599843329
1279787710115266563
1279787723599929346
1279787916407889920
1279787948758536193
1279787989120344066
1279788056514424832
1279788077251092480
1279788238228480000
1279788342855340034
1279788374933434369
1279788395883945986
1279788589732126722
1279788793441120260
1279788879906668544
1279789150720233473
1279789301392277505
1279789644658421761
1279789837424287750
1279789916679897088
1279789999626444801
1279790099157442560
1279790368985214978
1279790470248325122
1279790731545112577
1279790849665249280
1279790882414137344
1279790958381608960
1279791093236658181
1279791141966225412
1279791298736578560
1279791418764963841
1279791453753929728
1279791492819714049
1279791916863946752
1279791960975306758
1279792065149169665
1279792145180708864
1279792159286329347
1279792301175275525
1279792415172292612
1279792923358326785
1279793122407399425
1279793131756519424
1279793140103184386
1279793507914280967
1279793635463053315
1279793641502867456
1279793656879124482
1279793687711473664
1279793859426385920
1279793868456648704
1279793869694124037
1279793927449489408
1279793962140569601
1279794018386206723
1279794134904000513
1279794284334469120
1279794400055287809
1279794463687143425
1279794492770365443
1279794509233008640
1279794821662519297
1279794923730898944
1279795269031227394
1279795336332972035
1279795413063798784
1279795460547334144
1279796237512966145
1279796256768843779
1279796281255186433
1279796556640604160
1279796584738242560
1279796745614979073
1279796898157613056
1279797163069849600
1279797446156009472
1279797633330999298
1279797849295896577
1279797850491232257
1279798046541279233
1279798067022053376
1279798630744879106
1279798703033892865
1279798802896035841
1279798811188031490
1279798858831130625
1279798995645272066
1279799109759590400
1279799229385408514
1279799349384527874
1279799518813466625
1279800056556609536
1279800506399911936
1279800859967307776
1279800990326075392
1279801016699858944
1279801098358775808
1279801342698102785
1279801360217563137
1279801401154121729
1279801424260595712
1279801493453971459
1279801516748992514
1279801695912865793
1279801716741828609
1279801731061174272
1279801813063987200
1279801917225316356
1279801963484344322
1279802057168306177
1279802283060953088
1279802362287124481
1279802374198972417
1279802596232843264
1279802602608185344
1279802879348314113
1279802942040584192
1279803405469315074
1279803532909006848
1279803817643503616
1279804332485951488
1279804565156777985
1279805085594181637
1279805427174109184
1279805497508368384
1279805599316733952
1279805974228856832
1279805992893440000
1279806093019889664
1279806221827149825
1279806603311476736
1279806893662171137
1279807159501373443
1279807163980894211
1279807356923047936
1279807651648466945
1279808586793709570
1279808599376588804
1279808724916412416
1279809179683676163
1279809242946551808
1279809264077246464
1279809416288595971
1279809937355321345
1279810108038340609
1279810150774108160
1279810517209452545
1279810519025586177
1279810561706844162
1279810670645690368
1279811364869955588
1279811468024668163
1279811476857876480
1279811540326027264
1279812025200201728
1279812118934585350
1279812150756868096
1279812266909732865
1279812406315610112
1279812508866371584
1279812934122655746
1279813068428541952
1279813602472583168
1279813717602062341
1279813798883401729
1279813831598968832
1279814498497425409
1279814699031252993
1279814848444903424
1279814856061812736
1279815100631625729
1279815707455176706
1279815732465790982
1279815895481753604
1279816083986436096
1279816541819764738
1279816603706683393
1279816722577371138
1279816783839424512
1279817100379320321
1279817468270297089
1279817795602006017
1279817867043586049
1279818173903069186
1279818408574386176
1279818413980831745
1279818830169006080
1279818883394723840
1279818910288642049
1279818921629978629
1279818930786168832
1279819112802390017
1279819220436410368
1279819330323021825
1279819472392478720
1279819556932878337
1279819600536862720
1279819839704465409
1279819841520558080
1279820033946906624
1279820118889918465
1279821014160080902
1279821080002093057
1279821215121633281
1279821480381972480
1279821602654314497
1279821724792455168
1279821815184048138
1279822013872214017
1279822067496390656
1279822074085666817
1279822255355133958
1279822273210249216
1279822300104101888
1279822368047652864
1279822389178580994
1279822393184333825
1279822425052438529
1279822575221145600
1279822805513756674
1279822938473037826
1279822992562958337
1279823080483745792
1279823152898404354
1279823275598716929
1279823423540092928
1279823440963203073
1279823560299577344
1279823694852878338
1279823727459360773
1279823751543046144
1279823859391201280
1279824329765609472
1279824421662818305
1279824488993972224
1279824623991959552
1279824670179553282
1279825166323728386
1279825322528124930
1279825329301843968
1279825391708848129
1279825620436832256
1279825809432141827
1279825855556890624
1279826293706514432
1279827131476832258
1279827381012713472
1279827611145760768
1279827696583761920
1279828054865567750
1279828245727154176
1279828368976838658
1279828379538161667
1279828527928377345
1279828864613576704
1279829046814269440
1279829234395930625
1279829321067016192
1279829943199731712
1279830134166450176
1279830141326123010
1279830283026681857
1279830309417234432
1279830609863610370
1279831044963790850
1279831236400148488
1279831285570039808
1279831307409862656
1279831378897498113
1279831484489101312
1279831588503580672
1279831599366811648
1279831699673591810
1279831807702167552
1279832036576882688
1279832230529925121
1279832237828001792
1279832331792953344
1279832472092434432
1279832568536330240
1279832652774641664
1279833145836273664
1279833309522956288
1279833425306767361
1279833755486695432
1279833767297740800
1279833804488622080
1279834010214993920
1279834670990069761
1279834677537394688
1279835032710860800
1279835451147210752
1279835661202153472
1279835848805019648
1279836003117617152
1279836131950026758
1279836479049490432
1279836940548706304
1279837038116651008
1279837171793440770
1279837235374743552
1279837343826894848
1279838022687588352
1279839343905931264
1279840007193124865
1279840386026889217
1279840589517688832
1279840780354326528
1279840782749364225
1279841180050583552
1279841271872290822
1279841314075377664
1279841362867699713
1279841380345544705
1279841427514486784
1279841694733742082
1279841703931686912
1279841714409140225
1279842162264268800
1279842454032842752
1279843763532312578
1279844428157300737
1279844459211972608
1279844468158459904
1279844605442154496
1279844632596148225
1279844910162567169
1279844917192384512
1279845279642968064
1279845354171535360
1279845924664045569
1279845956184408064
1279846365674090496
1279846509240975360
1279846764342677504
1279846910585499648
1279849060963356673
1279849852294230016
1279849859021860866
1279850095588962305
1279850102010462208
1279850877633703936
1279851496247398400
1279851737088581633
1279852982478102528
1279853883674619904
1279855857325375488
1279856459866615808
1279858044608757761
1279859172947881984
1279859655095828480
1279859831700983808
1279860114569211904
1279860130067013634
1279860519244087298
1279861168354385920
1279861328866246657
1279861338349506560
1279867371159564291
1279873661860630528
1279879576156426240
1279880035541962752
1279881926854107137
1279887280174333952
1279893648730013697
1279911412618260480
1279913608076382208
1279928475017605120
1279933148688551937
1279939812099670016
1279941554463883265
1279949137136570368
1279960205577469957
1279960451665686528
1279964811514671104
1279966315478806528
1279967584817799168
1279967641369628672
1279969387068325888
1279976087146172418
1279976332495994880
1279976382534053889
1279976473118425088
1279976503791345666
1279976604144332805
1279976989181349888
1279977048778268676
1279977139295510529
1279977241678512133
1279977673175953408
1279978361687851008
1279980570441850882
1279984872417751040
1279985939520073728
1279987357572161536
1279987503382933504
1279989756676517891
1279989776163016704
1279990241626132482
1279991709129150465
1279996767996538881
1279998814728773632
1279998921834553345
1279999530134417411
1279999564745863169
1279999680198242305
1280000281535672326
1280000823523598338
1280001196455944192
1280003839320395776
1280009926098575365
1280009992033062913
1280012699284332545
1280013743598886912
1280013856572506114
1280016827146330113
1280019319103971333
1280020003438211073
1280021074969845760
1280024234857816064
1280024394505445376
1280025104307548161
1280026704832942082
1280030610199904257
1280030803041402880
1280031636441055232
1280033856783921153
1280039728721522689
1280040634548547584
1280040709144186880
1280042766689435650
1280047127972810753
1280048089802215424
1280048174283948038
1280048362549465088
1280049924432789506
1280051521757917185
1280055871804858370
1280062109485690880
1280067353636532224
1280074050627186689
1280078590986481664
1280083544233046016
1280086461178511362
1280096093313699841
1280100783543869440
1280115282145447937
1280118271656648709
1280118660338798595
1280122646060023808
1280123878434471936
1280125320306163713
1280129360259739650
1280135034758787074
1280138731651952642
1280139718093611011
1280140080670105600
1280152435730690050
1280152545839575042
1280152678371258369
1280152719492149248
1280152748248317952
1280153168723116032
1280156750688088064
1280161762604732422
1280168594089766912
1280170672904212480
1280176695874473984
1280179429570785280
1280181147389968384
1280189132929503232
1280229010279026689
1280339327264813056
1280376125839929346
1280546995686371328
1280585263035682816
1280792511682719744
1280795636326006785
1280873706659684352
1280984128200953856
1281204249393639424
1281204260944764932
1281204272592379904
1281554275793948673
1287740769869021186
