id
1288632944030961664
1288638852479909889
1288643443376271360
1288653413727653889
1288658020667469832
1288658121544499200
1288660074148196352
1288660331686850560
1288660804183535616
1288661158308671488
1288663922481025030
1288665000974749696
1288668225568305152
1288668274369028098
1288668960146128897
1288669300199288832
1288670918525382656
1288671360953139202
1288671516637372417
1288671517870612480
1288671751635787777
1288672280357285889
1288673066931822594
1288674788458639362
1288675782223593472
1288676263029334016
1288676624246771713
1288676725610762240
1288677247717498880
1288677763285520384
1288678449255600128
1288678495371968512
1288678542528544768
1288678659704983558
1288680756395425793
1288681587635183618
1288681873598603265
1288684595378962432
1288684763415367681
1288686836961824768
1288687344107679746
1288688494542381057
1288689017056137216
1288689430929108993
1288689535191146498
1288690513713930240
1288691105287069696
1288691495789187072
1288691963072360448
1288692286201700352
1288692769054064646
1288692932304728065
1288693263935799296
1288693799711956993
1288693819198906374
1288694051282223110
1288695373028941825
1288695485109215234
1288695777997410304
1288695805629497348
1288695999901233152
1288696256013852673
1288696314474135552
1288696440408039425
1288696592359239680
1288696901013876736
1288697321664868352
1288697385477115904
1288697501617229824
1288697754110193664
1288697809760210944
1288697852525342721
1288697865812897792
1288697998424199169
1288698381208936448
1288698545428557824
1288698639234211840
1288699159172665344
1288699383995744257
1288699425137676289
1288699771939483649
1288700958717825029
1288701130206138369
1288701319809703936
1288701427628429313
1288701635577827328
1288702181793837061
1288702293936762880
1288702486396588032
1288702878417330177
1288703398041145348
1288703949877522433
1288704311535579136
1288705374497857537
1288705427522367488
1288705662461939715
1288705900581015553
1288706076225843200
1288706457920081920
1288707022481850368
1288707572502073344
1288708301127991296
1288709006421192710
1288709210620833792
1288710098190077953
1288710181283491847
1288710391187439617
1288710430341369857
1288710612499931137
1288710849217982464
1288710917476069376
1288711747860197377
1288711853682565121
1288711911484211200
1288712086495756288
1288712692056768513
1288712714693484544
1288713062204076032
1288713262482087937
1288713397861670913
1288713487770718208
1288713721829707776
1288713787176972288
1288713934195679233
1288714076302974977
1288714307551731713
1288714959703044097
1288715047934410752
1288715470342893569
1288716241406918656
1288717086840127488
1288718435430445058
1288718523087220737
1288718850582667264
1288718940303056898
1288719051020173313
1288719194909839360
1288719260831735809
1288719447813787648
1288719670183432192
1288720007015403520
1288720354882404352
1288721096791871488
1288721573072064514
1288721629045030912
1288722610100953089
1288723315519926272
1288723371253850112
1288723562321199104
1288723917402599424
1288724203261157376
1288724252527484930
1288724358114942976
1288724727582715904
1288724769823551489
1288725383550910464
1288725488140083200
1288725876897533952
1288725908111552520
1288725908803579905
1288726152559828992
1288727470753976320
1288727477410361344
1288728001597734913
1288728471326216197
1288728532156219392
1288728899141107712
1288729819895590912
1288730341595680769
1288730468087554049
1288731092191567872
1288731678190350336
1288732014766460928
1288732255775465472
1288732412315201537
1288733501257207808
1288734168889700353
1288734175676121093
1288734749666603009
1288736060722122755
1288736307045232641
1288736359264301056
1288736718498287618
1288736984597331968
1288737529269608449
1288737625101090818
1288737658932527109
1288738343195303936
1288738815465549827
1288738885497794561
1288739747527929857
1288740180795355137
1288740468587552770
1288741859255177217
1288742580235071491
1288742988940578821
1288743772558209028
1288743986505621505
1288744090285137920
1288744396158955527
1288744482767171585
1288744568028987392
1288744662581145600
1288744837643026432
1288745097056497667
1288746157653409793
1288747125879140352
1288747825308655616
1288748667847839745
1288749001664151552
1288749083503411200
1288749390249619461
1288750113708322816
1288750558212317184
1288750773921124352
1288750795815563264
1288751161965711361
1288751344719781890
1288751527411113985
1288751882312331264
1288752264903942144
1288752277138767872
1288752606869766145
1288752829973188609
1288753097100034056
1288753513565024256
1288754291683938304
1288756750875627520
1288757406063718401
1288757989361324034
1288760618866978816
1288760636114051078
1288761219558420480
1288761938973831173
1288762029944107009
1288762896336318464
1288763167368077312
1288763391264190465
1288764138865299458
1288764443942240256
1288765453905661952
1288765929002643456
1288766324638851074
1288766882389073922
1288766899589992449
1288766952907747330
1288767115558653954
1288767202514972672
1288767607622053889
1288768170312888321
1288769763313762304
1288769765016604673
1288770036547514370
1288771695743045632
1288771775115874304
1288772252054573056
1288772716661600262
1288772910409162753
1288772946555809792
1288773031158878208
1288773039451181056
1288774548930744322
1288774844012613632
1288776074562658306
1288776456256937984
1288776742660902912
1288777784375091201
1288777963656249344
1288778320125952001
1288778940903899136
1288779305250459648
1288779490919931907
1288780035931815937
1288780047197839360
1288780244925550593
1288780956489244675
1288781274295857153
1288781720372654081
1288782070601388035
1288782391490691074
1288783615292211200
1288784246224482306
1288784316705566722
1288784369780273152
1288784426730582017
1288784472691728384
1288784537254678529
1288784613804933120
1288784677143076865
1288786334992101377
1288786410346958849
1288786948153212928
1288787276651089922
1288787915737309186
1288788949540810753
1288789267343241216
1288790566889836545
1288790573776646144
1288791028518944769
1288791556091269125
1288791701302083584
1288792112394153984
1288793321951784960
1288793483461894145
1288793978758823939
1288794270057426944
1288794362550169601
1288794982308958210
1288795757106012160
1288797013295890432
1288797141998219264
1288797346440966144
1288798218717863936
1288798643743412224
1288798857657122817
1288798905820307457
1288799413020717056
1288799500140556288
1288799614548578304
1288800330885419009
1288800737267339266
1288800933220986881
1288801157180055552
1288801682688598016
1288801685045796864
1288801817539670017
1288801909608833025
1288802239096565761
1288802256154836993
1288802448010702848
1288802552310448128
1288802800336429056
1288802910541766656
1288803140251160576
1288803183259561987
1288803459299303426
1288803730767466496
1288803775352905734
1288804225485385729
1288805373642543105
1288805604748750849
1288805895237824512
1288806680407560194
1288806836695478273
1288807164924977153
1288808401980526597
1288808622630133760
1288808882257555456
1288808975731838976
1288809234650427394
1288811042554880002
1288812197410349057
1288812246013861889
1288816123115212801
1288816182569533442
1288816474769862656
1288817444820144128
1288817794973184000
1288818257466597378
1288819341308223488
1288819483742625792
1288819491552415744
1288819692765814785
1288819739498668032
1288819740119638019
1288819765251674112
1288819925595824129
1288820192454176775
1288820281738321920
1288820357672001536
1288820470582849537
1288820555802480646
1288820635129376768
1288820829631856640
1288821010876137472
1288821480159993859
1288821946096836610
1288822081266753536
1288822180042563585
1288822660399378433
1288822789474881537
1288823520718290944
1288823634098679809
1288824090594144258
1288824114199719937
1288824174023069696
1288824707500789760
1288825094710599680
1288825247081230337
1288825342979801088
1288825597762797568
1288825873911537668
1288825900658765824
1288826031114080256
1288826945266806786
1288827223542132736
1288827351619350528
1288827606234566659
1288829100728016897
1288829684348645376
1288830101560254464
1288830236486852608
1288831083849510912
1288831144977293313
1288831180775624704
1288831469205381120
1288831509890097152
1288831550340046848
1288831836005662720
1288831926078279681
1288831945284050950
1288832410528837637
1288832742059204613
1288832830424973314
1288832869763125249
1288833090895241219
1288833365576015872
1288833624641376259
1288834452207079425
1288834583920807938
1288834686538510336
1288835685839855616
1288835740017680387
1288836584331190277
1288836991451189250
1288837496185540609
1288837787727171584
1288837986302308353
1288839044177121280
1288839191976017920
1288839893288804352
1288840166543626241
1288841137969442817
1288842611898253313
1288842694878363648
1288842879683698689
1288842884616056834
1288842939209138176
1288843065210204161
1288843140158222342
1288843279966990342
1288843338670465027
1288843453544058880
1288843534028533761
1288843569470398465
1288843630384279554
1288843808772259840
1288843892624769024
1288843990121422849
1288843999692742657
1288844065438445569
1288844255713083393
1288844337917263872
1288844361870917633
1288844439947886592
1288844602225463297
1288844608835743746
1288844685830574080
1288845003674890241
1288845020510875648
1288845460786966530
1288845537047764997
1288845550280826887
1288845798776610826
1288845935590518784
1288845989302829057
1288846108014161922
1288846234644385793
1288846466908172288
1288846491541331968
1288846580137656320
1288846708059918337
1288846849017655298
1288846983688404997
1288847106979975169
1288847142455410693
1288847346604756996
1288847428607713282
1288847475155984384
1288847792845099010
1288847816173920256
1288848280378458113
1288848447789871112
1288848513669804037
1288849177997271049
1288849201388851201
1288849212927426560
1288849293013422080
1288849353008795648
1288849491710353408
1288849573637586944
1288849797173014529
1288850063339347968
1288850218583126019
1288850392088891392
1288850559479365636
1288850690312302592
1288850721442414599
1288851149185925120
1288851163530420226
1288851422927130631
1288851566745681921
1288851766755225600
1288851807410651138
1288851944946061312
1288852164979257346
1288852414989180928
1288852869823832067
1288853548915032065
1288853709347098630
1288853907138138114
1288853974645260290
1288854375863992321
1288854401210228736
1288854417878351873
1288854443698483200
1288855013960245250
1288855282534105093
1288855353220718592
1288855870768439298
1288856138600124416
1288856172485922824
1288856276332498945
1288856369035014144
1288856373560664066
1288856456284971010
1288856474668552193
1288856630105264132
1288856664037187585
1288856666671181832
1288856704424189953
1288857175817744384
1288857357875728387
1288857408983273473
1288857568949854208
1288857580782014464
1288857732607434752
1288858051483598848
1288860021548175360
1288860106004688896
1288860124228931584
1288860207431348225
1288860405675130880
1288860809850806272
1288861683033575424
1288861980577501189
1288862245540175873
1288862496002994177
1288862652849037312
1288863609330610176
1288863848695336960
1288863897659641857
1288863947815153665
1288864195484639232
1288864343052886017
1288864408538451970
1288864743055335425
1288865124208349185
1288865252147249152
1288865382447513603
1288865408846450688
1288865434905612289
1288865488768872448
1288866378229800960
1288866606626398208
1288866824826675201
1288866944599302144
1288867070264795136
1288867343150403586
1288867922471817217
1288868111882493953
1288868300131373056
1288869110911086603
1288869197049552897
1288869286748934144
1288869361734672386
1288869438318456834
1288869724814639106
1288870131104276480
1288870348629237761
1288870566275948544
1288870649218228224
1288870782672633856
1288870827199406080
1288870878441283595
1288871193219563520
1288871885929721856
1288871898617532416
1288871985355710464
1288872009749811201
1288872097251565569
1288872196039835648
1288872346397245441
1288872548881571840
1288872602304262145
1288872894404141057
1288873210583244801
1288873317718323202
1288873393643638785
1288873660451717123
1288873777359540226
1288874243296378882
1288874608867737600
1288874742213038080
1288874801373655041
1288875047587737602
1288875054856417281
1288875094555553792
1288875127078154240
1288875233730936832
1288875336747253760
1288875623000100865
1288875756592930818
1288875769796546561
1288876035119824896
1288876178728599552
1288877051370328065
1288877076733280256
1288877539104944130
1288877618457059328
1288877700636004352
1288878998454321153
1288879234945970176
1288879386956005376
1288879402386731008
1288879422007676928
1288880028562812928
1288880749718827008
1288881776170078209
1288881863046516736
1288882830194294789
1288882963481071617
1288883426850779136
1288884788196122624
1288884946824597506
1288885063472447489
1288885584102961152
1288885760003735552
1288886027646468097
1288886405968494594
1288887144132440064
1288887371346264064
1288887661625774080
1288887936033755137
1288888365899603968
1288888418366193664
1288890505422675970
1288890559403307011
1288890807320113152
1288892570311913473
1288892608089972737
1288893690824364033
1288893829983006720
1288894741237530625
1288894843184279553
1288894994346995713
1288895144112975872
1288895305539178496
1288895321129529350
1288895524519546880
1288895692229025792
1288895782846738432
1288895784637751297
1288895965630324736
1288896205590683648
1288896329473646592
1288896691706372097
1288897649488195584
1288897916405338113
1288898158269874176
1288898279040667648
1288898698626269184
1288899087656341504
1288899242757517314
1288899292199976960
1288899427189415937
1288899462014754817
1288899557137383424
1288899643561000960
1288899654420054017
1288899671474098176
1288900101562236928
1288900534187876352
1288900672880967680
1288900728182812673
1288900738375024641
1288900810093469696
1288900828405719040
1288900910345666560
1288901031548424192
1288901665161007105
1288901708895191041
1288902315726888962
1288902939482914823
1288903405621010432
1288903811013074946
1288904161585590272
1288904239268339712
1288904450216624128
1288904585403232256
1288904982893195264
1288905072915685376
1288905840032768000
1288906926747574272
1288907852065779712
1288908173571588096
1288908425284349952
1288909506827624449
1288909684267601920
1288909975717257217
1288910774761480192
1288919300070207488
1288920468469084160
1288923242430738433
1288927742382276608
1288929975404380160
1288930033013108736
1288931720561979392
1288933432890757120
1288933513769582592
1288934100523311104
1288942193286160384
1288942329135390721
1288945394743795712
1288946557778157568
1289008775186145281
1289013311564951553
1289014625007099905
1289018645981442048
1289020454821191680
1289026672004485120
1289030081113812992
1289031576668446722
1289032262420332545
1289033656481116161
1289036109305937921
1289036308082352130
1289036346170851330
1289036538370654209
1289036668096270338
1289044306439757825
1289046361959100417
1289050508867457025
1289054738131099650
1289056613186318336
1289059483029659649
1289059548167249921
1289060320372121600
1289060338415984642
1289063005536182272
1289064808566816769
1289070221714579457
1289071194818244609
1289071654220357632
1289076053256765446
1289076998971650048
1289077488233021440
1289077981437136902
1289084308313915392
1289085633651073024
1289086902918774784
1289087254179115010
1289088108781170690
1289088133749858305
1289093520813260800
1289093657912659969
1289097695836041218
1289098176180363265
1289098503298277376
1289098624933085184
1289098703756656641
1289110441046577152
1289112607551401988
1289113310881873925
1289113860524236800
1289116435050926081
1289121652656050176
1289130019638218759
1289131105258541056
1289131357055025152
1289131595425705984
1289137211313549312
1289141920170614785
1289142989160243200
1289151793109168130
1289151828114804737
1289155282015117314
1289163266963300353
1289166044750176257
1289167528531386369
1289168023211765761
1289175875515105281
1289183991438819335
1289192045626773504
1289192313676165123
1289208796884041728
1289209643638484992
1289231490878824448
1289244658476789760
1289255234397589504
1289259292885807106
1289265909010292736
1289265941696540673
1289265960247898113
1289277787698692096
