id
1287550537794121728
1287554892597301249
1287555472367611907
1287557400254242819
1287563922824806402
1287566048800038912
1287566960260075521
1287567185355739136
1287572499622813696
1287572512084090880
1287574610829926405
1287575992312070146
1287581210563080193
1287582078612074498
1287582613616484357
1287583486144999424
1287583865507155968
1287584799167668226
1287585280405340162
1287585676892856320
1287585889095282688
1287586030678204423
1287586590882033665
1287587990487756800
1287589098882883584
1287593565124624384
1287594458423279619
1287594687587430400
1287595417912242179
1287596250276098048
1287596438663249920
1287598489636151302
1287598756251217920
1287599398063505408
1287601569353961472
1287602570958123009
1287603279371751425
1287604432532721665
1287604688049680384
1287604977913880576
1287605267694157824
1287607698771423234
1287607807387156480
1287608035603550208
1287608077202542596
1287608181934284801
1287608211336343559
1287608269104586752
1287611325514829824
1287611555488493568
1287611804684660737
1287612121916698624
1287612404709208064
1287613730319040512
1287613809230848000
1287615002531094530
1287615535258021888
1287615907292778496
1287616199379972097
1287616375792361474
1287616519757656064
1287616897987383299
1287617386925813761
1287617405967949825
1287617529062383616
1287618064377212930
1287618095138267137
1287618144547123202
1287618216911441920
1287618518964346880
1287619206024896513
1287619308231823361
1287619329647927296
1287620487263031296
1287621880724086784
1287621974013820931
1287623213980123136
1287624168335343616
1287624798156161025
1287625227027935232
1287625440220176384
1287625445194653696
1287625686425825280
1287625766943956993
1287626008389013504
1287626702877683713
1287627066427416576
1287627290940043266
1287627348708229120
1287627403167059968
1287627653315309568
1287627939194929152
1287628148260052995
1287628173937704965
1287628398345334785
1287628410169069568
1287628550351106048
1287628698141642754
1287628946096316417
1287630055959560194
1287630083562250242
1287630122397310978
1287630466615349248
1287630850952232961
1287631144037412865
1287631241311711232
1287631260303540224
1287632654351781890
1287632942718541829
1287633095475081216
1287633165314473986
1287633322877755392
1287633334483353600
1287633710917943296
1287633732011089920
1287633732837367809
1287633768044347392
1287633833370636288
1287634076115988480
1287634869028233217
1287635503055962115
1287635672828768257
1287636158655025153
1287636481482268672
1287636997574553600
1287637106014089216
1287638533801308160
1287640442968739840
1287640968875761665
1287641153236398080
1287641517218136064
1287641972279316480
1287643161276248065
1287643188677586944
1287644535682547712
1287645047781957632
1287645089657847808
1287645183560093696
1287645248059928576
1287645315571388416
1287645719801675777
1287645953436954630
1287645991642914816
1287646262003560448
1287646287647526912
1287646381021081605
1287646454199144448
1287646732809932800
1287646799151259648
1287646810463322112
1287646879858139136
1287646922308587520
1287646980399697923
1287647198725828614
1287647265469825024
1287647310738948099
1287647380808949760
1287647403135311872
1287647693838245888
1287647781767716865
1287648117051912195
1287648133795676160
1287648180457230336
1287648660172546051
1287648664526225408
1287648874794909696
1287649004575055872
1287649156287197184
1287649222884564994
1287649509179301888
1287649526409560064
1287649766965497857
1287649877904637953
1287650112789868545
1287650796411277312
1287650807656009729
1287651050988531712
1287651084924674048
1287651410935332866
1287651586890752000
1287651893510979584
1287652857353654272
1287652928124268544
1287653862250131462
1287654181487050753
1287654628969111553
1287654720459309056
1287655812920270851
1287655822177140736
1287655864824819712
1287656131985170432
1287656139182600193
1287656403675410432
1287656428795133953
1287656467965779968
1287656491432910848
1287656593652236288
1287656978932576257
1287657245732491265
1287657334487973889
1287657358676680706
1287657805743140864
1287657898831523841
1287658217363841024
1287658449786961920
1287658898422259713
1287659210847604736
1287659472043700224
1287659547822178306
1287659870414495744
1287659990707142663
1287660480819892224
1287661051463385088
1287661141376634880
1287661205562171392
1287661243164024833
1287662194331549702
1287662700496117761
1287663483694149633
1287663690980847616
1287663870119538688
1287664545742413825
1287664784863715329
1287666143092670465
1287667013339340801
1287667188434743296
1287667234291085313
1287667741097222144
1287667778867154944
1287667938367909888
1287668137257652225
1287668154492100608
1287668164109545476
1287668423116206080
1287668640800636928
1287668893528371201
1287668902063824896
1287668943398739968
1287669068124680192
1287669177776402437
1287669321196548096
1287669616437637120
1287670399484887040
1287670826083352576
1287670906303606786
1287671472513617920
1287671857227788289
1287672422611603456
1287673069222289408
1287673076579102720
1287673846854647808
1287674113088094211
1287674138606403584
1287674178552786945
1287674400645365762
1287674773632217088
1287674864816414720
1287674919296225281
1287675677756407808
1287676035778007040
1287676110017163264
1287676333280169984
1287676421213577216
1287677244928692226
1287677580921823238
1287677667949416455
1287677986842451970
1287678541018984448
1287678787946082304
1287679697858580485
1287679822253010946
1287680286315012096
1287680316627329026
1287680781804953600
1287681104573378560
1287681167626387456
1287681386707443712
1287681617574547457
1287681841042841604
1287682258661281792
1287682339691094017
1287682406825078784
1287683176635064321
1287684370891829248
1287684392144404481
1287685069969203201
1287685339776073729
1287685457220837377
1287685768241184768
1287685840135548928
1287686006582308870
1287686525270949891
1287686813327351811
1287686878871744514
1287687485342982145
1287687915963785216
1287688160600657921
1287688588138668034
1287688746893291522
1287688942293155842
1287689403607838720
1287690295778279425
1287691194533904384
1287691497106583552
1287691721808191488
1287692607372398592
1287694447765987328
1287694635599503360
1287694731263094785
1287694984934612994
1287695252841627650
1287695799300657152
1287697157680582656
1287697354754154496
1287697810872102912
1287698415086743552
1287698657425293314
1287699657917755393
1287699918899965952
1287700687741161472
1287702661060415488
1287702829042298880
1287703049616494592
1287704265822109696
1287704389415821312
1287705137985642499
1287705204180185089
1287706151266607104
1287706542616133634
1287706822498017283
1287707169417093120
1287708300117598208
1287708954366078976
1287709090744086528
1287709128857546752
1287709429241061378
1287709711240896513
1287709765410254848
1287709776315473922
1287709887430979585
1287709953004900352
1287709960495722497
1287709970256089089
1287710341317529602
1287711838130417664
1287712424536109057
1287713128709386246
1287713529475272704
1287713759331409921
1287714223787663361
1287714367585153026
1287714670053330944
1287715149378400256
1287716295291498502
1287716395350765568
1287716479547236352
1287716493421973505
1287716598598389762
1287716653434695681
1287717390302810113
1287717597580910593
1287718081272274948
1287719065461510144
1287719646624223232
1287719664521375744
1287720114272395265
1287720127576723457
1287720389762674689
1287720795691597825
1287720943482109952
1287721151523766272
1287721391282823168
1287721446991527936
1287721502637359104
1287721688688254976
1287721774596030464
1287721934604718082
1287721938433892352
1287722547673477124
1287723194204319745
1287723305374347270
1287723704936329216
1287724513275256833
1287724818737983488
1287724926909034496
1287725061705814021
1287725113518034944
1287727449459929088
1287728013581451265
1287728483540459520
1287729487279316994
1287730668013645824
1287730940072980480
1287731470883151872
1287731494778105857
1287732000225243136
1287732450110496768
1287732842223435777
1287733481770901504
1287733811875258370
1287735010137538564
1287735780337545216
1287735965121798144
1287735980787511296
1287736012005707776
1287736769257959425
1287736980374056961
1287737062679076865
1287737283508989952
1287737397984161793
1287737490875363328
1287737723286036480
1287738003113140225
1287738929345523712
1287739762204446720
1287740035001876482
1287740185925554178
1287740916346716161
1287741635955060738
1287742576208965633
1287742643456413697
1287743216100368384
1287743777444999168
1287744188927238144
1287744500966862850
1287744907394707457
1287745599488405509
1287745969229049858
1287746129359077377
1287746446947573761
1287746593509142529
1287746628909019137
1287746650195156992
1287746738699165697
1287747201448386561
1287747407401246725
1287748101483245568
1287748665965072384
1287749083747106817
1287749521791954945
1287749675794268160
1287750477812240384
1287750550113542145
1287751362843795456
1287751810971623424
1287751955540918272
1287752084167655426
1287752161670107136
1287752179651162114
1287752857211420673
1287752925364858880
1287752945149198344
1287753805392523264
1287754070912987136
1287754267277684742
1287754786859675648
1287755007891185665
1287755052254461954
1287755726966775808
1287755811825922049
1287755972660719616
1287756078923550723
1287756126692339712
1287756225740931078
1287756395048296448
1287756491441803264
1287756687131078656
1287756934137786370
1287758022660390912
1287758334951673856
1287758360352157697
1287758876973047814
1287759779381665793
1287759816618684422
1287760131493486593
1287760323454226432
1287760795267264512
1287761110423150593
1287761142610198528
1287761148591316992
1287761290258046977
1287761552892817413
1287761554801270786
1287761742366294018
1287761749706334208
1287761766840012805
1287761781855666177
1287762090141159425
1287762128540037121
1287762222438060032
1287762285327351809
1287762550088581120
1287762562046550017
1287762565209010176
1287762588395163649
1287762767168942080
1287762785581953024
1287762876980252678
1287762899851608065
1287762977966325764
1287763030806151168
1287763116617474048
1287763308129341441
1287763370016301057
1287763434218479617
1287763609011986434
1287763684811563010
1287763710560202765
1287763859323813890
1287763864679927808
1287763910766952448
1287764120708640768
1287764161443708928
1287764185955344384
1287764197049171969
1287764299226570759
1287764312111509505
1287764451073064960
1287764513517953027
1287764574771412992
1287764633076371458
1287764703536529409
1287764841969487873
1287764953655435264
1287765021255073794
1287765130332131328
1287765139110817792
1287765178583375873
1287765472847499264
1287765498248040451
1287765587674841088
1287765779396489216
1287766067704508417
1287766274303377408
1287766767717117953
1287766844544135169
1287766916581347328
1287767021992591362
1287767108864991243
1287767148559863808
1287767267405701122
1287768029804208129
1287768052881227780
1287768069989777413
1287768271903576064
1287768305386713088
1287768495040557062
1287768502166646784
1287768711605051393
1287768839451627520
1287768867951923200
1287768937199894529
1287769193010479104
1287769275009097728
1287769346127753219
1287769412498423808
1287769465724243970
1287769505070891009
1287769517066727437
1287769517515403265
1287769519201517569
1287769560104554497
1287769573136228357
1287769602273894400
1287769617704747009
1287769667138797569
1287769694951190528
1287769741264711686
1287769807471783937
1287770285505224707
1287770319609122821
1287770349531287553
1287770358846816257
1287770367818436609
1287770429998817281
1287770554401923077
1287770700942475264
1287770904106168321
1287771086831017985
1287771645772406784
1287771968565948421
1287771994625212417
1287772183419224066
1287772213928656898
1287772336481923074
1287772772924416001
1287772844659601408
1287773352036143104
1287773956687233024
1287773980749791232
1287774042414489602
1287774046751297537
1287774143560089601
1287774144373731328
1287774278000062465
1287774531445112833
1287774627826106368
1287774803466661898
1287775273081925632
1287775410638303232
1287775461255163911
1287775488161665028
1287775526925606914
1287776088756613120
1287776187511476225
1287776359423434753
1287776503447650306
1287776526302236672
1287776950623272963
1287777186070638592
1287777244534849537
1287777325229182976
1287777329146560514
1287777663180926977
1287777942756560896
1287777968001912835
1287778118896254977
1287778125841985542
1287778453387751424
1287778525706178560
1287778764911304706
1287778888701992961
1287778987138101248
1287779618007719938
1287779886518562816
1287779904105271296
1287780034195812352
1287780083155918848
1287780099798925313
1287780142480121857
1287780355701739523
1287780675203063809
1287780865569824768
1287781184622141440
1287781273696473100
1287781343775129601
1287781493251534848
1287781773670117376
1287781857845624838
1287781877298761736
1287781907661385729
1287782282829258752
1287782441990516737
1287782516984668160
1287782908598431744
1287783058117136388
1287783070448226308
1287783182515888128
1287783217622212608
1287783318235123717
1287783341824114689
1287783379728039937
1287783506664230912
1287783628051628032
1287783902191292427
1287783911141990402
1287784123772186629
1287784433655746561
1287784537192189954
1287784587175686144
1287784744155877448
1287784822849409033
1287784839115091973
1287785012780077060
1287785179679821832
1287785198059261952
1287785634073939983
1287785851687014405
1287785934360965120
1287786057338036224
1287786097271959553
1287786374125379584
1287786470065836039
1287786576471158785
1287786615453163520
1287786669110734849
1287786956944846848
1287787083583631360
1287787348462145542
1287787536194998282
1287787790885720065
1287788218436345858
1287788320307781633
1287788553997410320
1287788560733462529
1287789328857407488
1287790244603899904
1287790287541084161
1287790693201543168
1287790787904716800
1287791027651137536
1287791877903626241
1287792042731614209
1287792188470857728
1287793727319101441
1287793736295108611
1287794172263456769
1287794325355601923
1287794728361013250
1287794819889160192
1287794852617310215
1287795411361525760
1287795877222858753
1287796169767190528
1287796178805862401
1287797036834680832
1287797379056300032
1287797903776337922
1287797958386184192
1287798643567628288
1287798807694991360
1287799063174234113
1287799145864953856
1287799695100620801
1287799904950038528
1287799918094979072
1287799963334791168
1287801262696566784
1287802204988903426
1287802353127628800
1287802676797874176
1287802868448337931
1287803134333526016
1287803486617268224
1287803558784430080
1287803570905997313
1287803606884728832
1287803791140515841
1287804713937719296
1287805063902109696
1287805615918600193
1287806084351029249
1287807469545066503
1287807506027175936
1287807879852863490
1287808015618281473
1287808304463269888
1287809475403866112
1287810458083180544
1287810555340705792
1287811409330368512
1287812882055311360
1287813264252891136
1287814550402678791
1287815247399510016
1287815570117685248
1287815744462286850
1287815803782352896
1287816487911280640
1287816823107252224
1287817146580508672
1287817965983772675
1287818307215663105
1287818932636676096
1287818962265206784
1287821480978350081
1287821511680643072
1287821763162718209
1287824215450595328
1287824399962275840
1287824799444549632
1287826827168198657
1287827644772315136
1287827905221808128
1287833854728790016
1287834106626060289
1287834162049687552
1287835064512831489
1287835219429482496
1287838124316401664
1287838254713245698
1287842527857586178
1287842669805203456
1287849700167528448
1287853128683892736
1287853194463174656
1287855201647550467
1287857665176207360
1287859297758584832
1287859700453617670
1287869317913092096
1287871669399216128
1287874372598820864
1287884420372807680
1287885358332440577
1287891054218235904
1287909569633513473
1287909615921819649
1287912505650511872
1287923949116915714
1287924106176811008
1287924172560113670
1287924772433608705
1287925163170832385
1287926453380644864
1287928841101438976
1287929959822946311
1287940806968451072
1287940883459895296
1287941293079838720
1287948298637123584
1287953469593198593
1287953997421146113
1287954417606483970
1287954758901231616
1287955943536222210
1287957826082467840
1287961798486953985
1287964362389336065
1287965100863676421
1287968841063047168
1287974496578789378
1287974641475022849
1287975271543447553
1287975822502981632
1287976189458432001
1287976561187020800
1287980118808260608
1287981155820531712
1287982109823361024
1287983049309712384
1287983951001223168
1287989214861131776
1287989855268544513
1287990077759598592
1287990095371554819
1287990130893094912
1287991387158265856
1287991463993720834
1287992635441872897
1288000527922393089
1288000597317136385
1288000620419407873
1288000657044017152
1288002603125633024
1288002632825466887
1288002772458078208
1288002811033038848
1288002869648474112
1288003151006584833
1288003935739863040
1288004390897385472
1288004997662220290
1288007416181854208
1288008702771912704
1288010988768260102
1288012916243828736
1288012936795967488
1288012977812017152
1288018805470314496
1288018883236880385
1288019026707271680
1288020339499229189
1288023359096123392
1288029896082468866
1288032258935279616
1288034900629549056
1288039459863240704
1288044731981639680
1288045709644587008
1288046208724787201
1288051154186694657
1288051308570636290
1288051339868565504
1288054483293880320
1288057245700259842
1288058731532447745
1288058756727676929
1288072308599316485
1288072402027520000
1288073972731351040
1288077005108346880
1288087121908174848
1288090668510806017
1288090695572455424
1288090724097904640
1288091467357908998
1288091853720399873
1288092125209300992
1288095795686694914
1288101295304278016
1288102582280269824
1288117751744040960
1288118911225835522
1288124125756571649
1288129474580619264
1288132577652432896
1288140234966724609
1288142568669159426
1288144922734768128
1288150893410447360
1288152993242652672
1288155013152305152
1288187446132224000
1288231472231456768
1288307720752267264
1288316802448097280
1288323688358526979
1288338718462373888
1288341503455051776
1288341807797952513
1288341827590877185
1288341873933733890
1288346378465210368
1288455198722019328
1288574587916214275
1288636265437356033
1288677371285925890
1288718235324616704
1288728760070451200
1288787083910352896
1288817620905373697
1289151076520714240
1289151102399569921
