id
1283564143291691009
1283566058314448896
1283570137782607872
1283571099708481536
1283571105001693185
1283572052415311874
1283574171851579392
1283576519248445445
1283579425066385409
1283580556723146755
1283583485781831680
1283584275099467776
1283585492672364544
1283586257860194310
1283586641337049088
1283588459777540096
1283588489859051520
1283588535123972098
1283588625943326722
1283588891669225473
1283588895888887808
1283589283282972672
1283589711106367490
1283589927997812736
1283590599275188226
1283590788299931648
1283591000892608512
1283591230853529600
1283592442218831872
1283593315443593224
1283593436868644865
1283593472004378624
1283593488001495045
1283593501209268224
1283593517655195648
1283593914574921729
1283595103206993920
1283596219705462785
1283597065684086784
1283598588891676672
1283598672127614978
1283598863111077889
1283598950713290755
1283599474061750272
1283601517149220865
1283602772328316928
1283602791953358849
1283603137886994435
1283603499779895297
1283605054646128642
1283605206131851265
1283606296076251137
1283608210843160577
1283608291843534849
1283608576791965696
1283609194130743297
1283610022983786497
1283610072162033665
1283610128160157696
1283610785214869505
1283610864512188417
1283611768070131713
1283612423610437633
1283613676595851265
1283614900233703427
1283614918655107073
1283615151669669888
1283615169956859905
1283615209853050881
1283615748737265664
1283616009266569216
1283616015126073344
1283616378293850112
1283616943375740928
1283617004243480576
1283617387153985538
1283617418267353089
1283617675537571852
1283618028593111040
1283618109690003457
1283618631281041408
1283618683667927040
1283618826341494785
1283619185923252225
1283620053980557313
1283620182989008903
1283620506353012736
1283620528654180352
1283620812008783872
1283621119581229056
1283621987676418049
1283622240236351488
1283622450450685958
1283622502082793473
1283623724848017409
1283624177912606720
1283624254492139520
1283624692096487424
1283624893330812933
1283624981465665536
1283625128924872705
1283625529921372161
1283625541317214208
1283625560040632320
1283625874307166209
1283625984743235585
1283626248112009216
1283626590815973377
1283626609962921984
1283626647007031296
1283626703303008256
1283626818583445505
1283627387104591878
1283628477162430466
1283628604069273603
1283628813776109573
1283629190890176512
1283629431416750081
1283629469043834880
1283629470495019008
1283630033676857344
1283631049432379392
1283631093476777985
1283631550723063808
1283631592896819200
1283632044224835584
1283632554847830021
1283633021791408129
1283633032159793153
1283633062513967104
1283633284728131591
1283633716833599488
1283633890859442177
1283634452988481536
1283634890165178369
1283635083388346369
1283635322845159426
1283635412305506304
1283635621668347906
1283635632024084481
1283635726916046849
1283635768519360512
1283635782524080128
1283635991194923008
1283636237408980992
1283636865598283776
1283637242062237697
1283637470953795584
1283637551832563714
1283637769227534337
1283638136870850560
1283638140196929536
1283638206995460096
1283638419223019527
1283638634222981120
1283638755174150144
1283638831640530944
1283638838548561920
1283638931192348672
1283639203826302976
1283639257534361601
1283639320524525573
1283639459527843840
1283640409546272768
1283641636950548483
1283642156394020864
1283642989198245888
1283643040842657793
1283644360848900097
1283644600607895552
1283644627115888640
1283644671915200512
1283645008864661505
1283645232706285573
1283645489313767425
1283645499480793088
1283645792201265152
1283646016189677568
1283646216329244672
1283646274411966469
1283646496299036672
1283646622228860931
1283647118842957825
1283647287663767553
1283648109206073346
1283648119369093121
1283648505479741442
1283648569669345280
1283648583263109121
1283648745129734145
1283649269379895296
1283650092579225601
1283650405147324416
1283650855992995840
1283651076797820929
1283651760335097857
1283652265467772928
1283652920202985472
1283654384191062017
1283655400122839040
1283656303332605952
1283656311855513610
1283656679821697024
1283656772599742468
1283658828165177344
1283659285520502784
1283659686961573889
1283659741055447040
1283659814774509569
1283659885603782657
1283659952486117377
1283660257491730433
1283660504221667329
1283660905134227457
1283660916479819777
1283661398518542336
1283661484552187904
1283661693537550338
1283661789356412928
1283661819744149504
1283661996638924802
1283662254693658631
1283662481009733632
1283662530292768768
1283662625704800257
1283663006233251840
1283663218976722950
1283663280599252992
1283664506531352576
1283664661510905856
1283664830105137152
1283665917390385153
1283666071304597504
1283666092649377792
1283666412137938944
1283666435319885824
1283666617256177664
1283667317033844736
1283667973236908033
1283668340750159873
1283668450187939841
1283668948257353728
1283669709829763073
1283669734664241152
1283670661647355904
1283670670195535873
1283671121045286913
1283671339761623042
1283671612902961155
1283671852221526016
1283672498194669568
1283673151147130882
1283673443783737344
1283674420318318592
1283674850788163584
1283675396542656522
1283675667540959232
1283676052267524097
1283677753049378818
1283678349873876994
1283678371357089792
1283678560616501254
1283678783455637506
1283678976112685058
1283679035847872514
1283679173878280193
1283679417248575488
1283679468599390210
1283680043684605952
1283680327576088578
1283680748562575360
1283681351472836609
1283681564056903681
1283681599372943360
1283682431250268161
1283683898480709632
1283684113711423488
1283684210016874496
1283684623315202049
1283684967235465216
1283685382849101824
1283685900480679942
1283686923580538880
1283687024772304898
1283687853797412866
1283688561212964864
1283689345711403011
1283690700744192000
1283691045654421504
1283691198696194053
1283691763601780736
1283691841108336640
1283692058121605122
1283692252909334528
1283693029040087040
1283693987988033537
1283696332826243073
1283696651891363840
1283697459311472642
1283697636034269185
1283698277796331520
1283698283341246464
1283698541278330880
1283698793498607617
1283699122504036353
1283699732628426754
1283699872428896256
1283700600408965120
1283700962360569857
1283701342708461569
1283701582530351104
1283701913641336834
1283703061525889024
1283703120413945857
1283704903177650177
1283704914854596608
1283705015308152832
1283705484612997120
1283705535993270272
1283705571250561025
1283705757033275394
1283706127008452609
1283706271275704320
1283706320684675072
1283706461458018306
1283706571646595072
1283706624519991297
1283707005450940416
1283708422664249345
1283708553916674050
1283709280491671559
1283710289901260803
1283710517303885826
1283710688435646470
1283712361979756545
1283712844052099072
1283713482395811845
1283713800365989888
1283713890317033473
1283714079740162056
1283714117941915648
1283714296963198976
1283714768004472833
1283715349947379713
1283715642412068864
1283717112163262465
1283717791900594176
1283718499244756997
1283719282224816128
1283719298603552768
1283719373610352641
1283719512353673217
1283720129134514176
1283721106931638272
1283721353825157120
1283721509014405121
1283721652941938689
1283721900888256512
1283721992412123137
1283722113396772864
1283722183647416320
1283722242770087936
1283723234286817280
1283723307213221889
1283723617457643522
1283723664601632770
1283724997798825985
1283725359335133184
1283725532039806976
1283725596300849153
1283726130059505665
1283726519571898371
1283726536231747585
1283726734207021056
1283726863311835140
1283727015380688900
1283727327222890497
1283727614348156928
1283727898638028800
1283727954560692224
1283728240188637185
1283728252947664899
1283728445856337920
1283728665000341504
1283728708558131200
1283728723066236928
1283728911575035904
1283728974967795712
1283729097567416320
1283729204144599041
1283729752155500544
1283729910855434242
1283729989238579205
1283730133019357184
1283730361801818113
1283730401341534213
1283730522510745607
1283731624333504514
1283731873659621383
1283732936244645890
1283733240977649666
1283734160482291714
1283734405245067264
1283735070621097986
1283735885066862594
1283736099475652609
1283736446428278784
1283736939821064193
1283737325663485953
1283738080340369409
1283738742583201792
1283738778327298048
1283740705765183488
1283741271400431617
1283741648501891072
1283741801329963008
1283742669227749376
1283742770885046273
1283742993514553347
1283742997549469697
1283743535611731968
1283743814499229698
1283744070678921217
1283744137288638465
1283744543184125952
1283744577183244290
1283744674168152065
1283744972324429829
1283745115580755969
1283745386457255937
1283745569463087104
1283746092547338240
1283746662981046272
1283746886583607296
1283747291984093186
1283747597904048128
1283747883003441153
1283748298835111939
1283748673843683328
1283749060072144896
1283750152994295810
1283750417453572096
1283750493769138179
1283750921336320003
1283751317131988992
1283751527002198016
1283751544098369538
1283751741142429696
1283752028871639040
1283752365670010880
1283752417939488768
1283752424361078789
1283752429184409600
1283752491071361024
1283752757510512641
1283752794768281600
1283753678961164290
1283753771076661248
1283753816903626752
1283755534290755585
1283755823529852929
1283756496707219456
1283756612872663040
1283756749971787778
1283756921531457537
1283757119766958080
1283757190700920832
1283757217313730561
1283757492527198209
1283757530536194049
1283757588404822017
1283757980593225729
1283758033122627585
1283758348525948928
1283758469565145089
1283758537949224963
1283759177945559040
1283759323013763072
1283759942604697600
1283760025299804160
1283761552953229313
1283762333265739777
1283762559686860800
1283763460677832704
1283764519076982787
1283764538668531720
1283764597128704001
1283764949748088833
1283765173451468800
1283765239524151296
1283765360995389440
1283765536795406338
1283765845726920705
1283766021677920257
1283766198539177984
1283766236371759104
1283766250716295169
1283766282706272258
1283766320043982849
1283766350305849349
1283766357901766656
1283766362377089024
1283766383310802944
1283766387945566208
1283766398280335360
1283766402524962822
1283766412503216130
1283766423999766529
1283766455956156416
1283766478282477569
1283766489628028928
1283766544607125504
1283766586873012228
1283766617462042624
1283766624617508865
1283766701985689604
1283766723045253120
1283766925030379520
1283767028730392581
1283767103674146816
1283767133470515200
1283767144216289281
1283767341273067521
1283767383874650113
1283767478485544960
1283767521397497857
1283767602813140992
1283767650422648833
1283767665333432323
1283767808497598466
1283767851417911296
1283767868950183936
1283767963326091267
1283768008972750849
1283768015507476481
1283768185561513992
1283768185649430528
1283768250812076032
1283768517540450310
1283768602869460996
1283768700223406080
1283768767969759233
1283768905069027335
1283768932235571201
1283768959901339652
1283768960274460673
1283769002385305600
1283769147382312960
1283769232602222592
1283769279075086339
1283769311505666048
1283769525155106818
1283769944879005696
1283769956048334849
1283770021118791683
1283770119726891008
1283770123132661762
1283770217647267841
1283770241059708928
1283770286366572545
1283770449902501888
1283770481326190592
1283770509381910533
1283770561030574081
1283770569964453888
1283770670124498944
1283770744921415681
1283770948085260294
1283771078213435393
1283771105971339264
1283771302075981824
1283771602232995841
1283771858253344768
1283771915744669696
1283771964876701697
1283772014172336131
1283772606336901121
1283772679288270850
1283772752566956032
1283772842262306816
1283772934977236993
1283773173335388160
1283773276087390208
1283773357905842176
1283773483579633666
1283773663645499394
1283773782516133889
1283773847959830528
1283773871984762883
1283773966482468875
1283774321253478400
1283774403273199618
1283774412764745729
1283774650615336962
1283774794635214849
1283774801237045254
1283774808971345920
1283774844350365697
1283775188522295296
1283775407699845122
1283775533222895622
1283775572812853248
1283775737040785408
1283775837435596801
1283775908663431168
1283776008001392641
1283776363036467201
1283776503402999814
1283776702812876806
1283776747754762241
1283777204380405760
1283777613643698176
1283777631549222912
1283777737077882880
1283778041110392833
1283778157699411969
1283778202289274880
1283778217682145285
1283778339128270850
1283779164479225856
1283779527190081536
1283779622476242949
1283779661470633984
1283779675366387713
1283780123150307328
1283780296475840512
1283780452558360576
1283780653046132736
1283780824773484544
1283780885289021441
1283780952800456705
1283780999931822080
1283781036015411200
1283781257667608576
1283781766130495488
1283781827585425408
1283781836322205696
1283781961350123522
1283782280675131392
1283782294629572608
1283782366507315201
1283782411398995968
1283782440515809281
1283782451983073281
1283782470274408448
1283782580848832514
1283782583155699713
1283782925532557312
1283782982675730432
1283782986022846465
1283783491730042881
1283783961521483777
1283784120393334786
1283784177393889282
1283784330473422848
1283784534287200256
1283784559415439365
1283784673353592832
1283785347227246595
1283785553817698304
1283785646763433991
1283785653579395072
1283785678933782528
1283785743718944771
1283785897264082944
1283785939639169025
1283786592939913216
1283786727815909376
1283787598259838977
1283787768418562048
1283788368917086210
1283788808564039682
1283789022314168321
1283789602164072450
1283791096745799681
1283791195294982145
1283791261913079808
1283791667078651904
1283792207577640960
1283793352404549632
1283793648920887296
1283793710371807232
1283793989238288384
1283794121727991808
1283794545982013441
1283794695919816712
1283794931761512448
1283795014686928896
1283795076687122432
1283795250750709766
1283795839878524928
1283796158163202048
1283796193206661120
1283796268943241216
1283796326895869952
1283796472568242176
1283796592009441280
1283796799946321922
1283797096496132101
1283797219154354177
1283797324234321920
1283797724727439360
1283797813030277121
1283797884257726464
1283797915228495872
1283798424031096837
1283798571041447937
1283799370597494785
1283799543583137792
1283799772030103552
1283799959972659200
1283799993795645447
1283800101962436610
1283800807016591361
1283800869067083776
1283801055973617666
1283801511688978433
1283801664760115200
1283801898676482049
1283803045189439489
1283803200789741568
1283803494135156736
1283804200422436864
1283804629218648065
1283804693370527745
1283805436966141953
1283806300850118656
1283807146262425600
1283807409874460672
1283807449426718721
1283807522684497922
1283807663663378432
1283807932170203136
1283807953779191810
1283808123887607808
1283808284412190722
1283808650071433216
1283808969350189056
1283808980012109824
1283809028263436288
1283809668255506432
1283809880365768705
1283809950305669126
1283809981448499201
1283810213900898305
1283810241889488898
1283810272340131843
1283810437662781440
1283810598665347072
1283810667514847233
1283810685747691526
1283810718106738688
1283810789472837632
1283811304415748097
1283811341757607936
1283811413631266817
1283811653562167298
1283811779563249665
1283812356800122885
1283812472680378368
1283812589009420291
1283813304687681536
1283814250092224512
1283814618196963328
1283815076663713792
1283815415919939585
1283815881659867136
1283815919651704833
1283816289862135808
1283816399056433152
1283817073672691713
1283817225946898432
1283817277369077760
1283817403328036865
1283817556843749376
1283817583431618562
1283817759407652865
1283818018380713986
1283818299206164481
1283818602475384832
1283818741256433664
1283818889856471041
1283818946852868097
1283819022077718528
1283819470742487040
1283820267668566016
1283820391262126083
1283820597726724097
1283821187668365312
1283821935508381696
1283822016957734912
1283822064533737472
1283822251863764992
1283822654458216448
1283822950014005248
1283822978275274753
1283824575453650944
1283824852177051649
1283825038865518592
1283825836332691456
1283825849750507526
1283826015504986113
1283826485141237760
1283826789073121280
1283826798501851137
1283827083068633088
1283827435612434432
1283827728844615681
1283829882187689990
1283829944833896448
1283830033316843521
1283830202116616192
1283830245410213888
1283831104537935874
1283831424697749506
1283831642063159297
1283832450624499712
1283832505691328513
1283832601522790401
1283832788479692800
1283833061784743936
1283833642423185408
1283834134062870531
1283836475574898688
1283837858285973505
1283839017876783104
1283840118273368064
1283840126473261056
1283840182798544896
1283840467847667712
1283841092685713408
1283841873119817728
1283842385366024192
1283843430691434496
1283843722585743360
1283844207937941505
1283844274941919232
1283844422472536064
1283845554154246149
1283847853450780672
1283848118459486209
1283848192958828544
1283848924399169538
1283852608101167105
1283852771964252160
1283853786155380738
1283855058866630656
1283856004002615296
1283856436850655233
1283856942562074624
1283857458037813248
1283857513352318976
1283858098549997568
1283858564600131584
1283859265006956544
1283863889831231489
1283864136301056000
1283865483918204928
1283865540633653248
1283866672252608513
1283871313367494656
1283872101997228032
1283879104220213248
1283882785715953664
1283891812889837568
1283908398573125633
1283908420861456384
1283908977445629953
1283914414752587776
1283929611894525953
1283929948776873984
1283935048119447553
1283936386366595072
1283936613504966657
1283941324387807233
1283942737549484032
1283944235742330881
1283945432553410560
1283946094003535874
1283946950341955584
1283947843800068097
1283948775698907136
1283948889976922112
1283949766900977664
1283950787811405824
1283951220168642561
1283952300717797377
1283953239587602437
1283954191291912192
1283954704523776000
1283954950406463489
1283955002508099585
1283955148436303872
1283955202702192640
1283957883260919814
1283961192315158528
1283961267972009985
1283963329267081216
1283964233462341632
1283964499402211331
1283967678823100417
1283968454316326912
1283968609325211648
1283968839714136066
1283969138482794496
1283969151288000519
1283969252739842049
1283969772225363970
1283970975118225408
1283971704557953024
1283973342618218496
1283974375478157313
1283975823670734848
1283977030061580291
1283977662306770944
1283977759308443648
1283978108945620992
1283978352781520896
1283979820783681536
1283980847024967681
1283983662883565569
1283984274316595201
1283984319653044226
1283984348962623488
1283985316102062080
1283985404870287361
1283987118520336384
1283987426889760773
1283987825633792000
1283988618898366465
1283991802370863104
1283992548017532929
1283995289548800000
1283995914537844736
1283996023166128129
1283996486393446401
1283997049717813249
1283997189786619904
1283999063038283777
1283999524847939584
1284000832547991553
1284002479194030080
1284002522697306112
1284002692847726593
1284002761701384193
1284002785722163201
1284002817225580545
1284002837031084032
1284002854139645952
1284003470152921088
1284003884709539841
1284005398920351745
1284005978652864512
1284007114722050048
1284009079468249088
1284011201517613057
1284012721487282176
1284014134292410368
1284016713651171328
1284017475760214017
1284025297222856704
1284029230406221824
1284029775137271813
1284033354522693632
1284033950600445953
1284035435119783937
1284035495559696384
1284036304217321472
1284038744362717189
1284038884259577856
1284039425630982149
1284039689259741185
1284039699900710913
1284039771099037698
1284040127929438208
1284040143758716928
1284041736529088513
1284049331276754944
1284050864101974016
1284054115610292225
1284055890857881600
1284056939920580610
1284059202097479681
1284059237228871680
1284059292233084931
1284064146598789120
1284064186587205632
1284064208280117249
1284064268539723776
1284064287887994880
1284071412165046273
1284073939887517696
1284077292717699075
1284091004757266432
1284094398544801792
1284096196823273472
1284099748488609792
1284099912561422340
1284103034176442368
1284105120087564289
1284117032812724229
1284131803725348864
1284131875296931840
1284152123685572609
1284152807004635136
1284158686940651521
1284160770146615296
1284161298226282498
1284334379175567360
1284414175716884481
1284425510232064000
1284435726067621888
1287030366167896064
