id
1282477182275600384
1282481514341519360
1282482703615418373
1282482948797640704
1282490223360761857
1282491054717980672
1282492151998361601
1282494053624537088
1282495102330568705
1282498540342661120
1282498632168554497
1282499076416839681
1282501612662136832
1282503099483971584
1282505710568448000
1282507094088757254
1282507115488108544
1282507994417082368
1282508135328956416
1282508800197447682
1282508849853808641
1282508904337780737
1282509527338770432
1282509687309524993
1282510461150216192
1282511944612671489
1282513071991189504
1282513195001761792
1282513631918215170
1282514635359305728
1282515048674422785
1282515769415200768
1282517256807710720
1282518489341874177
1282518973733654535
1282520214173675520
1282521451371720704
1282521630334320641
1282521819237322752
1282521820416155651
1282521915303751680
1282521972010672128
1282522035059490816
1282523258043035648
1282523327194636293
1282524686358769665
1282526163521335296
1282526396284190720
1282527103968112640
1282527147454681088
1282528136035545088
1282528278062882817
1282528495999033349
1282528750039515136
1282528758021447680
1282528762454618112
1282530260559380481
1282530271678459904
1282530507838885888
1282530518345502720
1282530875071057921
1282532033445543936
1282532263880613889
1282532533096210432
1282533561501876225
1282534150755348482
1282534392968052736
1282535812148727809
1282536369248538625
1282537295510298624
1282537623249014786
1282538024455114752
1282538102473371648
1282539353936474113
1282539591174705154
1282539899879448576
1282540063910293504
1282540214695522304
1282540415120314368
1282540491544780800
1282540557034827776
1282540692242182145
1282541157801537536
1282542902845947905
1282542955975176192
1282543474370203648
1282544590206238724
1282545950792183808
1282546487021297666
1282547065860448256
1282547155010416642
1282547163247996928
1282547743873880064
1282548119113052160
1282548406183854080
1282549040542932999
1282549231643799553
1282550617492189185
1282551777628311552
1282551907781718016
1282552078456381442
1282553636669673474
1282554196806365189
1282554262623358977
1282554721526403073
1282554943539302401
1282555352400056321
1282555809369473025
1282556340108288001
1282557441633210369
1282557529826844673
1282558379131416576
1282558434043469827
1282558676411117569
1282558981425119232
1282559966264520704
1282560339754663937
1282560359102963713
1282560474681241600
1282560640071106560
1282560671872245760
1282560995647463426
1282561235217612801
1282562234237906945
1282563045101715456
1282564028976357376
1282564333273255936
1282565064898142208
1282565508378877954
1282566254390161408
1282566382312280064
1282566918285561856
1282567376588816386
1282567485397405696
1282567592343814145
1282567694319931392
1282567733469605888
1282568175775703041
1282568691238891520
1282568968541073408
1282569319302365184
1282569488144101383
1282569499661733890
1282569685402136576
1282569724388204545
1282569764288655361
1282569976767897600
1282570056904278016
1282570469485563904
1282570492432482305
1282570506064007169
1282570516121808897
1282570658145165314
1282571344211701760
1282571542535315458
1282571773515423745
1282572306624045057
1282572345010384897
1282572626901102594
1282573428260663297
1282573440340221953
1282573479200452608
1282574004998602752
1282574024904564736
1282574224129839105
1282574267008385024
1282574416732229632
1282574438601375744
1282574443060039681
1282574875681423360
1282574995441369088
1282575926241325059
1282576261332602880
1282576275761029120
1282576276117524481
1282576300503216128
1282576535304708096
1282576948435116033
1282576973034749958
1282577285078560783
1282577330221670401
1282577434945052672
1282578256605011972
1282579215011811328
1282580992394276869
1282581290269601792
1282581302395285505
1282582640437063680
1282582725757562881
1282583871410696192
1282584095784988674
1282584197551415296
1282584266941952002
1282584362144260096
1282584524581289984
1282584660631904258
1282584786444234752
1282585117039288320
1282585186425729024
1282585584028889088
1282585669722832896
1282586200335736832
1282586475528257536
1282587575501254656
1282588994421702658
1282589207597178880
1282590016338681856
1282590020109385728
1282590663096197121
1282590866394148866
1282591156417724418
1282592712215064578
1282592954759012352
1282594661379354624
1282594697907585026
1282595036224348165
1282595152075165696
1282595304227901440
1282597831870607361
1282598204890996736
1282598212679786502
1282599508241575938
1282599806989295616
1282600103232954368
1282600264587829248
1282600272439603201
1282600290701598721
1282600300000317440
1282600498315456512
1282600777534644224
1282601215692431361
1282602383755718657
1282603140903104513
1282604459713892352
1282604830813335553
1282605064872292352
1282605370385428480
1282606252585959425
1282606549240700929
1282606710058815493
1282608004928397312
1282608254376226817
1282609228876664832
1282609651297607680
1282609705777606663
1282611156381609986
1282611571659661312
1282612447895932928
1282612870824382464
1282615261716271105
1282616089998852096
1282616986178994179
1282618125330993153
1282619289350991873
1282620842095120386
1282621718096343040
1282621783439372290
1282621843254292480
1282622256091299841
1282622810506985479
1282623470514233345
1282624695083266048
1282625213843173376
1282628428504670214
1282629632240410629
1282630818603515905
1282631041266614277
1282631739441987585
1282631891275808768
1282632698905767940
1282632705797046272
1282632793348902914
1282633139290910720
1282634022565208064
1282634448043827200
1282634477282357249
1282634654609289217
1282635834022223877
1282635882428694532
1282637439543042050
1282638404736503808
1282638806475145216
1282641527492104192
1282641708908515329
1282641752285798400
1282643089320886272
1282643391549804544
1282646026101252099
1282646175124987904
1282647873272926220
1282648998084411392
1282649428101263360
1282649626856706048
1282649941890838528
1282651099862900737
1282652863613685760
1282653087203618816
1282654279757467649
1282654424603561984
1282654534779600896
1282655332011880452
1282655371803254784
1282655380439396353
1282655598396366848
1282655655636037632
1282655753850032133
1282655998868549634
1282656692203778050
1282657634991042560
1282657653240389634
1282657700451500032
1282657905716523008
1282658307023368193
1282658790190399492
1282659205237952513
1282659222270799873
1282661055290695681
1282661092896804864
1282661239106285573
1282661315463413760
1282661414453121024
1282661432790618114
1282661764132306945
1282662509200109570
1282663658003128321
1282664027433230336
1282664602338119681
1282664770928177152
1282664827547082752
1282665013421850624
1282665267122798592
1282665335968030720
1282665587898904576
1282665736595361792
1282665905780953089
1282665921992028160
1282665950492291077
1282665968167079937
1282666337995825152
1282666585375879168
1282666691634376704
1282666793685770242
1282666853354086405
1282666924564811776
1282667080957988865
1282667236142940161
1282667467509121024
1282667716352995330
1282667995735744512
1282668534691033095
1282668591062499328
1282668795882950656
1282668799330676738
1282668913000452097
1282668966071001091
1282669105837826048
1282669330090659843
1282670722406420480
1282671106139156483
1282671157397745664
1282671699184386053
1282671711100399616
1282671913026777088
1282671930349215744
1282671971906449410
1282672223178784768
1282672359221035009
1282672461243277313
1282672480822259714
1282672535683788800
1282672563454279682
1282672591304404993
1282672688662630402
1282672708837228544
1282672792551350272
1282672846997557248
1282673093605900289
1282673293007286273
1282675081685000196
1282675305883164672
1282675319074258944
1282676373597945857
1282676663390662657
1282677462011310080
1282677729540751360
1282678207460720641
1282678343637233664
1282678409361911809
1282678416559333376
1282678514156634113
1282678573803790341
1282678752737034240
1282678787155480577
1282678912141520896
1282679010497982464
1282679255525019648
1282679325813170176
1282679826680123397
1282679969550745601
1282680239777185794
1282680453187530752
1282680570233778177
1282681119163457537
1282681481077223429
1282681562945843200
1282681570160111616
1282681787211284481
1282681818001444869
1282682212844855297
1282682220700774400
1282682568295346176
1282682659693408256
1282682787774918657
1282683014728658944
1282683021380841472
1282683026653065218
1282683078729555968
1282683114221797376
1282683147004477442
1282683194899230721
1282683422582829057
1282683453528403968
1282683454069469184
1282683766691950592
1282683968672772096
1282684023290990597
1282684260218880001
1282684428645359617
1282684538192158721
1282684742731587584
1282684752445632520
1282684883131789313
1282684906129195009
1282685083359444992
1282685344450613250
1282685390038556675
1282685468295876609
1282685535153123328
1282685766284398593
1282685804314165249
1282685816624443392
1282686068723081217
1282686129905397760
1282686139338387456
1282686158162419712
1282686614209048576
1282686653299998725
1282686799211462656
1282686826558312448
1282687024235974657
1282687116644765696
1282687170348810243
1282687183850110977
1282687232927662080
1282687402033782789
1282687413416951809
1282687419054084096
1282687421411450882
1282687430659719168
1282687436892635137
1282687437454471168
1282687447696961537
1282687454634336256
1282687460221128706
1282687479955374081
1282687488897642496
1282687496736759814
1282687501891629057
1282687513602043905
1282687523223789570
1282687536247144449
1282687616236883973
1282687874274656259
1282687916192354304
1282688145499332608
1282688176989933568
1282688187110879233
1282688244023345152
1282688290483605504
1282688410730115080
1282688734543020033
1282688921109815298
1282688933265014784
1282688936134021122
1282689001057468416
1282689020829380609
1282689123313016833
1282689178417782784
1282689320843833344
1282689383775141889
1282689467925401602
1282689566294474752
1282689627174785024
1282689923099668482
1282689942322327554
1282690023423262726
1282690189874229248
1282690359890292739
1282690375291830272
1282690454337683462
1282690510776401920
1282690521178095617
1282692180084219906
1282692187679977473
1282692208915865600
1282692253836644359
1282692328898035714
1282692350209228802
1282692364243333120
1282692486880731137
1282692701322969088
1282692973990277120
1282693148611772417
1282693186050076673
1282693622022864898
1282693672635518976
1282694157488861185
1282694558053093381
1282694558480887809
1282694632346796032
1282694911876268032
1282694988204310529
1282695100309504000
1282695159558270977
1282695172837396490
1282695414404182016
1282695450462576641
1282695491256549377
1282696072171671553
1282696275272429570
1282696493611118594
1282696562007629824
1282697632834482176
1282697693337272322
1282698127598850049
1282698133655318528
1282698230950621186
1282698319454588930
1282698393110712321
1282698599835381760
1282698721331785729
1282698844141043714
1282698901955346432
1282699029395038214
1282699138304405507
1282699642828812294
1282699937281486849
1282700445907992576
1282700553064198144
1282700638057639942
1282700649864421376
1282700672605933569
1282700719665999872
1282700770366746624
1282700781385166848
1282700817850462208
1282700864512315392
1282700946200395776
1282700960670773248
1282700962675580928
1282701302120628224
1282702348234571777
1282702351564931073
1282702418212356097
1282702682851954688
1282703372433252357
1282703863741468672
1282703876622180352
1282704084206682112
1282704160807247874
1282704163021832192
1282704302599925760
1282704386926338048
1282704507504226305
1282704527334887424
1282704664123699205
1282704682486386688
1282704933389774848
1282705031154806785
1282705046140940289
1282705229134225408
1282705239288639489
1282705367827243008
1282705540515131393
1282705735650906112
1282706700546519041
1282706733203361792
1282707067241824257
1282707659171528714
1282707718323621889
1282708231928737792
1282708276161859584
1282708564352438272
1282708585097519110
1282708622175113216
1282708633583673346
1282708644727939072
1282708723190775808
1282708735098417153
1282708762868846592
1282708775586029572
1282708787929862146
1282708832590815236
1282708907245203457
1282708941730914305
1282709279825256454
1282709576391909382
1282709744826843136
1282709868932034560
1282710031620886532
1282710067209363457
1282710266191339522
1282710270419197960
1282710422663999489
1282710568936194048
1282710812574924800
1282710934180388864
1282710953436475392
1282711530463608834
1282711777164226561
1282712136955781125
1282712168350220288
1282712508650807298
1282712514103406593
1282712532323495936
1282712608089366531
1282712610966630400
1282713195409367052
1282713229630693377
1282713306420006913
1282713421159337985
1282713517309616141
1282714191858524162
1282714289476743168
1282714440614338561
1282715800953073666
1282715856527429632
1282715917948825606
1282715969173897216
1282716156885778432
1282716570092003329
1282716719522263040
1282716975727140864
1282717246058455045
1282717649022201857
1282718301119025153
1282718572226113537
1282718612164235265
1282718946970398720
1282720001389146112
1282720192686993408
1282720893622337536
1282721579026141184
1282721580909359105
1282721789471109121
1282721960162549766
1282722441194700800
1282722534916419585
1282722610770407424
1282722691917574144
1282722755687804928
1282722758640586753
1282722880367648770
1282723117459099650
1282723794516205568
1282723944303398912
1282724195382657025
1282724334763536385
1282725328557707264
1282726186884292610
1282726436428632064
1282726543794421760
1282726719351189510
1282726768072220672
1282727392813871111
1282727616026296320
1282728114351681538
1282729065368088576
1282729324269801473
1282729358822526976
1282729439118286848
1282730128141762560
1282730794092396545
1282731521170788352
1282732111141564416
1282732166116335617
1282732870709186560
1282733125546565633
1282733833092100096
1282734210113888256
1282734242565255169
1282734347817070594
1282734502402383874
1282734749971144704
1282735163328196608
1282736165871693825
1282736583687327745
1282736625772949504
1282736639501099010
1282736724058103809
1282737122802233346
1282737222442049537
1282737274455613441
1282737438708977670
1282737859162603520
1282739505724715008
1282740072786259968
1282740116050436096
1282740614056906752
1282740950003937280
1282742395474292736
1282742566069428224
1282742569349177345
1282742593646813185
1282744835099832321
1282746504214728710
1282747535098970112
1282747684562993153
1282747702787207168
1282747757485154305
1282748188827344896
1282748209006170113
1282749529708617729
1282749889475051520
1282750567123529728
1282751137557315584
1282752849089163264
1282752955112804354
1282755817968529409
1282755838407368704
1282755886373433344
1282755901980475392
1282759560642650113
1282761028892192769
1282761185280983040
1282761624009314304
1282762912893775872
1282762981860753408
1282763020670648320
1282767031427792896
1282769253402152960
1282772354884448256
1282773786194927616
1282789484543700992
1282793576548593665
1282795552577593344
1282795566821326848
1282799190565773312
1282808532706844672
1282809589080027136
1282821984452096000
1282823434049740800
1282828232665042947
1282839618044321792
1282840434033623041
1282842541306478592
1282848068698693633
1282851409843511296
1282853200119226369
1282855441131638784
1282855482793660417
1282856308111142912
1282857496059633666
1282857674061697024
1282857721583161350
1282857746832871424
1282857784787124225
1282860089582313472
1282860419049074689
1282861504807628801
1282861815349698561
1282862968024100866
1282867773211734016
1282870172034797568
1282876313251065858
1282876589751988224
1282879576390041601
1282881406746542081
1282881599890092032
1282881839787646977
1282882788199239683
1282885318618673152
1282885525204959232
1282885571258380288
1282885625931198465
1282886268150444033
1282887231951171584
1282889754002907136
1282892595262177281
1282892625037541382
1282893129893330944
1282898308545970178
1282899543252586496
1282899894043197441
1282901511224188928
1282901591951962114
1282903764609822721
1282910189960654849
1282912729452277763
1282914560555446273
1282919157604904960
1282922245480779776
1282922320399446018
1282922350384562177
1282922417271128064
1282923295298519044
1282930254705614850
1282930921067417600
1282933653710925825
1282933668428648448
1282933786355761152
1282933797588066305
1282933809273466880
1282933830651834368
1282933900482768896
1282933911488655360
1282933961488953344
1282934367984029696
1282934612910473221
1282934623966642177
1282934677095899137
1282934693868892160
1282934704727941120
1282934715423404032
1282934732888530945
1282934742791249921
1282936375394709504
1282937120001110016
1282941015830040577
1282941241110364160
1282941247896743938
1282941283250483201
1282941949482164224
1282945058723860480
1282948333435105282
1282953291433938944
1282953546032275462
1282953736709529600
1282958321834692609
1282968008709730304
1282968238045814785
1282968995428052992
1282969937930149889
1282970144038215680
1282971234104250368
1282975328193806336
1282978760719872006
1282979064081313794
1282980274872045569
1282982511782526976
1282982558100332544
1282984055215058946
1282992150980911104
1282999560248287232
1283017240816742400
1283018334087213057
1283018374788730880
1283018397928718338
1283028763098456064
1283028785529380864
1283032377057574912
1283032389141356544
1283032400315002880
1283032412482670598
1283035919818412037
1283037113827692555
1283041619827134465
1283051463921598465
1283052858464702475
1283053866246975489
1283053878171316224
1283054433199325193
1283057037648125952
1283057045067821059
1283061493169176576
1283070417725317120
1283089829161398274
1283089893107699714
1283090219504250882
1283095770053279745
1283095919315972096
1283095942892097537
1283095952295776256
1283097075165487105
1283097110166962176
1283097218543575040
1283097258615910406
1283097268703227904
1283097281181310976
1283097308112908289
1283097321069096961
1283097406679052289
1283100082997346305
1283100121421340672
1283101088065830913
1283101105241485313
1283101139798384640
1283212167253123072
1283215252914442240
1283224344076775429
1283226122595889152
1283226177813901315
1283230382280765440
1283230407803076608
1283230466779185153
1283232416178397184
1283238180573999104
1283252172809895936
1283267841647575040
1283271023861870593
1283298211357003776
1283328755776147456
1283329932597309440
1283361634988089344
1283365548181471235
1283438185326895104
1283459653037367297
1283619135780315136
1283773700341297153
1283780099989401605
1283956015315079171
1284036186051239937
1284316437012557824
1284341651465355266
1284403300549275650
1284425748330065920
1284854696755163136
1286528220041326592
1286561249824632832
