id
1280718376902422529
1280723936498466816
1280726992980066305
1280731539026800640
1280742046760747009
1280742893745958913
1280744197725675520
1280744265593708547
1280744682926927872
1280745500623269889
1280745527580098560
1280754062586068992
1280754400764366848
1280756274473218049
1280757681205112833
1280758206831169536
1280764188596428800
1280768424549871616
1280769955672158208
1280770639024910336
1280772911817650176
1280773133826310144
1280773346116812800
1280785009343967232
1280789856482848768
1280791760445165568
1280792290080907264
1280793847270748160
1280798672133844992
1280800661873938432
1280802064990220289
1280802819298099200
1280802842224156672
1280802880484552711
1280813017806983168
1280815861549330432
1280816443869650944
1280825478069096448
1280827260577042435
1280828837073285121
1280839464663707649
1280839861235154945
1280845327294033920
1280846671572656130
1280848728111243266
1280849321022197760
1280850308604686337
1280852623659356160
1280853321318666240
1280853624428433408
1280853764425957376
1280860358274461698
1280860797103529985
1280861115358957568
1280861350630002690
1280861446495064066
1280861727886696448
1280864674058129409
1280864881999306758
1280872533013618688
1280884374099988481
1280887399363403777
1280887909847973888
1280903820260728833
1280907874286223361
1280910089155534848
1280920836094914561
1280954813400977410
1280958189425442823
1280958396103929856
1280959068077613058
1281047382944133120
1281931057705570304
1282212529448480769
1282559246077325313
1282907909605609472
1283663151737630721
