id
1283574571732361216
1283589000112951296
1283605465889271808
1283606195580751872
1283608713278877697
1283608882779045894
1283610300747411457
1283610330061471744
1283612565591846914
1283613383019819010
1283619481328054272
1283620257861496833
1283625111933743104
1283626023519584257
1283630870230786049
1283631434322735104
1283631821603827713
1283632423129903109
1283636262889385985
1283636779166208000
1283643164230774784
1283643754553827329
1283643869981102080
1283644633214414849
1283644811916935168
1283646871534100480
1283647880297771008
1283648618046476293
1283650071150698497
1283655994757664768
1283659134315884544
1283661363110453249
1283662610894708737
1283666345251549184
1283668564864413698
1283670701971406853
1283676425405394945
1283676939153141761
1283678716506173440
1283680388536135680
1283684290358767618
1283687198802378752
1283688383173156864
1283689492528816128
1283696297451503621
1283696304527294464
1283697955346673664
1283706611228262401
1283710884859146241
1283715344650002433
1283721768046260226
1283723150316863488
1283725938706886658
1283727927394230273
1283730590064402432
1283734757189185539
1283745090205147136
1283745794160340993
1283746145236160512
1283746491815739399
1283761287961485314
1283776697838571524
1283777998760505344
1283782806322069508
1283785965786542081
1283790751642472449
1283791639463501825
1283799918176382976
1283800752549322752
1283811779668303873
1283812456725274625
1283816165135933440
1283824230014935041
1283824770455199745
1283841329613516800
1283846362837196802
1283861714019090432
1283883707766501376
1285508130520961024
