id
1280303014721413120
1280349906096422917
1280359304243974144
1280367489474375680
1280370516398714880
1280382819093450752
1280387443884036097
1280388142873276416
1280389907639234560
1280390790699610113
1280399669651070976
1280405019649404928
1280409765139476480
1280411677087809537
1280420092627398656
1280421402198200320
1280421601515732992
1280421776812503041
1280427923804049410
1280428687502925824
1280431639055568903
1280434282217869312
1280441675706318848
1280446377596563456
1280449208865062913
1280469115379912706
1280472547830624261
1280473012253323264
1280478322162495490
1280478594045587456
1280484358063665153
1280489953395273733
1280504989308379138
1280505012314148867
1280528705945612289
1280536467018833924
1280537692896292864
1280541729540562945
1280545268895793163
1280548750398828544
1280554333919051778
1280556870776713216
1280650454347718659
1280740494562205697
1280908313429827584
