id
1260732961302777857
1260733267394744320
1260734030019874821
1260737236573646848
1260738616856174592
1260738860050309122
1260742880005517312
1260747724825083904
1260748500658077696
1260750171245182976
1260750218934411265
1260751468249808897
1260751979128606721
1260754309139947521
1260755012310806528
1260755722557509632
1260757637274230784
1260757759689023492
1260760714190311428
1260763642091368449
1260764900927799296
1260765009824542720
1260768035335548934
1260768099659218945
1260768527541170176
1260768839635283969
1260769078186147841
1260769316422574080
1260770030481883137
1260770122974629888
1260770359411748867
1260771261078110209
1260772126342049792
1260772218356654080
1260772323604353024
1260772468404350978
1260772641608282113
1260773150838583297
1260773172720177153
1260773667903950848
1260773764763025410
1260773896761958400
1260774289055219712
1260774407120629760
1260774624784084992
1260775308975718402
1260775817568608259
1260776016345104387
1260776083596521477
1260776409309429760
1260776599579815944
1260777153139884033
1260778933340925952
1260779330700894209
1260780545383952386
1260780578980282368
1260780669916999681
1260780920035897349
1260781180187787270
1260781607125839872
1260781914354401280
1260782318647603201
1260782577629052929
1260782640522686465
1260783379504496647
1260783381408702465
1260783862017216514
1260784077193412610
1260784101264551938
1260784305275535362
1260784667042525186
1260785176797261825
1260785229318553602
1260787581664374785
1260788554432569347
1260788597763878913
1260788706643857409
1260789403015712768
1260789708533035008
1260789844147466240
1260789874543583234
1260789939572097024
1260790984385970176
1260791048231464961
1260791247469375488
1260793142787309569
1260793722045755392
1260793817571131392
1260793893680906240
1260794075302641664
1260794436117598208
1260794514333204481
1260794732516536320
1260794898476744704
1260795194317737984
1260795332771880960
1260795516008292352
1260795551462768645
1260795566411284480
1260796693257129984
1260796993535762433
1260797088092131329
1260797752834842625
1260798414473715712
1260799537607659521
1260802497741905926
1260802647587614721
1260803166016135168
1260803366428405760
1260803931006922752
1260804019221491712
1260804123080839168
1260804646404153345
1260804804407775232
1260804901916930048
1260805351567323137
1260805478973501441
1260805617666547712
1260806254764552192
1260807051900358656
1260807464695422977
1260807918946934784
1260808253107134464
1260808840196395008
1260809019591016449
1260809588959358977
1260809855440310272
1260811169217953793
1260811331952762880
1260811387573420032
1260811504573538304
1260811544209702912
1260811780684578818
1260811844744167424
1260811858140819456
1260811965447852034
1260812001137135623
1260812088395563008
1260812110524809216
1260812266238246913
1260812524250976257
1260813267577917440
1260813269813493764
1260814408747331587
1260814478477688832
1260814673189859328
1260814801132900353
1260814983522209793
1260815068104544256
1260815629348528130
1260815964297285632
1260816439763746819
1260817378130096128
1260818027722862593
1260818657942237184
1260819287817678848
1260819323133673472
1260819637815504897
1260819737333821441
1260820069556224000
1260820490861416448
1260820735641235456
1260820834249175042
1260821237535772672
1260821251125161984
1260821261929738240
1260822144637788160
1260823202483236864
1260823236310233089
1260824037376155648
1260825148321460225
1260825260556840960
1260825799994703873
1260826482374369281
1260827630133116928
1260827737230422016
1260828091959570435
1260828273069588480
1260829360665157632
1260830338185441281
1260830785197600773
1260830889103069184
1260831154036453379
1260831884881195008
1260832517738749953
1260832945981419521
1260833119822770178
1260833384600748038
1260833509960122368
1260834074165297152
1260834121066205184
1260834503397785600
1260834733279326211
1260835346008301568
1260836643595972608
1260837265112289280
1260837565319360512
1260837648832196609
1260837861244301312
1260838066068942850
1260838115003887616
1260838403202879488
1260838439588491265
1260838731075842050
1260839450646474752
1260839910308589568
1260840413184704512
1260840523276795904
1260840990874562561
1260841689217814528
1260841789977583617
1260841930230882305
1260842582889750533
1260842783973109760
1260843333716336642
1260843429208002562
1260843650889789441
1260844565306605570
1260844977283837953
1260845162328027137
1260845632752779264
1260846437845237760
1260846537006919681
1260847749945110530
1260847832447086594
1260848522959732736
1260849375510777858
1260849671280324609
1260850646934106112
1260853395721580545
1260853983213543424
1260854072006987777
1260854218811826180
1260855177759748096
1260855290146074625
1260855950799339522
1260856025688625153
1260856300725886977
1260857442595815424
1260857536854409216
1260857643817553921
1260858468845551616
1260858520074780675
1260858531554758656
1260859139028213766
1260859520219099137
1260859883903004672
1260860049531887616
1260860261843349504
1260860382186360832
1260860492379086848
1260861190475067394
1260862158843215872
1260862292867989505
1260862550511476737
1260862604907610112
1260862732254851073
1260863280286851072
1260863534675574787
1260863564476080129
1260863590875226112
1260863678133329920
1260864616747294720
1260864784968192001
1260864932599349248
1260864963196960768
1260865207947030529
1260866472898727938
1260866584417120258
1260867048680218628
1260867301659643904
1260867546783215617
1260868511791865856
1260868589633982464
1260869142434811906
1260869355555848192
1260869449961205760
1260870330978955265
1260871106745024514
1260871371921387520
1260871461998379008
1260872683912228865
1260873276756090880
1260874780246528000
1260874916166922245
1260874929232392195
1260875129971769345
1260875413095505920
1260876463584104450
1260876488787648518
1260876864937095169
1260876922763923456
1260877120806334465
1260877160459276288
1260877224116318210
1260878011215142912
1260878014407151616
1260878214861225991
1260878446118367232
1260878663332945920
1260879443809034240
1260879548247392256
1260880952491782149
1260881682439131136
1260881964854243329
1260882192697262082
1260882425883668480
1260882613499072516
1260882648840278016
1260882752880078848
1260883461428047878
1260883689262551041
1260883858548899841
1260884869070061570
1260884965799219202
1260885445187158016
1260886407708471297
1260886650365767681
1260887060056956928
1260887091304517633
1260887528061558784
1260887696744071169
1260887873945026563
1260888667767427073
1260888743449427968
1260889200473374725
1260889284078428161
1260889437602344960
1260889441444347904
1260890235807821825
1260890455002079233
1260891160089817090
1260891480392007682
1260891514319720448
1260891532816605185
1260891605923332097
1260891911465783296
1260892505681190919
1260892701194481664
1260892932095176704
1260894043229294594
1260895131617488897
1260896685263400960
1260896732012937217
1260897162579324930
1260898288829489154
1260899010933489666
1260900836475109377
1260901131091185665
1260901131305324544
1260901595572629504
1260901710551285761
1260902609369485313
1260902647088861185
1260903067009945600
1260903067584729098
1260904225254469632
1260904656747675648
1260905672151048194
1260905681856708609
1260907686951940104
1260907984571338753
1260908617286508545
1260909262911401984
1260909733151531009
1260910155434274817
1260910169845895169
1260910180256174081
1260910194575519744
1260910207632322560
1260910220915728386
1260910268156129280
1260910872316297217
1260910888367898624
1260910912501952513
1260910923151282176
1260910933607698434
1260910943942426625
1260910954340134914
1260911079036719104
1260911402413219841
1260911762632658947
1260912197879975936
1260912329681600512
1260912508027564033
1260912871522725888
1260912950484668416
1260913087999172609
1260913292890931200
1260914290510327808
1260914441337491458
1260915391624122368
1260915714434560002
1260916116693508096
1260916540750229505
1260917240435625985
1260917326288785409
1260917328528543745
1260917858445357056
1260918222733414401
1260918262931603457
1260918571019890689
1260920395080724480
1260921496106500096
1260921704961814529
1260922539859197953
1260923608462790660
1260924837783977986
1260925331961270272
1260925520973197312
1260925687252185094
1260925731288145921
1260925891950989312
1260926080749195264
1260926156406001664
1260926489408634880
1260927431101214723
1260927655215460352
1260927859603849217
1260929396619145220
1260929915303559175
1260930040646131714
1260930162276790280
1260930722853838850
1260931048797396995
1260931095710728200
1260931181500981248
1260931959053672452
1260932449304887298
1260932675570819073
1260932749268926464
1260932947546238979
1260932982325440512
1260933141943865351
1260933206812930057
1260933636154462209
1260933691896815619
1260933828144582656
1260934050698551299
1260934107048996864
1260934321247903753
1260934337261785096
1260934387526283269
1260934804368838656
1260935097361915906
1260935930329747462
1260935998118084609
1260936969535647746
1260937238696783873
1260938158084104196
1260938626927439872
1260939816134377472
1260940051770494982
1260940074474143744
1260940116211580930
1260941430169546754
1260941682171838465
1260941887394811910
1260942293281824768
1260942416124604416
1260942487964782593
1260942623637979139
1260942793402351616
1260942898213707776
1260943297448640517
1260943700705697792
1260943745186271234
1260944164612485121
1260944397828452354
1260944786179186688
1260945823816286212
1260945914715205632
1260946209830629379
1260946407415877632
1260946559534915584
1260947913368145921
1260949712326332419
1260949847630204928
1260949894086316032
1260950043470823424
1260950411394990080
1260950654153039874
1260950749804019713
1260950973335212032
1260950997460848640
1260951026066010112
1260951496470007808
1260952068040175616
1260952173057388546
1260952407447609345
1260952480038281217
1260952641355558918
1260952702319763456
1260952859358576640
1260953730398203906
1260955075591143430
1260956203267440640
1260956697037701122
1260956888830603266
1260957905978896385
1260957923657711616
1260958076527448064
1260958425623613440
1260959589434097666
1260960271809445888
1260960785506766848
1260960863873232896
1260961188000612352
1260961436873834496
1260961570991022081
1260961977406349312
1260962401220001793
1260962549660606464
1260962642140807174
1260963472126308355
1260963482825945092
1260963665102041090
1260963728041934855
1260964275302121476
1260965433890557953
1260965465901330432
1260965558666887168
1260965732491210752
1260967113360936960
1260967828112289794
1260967853441732609
1260968179708329990
1260969584347103232
1260969704514031623
1260969948085727232
1260970069430943744
1260970219163582464
1260971931546812417
1260972391993274374
1260972595844808704
1260972956332683264
1260973237581893632
1260973261078265863
1260975154999390208
1260975578670223360
1260976198844182528
1260977893443661825
1260978275175690241
1260978455090429953
1260978822612213762
1260979019736059912
1260979144801779719
1260980345479892992
1260981512767451138
1260982423631695874
1260983105512370176
1260984493063630849
1260984631970668547
1260984745179086851
1260984950318264321
1260986115084951562
1260987387468890114
1260988027410644992
1260989150267760641
1260989525368635393
1260989792776417283
1260990067998367744
1260990419485233156
1260991571865960448
1260992961766133760
1260993974719746048
1260996759402225665
1261000346169556992
1261000430970011648
1261005744528216065
1261005968470683651
1261006163203764225
1261008847700758528
1261012996727472128
1261016204233314308
1261017640094425088
1261018997480398848
1261024315518201856
1261028145940946946
1261028197790932992
1261038218281127939
1261040030295834625
1261062260304130048
1261070932359012352
1261071602302754817
1261080544323997700
1261081531310841857
1261084425187721216
1261085369858174977
1261085438527193088
1261093458845945858
1261096857201188864
1261097376384720896
1261110195482050560
1261110951421464576
1261112591562178561
1261117763835383808
1261121097992409095
1261136048454852609
1261137991478607874
1261138805437935617
1261142621507825664
1261153191292473344
1261156268929978370
1261160504107524096
1261160931582709761
1261163467827863552
1261170687827496960
1261178604127322113
1261181799625117696
1261185219387953157
1261188159372582912
1261190108310454272
1261194340858298369
1261198419382743041
1261206971807436800
1261210256870268931
1261218379135963137
1261228368256569344
1261234647226298369
1261245109040971777
1261276662823559169
1261291499888668672
1261295835175763968
1261311170889334784
1261311450871508993
1261433186803802113
1261436176352739328
1261544918599827458
1261723017236938758
1261735538241011712
1262276939068239875
1262426157057576960
1262534541236936705
1262950157345337344
1263251944178626561
1263434410944278528
1264094027483234308
