id
1262917033450074112
1262920333163745285
1262921939468709888
1262925172962664449
1262925250075021314
1262925479297847296
1262925551054004224
1262925917615251456
1262926215632924672
1262926354758033408
1262927241077354496
1262927838748917761
1262929032141631488
1262931234658775040
1262933415453618178
1262933927414489089
1262934264900771841
1262934336786927616
1262934965429260288
1262936279303380992
1262936725027987459
1262937796324413440
1262939790992904193
1262940260306059264
1262940297140539393
1262941229882302464
1262941248773484545
1262942451314155520
1262942876419252224
1262943432328114176
1262943894200860673
1262944112459886596
1262944796966113283
1262944952104992775
1262946527120687105
1262946713297391617
1262949484876705794
1262950165729730572
1262950288253759495
1262950321141231619
1262951116788113408
1262953287566925825
1262953342143205376
1262953758666997763
1262953897003560960
1262953912501514240
1262954384222294016
1262954883155726337
1262955680622837760
1262955925868105734
1262956156273582080
1262956403247001600
1262956445152182279
1262957564305629185
1262958045862264832
1262958175956996097
1262958392630480902
1262958906080473095
1262959294586261504
1262959930832814082
1262959977871716352
1262961505676427265
1262961552967086082
1262961850494275586
1262964489126723584
1262964809273769985
1262965009568718848
1262965804712079361
1262966518158987264
1262967086445404163
1262967442097221633
1262967784876707843
1262968039709933568
1262968837542158339
1262969261905117184
1262970633203433473
1262971172209274880
1262971187333943298
1262971309933432833
1262973886699917313
1262974811367706624
1262975110345977861
1262975535166218243
1262975730272657408
1262975848686239744
1262975946560331777
1262976170707935232
1262979956763537408
1262980270539460608
1262980451800616960
1262980625860120576
1262980782089318403
1262981736654225409
1262983110938865666
1262983736779395073
1262983894556487683
1262985212650283009
1262986511663812608
1262986630891094016
1262987193154297862
1262987414525657088
1262988152706265088
1262988197002268678
1262988564616232960
1262988674347630593
1262988948390817793
1262989204176269312
1262990352102772736
1262990667677982722
1262991886257537029
1262993733341057024
1262993932184481793
1262994240453308417
1262994355645583364
1262995643930300416
1262996074584629248
1262996752157704192
1262997157616906240
1262997293109612551
1262997566569971713
1262998103751184390
1262998161074688006
1262998183816372224
1262998613921128448
1262999121608269824
1262999291666157568
1262999493403799552
1262999890411442177
1263000051887960064
1263000471553236992
1263001551544745984
1263001657417142272
1263001937433092101
1263002240060739585
1263002531824898048
1263003407398211586
1263003523916140544
1263004760673681408
1263005117516677120
1263005122826625026
1263005670833639424
1263005961683263488
1263006082667933697
1263006313627316224
1263006365124943873
1263006422259757057
1263006663386099712
1263007015875436545
1263007328447590400
1263008092477747202
1263008413102927872
1263008517050396672
1263008860891041794
1263008952561754112
1263009567140720640
1263009640519880704
1263010001603268608
1263010047015006208
1263010105882099712
1263010259515342849
1263010444190445568
1263010607109771266
1263010644195856385
1263010837956120577
1263010967064985600
1263010968948236292
1263011049915027457
1263011225916469249
1263011262528708610
1263011926541365248
1263013553142788096
1263014925766545409
1263015547886690307
1263015791772999680
1263015803793797126
1263016542637178880
1263017202120196096
1263017320550739968
1263017641653923840
1263018294161707009
1263018361597747202
1263018435807547393
1263019113158373378
1263019658086477824
1263019811241517056
1263020249198149632
1263020473455181824
1263020533811040257
1263021017519120384
1263022160328577024
1263022174132031488
1263022183388856321
1263022620271927301
1263022703696461831
1263023197277978624
1263024286245085185
1263025193821155328
1263025436348436480
1263025457877839872
1263026391425024001
1263026550397480961
1263026944318279680
1263026995375398913
1263027311823269889
1263027450235121664
1263028220632408065
1263028275036618753
1263028484256854016
1263028685499584513
1263029080380682242
1263029419557261312
1263030374411538432
1263031232910114819
1263031674251513857
1263032090922115077
1263032098123702272
1263032204046680064
1263032206613606400
1263032213261578241
1263032429314314240
1263033015451521024
1263033376509800448
1263033662364217344
1263034371449040896
1263034775868039169
1263035559682818049
1263035826935492609
1263036531033255936
1263037115606036481
1263037572801900544
1263037652539973633
1263037807443861505
1263037934023749633
1263038027640659968
1263038049572667393
1263038108003491840
1263038979718279169
1263039144915165184
1263039351220342784
1263039701256040453
1263040247136280576
1263040481086275586
1263040505887158274
1263041517217710081
1263041962959007744
1263042289942753282
1263042745578512385
1263044090888728576
1263044273353588737
1263045107831369728
1263045595159121920
1263045721609007105
1263045767515664389
1263046953539117060
1263048032909656064
1263048168976994305
1263048220118102016
1263048678933061637
1263049545438527488
1263049602871279616
1263050363768373250
1263051211831296000
1263051403255099392
1263051468338106368
1263051665415868416
1263052598807982083
1263053190913638400
1263053309113327619
1263053556300431361
1263053740531015682
1263055173297020928
1263056842982191104
1263057229629894657
1263057585554501632
1263057699756859392
1263060027058749440
1263060200463798279
1263061048703291392
1263061119637348353
1263061247110443010
1263061252504539138
1263061256769945605
1263061572009644034
1263062698805190657
1263062823774478340
1263063400575143936
1263063755514015749
1263063767421718528
1263063842877321216
1263063921599975424
1263064018777968640
1263064291688583168
1263064326950326272
1263064356926795776
1263064374903619585
1263065347994730496
1263065381649780741
1263065872148516864
1263066061013872640
1263066269093261312
1263067016174473216
1263067036386594816
1263067058759036929
1263067086445850625
1263067152149614592
1263067214149754880
1263067249310486529
1263067401802809344
1263067535232155650
1263067624654532609
1263068787684765697
1263069139540652033
1263069273242517504
1263070018184441856
1263070448922714113
1263070678154010626
1263070712392151040
1263072016816463872
1263072394689703936
1263072750295347200
1263073124796399617
1263073276818907137
1263073701433503745
1263074248941240330
1263074286895423494
1263074738429030400
1263075101064327168
1263075312146894848
1263075854126428160
1263075885151744000
1263076310697406464
1263076688725860352
1263076729616125953
1263076759215329280
1263077179656552448
1263077458066247680
1263077674253037569
1263078178580385792
1263078691099181058
1263078812817821696
1263079333532499968
1263079431620268032
1263082031983898624
1263082566531366912
1263082679504953344
1263083035341328384
1263083048301625345
1263083059395641344
1263083080782315522
1263083323733291011
1263083538171248641
1263083559801294850
1263083597088591874
1263083598791483392
1263084236908621824
1263084498738188288
1263084558787977216
1263084644188262400
1263084918793330688
1263085711961530371
1263086556916510721
1263087224532242432
1263087543999795205
1263087863270424578
1263087972343099392
1263088204493852672
1263088606861647873
1263088794326073350
1263089351321214978
1263089641948942336
1263089865605869568
1263090442435883008
1263090796154273792
1263091057161633792
1263091116108181505
1263091399538274305
1263091661434875904
1263091917333524481
1263094294413479936
1263094512873693189
1263094539780120578
1263094545052512257
1263095734976409601
1263095784641306626
1263095878509662208
1263096157305139200
1263096190771421185
1263098620498243588
1263098885334949892
1263100076802465793
1263100077695852545
1263100514792665090
1263101647602892801
1263104287858556930
1263104334100721667
1263104457715281931
1263104620999532545
1263106169171701762
1263106298343645187
1263106333806432259
1263106444376723456
1263106618469658632
1263106841002696704
1263107203520532480
1263107716970512386
1263108518099337217
1263109611399327744
1263110517431791617
1263111375653498880
1263111437058105350
1263111496470597632
1263111549255929856
1263112056875610113
1263113803455057921
1263114025233117185
1263114260818694144
1263115381155098624
1263115451544088576
1263117194671484928
1263117283846549504
1263117294575792129
1263117560750329856
1263117628387680257
1263117718267535361
1263118200041992194
1263118532071440385
1263118817116463105
1263119763590352898
1263119829017538561
1263120930605338625
1263121276282916865
1263122301442121731
1263122848878432259
1263123716407349248
1263124828581699585
1263125470242959360
1263126541724119041
1263126645948338177
1263127130814083073
1263127257482031104
1263127265912647685
1263127321076101120
1263128148679421952
1263129361676296193
1263129515342983179
1263130298977366018
1263130708035264515
1263130709750775814
1263131225016815617
1263133369484935169
1263134108219133956
1263135340165885952
1263135936629465088
1263135984985632768
1263136217899524096
1263136316880904192
1263136680845799425
1263137366992019457
1263139458800467968
1263139648156516352
1263139708420255744
1263140580894203906
1263141248728051713
1263142034551894016
1263142490695057408
1263142703426007040
1263143296563437568
1263144722194771969
1263146701763702789
1263147008790917120
1263147662108291072
1263147724330774528
1263147802202214405
1263148373860708353
1263148395444572161
1263148973126119424
1263151461766017024
1263151860900220928
1263153451493552128
1263153584905936897
1263153884677038080
1263155015721512960
1263155174169735168
1263155221473132544
1263156438496497665
1263157570325245952
1263158453033267200
1263159041619968001
1263159283052658689
1263159417177948162
1263159691661791233
1263160221188292608
1263160678027653121
1263162302045569027
1263162381162754048
1263162393208782848
1263166164496076800
1263167458841522177
1263167886970871809
1263169003628843008
1263169413915631618
1263170449401413633
1263171062268932096
1263171675337551872
1263173746392621056
1263173771847888901
1263173782283288576
1263174133938085890
1263174534514933761
1263179893656875008
1263180165099618305
1263181834218639360
1263184934354718720
1263187613315465217
1263188369565253632
1263197097224024066
1263238713531924480
1263243261595971584
1263246181120897024
1263247154212044801
1263250788777963521
1263251983806238720
1263252611484061696
1263264412745383936
1263264873871478785
1263265058580094976
1263265767337926657
1263275766181031936
1263276809556197376
1263276821015076865
1263277054033870849
1263278780417601537
1263294007871827969
1263294505555460096
1263296694067908609
1263296831640883200
1263298035276111873
1263302249322647553
1263303089022476289
1263303902717501442
1263305516048146439
1263307231690440705
1263310631496753158
1263311081377841153
1263313045540835328
1263313295215194112
1263314381632229378
1263315785793114112
1263320947081097216
1263323039757811712
1263323558572208130
1263325142664478725
1263325309165854721
1263325678998630402
1263329816583065600
1263341785352302593
1263341934614994945
1263343762169753600
1263343917090701312
1263344822728814592
1263345644783022080
1263354488028573696
1263355004431339521
1263408640217591809
1263409517099802624
1263412491155050498
1263417124229431297
1263417151416946690
1263426390155759616
1263428345531949059
1263433699162558464
1263433713691627520
1263433913462132736
1263434017833209858
1263434234066280448
1263445294865235969
1263457116741746690
1263461911225606145
1263464548260028426
1263484994237816833
1263495111725379584
1263531378596929536
1263543831586316288
1263552345960525824
1263636593014947840
1263642237881085952
1263649590680510465
1263651500112228353
1263665205025951753
1263694793172869126
1263778894919983104
1263802553625526276
1263826865594052609
1263828506686787588
1263854655257432066
1263883708932579328
1263888312281989120
1263892659992555520
1263936116421464065
1263936144896675846
1263968838535667713
1264453155909103617
1264453411186991104
1265962783855632385
