id
1263283162223742976
1263283295925743617
1263283363739099138
1263283853470228480
1263283924635025408
1263284294757179396
1263287222146682886
1263287608534155267
1263287758400876544
1263288081689399296
1263289756927975425
1263290162211098624
1263290370097426432
1263291063952830464
1263291557014171654
1263292523985829889
1263292978765807617
1263292981068480512
1263297029704474626
1263297109119270912
1263298072425029632
1263298117857771520
1263298589595299840
1263299387314319360
1263299720899772418
1263299962500050946
1263301584051568641
1263301847651020801
1263303250217820160
1263303289199681536
1263304940685942785
1263305957003505665
1263307094347808769
1263307480555311111
1263310887282069506
1263311389499637762
1263312054909308928
1263312281338736640
1263312407331364864
1263313243587727360
1263313496202022913
1263313731242655749
1263314400074559489
1263314463807008768
1263314613665361920
1263314710910373889
1263314978003488768
1263315543945142272
1263316837288210433
1263317286657482752
1263318530901991425
1263320324432691200
1263320696370782208
1263322571212156928
1263322763000856576
1263323213334970370
1263326018661683200
1263326392831242240
1263326558015508480
1263328203247988736
1263328512812781568
1263328518143750144
1263329614018908160
1263330027019460608
1263330209924657152
1263330452347076609
1263331957435273216
1263333213411274753
1263335228250058753
1263335711316627457
1263335883740114944
1263336424994045952
1263337007142428672
1263338492160962560
1263338763293319173
1263339028918591494
1263339352291020800
1263340502100803584
1263340650277339137
1263341331251789826
1263341527427960832
1263341739445796864
1263341761193062403
1263342010037088256
1263342142316883968
1263342197530718209
1263343556120346624
1263344041971736576
1263344432893399040
1263345705164439552
1263346281163837446
1263346474152124416
1263346591412387842
1263347282285596672
1263347838442000385
1263348069099339776
1263348368111108096
1263348541201829888
1263348880130768897
1263349386311950336
1263349599353200640
1263351193494937605
1263351763714936835
1263352327483928577
1263352599324930048
1263352870243651584
1263353548458176512
1263353749663363072
1263354182779756546
1263354244020789248
1263354998299246592
1263355182982840320
1263355388029800448
1263355611594592256
1263355652082188288
1263355987223691265
1263356030295121921
1263356134145945600
1263356579283267586
1263357354063433728
1263357771216384001
1263357833912844288
1263358033305853958
1263360356430180352
1263360455998877696
1263360464676810753
1263360790423236608
1263361298655399939
1263361464716255232
1263365249425530881
1263365410436464642
1263365474517016576
1263365915141271552
1263367169015820291
1263371262476333056
1263371471197335553
1263371713795944448
1263372165161730050
1263372256639500288
1263372688476626944
1263373059118919680
1263373224017973248
1263373609323556865
1263374220370874370
1263374888032538624
1263375028550156290
1263375179838681089
1263377977380831232
1263378019025969152
1263378665456324609
1263378692358602752
1263378708410150912
1263378891877408768
1263378978317860864
1263379366215442434
1263380101749563398
1263380343878451201
1263380455635603458
1263380850344751104
1263380936336396299
1263381139831402499
1263381423869714439
1263381514013663232
1263381994890616832
1263382586811793409
1263382962252312580
1263383244088545280
1263383382207033347
1263383605465608192
1263383941530005506
1263384025915219970
1263384040314470400
1263384432511053824
1263385312291467266
1263385408424968192
1263385695340519425
1263385907249377280
1263386104843005953
1263386649657872385
1263386972367712256
1263387283262107648
1263388692896333826
1263389155247054848
1263389331781083136
1263389793259380739
1263389826771902464
1263390284290772992
1263390377777618946
1263390433628962817
1263391120798646272
1263392189222023169
1263392231521579008
1263392321623617536
1263392486065487872
1263392584920993794
1263392652101210112
1263392863221682176
1263394072410025985
1263394309081980928
1263394381618229248
1263395441288216576
1263395893027340288
1263396421987778562
1263396556566261760
1263396736980008960
1263397706224959490
1263397724222717952
1263399395552161794
1263399683126263810
1263400139940524034
1263400640996204548
1263401152499970049
1263401959463071747
1263401967453458435
1263401994745597952
1263402478407581697
1263403297936797696
1263403299694206977
1263403891053510656
1263404073249910785
1263404169907453953
1263404811635978240
1263404959522942977
1263404998928461826
1263405569613971457
1263405925420990464
1263406108753854465
1263406222922772480
1263406531359338496
1263406764143214592
1263408199438266368
1263408804437221376
1263408850662641669
1263409204137562112
1263409684519759872
1263410017853558784
1263410191506137088
1263412858596945920
1263412950527696896
1263414400561500161
1263415126935273473
1263415573993537536
1263415733372977152
1263416637283160066
1263416967622348800
1263417407999102976
1263417841010634752
1263417906919964672
1263418408676102145
1263418589521960960
1263418875481186305
1263418901800513537
1263419204067160066
1263419230663278593
1263420604494966787
1263420676527935489
1263420748359561216
1263421826249572353
1263428795811295232
1263428985951850501
1263429355931267072
1263429652967649283
1263429925031145472
1263433290888830976
1263433629499154432
1263434106567684096
1263434621716439041
1263435816367321088
1263435867600728064
1263435989126504449
1263436245025210369
1263436376156102658
1263436481013575680
1263436628036476928
1263437411524083715
1263438186836946944
1263438196609650688
1263438209091919875
1263438293598736384
1263438310610886656
1263438311428767745
1263438510880624653
1263438790707695616
1263438803848450048
1263438836677238795
1263438845455917056
1263438854708576257
1263439098242494464
1263440539459846144
1263440837410615298
1263440843517464576
1263440861515231233
1263440874513379330
1263440937801224192
1263440977777225728
1263441303771197443
1263443305808961538
1263443658566590464
1263443864867598338
1263444430435966983
1263444575965917188
1263444958784049153
1263445185121247233
1263445413501308929
1263445595114614787
1263445808117977090
1263445962766213120
1263446158644404226
1263446313963679744
1263447729226887168
1263449849082466306
1263451727082053635
1263451735470686209
1263451785810722816
1263452271586742274
1263452645752070149
1263452744872005633
1263452775565819904
1263452987512496130
1263453073969643520
1263453402094202881
1263454453132218371
1263454603397365763
1263454998983258112
1263455211755995136
1263455779064954883
1263455935915331592
1263456604436836359
1263456693813497857
1263457029508612096
1263457047581880320
1263457082587721728
1263458868446674945
1263462358313140224
1263462458913484800
1263463983442391040
1263464704397070337
1263464810374725633
1263465431865720832
1263465751446339584
1263466300346478592
1263466458178355200
1263466986933125120
1263467532650008582
1263467629873975297
1263468058875748354
1263468592001146881
1263469938091732993
1263470001400446976
1263471471369871363
1263473457888669700
1263473877461733378
1263474608499568642
1263475986835951623
1263476654740996096
1263476704632242176
1263476845854560256
1263477913426460673
1263479381848207360
1263479435748990977
1263480244511690763
1263480530571493377
1263483413110984704
1263484390501302272
1263485198076968960
1263487097832431617
1263488227459117057
1263488399320608768
1263489215213580289
1263489426618896385
1263490939944722432
1263491301946716162
1263491348482514945
1263491976621690880
1263493260518940674
1263494776193601537
1263495054133391360
1263498053106823168
1263498703463038976
1263498752595095553
1263500173780516864
1263500509173870594
1263500613683343362
1263500625330896897
1263500923902386178
1263502843719245824
1263502850115723270
1263504389026615297
1263505174871461888
1263506166400729089
1263506263565955072
1263507234350346242
1263507881443258369
1263508696178421760
1263508754915418112
1263511007659307008
1263512059049684993
1263517110929698818
1263517232249753601
1263518518298853382
1263518811551961088
1263518921929502720
1263519031895584768
1263519206181441536
1263520346751135744
1263520579543580674
1263520693263626240
1263520731905875969
1263520989314314242
1263521587828908033
1263523418340655104
1263523441107513347
1263523937729884163
1263524495840575488
1263524714984677376
1263525249712185345
1263525445519044609
1263526423429435392
1263526665487032322
1263527366338338816
1263527439793184768
1263527449901449216
1263527977150812162
1263528156339695617
1263529229599170560
1263529318598262784
1263529348818251776
1263529416937758720
1263529705241600000
1263530895266451461
1263532535989981184
1263532852395667456
1263533566597763072
1263533917836996608
1263539802386792448
1263540222324813824
1263545022693048320
1263550870513307649
1263551033210335232
1263556565849776130
1263562306119753728
1263564949122662403
1263568331770081281
1263575833857400835
1263581424109580290
1263607401061642240
1263612530078789632
1263619566493749250
1263622102428467201
1263626219611799557
1263638294795104256
1263640466332848129
1263644626382024704
1263645398410964997
1263649612562182144
1263649914145239040
1263649951411654658
1263653273954705408
1263655578385043459
1263658742085611520
1263661547085131777
1263666725737750529
1263671285927874560
1263676363011022852
1263682020779188229
1263685977895251974
1263686967365001218
1263691179608223744
1263691635050737664
1263692494413463555
1263693880442191874
1263704574851837958
1263708117969371137
1263711467066417153
1263713720896716801
1263714211705819136
1263719750934204416
1263720896709132288
1263721006318804994
1263721042918248450
1263733681534889984
1263736952408457226
1263739841872683008
1263741955659362304
1263742783241637888
1263763995292504065
1263765274089709570
1263766051155857410
1263785529054724096
1263791640168165377
1263793137832648710
1263794605767585793
1263809678401667073
1263826499527774208
1263832714865602560
1263837440520806402
1263852658349178881
1263856999151747073
1264001235058716673
1264034778484838402
1264068709582135296
1264097029413720064
1264189098476089345
1264238442004635648
1264410799159664642
1264605466560098309
1264731776800264192
1264769667668807681
1265187261248765952
1265187840582877186
1265842135317823488
1265901547717709826
