id
1258554429625610240
1258568491944181762
1258569035874275328
1258569071152336896
1258577020297990144
1258578113199390722
1258578804647362568
1258579427429978113
1258581905970098176
1258582194458554369
1258582279934185472
1258585059457564673
1258586011363348480
1258586771773812736
1258586904770965505
1258588456613081088
1258589381469888512
1258590602494644224
1258590679472562176
1258590945244823553
1258591676550897665
1258591788190892032
1258592187589132288
1258592263367618560
1258592584248594432
1258592750582198273
1258592895394856960
1258593187993513991
1258594924402028547
1258595949347082240
1258596315539353601
1258596468232826882
1258597824297492481
1258597951535869952
1258598663225401345
1258601326914617344
1258601713247739904
1258601795527405568
1258605009140244480
1258605041050505217
1258605812273999872
1258607953805864962
1258610259360272384
1258610673694593024
1258610797074280448
1258611244472373248
1258612085090447361
1258612664684515328
1258613199126986752
1258613766649864193
1258614313809371136
1258614695826567169
1258615005039206401
1258615619072581633
1258617790237310976
1258619335632916480
1258620203241320449
1258620586713997317
1258620812803731458
1258621974676295681
1258626450459987976
1258626884100935681
1258627750190960640
1258629066027970562
1258630237484507137
1258630384000004096
1258630703819796480
1258630966664237056
1258631658753765377
1258632081443131393
1258632535644483585
1258633088944439297
1258634402449494016
1258634738916454400
1258635430108426240
1258636445352329219
1258636907589689344
1258638029691838465
1258638853407076353
1258639005286977537
1258641510540574722
1258641553934872578
1258642511645433856
1258643029428076544
1258643175213678592
1258643549551124481
1258643710163574786
1258643765281071104
1258643803956633600
1258643836525404160
1258644012908437505
1258644016054198272
1258644216378388480
1258644338206097409
1258645517677899776
1258646269406244865
1258646371487211526
1258646887910879233
1258647474140479488
1258648766338396160
1258648981976088576
1258649160384868352
1258649185835868160
1258649313636495360
1258649684446330881
1258650283107745793
1258650317404557312
1258650450548514817
1258650473675907072
1258651454958526466
1258651681069215744
1258652133236207619
1258652156011438080
1258652474069655552
1258653004867137539
1258654433283436545
1258654588695015424
1258654814948388864
1258655342583599107
1258655358605656064
1258655451396231169
1258655746629091330
1258655811443687424
1258655869954166786
1258656285915926533
1258656324860035072
1258656621946982400
1258656640036818944
1258656944581042178
1258657802400043008
1258658481013493761
1258659367957655552
1258659497532416003
1258659716927901697
1258659772204646400
1258660625770622976
1258660785284198400
1258660850610483200
1258661274084208640
1258661428120047616
1258661545611059201
1258663906546814979
1258664017926606848
1258664271317106689
1258665711146119168
1258665989245304833
1258666101585530880
1258667200770043904
1258667259439886336
1258667759476412418
1258668155775315971
1258668207184859137
1258668459178762242
1258668775928446978
1258669085287518208
1258669198064025600
1258669693755199488
1258669762478895104
1258670274729218049
1258671159064825856
1258671172230582273
1258671250374897665
1258671879281414144
1258672177156698113
1258672609316663296
1258672618955309056
1258672724597080065
1258673198847029249
1258673400743989253
1258673458478592007
1258674232025890816
1258674373159907328
1258675537532223488
1258676056908677120
1258676502134247425
1258676804602048512
1258676852421308417
1258677481088995330
1258677539809067008
1258677835423719425
1258677884559831043
1258678151174971393
1258678684547813378
1258678964463099905
1258679777868877824
1258680766168326144
1258681319711637504
1258681849850638337
1258682235214950402
1258682463603142657
1258682783922184192
1258682806512652294
1258683084960141312
1258683719256117248
1258683738080161792
1258683890241159170
1258684592032116736
1258684605768634368
1258684961554485248
1258685254778437633
1258685466611642369
1258685604977467392
1258686071744786432
1258686212510007296
1258686437408403457
1258686601422680064
1258686615582470144
1258686807597707264
1258686877495726091
1258686939789586433
1258686942235037696
1258686950824833027
1258686964611428352
1258687005656887297
1258687366111379457
1258687446621061120
1258687493198606336
1258688470056386560
1258688891953000449
1258689712409042944
1258689729773502467
1258689784035176448
1258689863697612800
1258691220777259009
1258692609486159872
1258692630898110467
1258693162069045248
1258693329031557120
1258693755713937408
1258693807064772608
1258693977873608705
1258694744940691456
1258696786408955904
1258696853341659136
1258696939740073984
1258697032115425280
1258697262156242944
1258697279399055360
1258697318989062146
1258697970788077571
1258698523245023232
1258698658326904833
1258698691583414273
1258699197244747776
1258700689196253185
1258700891604959232
1258703053315641344
1258703249592381441
1258703683094605824
1258703718561824769
1258704222935150594
1258705802006691846
1258706630415273987
1258706937694355457
1258707515086262274
1258708378097823744
1258709208863854592
1258709628663152640
1258710114011246593
1258711736120569857
1258712779919224832
1258713056059637761
1258713261328875520
1258713945453367296
1258713951996489728
1258714566466437120
1258714623940804609
1258714668782231553
1258714668840833024
1258714715699556352
1258714777356062720
1258715478798684160
1258715493042499586
1258715957679329280
1258716706203025409
1258717060072259585
1258717149910056961
1258717251642908673
1258717997260140545
1258718371127967744
1258719956071415808
1258720112892207104
1258720489150615552
1258720631761154050
1258720713805983745
1258720806621724672
1258721530822840321
1258721832351354882
1258721908666687489
1258721915604209664
1258721937364140032
1258722668003471360
1258722993959653376
1258723090458185728
1258723329097138176
1258723880782360578
1258724064585113600
1258724247226118146
1258724639817134082
1258724978016608257
1258725630490734592
1258725639026171908
1258725922405933056
1258726051456233473
1258727383672057856
1258727559069491200
1258728528457031681
1258728813048901632
1258729021078044674
1258729176632197120
1258729242445205504
1258729276947533824
1258729283654234112
1258729402936033280
1258729706016235521
1258729752921169920
1258730992505741313
1258731054648528897
1258731407955726337
1258731545814163457
1258732090125889537
1258732357462495234
1258732683355721732
1258732777018540034
1258734649838235648
1258735489214902272
1258736238778933248
1258736291203571718
1258737031770804233
1258737407974764544
1258737842039083010
1258739337660788736
1258739356837150720
1258740194590654465
1258740266350940161
1258740917512531969
1258741837658906627
1258742162843291650
1258742405433442305
1258742475952320512
1258743295141801989
1258743457679540227
1258743473563262979
1258743522313687040
1258743971406401537
1258745815272697858
1258745868175343618
1258746105761681408
1258746148782628865
1258746480543674368
1258746944744091648
1258747179788668930
1258750956528795648
1258753927295582210
1258754120846127108
1258754194669887494
1258754793289347073
1258754842320949248
1258754979285745665
1258756687114076161
1258757004165709825
1258757162706198531
1258758003039391744
1258758066457079809
1258758648496394240
1258758843137437697
1258758881766813699
1258759033231572993
1258759213355917314
1258759305139904512
1258759569183928320
1258759938899394561
1258760033753391107
1258760495185776641
1258760766536028160
1258761184200650757
1258761371686187009
1258762307078778880
1258762326586675200
1258763125626671104
1258763530574147587
1258763746262073345
1258763789593382912
1258763868697956352
1258764153172291590
1258764490327261185
1258765132282368000
1258765619589255169
1258766478821785606
1258766500925788161
1258766603258408965
1258767044641730562
1258767212690751491
1258767505830494209
1258767704615317506
1258767802216955910
1258768357542768645
1258769201420029952
1258769408534573057
1258769509126565889
1258769669218897920
1258770173437173766
1258770566401724418
1258770613147037698
1258770716884791296
1258770835579392001
1258771049635696640
1258771313453383680
1258771539899478017
1258771780845502464
1258771819240345604
1258771904514551808
1258771964807667719
1258772005366771714
1258772102406123526
1258772279816622081
1258772475770368000
1258772750136721412
1258773272596033539
1258773476309164034
1258773889099980805
1258774144520294400
1258774156079923200
1258774740489117698
1258775639462535169
1258775866764521473
1258776773317124098
1258778840672829440
1258779753068331010
1258780008006508548
1258780492624781314
1258780751459282945
1258781014496735232
1258781041453486080
1258781691767697409
1258781873544847361
1258782121113513987
1258782310436085769
1258782704113340421
1258783126605594624
1258783444605132800
1258784019338199040
1258784021489651712
1258784415116857344
1258784714975965185
1258784785494937601
1258785072322248704
1258785189242658816
1258785298865106945
1258785440192135170
1258785575181705216
1258785819323781121
1258786065676038144
1258786111234519040
1258786272727924738
1258786839013384192
1258787007406338050
1258787104747737088
1258787242044088320
1258787399074746368
1258787466414297088
1258787863732252673
1258787968422227973
1258789054050492417
1258790227222630400
1258790806900654080
1258791411991937024
1258791808433221632
1258792207236173825
1258792216622796800
1258792513189613568
1258792707117461505
1258793325152342018
1258793334899793926
1258793435278053377
1258793585467486208
1258794290349654016
1258794395224076288
1258794956069707776
1258795164660883457
1258795194100543489
1258795504642723847
1258795510980321280
1258795652118532098
1258796165337735168
1258797409498357761
1258798310397222914
1258798395478638593
1258799654935752708
1258799787643506688
1258799787698081806
1258799829393670145
1258799957131309056
1258800075356209156
1258800142188232706
1258800148508864512
1258800463979347969
1258800785665728512
1258801319894151168
1258801717786800128
1258801820316532736
1258801883721818113
1258802048037879808
1258802451559247873
1258802587094171651
1258802755499671552
1258803258753077248
1258806108224778240
1258806235714875392
1258806288722452481
1258806352727740416
1258807265764585472
1258807267366854656
1258807952460394497
1258808476035198977
1258808696907366401
1258809222646476801
1258810861746937857
1258811871941050370
1258812105802887169
1258812781706358786
1258813157772079104
1258813175153266690
1258813223454814212
1258813704868466688
1258816126252756992
1258818852693200896
1258819645999468545
1258823414028152832
1258824580086579206
1258824602970550272
1258825050918010880
1258825336420089856
1258825733427748864
1258827364454199297
1258833412829450244
1258834354207260672
1258836165412524033
1258836431830749185
1258836630615572480
1258837051190857728
1258838888925274117
1258838973108989952
1258848037318819841
1258873070007304197
1258892283799384074
1258903605379203076
1258923026885689344
1258923518156103681
1258935232863993856
1258936550252937217
1258937741737259008
1258939915120902144
1258944820338241536
1258944828508790784
1258947176215932930
1258951127929729025
1258958748745371648
1258960316337020928
1258960630314201088
1258965039681286144
1258965666561798144
1258974986137714688
1258975943206420480
1258978876568621056
1258986019145125888
1258989762477723648
1258990909384986629
1258991954638991360
1259010094907318272
1259027437163212800
1259035315592814592
1259068751019782144
1259069213232119814
1259069608633331718
1259085760038232064
1259094673622290432
1259094939213889537
1259097819933216768
1259097832306458624
1259098336633724928
1259105593891028992
1259119358082572289
1259125040282394624
1259131307264602112
1259133801206251521
1259154243337871360
1259154304163704832
1259157361744318470
1259188197373837314
1259277628227432448
1259332737049092096
1259352533803253761
1259356755156336645
1259430334191431681
1259443618068090880
1259446949331132416
1259482997532708864
1259488190815014913
1259494046684393472
1259494076849758208
1259535299031388162
1259678226076467201
1259678453164470273
1260820097620312064
1260947455064956930
1263375778202312704
1266575538606333954
1274347467044057089
