id
1261451866493218818
1261458100432732160
1261458208041734144
1261459458728722434
1261459479033339906
1261459774446514176
1261459862631800832
1261460174641889281
1261460190995480576
1261463214748884992
1261463427597209601
1261464106965463040
1261464270753030145
1261464878910328832
1261466076086296576
1261466468564135937
1261466938296811527
1261467345056219136
1261467812075147264
1261468855634780160
1261469607111487489
1261470085543104512
1261472266572849152
1261472867079688192
1261473182420094976
1261473623501488131
1261474354635968512
1261475030799613953
1261475542512971776
1261476224590905345
1261476562760634369
1261476846022979584
1261476992572145665
1261478781400707075
1261478820160258049
1261479048556863488
1261480226137071616
1261480300736966657
1261480809174687746
1261481115329589248
1261481308292710401
1261481388311638018
1261481662048645121
1261482349994246145
1261482366566051842
1261482645994614789
1261482719285899268
1261482827498967041
1261483239954214912
1261483269318557697
1261483846060568576
1261484185417478145
1261485184324526080
1261487027071016960
1261487235188183040
1261488002985078785
1261488257704923136
1261488621883994112
1261489148965220352
1261489484245241856
1261490708436811777
1261491999888142336
1261492057849294848
1261492692837707776
1261492698806018048
1261493111345213441
1261493925040099329
1261494438703988736
1261495273219448842
1261495565692489730
1261497245632872448
1261497337999953926
1261497481365295106
1261497846081089536
1261498001496748033
1261498142383575040
1261498223916494848
1261498618252374016
1261500179380756480
1261501366670815232
1261501516273180672
1261503046384709633
1261503120888250371
1261503320738299904
1261504257607430144
1261504425220206592
1261505774989086720
1261506812492288001
1261506893689712641
1261507236758577154
1261507386251939841
1261508357141102594
1261508985745633281
1261509169598906373
1261509905673883649
1261511136106606592
1261512898012082176
1261514163332845568
1261514360146419712
1261514645967261696
1261516397504430080
1261516844059389957
1261516865060302848
1261518369238290433
1261518783799160832
1261519079069736961
1261519412739231744
1261519773315108864
1261519773684252676
1261521125030326272
1261524086615769088
1261524536735830017
1261525252384808967
1261525807983235073
1261527624632991749
1261529320700297216
1261529376111439872
1261530374397542400
1261531640163008512
1261531653303758848
1261531794437857280
1261532116270997504
1261532332495736837
1261533463091359744
1261533563947814913
1261533949395755013
1261534322785267712
1261534349658255362
1261534828169576449
1261535140594974720
1261535195317940224
1261536483745255424
1261536721314869248
1261537143014350849
1261537809497649152
1261538497535459328
1261538863878508545
1261539273490096128
1261539382667796481
1261539548695166979
1261539569595383809
1261539727221481473
1261539905785585664
1261540292534001666
1261540413426434049
1261540997353181184
1261541111681609728
1261541400144777222
1261541649911476226
1261542035225407488
1261542373667954688
1261542868751011840
1261543883575488512
1261544319900618757
1261544787796099072
1261546130795462658
1261546331459317762
1261546573424545793
1261547287790092293
1261547508917866498
1261547610608775168
1261548656190078977
1261548860708548614
1261548897907830790
1261548984608292864
1261549168629174273
1261549501061328896
1261551795286884354
1261553429723222022
1261554576345362436
1261555331450040321
1261556120272826368
1261556519981559810
1261556557344641026
1261556641159188480
1261556966196867075
1261557131997622273
1261557151194963968
1261557495966793728
1261557576153526272
1261557586916249606
1261558445561397250
1261558593611984896
1261558739850551301
1261560232922079233
1261560527727149056
1261561263605248000
1261561335654932482
1261564979871801345
1261565070871429120
1261565724738252801
1261566437732216832
1261567185417371649
1261567339088146434
1261567742223585280
1261567746082406405
1261568596532015104
1261568998296244224
1261569451008249861
1261570395972358145
1261571250490671104
1261571568888541185
1261574183886209024
1261575819467427841
1261576318270898176
1261578303732715520
1261578599062097925
1261579620177993728
1261579937309265920
1261580480354242560
1261580709120167936
1261581346469707776
1261581784455626752
1261581950407471104
1261581974667431941
1261582535785680898
1261582726672478208
1261583929754050560
1261584074315087873
1261584265432535041
1261585898036236288
1261585943582015488
1261586399192477696
1261586426866565122
1261587111041523713
1261587142431567873
1261587611556040704
1261587778686484480
1261587904398127104
1261587999822774272
1261588049160556544
1261588519430094848
1261588934888321025
1261589034805063682
1261589294193405952
1261589452750753793
1261589671915610113
1261589765247254528
1261590030713118723
1261590142814351361
1261590245168091136
1261590316831903745
1261590360645464064
1261590634760151041
1261591417773752320
1261591545624563712
1261592808927793152
1261593378048765957
1261593672988020737
1261593801346281477
1261594568627122176
1261595379256025088
1261596104686055425
1261597545979015170
1261599156201754624
1261599335726243840
1261600720035274752
1261601714429325312
1261601790203539457
1261601992935342080
1261602176654176259
1261602283722117120
1261602408490303488
1261602756583780352
1261603118296338434
1261604433407864832
1261605223916863488
1261605571641380866
1261605744169934848
1261606398095290374
1261607072673812481
1261608421490487296
1261608437869240320
1261608741427912707
1261608887230160896
1261609043757424641
1261609148170539009
1261609669526794240
1261609739823140866
1261609790159171584
1261609892697300993
1261609976050651136
1261610334390910982
1261610353508716544
1261610607809265664
1261611066817200128
1261611112534929413
1261611182462468096
1261611673372078081
1261611923335819264
1261611947956383744
1261612021713457153
1261612272180494338
1261613278905675776
1261614293843230720
1261614314974146561
1261615286014275587
1261616145821388800
1261618380676763649
1261618699372359682
1261618753789460480
1261619652809183237
1261619732819501057
1261620128552124416
1261620457117069312
1261620562624831488
1261620742342365189
1261621434385907713
1261621735662764036
1261622002810597378
1261623012714934272
1261623748710379521
1261623756729880577
1261624870401486849
1261625044901347333
1261626402803118081
1261626862494552064
1261626945466400769
1261627080464232448
1261627493305339904
1261627500670513152
1261627513928691712
1261627522346741761
1261627536133353473
1261627895539097610
1261629527345725440
1261630766162653184
1261631255826874369
1261632621152333826
1261633638820503553
1261633869767294978
1261634651589730306
1261634913465327618
1261634987134050304
1261636287997542400
1261637045501358080
1261637127290318848
1261637140024381441
1261637201689001985
1261638525407031297
1261638720513433602
1261639143135854592
1261639201457451010
1261639570841468928
1261639646121021440
1261639987151245312
1261640035712987136
1261640255402201088
1261640687285489664
1261641024465592321
1261642084806606854
1261642427686887424
1261642536424112129
1261643059038568448
1261643124712980481
1261643588103925767
1261643799727501317
1261644633555087362
1261644708155019264
1261645336474419206
1261646056686682112
1261646297955631105
1261646547726372865
1261646778895491072
1261647045237956608
1261647122975227905
1261648447452528640
1261649536235089920
1261650138323247110
1261650269236080640
1261650506771951617
1261650742689103872
1261651012282187777
1261651959397801989
1261652532306182146
1261653136885899275
1261653702420557825
1261653862076710912
1261653950467432450
1261654220614189056
1261654856151912453
1261656000307879936
1261656227534131201
1261656470418001927
1261657818794516480
1261658396949770242
1261658518974693377
1261659199727038465
1261659222678233088
1261659860631826432
1261660338044522496
1261660348832251906
1261660368591638530
1261661562600927233
1261661569563242496
1261661772194312196
1261662504544989184
1261662706332909568
1261663572704161793
1261663915186040832
1261663972404523008
1261664609078935552
1261664891401797632
1261665045873930241
1261665138064502786
1261665348622774272
1261666334586417152
1261666557744123906
1261667052311334914
1261667836889567232
1261668368819433472
1261669138629459968
1261669667254353920
1261669942388068357
1261670010193186817
1261670251751563266
1261671246208655363
1261671754763694080
1261671928332312579
1261672368453419008
1261673318727340032
1261674101455720454
1261675139328028673
1261675157371879424
1261675232277889024
1261675543004622851
1261675731332947969
1261675974191652869
1261676073483288576
1261677258504155147
1261678277430661120
1261678830030381056
1261679305018376196
1261680155241545728
1261680666413903874
1261682025196670979
1261682333767196675
1261683207516405762
1261686999058022403
1261687272178454528
1261687575267299332
1261687692275806208
1261687757614641153
1261687924824965121
1261688075542908929
1261688111681028096
1261688195508514816
1261688298461786112
1261688724573675523
1261688747671932928
1261688931269005313
1261688949497421825
1261689366616977411
1261689517322440705
1261689580501135361
1261690983550316549
1261691448073699328
1261691524779139073
1261691537076805632
1261691927063228416
1261692142335823878
1261692348708327426
1261692618934644738
1261692861940031488
1261692945989644290
1261693296029478913
1261693418113241089
1261693436324872194
1261693440145846272
1261693994557267973
1261694242927325185
1261694390310846466
1261694577544556546
1261694744318447617
1261694876363583488
1261695171051339777
1261695538711293953
1261695558135107584
1261695780873789442
1261696233518714883
1261696343170408449
1261696489090191360
1261696806347395074
1261696934542106624
1261697701839683588
1261697766096396290
1261698339550056448
1261698686700138496
1261699000840753155
1261699713604169730
1261700053082632192
1261700091376627712
1261700882262921216
1261701413572313088
1261701436573757440
1261701522481491968
1261701563153702912
1261702735407149057
1261702895604400128
1261704296799678464
1261704509459320832
1261705792333524995
1261706655722422273
1261706772659634179
1261708089566195712
1261709431978389506
1261710108788060160
1261710551974965249
1261710717570318336
1261713782046257152
1261714715790544896
1261715184990773248
1261716068160073728
1261717489085411328
1261718708478590976
1261719269949140992
1261719419647963141
1261721325271494656
1261723204663439361
1261725253774061569
1261725311177232384
1261726007469518848
1261726411871719424
1261726433023594502
1261726468930969600
1261726823223681026
1261728663936159747
1261728864490991629
1261731926387417088
1261733035751473153
1261737643899060224
1261737814355402753
1261738063694303233
1261741832989532163
1261744141999804416
1261751242172358659
1261753885049282560
1261755565207846914
1261757937992601602
1261769065397276672
1261783536106745856
1261808749724856320
1261809766646468608
1261817218028929026
1261818137533485056
1261819213058134017
1261821526300520448
1261822028031524866
1261823125194510339
1261826443039793152
1261838844606812160
1261839517297696768
1261844848576917504
1261847509359460352
1261847702268067840
1261848976409497600
1261849025575174144
1261849745502412800
1261851344417087491
1261851430089945088
1261852199245819904
1261852810754183173
1261854752649838595
1261857891411091456
1261861259181318145
1261862346135240704
1261862512951058433
1261862587014078466
1261863490681049089
1261864145936400388
1261864721570869248
1261867253051449344
1261870486973079553
1261872985876516865
1261877098831962113
1261877596838494208
1261885211702251521
1261887060152954882
1261890125056733185
1261890841465032705
1261892147806187521
1261892638761840640
1261892872640491521
1261893150366265344
1261893950580813824
1261894307683766272
1261894759125143555
1261894765936644097
1261896748475330562
1261897610576740353
1261897884938559488
1261900861481127938
1261902573310816258
1261902575739105286
1261903327920640001
1261908066812825600
1261911873311477760
1261913860522549249
1261918646604980224
1261919694371487746
1261922228825812992
1261922474167382016
1261926133328605185
1261938293165473792
1261938692974718976
1261939230927843328
1261941665847271424
1261942193918341120
1261950640407928832
1261952657343647744
1261960482824445958
1261962460187131904
1261963364432965632
1261969059081359360
1261969366188298240
1261971451097362432
1261976665703546880
1261978212524949505
1261991383663075329
1261992045251399681
1261992230203654144
1262007164047986688
1262009745826668544
1262014193072435203
1262016102277828612
1262020867967430656
1262021844288208897
1262023370658459651
1262025775655653378
1262025891984609282
1262034146303459329
1262102893273812992
1262182345664344070
1262239597125238785
1262312512017428482
1262358753006911488
1262360162804723712
1262360171939913728
1262360174397808641
1262360175995846661
1262360186271875072
1262360194299781120
1262361488951439360
1262365593296162817
1262375408000958468
1262585384791273472
1262594352771186688
1262624744349696000
1263434299598082055
1264995790570655744
1265480447384944641
1266369177301815302
