id
1282854246216425472
1282858442412048385
1282859750065987584
1282860381304569859
1282863835372609536
1282867697932308480
1282869175799574528
1282869510572134400
1282873626761428992
1282874868753674240
1282876728755367937
1282876869088407552
1282883099249057792
1282887255556681728
1282887978780463105
1282888850914729985
1282889253735686145
1282890197072400384
1282891370009485315
1282891503698759680
1282893748196659200
1282894758013136896
1282895615773429761
1282896027314319360
1282896465883394048
1282896697580908547
1282899106214473729
1282899369377673216
1282899573782884352
1282899769891844096
1282900357429948417
1282901680468746240
1282902376056147969
1282902521862696960
1282905505237594114
1282905789103923200
1282906181736886273
1282906411257589760
1282906721166524416
1282906969750171648
1282907519380189184
1282908543583055873
1282908730766450688
1282911320275169280
1282916088813023233
1282916137290719234
1282916177719615488
1282917470232211456
1282917820922130433
1282918497131958272
1282920123385303040
1282920544095154176
1282922262245502979
1282922316842721281
1282923633925480448
1282923943913897989
1282924805310820354
1282924821618155520
1282926057138483202
1282926212059295746
1282927453762183168
1282928193700114432
1282928194497024000
1282928214235508737
1282929487940730880
1282929653565415425
1282929923435327488
1282930170211385344
1282930562651439105
1282930688409219077
1282930939996155904
1282931485448605697
1282931623948779520
1282931648720322560
1282932193203904512
1282932297499467782
1282933073143791616
1282934150928822272
1282935673519927299
1282936557624717318
1282937199227318273
1282937246849482752
1282938456881221632
1282938884372877312
1282939022130593792
1282939253568073728
1282940021616414720
1282940748749369344
1282940977720602626
1282941473692856320
1282941752484286465
1282941770200907776
1282942643438149634
1282944088874991616
1282944802158333953
1282945797324251137
1282945954136469504
1282947510957256704
1282952398701355017
1282953595038527489
1282953668950585344
1282954446775783431
1282955688554098689
1282957007784488962
1282967335175770112
1282967917202534406
1282975142293827585
1282976293357641729
1282976765837623297
1282977329153626113
1282977793941225472
1282980304735465472
1282980464844771330
1282981341139628036
1282981538603233282
1282981651887185921
1282982253577023493
1282982339732107265
1282983106136256512
1282983184255209473
1282985430757937152
1282986591061815297
1282988541753143296
1282988901032882177
1282989848945520640
1282992115870339072
1282992197726593024
1282993755507904513
1282994641088856065
1282995151283970055
1282995387108782081
1282995476015415296
1282995595788144640
1282996767596765184
1282997437800476672
1282998461084901378
1282998717503598593
1283001973487185920
1283005800634445824
1283006482787659777
1283006605416525826
1283008501296427010
1283010667310546946
1283011165161811968
1283011383131385857
1283012257530564610
1283012835392450562
1283013064854515713
1283013265979609089
1283014357392035842
1283015892322979841
1283015927257333761
1283016127602257920
1283016430288465920
1283017151469678592
1283017905505013760
1283019467526672388
1283019559583338497
1283020349659967488
1283020459584425984
1283021643355262980
1283021723336470536
1283021943558385664
1283022035187150855
1283023780584075264
1283024040660099072
1283024961565634560
1283026071323992065
1283026686963904512
1283027245859127296
1283027435467034625
1283029424129150978
1283029754044719106
1283030643690135557
1283030999408840705
1283031665246384132
1283032060949651456
1283032720160034817
1283033089804042248
1283033168229158928
1283033336286511104
1283033886864429056
1283033970171682818
1283035178110193664
1283035546416287744
1283035631720038400
1283036162068815872
1283036662344421380
1283036719990878210
1283036787418570754
1283036862655995904
1283036871480811520
1283037030352670720
1283037178289848321
1283037231196798981
1283037353494433799
1283037615017656325
1283037666318200832
1283038010871873543
1283038159736053760
1283038233526448133
1283039374456893440
1283039987500556290
1283040158758117377
1283041088153018370
1283041961172258820
1283042100527927299
1283042449515044867
1283042707892576257
1283043029293637636
1283043205295079424
1283043678240505861
1283044257134256132
1283044270220378114
1283045040684769280
1283045098402480131
1283045435368706052
1283045477877940239
1283046435290845186
1283046636500000775
1283046882311274508
1283047052654645251
1283047327620530177
1283047509930147843
1283047571792035843
1283047835999637518
1283047853838020610
1283048267786444800
1283048612277231618
1283048934173282305
1283049105460211713
1283049273551204354
1283049317314560002
1283050030111301635
1283050800768483332
1283051177450577922
1283051541042274309
1283052110725222405
1283052290027520016
1283052321690267650
1283052840597041156
1283053219258740737
1283053451086376960
1283054710921068544
1283055433087885320
1283055685375348737
1283057207660163073
1283057449004462080
1283057574208651265
1283057891914678278
1283057940644147200
1283059978157334529
1283060393787695107
1283060679776313348
1283061081452302336
1283061258967801858
1283061625608531968
1283061797667381248
1283062449529171968
1283062474661441539
1283062517992878080
1283064034997055488
1283064962672295937
1283065985298202624
1283067001854984197
1283068320489467908
1283068363669815297
1283068507349868550
1283068997618081799
1283069223250485248
1283069249561325568
1283070320023187456
1283070612160671745
1283071149945974786
1283071169948602368
1283071340946157568
1283071382419456000
1283074301403344896
1283074437185593345
1283074844045631488
1283075830831185923
1283076628109594624
1283077562676023296
1283077648571232256
1283077758583595008
1283077894873341953
1283077981397630977
1283078806958301187
1283078972587143169
1283079361671753728
1283079629847195651
1283080169507315714
1283080227204169728
1283082655592886279
1283082799902158850
1283082865928835072
1283083027246010369
1283083579690385409
1283084721061105664
1283085769238654976
1283087083955843072
1283087168865525761
1283087766155223040
1283087894383456256
1283087968488394752
1283088048318808064
1283088123170140160
1283088189004054529
1283088202333474818
1283088207375212546
1283088218921943042
1283088788218994688
1283088916287877120
1283089225231921153
1283089235587694593
1283089350083792897
1283089517964955654
1283089527595134976
1283089646604283904
1283089699196686336
1283089722596892678
1283090152491855872
1283090207231733760
1283090500489113601
1283090538074267648
1283090555128274945
1283090563567247360
1283090839099502592
1283090910268387328
1283091456559738882
1283091497986883584
1283091836639354880
1283092854810849281
1283092928399802371
1283093503514312704
1283093643381731328
1283093773077975040
1283093773703151621
1283093834973536256
1283093889373487105
1283094776644919296
1283094847264522241
1283094899743772672
1283095263444377611
1283095274337050632
1283095909929299968
1283095979256930311
1283096577062498304
1283097339779903488
1283099076536475653
1283099139035856899
1283099611201064960
1283100190929453056
1283100262249496576
1283101014929879040
1283101031233134593
1283101337756954624
1283103250384740352
1283109930010947584
1283110250527117312
1283110681810591744
1283111626892140544
1283111892831989760
1283113274372841473
1283120707472220160
1283139572818313216
1283152094799650816
1283164704144109568
1283188407850565632
1283211486999875584
1283227309764304896
1283232392954535937
1283240487256600579
1283240645180526596
1283241876598865925
1283246185369579520
1283246863877996544
1283247357153300481
1283250723392638978
1283251207125884929
1283259893630164992
1283262058423742466
1283274776740429824
1283276291488264193
1283276610657976320
1283276624406835201
1283277731426254848
1283291352847941632
1283296133666574336
1283317586403291137
1283323069809881088
1283340461491421186
1283362680707796992
1283396380921389059
1283406658421420033
1283414770960351233
1283415075806515204
1283606481653227520
1283606494399705088
1283606506085072896
1283625726223081472
1283776374587580416
1283789765754580993
1283789778844938240
1283820669147336710
1287268878389665792
