id
1278150122459721728
1278150383572070402
1278152730708594688
1278153259727769600
1278153383602532352
1278153827120631809
1278154441883971585
1278156034385666050
1278156591628521472
1278157191724232710
1278158512846041092
1278158701564698626
1278158843369992194
1278158971291832320
1278159077021847553
1278159765344903169
1278160060892545027
1278160245844439042
1278160417005744128
1278160433522720769
1278160448181932033
1278160677656334336
1278160818132054016
1278161742908948480
1278161799024541697
1278161991077515265
1278162040956153858
1278163021576065024
1278163105906745344
1278163108700106752
1278163243949752321
1278163340091482113
1278163589514199041
1278163795399938048
1278163812063928321
1278163934193659904
1278164017077293056
1278164035880366080
1278164245025181698
1278164305783877632
1278164671107756032
1278165237183787009
1278165675517923329
1278166102942646272
1278166898639687681
1278167798863167489
1278168376540565504
1278169402148392965
1278169599100350464
1278171273869160449
1278171884123598848
1278172301603696641
1278172443610198016
1278173005365960706
1278174082572279811
1278174192421212160
1278174480255406084
1278174521837715456
1278174756819177472
1278174794593169408
1278175711916732416
1278176847109386240
1278177329395625984
1278177445141610497
1278177800353017857
1278177941604556801
1278178305183592448
1278178475195559938
1278179185689837573
1278179990899548161
1278180546393149440
1278180560272162816
1278181259760431104
1278181609980616705
1278182094410182656
1278182362048692225
1278182370374541312
1278183159876722688
1278183226565988352
1278184050960723968
1278184640063451136
1278184780161355776
1278184880254251008
1278185106994106368
1278185598876966912
1278185695887187970
1278185710097326081
1278187216422879232
1278188067874942978
1278188315972255744
1278188528988385280
1278190181917450240
1278190371680456705
1278190404915965952
1278191526456131584
1278191645721157633
1278192339769417730
1278192375597117445
1278192474532515841
1278192537035878400
1278192687955406849
1278192945141702657
1278193046539001856
1278193109294215169
1278193201753411585
1278193914650832897
1278194036369588225
1278194739313913861
1278195528296103936
1278195709825568768
1278196444541751296
1278196533469446145
1278196711068860417
1278196939004104704
1278197048827940865
1278197620045840385
1278198860490215424
1278199201378287618
1278200241112715264
1278201019147509760
1278201239629520896
1278202111788974080
1278202640543989761
1278203082841583616
1278203471095689221
1278203919588397057
1278203940304084992
1278204283163275264
1278204611405332480
1278204718712422400
1278204765336305664
1278204910979305473
1278204980113977344
1278204983888867331
1278206025775054848
1278206047476256768
1278206465895837697
1278206471465873410
1278206496707211265
1278206997486120960
1278207070580297728
1278207627797790720
1278207791082045441
1278207866583707650
1278208634875346945
1278209415447900160
1278209523124076545
1278209653965373440
1278210010544144384
1278210398898933761
1278211028640129025
1278211146340696064
1278211851004731393
1278213046788214784
1278213191080656901
1278213682455953409
1278213892120821760
1278215147526352896
1278215566298210304
1278216521773232128
1278217052164145152
1278217507652775936
1278217525910626305
1278219107163238400
1278219643979567105
1278219838721150978
1278219936310034432
1278220053419343874
1278220414976573440
1278220471398330368
1278220944394215424
1278222137191305216
1278222295362748416
1278222630168879104
1278222906636382214
1278223422745706496
1278223951726927872
1278224098594656257
1278224867490324481
1278225158260613120
1278226157947609089
1278227207421341697
1278227693469700096
1278228978520616960
1278229117909884928
1278230734931505152
1278231698128302080
1278232110826876929
1278232308538060801
1278232354289418240
1278232924215750657
1278233309596848128
1278236592843264001
1278237017890066438
1278237159556698113
1278237212983910409
1278237275311104001
1278237839839256576
1278237952011718658
1278238650803748864
1278238885802319873
1278239290141495299
1278239707722182656
1278240230009483265
1278240789584363520
1278241428485935104
1278241650951639041
1278241837103190016
1278242044247330816
1278243398353289217
1278244066162094081
1278244450167218177
1278244451048194048
1278244544908312579
1278245392455364608
1278246362954391553
1278246671961341954
1278246735156875264
1278247159733776384
1278247227773730818
1278247341561204736
1278247487006965760
1278247980286402560
1278248097483649024
1278248183777263616
1278248257496309762
1278248386454380545
1278248561319088128
1278249299298512896
1278249430144045056
1278249770725838848
1278250361934041089
1278250866068254720
1278250967943704576
1278251775535927296
1278251853902254080
1278251945661267968
1278252109784403969
1278252333168644096
1278252985148047361
1278253439739285504
1278253487218765824
1278254195468988416
1278254469143130112
1278255206153805829
1278255529215684608
1278255574287659008
1278255763513675776
1278256463450796032
1278256710793097218
1278257405420175360
1278257834031906817
1278258085316800513
1278258163251363840
1278258319073980416
1278258450384838657
1278258515929423875
1278258949985206273
1278259062979923973
1278259111587491840
1278259197717561344
1278259275177930753
1278259367825956864
1278259671485169668
1278259969364594694
1278259993335099392
1278260089867165696
1278260200898613250
1278260968133279744
1278261047451725824
1278261131736309760
1278261153852989440
1278261370945847296
1278261469151289344
1278261716703498240
1278261982420860928
1278262628784074752
1278263118762668032
1278263485064007681
1278264917041143808
1278265470785687552
1278265563635040258
1278266882433396736
1278267098033086464
1278267210188775425
1278267990807662597
1278268950267097089
1278269044374700032
1278269219356897281
1278269553781256192
1278269844832415744
1278269961484374023
1278270389504753664
1278270443426701312
1278270639162355713
1278271022471491584
1278271132399886336
1278271567856730113
1278273798689587200
1278273850292092930
1278273998455894016
1278274011747647488
1278274753963462668
1278275354340102144
1278275362624024577
1278275630879014912
1278275763662254080
1278277753926754304
1278279223690448901
1278279565807366145
1278280179077361665
1278280847058141185
1278281280535384064
1278282179332603904
1278282797963067394
1278282836336758785
1278284083123142657
1278284158410747905
1278285218495868928
1278285418350342144
1278285800996626432
1278286298206199810
1278286927360167936
1278287182885613570
1278287574746820608
1278287632707936257
1278287756322578433
1278287951332388866
1278289318482554881
1278289735585280000
1278289812936679424
1278290196228759552
1278292291199791105
1278293926051536897
1278293954601971712
1278294306571218945
1278294702878453761
1278294829609283585
1278296748654333952
1278297497228570626
1278297797146472449
1278298156246024192
1278298707578904576
1278299254839078913
1278300432188665857
1278300528879865856
1278302300348399621
1278304957985243136
1278305506776539140
1278305873819885570
1278305920246661120
1278306630270980097
1278306803806175233
1278307388534059008
1278307518536511488
1278308889394589698
1278309936917655554
1278310829365112833
1278311756411088898
1278312175233191936
1278312179096096768
1278312281340653571
1278314399388688385
1278314595627569155
1278316035939033091
1278316435568119809
1278316714107654149
1278318102460030976
1278319483778674688
1278319773428793344
1278320018929750017
1278320225406955520
1278320734142468098
1278321536785461249
1278321748824305665
1278321858388152322
1278322075921526784
1278322206250987521
1278323384682598400
1278324167901736960
1278325156813762561
1278326692541427712
1278328750564761600
1278329739581599744
1278330416320196614
1278331570181423104
1278332230163591168
1278334150915678209
1278334190224674817
1278336169655144449
1278336238659878913
1278336365533356033
1278336370369388544
1278336501005180928
1278336655682760705
1278336709998964736
1278336770652790786
1278336948759715841
1278336951595106304
1278337021707087873
1278337437320843265
1278337441946939392
1278338054214868992
1278338103145410560
1278338106307928066
1278338293671661571
1278338779732828160
1278339223846715394
1278339262241337345
1278339524607610881
1278339533671739393
1278339863339651073
1278340232073457665
1278340276591845377
1278340879560794114
1278341232054300674
1278341844703735813
1278342028674445314
1278342227643658240
1278342353883930624
1278342417788223494
1278342556733054977
1278342709187457032
1278342930407632896
1278342987769171970
1278343930195529729
1278344174790561792
1278344615033094147
1278345287782723585
1278346262366973952
1278347175978647552
1278347628908961793
1278347729324867584
1278348048310005761
1278348211644772352
1278348445611409408
1278348623638560768
1278349232135565312
1278349299521388548
1278349570322423809
1278349591851806720
1278349939161137153
1278350312315785216
1278350504779808768
1278350556327628800
1278350703249879040
1278350732773806080
1278350758908436481
1278351378067230720
1278351685354582017
1278351951218962432
1278352452702531585
1278352815060971521
1278352868630769665
1278353114832056320
1278353131219214341
1278353194528071687
1278353308265132033
1278353921807917057
1278354165429764097
1278354275911917568
1278354610151809024
1278355460446396421
1278358689657892864
1278359609598545920
1278359740645388293
1278359838125219841
1278360018077667329
1278360357396811776
1278360960814575616
1278362528976797697
1278362653631475712
1278363440319328256
1278363597928718344
1278363830741987329
1278364174121267201
1278364979486289925
1278366853031587841
1278371139211812865
1278371258732666880
1278371469953658880
1278371561578409984
1278372044158070785
1278372382835503104
1278372408257179648
1278372634728624129
1278374204006490117
1278374903817764864
1278376524635181056
1278376883558559745
1278377099049353216
1278377125867696128
1278377561156796416
1278378055157743616
1278378068726308864
1278379325461426176
1278380867908485120
1278381121974255616
1278383764222033920
1278384181471358976
1278384610301415428
1278384688160100352
1278385285747798016
1278385486499737601
1278386217831133185
1278386859006099457
1278387649007374336
1278387893296173056
1278387934463324160
1278390057938780162
1278390234317611008
1278391685609742336
1278392406652497920
1278393182724567040
1278393768874557441
1278393858934652930
1278393926643261441
1278394034952773632
1278397895541166080
1278399168667500545
1278410010586779648
1278412208343416832
1278448501895168003
1278480761721548801
1278498527870509056
1278498724306542593
1278498734490267648
1278498741733875712
1278498749875023872
1278498757722554368
1278498765393936384
1278498774998855680
1278498783010025473
1278498856850747392
1278505922625560577
1278506609971363840
1278511385245179904
1278512609948569601
1278516743179137024
1278519525453914112
1278519868426301442
1278519887791443970
1278520314750595072
1278520372627820544
1278521680097185793
1278526241323118592
1278526556495699968
1278530156722700288
1278530776275881987
1278532974502436865
1278539322606489600
1278541640743952385
1278543851750219782
1278550991713927168
1278551606145892352
1278554925648105474
1278555100760305665
1278558543793156096
1278561289652977664
1278563079597383680
1278570714795175936
1278571178597036032
1278577576894541824
1278578306841931776
1278596442588803072
1278599690100060160
1278601238074937344
1278621497679122432
1278624238128300036
1278625296002904065
1278629289311604736
1278706490895990784
1278746263299731457
1278746610693017601
1278896541470650368
1278915202784747522
1279405302429990914
1284484114159198209
1287063163368648704
