id
1273108569269964804
1273119498086887426
1273124844931035136
1273127444355129347
1273127445319860224
1273127842944032771
1273129128699494400
1273130795507605504
1273131791654825989
1273131995032424465
1273134166847238151
1273134543432753156
1273138281090334721
1273139932433911810
1273145326766080005
1273145697685176320
1273146542640283651
1273152263029239812
1273153687641260032
1273159258645901313
1273161273904168961
1273161675504586755
1273162186748239872
1273162398736822275
1273164590063456256
1273169826861719559
1273169838417088518
1273171679175475202
1273173793993867266
1273174881123868674
1273175527982014464
1273179814434869248
1273188646850420741
1273191619739521025
1273192641300033537
1273196284376121344
1273200213977468930
1273208236380786688
1273215722244542470
1273216615325130754
1273216698271719425
1273222464412291072
1273223975238168576
1273224623451017216
1273225257965375491
1273226287566462977
1273230772883714048
1273236104636964864
1273243653524217857
1273243842909634562
1273244152830910464
1273253493554335746
1273275846271229952
1273277760769634307
1273285507116490753
1273286041231749120
1273289766625107968
1273293762517762049
1273303101609410560
1273519777013567488
1273651674511360001
1273651796653703168
