id
1277465930935660546
1277467660846985218
1277468939996422144
1277472982894407681
1277475339233452037
1277478338777370624
1277478366023520257
1277487023771680770
1277497926197972994
1277499219616468992
1277500118741053440
1277501551465005056
1277503659488632833
1277507739128721414
1277507809584676864
1277509484202483712
1277510423944679426
1277512290661568516
1277513617043152896
1277514500174827522
1277514752780955650
1277519271183085568
1277523255444647942
1277523913048682496
1277531903348756481
1277542245030178816
1277542599931252738
1277544722370719744
1277544993146601472
1277550510552150017
1277550731617165315
1277551100564914176
1277551407566970880
1277555848726757376
1277559167918604289
1277561035398905862
1277561472168587266
1277561861387345921
1277562115469922305
1277563073595760642
1277567339500724224
1277570275815510017
1277570785687646209
1277571562049167361
1277577710248751104
1277583611626020864
1277584428353466368
1277586929106612226
1277588398048374784
1277589372406083584
1277590100428242944
1277596090619981824
1277601760564047873
1277604516129468416
1277610271989694465
1277614451970039808
1277619906851123206
1277632943670747136
1277637508361154561
1277643743395368961
1277649663663812609
1277660308761272322
1277685770489171968
1277686791751872512
1277705625221226498
1277708418065858567
1277710838510608384
1277713379419844608
1277715969088118786
1277738617604124672
