id
1273824787647717376
1273835667722661888
1273836565496619008
1273844762882093056
1273850658261618688
1273855551231778816
1273859258811998209
1273861605692805122
1273862638791876609
1273864211731341313
1273864433492623362
1273864675768164352
1273864979825823747
1273866407344656385
1273871625876717568
1273873638857388032
1273874644487991296
1273879135622819846
1273881944074280960
1273882195640213504
1273890477012639746
1273892641063571456
1273897842432544768
1273905693246943232
1273906251827605504
1273907407962267648
1273917867411431425
1273918112803352577
1273920786856767489
1273922105029976064
1273922970692595712
1273926548064632833
1273932535777509376
1273938158879535104
1273940037306998785
1273940618595598336
1273941056350941185
1273944550310940673
1273948063971721217
1273948476829626368
1273948750222778370
1273952710975340544
1273952986864050177
1273955271547580416
1273982996069179393
1273992174237933570
1273999295067222016
1274000339235151872
1274000675253309446
1274001778426540032
1274001853290872834
1274003294386556933
1274007228639559680
1274019108497928194
1274020119581261826
1274040046975201280
