id
1272393628103536642
1272397604773441537
1272400339824545792
1272400601788239872
1272400965631488000
1272405997194104832
1272411015314104320
1272411234688577541
1272411693029535747
1272413285107683328
1272414933225881604
1272416157681643521
1272416361600319489
1272417664388849665
1272418638360801281
1272419900917608448
1272420993261203457
1272422090671452160
1272422450014244864
1272423525979009024
1272424195251564544
1272427227125170176
1272428875641786369
1272429674505756672
1272430936899022849
1272432106258362368
1272434530196971520
1272436746542702592
1272437322869469184
1272439071407607809
1272444297103589377
1272445767332982784
1272447791667675138
1272451900047339526
1272452646314491905
1272456743713267712
1272459691017121792
1272459771136872448
1272462225542770689
1272471535391920128
1272474830458114050
1272478803579695107
1272480634594750465
1272501536657043457
1272507573720150017
1272517157050413057
1272518283237851137
1272520859693899778
1272522423804493828
1272534404477464576
1272535087586750465
1272538011453083648
1272541498114859012
1272554709182799876
1272561145807728640
1272564523749138432
1272582121748561921
1272595366655913984
1272595525364154368
