id
1269114189173256199
1269116607516643329
1269124852884975617
1269138199194095616
1269138836786802693
1269150064884121600
1269153793326952449
1269155772526669824
1269156005205565440
1269156100517044224
1269157945813671939
1269160033495003148
1269160622316347392
1269163938790293505
1269164043685621760
1269170457376223232
1269173259494293511
1269193610114658304
1269197927907356672
1269215149388263425
1269217133424046080
1269217890873470977
1269218642572349440
1269220324899463168
1269226166860144643
1269228730506854400
1269233549477064706
1269233574554644480
1269234502511079424
1269235943673933824
1269239396970098688
1269239661001494528
1269244189650411520
1269246327491194882
1269249590110367745
1269251417711144960
1269258203746856960
1269258324207267841
1269258780694310912
1269262918010503170
1269281399082610688
1269286179335278592
1269293130299240448
1269307784949948416
1269311276456517632
1269333394774560769
1269471229280260096
1269628796543459328
