id
1276726269715992576
1276734853338161154
1276736405629100032
1276739353595662336
1276750093366878209
1276751679170330624
1276754973561204737
1276755259579265024
1276756558848778242
1276757185133834240
1276757523488481281
1276757824349954049
1276759623551180800
1276760670021619713
1276764898991632385
1276771961671041025
1276777696777736193
1276785832842522624
1276789465558642689
1276789886196965377
1276794834624249857
1276814474872266752
1276817293268250627
1276818737060958208
1276825504847282176
1276826157724299264
1276829934384644098
1276831504799334400
1276832189900972033
1276832739900026880
1276832893075984384
1276834187119439875
1276835790295891974
1276836722110640129
1276845831295918081
1276846260389949443
1276849013174620170
1276850797993590786
1276852907460026368
1276855928990560256
1276860459841318918
1276865094220046338
1276869656003796992
1276883709312954368
1276890042439364608
1276909653692157955
1276909878402002944
1276927632290934784
1277076744139206657
1277969384661585922
