id
1280331664539873280
1280334017561231361
1280340773246992384
1280343242580492288
1280349505943207938
1280354624738738177
1280357010513391621
1280357395386990593
1280360275913261056
1280364019077898240
1280364305871863808
1280366320626753536
1280366616010620928
1280366769845174273
1280368878841933824
1280370241768321024
1280370366590771200
1280370950530232322
1280373188220776448
1280381551209930752
1280391212915187714
1280392626630320130
1280394039389351936
1280394080472588289
1280398016730587137
1280402053919981569
1280402161013272576
1280404143803297793
1280406680891584512
1280407701076361220
1280408915302158336
1280424257042825217
1280425101939392512
1280440039982239745
1280444532278976512
1280448356532154371
1280455034283556865
1280459478198939650
1280460184381358080
1280462464673443841
1280469072354742272
1280469248414908416
1280469506150641664
1280470700885635072
1280473319179825152
1280480143467851779
1280480518493081603
1280480669726961664
1280480967979790336
1280481102218625026
1280482094704025601
1280483703500623873
1280484740793942019
1280484992351522816
1280487101461483525
1280487798152114176
1280490386301923328
1280490388155822080
1280491439445602304
1280492372749479937
1280493283924418561
1280496400850202625
1280498338794811393
1280498358893895680
1280498630814818305
1280500980174512130
1280502328483864584
1280502941045096457
1280508149770924034
1280508361612673026
1280508758574202881
1280508763804499972
1280508783228223491
1280512695918366723
1280512817188220928
1280513044188139520
1280513169362911232
1280514627579887616
1280514942827933701
1280516104239054850
1280516295574896644
1280517156329984000
1280518069098622978
1280519668113920000
1280522161174667265
1280523429507035136
1280525728908316672
1280526152050765829
1280529548329680900
1280530441393618945
1280534011849240576
1280535259956690944
1280535815366381568
1280536228073365505
1280537844662984704
1280538832413143040
1280541304229900296
1280543330347085824
1280546752366551041
1280547648001327104
1280549429112475648
1280554704058019840
1280558843609509888
1280559402831851520
1280559412306833408
1280565775518928902
1280567982557523968
1280643525600841735
1280648401072189440
1280681283631190016
1280701802233516032
1280845643846578176
1280928026004344832
1281100953589030914
1281104188483796998
1281544499634765829
1281647939765497856
1281650175300100096
1282189376257064961
1282344610056990720
1282532104933224448
