id
1285011475178766336
1285018478899089408
1285018945154498560
1285019838692257792
1285021004239003648
1285044302754861056
1285051953488117760
1285056740396904449
1285058524905566208
1285060281899511808
1285061796089356293
1285063397629997061
1285064125693882368
1285066314902458368
1285067114752036865
1285068435194474498
1285068793480245248
1285069199925116930
1285071780328046593
1285072144993529857
1285075227026665472
1285078113987072000
1285084087154356230
1285084862043402241
1285086957647757312
1285091827813453824
1285092032885776386
1285092155493478400
1285096811695181824
1285097170190786561
1285102367495483394
1285105436333469701
1285108641662558208
1285109022274789377
1285109259991158784
1285109323270549505
1285110634833567749
1285114675546304512
1285114855553294336
1285129979362238464
1285131606072516608
1285131939179982848
1285135033376759808
1285137371965472768
1285138401214119936
1285139463249768449
1285139471051063296
1285142446712610817
1285142468409909249
1285143460975001601
1285143544647176192
1285144849566425088
1285148395594633225
1285151051734114305
1285156962846388224
1285162546069004288
1285163181405593600
1285164304660959232
1285167232415219713
1285170513917079553
1285173375699165185
1285176420767948801
1285176457849745408
1285178081796390913
1285188089866928131
1285189545953116160
1285190822602797063
1285192642704203776
1285192842621550592
1285193004253188096
1285193007440916480
1285194366773006336
1285195875438878720
1285198381862674432
1285198523399462913
1285198987625025543
1285202823882276864
1285203946391236608
1285207141830336512
1285208030770900993
1285209140650930176
1285212320721891332
1285216381957320705
1285218774006640642
1285218845767106561
1285219379949404160
1285222455372476420
1285223076209123328
1285223524454420481
1285232533228027904
1285233709290070016
1285238869164580864
1285243957761290241
1285246111385444352
1285248411147485184
1285248750483456003
1285251922723696650
1285251933628887040
1285254314726850560
1285259057297670144
1285264972172324866
1285274754941743105
1285293409851277312
1285305987935723521
1285311775475331072
1285543709178597378
1285545853680267272
1285641845612130304
