id
1283954398628941824
1283959742465896449
1283971045246955520
1283973201467518982
1283977297129689089
1283978925605978112
1283980542367719430
1283984362371858434
1283987552156844032
1283989299399196674
1283990821088317441
1283990917930799104
1283991559726231553
1283993605611241474
1283996006368116736
1283996854171115522
1283998363264811009
1283999236271427584
1284001745492938753
1284003441136660480
1284004910921428994
1284014084032270336
1284015493767221248
1284016917271818242
1284021860414431233
1284025072798191617
1284025080348135424
1284027088102543361
1284027661593919488
1284028402026942465
1284030208614428673
1284034434522587136
1284043256712491011
1284043783290544130
1284056261672071171
1284064427155718147
1284072907992440833
1284074422018555904
1284078525847269376
1284083095570771968
1284085780873392129
1284088434567475200
1284090507270983681
1284091227302850562
1284092739055828992
1284095309556019200
1284096521550458882
1284097091770429440
1284098374837264387
1284098406005108736
1284101258215714816
1284105581230346240
1284105635353620487
1284105900702064644
1284106762879025152
1284107102391111680
1284107153712705537
1284107391047544836
1284107697302892547
1284107893931798528
1284107956884144129
1284108051214036996
1284108195900739584
1284108571295182849
1284109938504028161
1284111244912283649
1284111512894750720
1284111620445073408
1284112576817717248
1284112816010485760
1284113022043041792
1284113938221690880
1284114653207949313
1284114819382013953
1284116003534671873
1284116715484278786
1284117627506327553
1284118998011924480
1284120122974564353
1284120553981267969
1284124916636254208
1284125198225039361
1284125495987068932
1284126617048977409
1284129722369142786
1284129810877300736
1284130361425793024
1284131184839024640
1284131262421012480
1284133172263911425
1284136658728660993
1284139629965307904
1284142125643206656
1284142624589385728
1284142659540418560
1284142827929169923
1284143578999070720
1284148853047021571
1284149460591730688
1284149748337971200
1284150252006551552
1284151551427141632
1284151747108196352
1284152388496928769
1284153285197172737
1284154123340771330
1284159272129949697
1284160635886956548
1284170554451214336
1284178223308271616
1284183379320213504
1284186127084032000
1284189087289585664
1284194253833293824
1284230741644079104
1284342209341296640
1284387789677588481
1284393468379361280
1284482987682230272
