id
1281762850550284288
1281766623624392705
1281767455820378113
1281767750872911873
1281769051241488386
1281770081966370816
1281770598910304257
1281771815791017986
1281775539208896517
1281780207586881543
1281780767052361730
1281781503396020225
1281781671373582336
1281783868383801347
1281789639926272000
1281789772760055816
1281800702335967233
1281802220497891328
1281803555465125889
1281803820910080000
1281803977034567681
1281804359802802176
1281804702527754240
1281805059928408064
1281805681981415424
1281806417532526592
1281807701459103744
1281809076897247232
1281811010915991553
1281812107013611520
1281812764466520064
1281813256932167681
1281814198155128833
1281817273578078208
1281817640781086720
1281819663102472194
1281820593449402368
1281820937784922113
1281820971293237253
1281821655115825152
1281823652523184128
1281824568072638465
1281825887080439809
1281826937774596096
1281827856901738501
1281828476048207872
1281829321842348034
1281830212632641536
1281832393897160704
1281832503053938688
1281834715238916099
1281841776299347969
1281842032294543363
1281843218984787970
1281844692078833664
1281847724292415488
1281848274945597440
1281849209713352711
1281849267770908673
1281852092487839745
1281856885696663553
1281862175032635392
1281866704809680896
1281866706776764416
1281866707884109824
1281866732865552391
1281866767288147974
1281866797050925056
1281867868846448640
1281874088181391362
1281876279990484992
1281877989874184192
1281878368363765760
1281880446666592262
1281881465869885440
1281881958503473154
1281884357603454976
1281893468365676544
1281894163982712837
1281895097370468353
1281895598808076288
1281895771512565760
1281896383319101440
1281896613481295872
1281899052314120192
1281899228273336321
1281899293574434816
1281899843443732480
1281900407292190721
1281902874700558336
1281903118049931264
1281904492787585030
1281904614128988160
1281904737604866050
1281913026740797442
1281914003032207360
1281914168291938304
1281914417433608193
1281916152340340736
1281916475352080384
1281916903544500225
1281917082183987203
1281917100102041600
1281918723947769856
1281919220943589379
1281919769864663040
1281921012259409921
1281921753917394944
1281923311719428097
1281926497666609153
1281929503548174337
1281930223437529089
1281931671432912897
1281931990044782593
1281932061821956096
1281932561581666309
1281933844933832705
1281934202724847617
1281934499677384704
1281935316488728576
1281937905150091270
1281938163242463232
1281938262857154565
1281938467983777792
1281938751413841922
1281938969005981696
1281939291208216576
1281939814313426950
1281940562950492162
1281947631992934400
1281948470912315393
1281949726678462465
1281950216740990976
1281950478264201216
1281951874627731458
1281953424829890560
1281953600327970818
1281953964376776704
1281955642513608704
1281959062813335553
1281959126176653313
1281965456031494145
1281966276659666945
1281967372417372163
1281970779442122753
1281974040391868416
1281977337521659905
1281982899558875136
1281983089535672321
1281983450866540544
1281987093040754694
1281988240648499201
1281993571675992064
1282000617028726785
1282001533383536642
1282001941308964866
1282004369685147648
1282007432592388102
1282008786325004288
1282010693315596288
1282010958357880833
1282011782450540544
1282013023213936640
1282013517940432896
1282013799088705536
1282014816777850880
1282018508738445312
1282018606629269505
1282019531439796224
1282021855419748354
1282024636990074880
1282030250088513536
1282037716046147584
1282042887954292736
1282052913905500160
1282055578823475200
1282060045081997312
1282100955471806465
1282128646661169152
1282346128055427081
1282868294630940673
1282895280896000001
1284048684318101504
1284314968364429313
1284539414929006593
1285309441680666624
