id
1280291882090631168
1280303956497817600
1280314743027142656
1280328611736612870
1280335445025452032
1280339685143764993
1280348690239025152
1280353068383522816
1280354079626190848
1280356576172244992
1280356967198765063
1280357774996549633
1280357844676567040
1280358422903316480
1280360500870516737
1280361142171234305
1280362522789294086
1280363412732567553
1280363671659507712
1280364989279174657
1280366428483473408
1280366808625627136
1280367816583987200
1280368445822062594
1280368607998828544
1280370552046149634
1280371285306904577
1280371617336459264
1280373478944681986
1280377304804257793
1280377470521274368
1280381254337101826
1280385977790287873
1280386453604667393
1280388710320599040
1280388936024461313
1280389467090509826
1280390993762631680
1280391031565848576
1280392321704452097
1280392658880323584
1280394263990161408
1280395102716751874
1280395423769702402
1280395665403596800
1280396197140688896
1280396283761397760
1280397394459324416
1280398953935065088
1280401493128998915
1280401643285012480
1280402638018879488
1280403138025938944
1280403444331773952
1280403623382355970
1280405037131264000
1280408852110835720
1280409898514124800
1280410816693460993
1280412440228851712
1280415233442447360
1280422564339126273
1280423312808534017
1280424412013985792
1280424619581661185
1280429314471718913
1280430265630785536
1280430294235930626
1280430506488692736
1280430793672687616
1280430893870379008
1280431252676374528
1280431277791838208
1280431629668806656
1280432705079922688
1280433164863672322
1280433261274034176
1280434345186955264
1280440561934012416
1280440761394192384
1280442246504935424
1280443502644494336
1280446297208549376
1280447216109445120
1280448926332510208
1280453844133007360
1280453847677165568
1280455237384331266
1280457641701990400
1280458952405180426
1280460282406465536
1280462164956856320
1280462725630488576
1280462803296370689
1280462861479755776
1280463245594095616
1280464054675374080
1280464471660494848
1280467408583421953
1280470590416138241
1280475251206316032
1280475878447648768
1280476666360287238
1280477363252244482
1280477708175228930
1280477852836655105
1280480867622645760
1280480887419703296
1280481426077446144
1280490098191151106
1280490826523541509
1280491029871788032
1280491308721647617
1280491885333745664
1280492447508819968
1280492503502917633
1280492615108976640
1280495550689837058
1280495811290443778
1280496571705065472
1280497101173071872
1280497628694884361
1280498344717099008
1280498660472651782
1280498688297775106
1280503946650554370
1280504290541473792
1280504593877733377
1280505055603548160
1280505203335323648
1280506083417743362
1280506176220934145
1280506570745548800
1280506594279727106
1280506832272986112
1280506894935830533
1280507373183012864
1280507610274422784
1280507687361527809
1280507957923495941
1280508500855205890
1280508559080542212
1280508650172428289
1280509226952134659
1280509245885210624
1280509313925156866
1280509374558060554
1280509698807083011
1280509796932898823
1280509946132643840
1280510482168807429
1280510548761817089
1280511148173996032
1280511621970960387
1280512118551429131
1280512941750714370
1280513181971099648
1280513552785252353
1280514264751640581
1280514449959510017
1280515014160498692
1280515352544399364
1280515925385584640
1280516027638525958
1280516898589945857
1280517216694341641
1280517249141559302
1280517260969476105
1280517790084956160
1280518185868025856
1280518568707325955
1280519157105266688
1280519618428317702
1280519743636717571
1280520900194992128
1280523690992496641
1280524221001510912
1280524247073320961
1280524290094297094
1280524322830815233
1280524781721288704
1280524860410564613
1280525059455479808
1280527047601750016
1280527284206596097
1280528142856151040
1280528644721397762
1280531977779593216
1280532274774077443
1280533347429572608
1280536010380570624
1280536602964398080
1280540714837909505
1280540958610780160
1280541312492675073
1280545127627276288
1280550595603001344
1280551315102261248
1280553532626591749
1280554174090862592
1280554544779288576
1280554724530372609
1280555102428856320
1280556071560478720
1280558612406919168
1280559905397551104
1280560028089344001
1280562197207244802
1280564423095013376
1280565801351696384
1280566199642804226
1280566392207470592
1280568424079306752
1280568754745810947
1280569158405517312
1280573369000136704
1280582712990896128
1280591618110828545
1280592652635787264
1280598386807193600
1280611453519556608
1280681964509560832
1280681985539792896
1280693279458127872
1280699477733462023
1280702934645223424
1280729405564715008
1280745323309133825
1280745717703688193
1280746099062370309
1280746322518093826
1280747103271051264
1280760981996494849
1280764766659772416
1280778083360899072
1280782786656210945
1280784308735639552
1280784325915467777
1280786097165852673
1280790443760840704
1280799456330301442
1280807618672357379
1280807917873098752
1280820063214252033
1280829907363172352
1280862579691188225
1280871925602897922
1280893915323752449
1280894860392673280
1280909365759729666
1280950755021684737
1281133572858933251
1281198396565450752
1281261791884898305
1281498302941282304
1281511503414337536
1281521376289886209
1281521447282737152
1281521457915236354
1281533833997778945
1281535132126437376
1281535271658381312
1281544513039872003
1282192243688759297
1283459143089524736
1283459268209852416
1283461340074356736
1283634646748520449
