id
1272342893361917952
1272348763684655104
1272349147325071360
1272350072068403201
1272350348208898049
1272353437435301889
1272353578590498818
1272354793885855744
1272358038138089472
1272361100302905349
1272362885222510593
1272365403293904896
1272373435411435520
1272374761075519495
1272375902307930112
1272375990384091136
1272376025251381248
1272376258848931841
1272376389958635521
1272377404913156097
1272378320005394433
1272378489757298688
1272378986790674432
1272379291771170816
1272380637563912193
1272380924987011072
1272382169055260673
1272382274206457858
1272383125792808960
1272383127332110336
1272384303888908288
1272384370343645189
1272385049707474945
1272386049277214722
1272386769913184257
1272388608331112448
1272389987904811008
1272391303385370626
1272391409656446976
1272393922430382083
1272395191006056450
1272395649456107521
1272396238466383874
1272400355746123782
1272401164085035008
1272401247312596992
1272401351163535366
1272401545280147457
1272403310725804032
1272404251558375424
1272405117963132929
1272406726927474688
1272407436154900481
1272408061764722688
1272408123907559424
1272408489957093376
1272408513378050049
1272408862910320640
1272409008255545347
1272409361889947649
1272409489761697793
1272410659230121986
1272410812800307200
1272411728135905280
1272412881494183936
1272413394226737152
1272413881520930817
1272417173072314368
1272418589241458689
1272418738625708032
1272419895213346817
1272421172936798208
1272422056445898752
1272422117393354752
1272422151576928257
1272422805376647173
1272423348572549120
1272423546451398657
1272423812508692481
1272424294732099584
1272424321709826048
1272424520440135682
1272424982899908611
1272425903755153413
1272427310478553088
1272427473838288896
1272427514569216000
1272427604310515713
1272428114946088961
1272428385466109952
1272428392143437824
1272429899567906816
1272430884797341698
1272431432825098240
1272432095369949185
1272432532538052609
1272433546615914496
1272433565498667011
1272433730926153729
1272433763503366145
1272434168597590016
1272434276772937729
1272434552393199618
1272434793041494017
1272435169492733952
1272435250614829057
1272436088712261633
1272436577847832577
1272437477593296901
1272437939600003072
1272438670155489282
1272438686311829504
1272439216077549568
1272439605741019136
1272440658091888640
1272440693147889664
1272441615576154113
1272443591164522496
1272446762976870402
1272447142439686145
1272447556719529984
1272448855989030912
1272449355304194048
1272449910885937155
1272450203249897474
1272450366144053253
1272450768461676545
1272450894940930049
1272451136390381568
1272451723475341312
1272452055345491968
1272452293573541888
1272452676182175745
1272452805064720384
1272453683117035520
1272453685361160193
1272453866873749504
1272453958171148288
1272454201017167873
1272456354855186437
1272456622644682752
1272456676814336006
1272457036639453184
1272459297381728256
1272460035218714624
1272460489952423938
1272460787081072641
1272461439932837888
1272462283801792513
1272463383212646400
1272464980026277893
1272465680206491650
1272466334778036224
1272466481087803393
1272467531370950656
1272468814580510720
1272470066907320327
1272470214672818177
1272470286152003584
1272470698640973825
1272470801434853376
1272472289158684673
1272472389792567296
1272473082607710209
1272474158476046340
1272474271181225985
1272474421836603394
1272474655337484288
1272474975912570882
1272475756199677952
1272476839433220096
1272476937789640705
1272477459204595713
1272481107070640131
1272481378244804609
1272481391893196801
1272482250299453440
1272484294766628864
1272484364689879043
1272484899006459905
1272485607231512587
1272487198852435970
1272487597298921472
1272490717047394310
1272491835122835456
1272493873298735105
1272493939048751106
1272494081038413829
1272496266975408130
1272497456953954304
1272497714756874240
1272498684370944000
1272500412575133696
1272501121563496448
1272501235795390464
1272501556479291393
1272501579967614978
1272502953836900353
1272503448378867718
1272505086212620290
1272505429847932929
1272506734603460608
1272506919438049280
1272507273399529472
1272508045071802368
1272508168820555776
1272508686653505536
1272509053172940800
1272509719312130048
1272509883024175105
1272509925575417857
1272510725009874945
1272510873727201280
1272510982007468035
1272511180917968896
1272511457242935296
1272511898488131585
1272512199446020097
1272512327380799488
1272512493995216896
1272512699545640963
1272512831477420032
1272513103142555648
1272513639061258241
1272514515662503936
1272514557701795845
1272515206149619712
1272515886679592961
1272517113425494018
1272517395777638401
1272517556096471043
1272517906706788353
1272520792857882634
1272521899059232769
1272522528385388544
1272523444966563840
1272523688987045891
1272524115883307016
1272527787300024321
1272528445428371460
1272529854559211525
1272530751750377472
1272530772558327808
1272531151899561986
1272531217548668928
1272531418246045696
1272532157915783168
1272532961540243456
1272533097100136449
1272533474734247939
1272533969301417991
1272534129393819650
1272534430951682048
1272535231317172224
1272535926338547713
1272536801463267329
1272537210496016387
1272537566202302465
1272537939625431040
1272538813517058049
1272539269039419392
1272540154528292868
1272540453284442112
1272540935671279621
1272542213453475840
1272542869589377025
1272544453232701440
1272544513064460290
1272544850387374082
1272544875666239488
1272547736198410240
1272547924900057089
1272548243470237702
1272548259802669056
1272548280585474054
1272548440225054723
1272550059985399810
1272550456208711681
1272550493009502210
1272550677168840704
1272551474476662789
1272552328558604288
1272553657892958209
1272554986732285952
1272555366589427712
1272556267127496704
1272558361448378368
1272558378699513862
1272558381782298624
1272559130566246400
1272561931547578370
1272562295827136512
1272562382825381888
1272563240241729537
1272565050922815488
1272565582093668353
1272567010363236352
1272567842777362432
1272570978967515139
1272571571266174977
1272572040206114816
1272573117915750400
1272574858233122819
1272574963254308864
1272574979830210560
1272575407783440384
1272575415605837824
1272577341068378112
1272578348355448832
1272578687691419648
1272579236511936514
1272580231300214784
1272581702603255808
1272582693599932417
1272582700193378304
1272582797962522625
1272583587863257088
1272585918143066122
1272586291884912641
1272596221765521409
1272600070857175040
1272600145238978561
1272600294472335362
1272601419485331456
1272607089110642688
1272610235039903745
1272613244184653824
1272613301218734084
1272615545691488256
1272616895393361920
1272626959902621696
1272627214404612096
1272640734772916224
1272644759128064000
1272645689554567168
1272667827053326336
1272727066396381185
1272735631706173440
1272783362894094336
1272828380535115778
1272854799600451586
1272908506102935552
1272922439249309696
1272938371388592128
1273159296394690561
1273161616696238081
1273222972963033089
1273369647124013057
1273966362721804288
1274398120948817920
1274714630133133313
1274950631904514050
1276838957607575553
1277898619853529088
