id
1274889209732403202
1274889499047194626
1274890651503489024
1274898802139267072
1274899680594325504
1274902915107487749
1274906202250465282
1274907042101071872
1274908646476898304
1274910896939077634
1274911095711338496
1274913283896602624
1274913317715238912
1274913453216395265
1274915831026049025
1274916031157297153
1274916258274664449
1274916276666687488
1274917238286413825
1274918589305253888
1274919074162597890
1274919119846993920
1274919273220075521
1274919415599882241
1274920540596080640
1274921511032217600
1274921863123099648
1274921961160757258
1274923283016642560
1274923500210286600
1274924302895210497
1274930263936561152
1274930522800525312
1274930747741102085
1274932538889420802
1274933941670043648
1274934096892792832
1274934464397955072
1274934792132288512
1274936051987910657
1274936680802205697
1274937536398295040
1274943201439174656
1274946034083393537
1274946240375975942
1274947047901167617
1274947093073850368
1274947473073528832
1274947799176687616
1274948136952197120
1274948157512708096
1274948199447330819
1274948499923070977
1274950045159260172
1274950100423290880
1274950636178534401
1274951555058470913
1274952691710480390
1274953863288754176
1274954268101898240
1274954612848521217
1274955329227206656
1274955420579139589
1274958809643941895
1274960115360096256
1274960831663370241
1274961354172981248
1274961704724512768
1274962762850959366
1274965634799960064
1274965885740920834
1274966080314675200
1274967094199648257
1274968997973262336
1274969068722728960
1274971116834926593
1274973394283331587
1274974579039985667
1274975627603402752
1274975721350246400
1274975811544576000
1274976668155863040
1274977501589041153
1274977588767674368
1274978560374190081
1274978936707928064
1274981540842307595
1274982726550994944
1274982988745330690
1274985149118025728
1274985584327487488
1274986416422793217
1274986587948892160
1274987350909571072
1274987700651622401
1274987906931687424
1274988498919895041
1274989287512002560
1274994571206725632
1274996961427386368
1274997577889398785
1274999382983634944
1274999638894903297
1275000451302211585
1275001930566303744
1275004234585395200
1275004454371078145
1275004601138176001
1275004680842571776
1275004975668748288
1275006209800757249
1275007127258492928
1275007318178951170
1275007658106318848
1275007743229718530
1275007855645429760
1275008467582017536
1275009488307785729
1275010595469828098
1275011249663700994
1275012031402225664
1275012167675211776
1275012682693787649
1275015756812410881
1275015969505595393
1275016120844423168
1275017516285190144
1275019074943062019
1275021217284730881
1275021484239368192
1275022817881239552
1275024150189375488
1275024519241953281
1275024677799223296
1275024691745308673
1275025232223338496
1275025550550032385
1275027461579792384
1275028578229313537
1275030496150319104
1275031053883682816
1275031256862842880
1275031348722319360
1275032418303438848
1275032521630048256
1275033130617892864
1275034873397489664
1275036003774763008
1275036690646577155
1275038855834427392
1275040767724183554
1275043558563565568
1275048623726710784
1275048724486483968
1275049960438824966
1275050053233606657
1275050182271352832
1275050327058911233
1275058239374151685
1275058650814361600
1275058869610246148
1275062548287483916
1275063675615719426
1275063706058014720
1275064237417566219
1275066373119434754
1275066554183380994
1275067605053632512
1275067840727408640
1275068113201975298
1275068254466109448
1275068539813027842
1275070599631536133
1275070997494824961
1275071978810953733
1275072121824145408
1275074866949943299
1275076225128521735
1275076921626247168
1275077237411246083
1275077315353915395
1275077339525726211
1275078779673522178
1275079011991871488
1275080299219582976
1275081271794794497
1275082033555927042
1275083208934088704
1275087026493116416
1275087568179048448
1275088044631048192
1275089612139085824
1275089919942090753
1275092454341881857
1275095929792499714
1275095961182715905
1275098027745665036
1275102537738305537
1275104811755597828
1275105706283167744
1275107296809349120
1275107896175411200
1275108719559409664
1275109147927654407
1275110740043554817
1275112477487845377
1275112805205774336
1275114934049730560
1275115336568672256
1275116620331925505
1275123696697348098
1275125221687787521
1275126372348817408
1275126782870482944
1275131143180828673
1275132937680195585
1275133922888822784
1275135953435160576
1275140119238832129
1275144453150240768
1275145101870657536
1275145474811387904
1275147619203858432
1275148460665090055
1275148762940231680
1275151349034844160
1275154501855588353
1275155798906114049
1275169764906762242
1275171820262486017
1275176032144769024
1275176505673347073
1275189964003610624
1275192648530145281
1275213297575329793
1275258766213120000
1275269280683094016
1275274206100373505
1275277135998042112
1275300915931607043
1275301886845837312
1275323264655491072
1275391949671809025
1275467832810233856
1275500124731400192
1275711154300608512
1277838825327177728
1278229237007216640
1278336060410363907
1279038539762561024
