id
1272697137621372928
1272706391392677890
1272707928252796929
1272708605729357824
1272708666441908224
1272712046677831680
1272715073916555265
1272723679751704582
1272725662713827328
1272726305461555200
1272729333170348032
1272733209625653251
1272735797595127815
1272736575793709056
1272736754546561024
1272737095686090752
1272737454047412224
1272737493268471808
1272738186851049473
1272738574316630017
1272739276736716801
1272740002447781890
1272743491722854401
1272744150924800000
1272745925501280256
1272748705578283008
1272749142276620289
1272749352058945536
1272749759959187456
1272750169390567424
1272750765099147264
1272751456634855425
1272751678928764928
1272751905471524864
1272753231358132225
1272753834150883328
1272753889683451906
1272754168516587520
1272754693685592064
1272754908907749381
1272755785060106240
1272755786091917314
1272755974776840194
1272756565209018368
1272757334037524486
1272758377269981184
1272759055740596224
1272759622001217537
1272760151884218373
1272760499474579457
1272762168925057024
1272762456985620480
1272762860041416704
1272763768640954369
1272765562263711746
1272765653917642753
1272766331125788672
1272766881414254598
1272766996392759296
1272767324609634306
1272767681557479424
1272769370712752128
1272769498425126913
1272769557694832641
1272770153738977280
1272770194067218432
1272770249641742336
1272770412326252545
1272771312876843009
1272775649346781186
1272775728900091904
1272775793576271875
1272777707311398912
1272779653879480320
1272781622132301830
1272784186470879232
1272784510929694723
1272784923460374528
1272785597585743873
1272786729015992325
1272787338125434881
1272790745573777411
1272792694436159488
1272792835960397826
1272792927903744000
1272793085060067328
1272794159955488768
1272794542106763265
1272794858743197696
1272798521939259393
1272803613153226754
1272804840058449920
1272805506994696193
1272808537706520576
1272808931643949056
1272810403190304768
1272811469608898560
1272812211300229120
1272812853263609857
1272813170868936709
1272813704719953925
1272813761926176768
1272814234678616064
1272814738951430145
1272815896860319744
1272816304408408064
1272816355398397953
1272816754901819398
1272817811325243393
1272817841968906240
1272820084788957184
1272822327730860036
1272822766614413317
1272823691601080321
1272823814741614593
1272824246918578176
1272824506910818304
1272824787375710208
1272824802495983617
1272825129668472832
1272825191819694081
1272826689488162816
1272827880842473472
1272828247957372928
1272828607925190656
1272829866824486912
1272830667772973056
1272831479442051072
1272831499230822401
1272831540662120450
1272832342516621317
1272832614265569280
1272832795216195594
1272833182363090944
1272833227699310592
1272833292631302144
1272835740926271488
1272836359456055298
1272836521427644416
1272837991761711105
1272840700430819328
1272841335687360513
1272841381896060928
1272841561806495744
1272841610770780160
1272845916668489731
1272847389225676800
1272847833587052550
1272847962469593089
1272847973680988160
1272848682908397569
1272849974733094913
1272850462560018437
1272850513449517057
1272851011317596160
1272851438570319872
1272851816582004737
1272852127904174084
1272852192089661440
1272852373707165702
1272853312803532801
1272853587840741376
1272856437207658496
1272857795054800897
1272858540294561794
1272859641966256129
1272860855743332352
1272862726914621446
1272864045108871168
1272865212882751488
1272865974002135040
1272866658810355712
1272868627792838659
1272869802181197827
1272869841569869824
1272870759581519873
1272872814324768768
1272875652610289666
1272876426518097922
1272876773408006149
1272881654881595395
1272883647604015104
1272884185099837441
1272884591674773510
1272885511720484867
1272887566002503680
1272887717710495746
1272889414448971776
1272891835304861702
1272893513810796544
1272894136471949318
1272894624579964938
1272895462257934338
1272895949833207812
1272899316915621888
1272900662565703682
1272901442202935298
1272901590966587397
1272901597744582656
1272901758784806914
1272901779265634308
1272902292652593153
1272904020349288452
1272907567736532993
1272909875161567232
1272910415870091264
1272913256227590155
1272913518707142657
1272914185718919168
1272914621817516032
1272916887769247746
1272917552977440770
1272921367147503616
1272921538505760771
1272921589240049664
1272924997187538945
1272929143949156353
1272929603514843139
1272929995485298688
1272930899152310276
1272932309004546048
1272932484754243584
1272932944378597376
1272935925992087552
1272938552397950980
1272939013830295552
1272943143244017665
1272943744459763713
1272943814559191040
1272943867361234946
1272943969140269056
1272944059846258690
1272944850715856896
1272945486261968897
1272945580621217792
1272948310458810368
1272948752265834496
1272949186514653184
1272949510725988352
1272949543940710400
1272950244070711296
1272950352350810112
1272952388727574532
1272954735474036736
1272958046965166080
1272960268255936512
1272964715409338368
1272965653125754880
1272966977644949504
1272971252483813376
1272972480500518913
1272985539000414210
1272988459477733378
1273117529255432193
1273125648706473984
1273127270580989952
1274003100630581250
1274007160674910208
1274007250189729794
1274007473863589889
