id
1271236958610534400
1271257709782818822
1271271586876682240
1271272124854886400
1271272819528089600
1271273271460163584
1271273642421149698
1271276414545752065
1271282017305427969
1271282767033069574
1271287572061274120
1271292010742218753
1271296539214766080
1271297919446970370
1271298651940241408
1271300861491212288
1271301026457346048
1271301688381468672
1271302109619720197
1271304057508904960
1271304108423569409
1271304660632997888
1271305551759020032
1271310185705816065
1271310270216826880
1271311023333470211
1271312914029228036
1271312940780552192
1271313328443256836
1271315643996897280
1271315852076310528
1271316160655486977
1271316637073862658
1271317768764182530
1271320395128303616
1271322485812649986
1271323316922400769
1271323524636921869
1271323874697699328
1271324533689991168
1271324758190067713
1271325397641117696
1271325465966374912
1271326198455349249
1271326278939897862
1271327034518593538
1271327738649952256
1271328484275568645
1271330288090537985
1271330390288920581
1271330696498298881
1271331101831598083
1271331702502068224
1271334003883171840
1271334760728506368
1271337389018021890
1271338011511250946
1271339788516208650
1271340054527520774
1271340630208401410
1271341644718026752
1271341669049200640
1271342268775936000
1271343276822429697
1271343640418201600
1271344802907348993
1271345011741691904
1271345835863797760
1271346280833273856
1271351088084475905
1271354455171035136
1271360671804874753
1271360812884439040
1271361622603251712
1271361689724706817
1271361878929715202
1271361926430244864
1271361995275563012
1271362350138814464
1271362401435217920
1271362444443648000
1271363086788595712
1271363102332706817
1271363126672240646
1271363181991071744
1271363429366812673
1271363607130001408
1271364093119623168
1271364110634999809
1271365023399424001
1271365918883409921
1271366263080538113
1271366317283479552
1271366356051480576
1271366631390773248
1271367109109362690
1271367158694477825
1271367353230475269
1271367755812319233
1271368414255185927
1271369046114488327
1271369359651291137
1271369378097840129
1271369591751503872
1271370268057821184
1271370633943773184
1271371449522024448
1271371620070723585
1271372746627248129
1271373290817257475
1271373314653597696
1271374088875864064
1271375138194259968
1271375221958696968
1271375585399341056
1271376267644821506
1271376509513592834
1271377195563282432
1271377295224127488
1271378076081901569
1271378970735304704
1271379138046197761
1271379427348189184
1271379697532715008
1271379776138182659
1271380039875977216
1271380673962614785
1271380831513178113
1271380855408058368
1271381734077026305
1271382013035999233
1271383198459547649
1271383867442622464
1271384559242731520
1271384776717381637
1271384869528952832
1271385260329021441
1271385696016592896
1271386003777875968
1271386889920974848
1271387241957355520
1271387486543998978
1271387797841162240
1271387836579627008
1271387842556526593
1271388383370268672
1271388629361922048
1271388981356199936
1271389280376668160
1271389430964600833
1271389559800991744
1271389889079083010
1271390008130191360
1271390188518834177
1271391101715283969
1271391959748243458
1271393019674189829
1271393343969169408
1271395048165269505
1271396474715123712
1271397149440225280
1271397658913980416
1271397789767921664
1271398013810794496
1271399499928203264
1271399674608529408
1271399739133583361
1271399740429619201
1271400456200192000
1271400615252357120
1271400656163635202
1271401406667403265
1271402095850123269
1271402233255456768
1271403594231603200
1271403608731336706
1271403640251535361
1271405473447763968
1271405540820705280
1271405915808378880
1271406288421875718
1271406350803841024
1271406935145803778
1271407085259907072
1271407700354596865
1271407817178492929
1271409181292036098
1271412869725220870
1271412954605318144
1271413186730684417
1271414235575341056
1271414296530915338
1271414745917079553
1271415144753446912
1271415799337463813
1271416019173519367
1271416094910058496
1271417922498383877
1271418776521568256
1271419415783858176
1271419983336099841
1271420130900111362
1271420719432216577
1271421947436384262
1271422497645158401
1271423258022121473
1271423421281234946
1271423737162850304
1271424063324352513
1271424362424315906
1271424664116563969
1271425333141491714
1271426332535087108
1271428361991204864
1271429973576806410
1271430175079596035
1271430870805524482
1271431079560429568
1271433292277968897
1271433639704891395
1271433889559408649
1271434078647017479
1271434143054741507
1271434229511929857
1271434238731055106
1271435184538148864
1271435957355479040
1271435984714883075
1271436726171398144
1271436897231892487
1271437367937626113
1271437370076696577
1271437511030603776
1271438065567817735
1271438186338643971
1271438833364553728
1271439297820987393
1271439613098225666
1271439716546535424
1271439988345847808
1271440817501040641
1271442397793116162
1271442473546428419
1271442530962464770
1271442696431792130
1271443256627261440
1271443375275663365
1271443539440758784
1271443574417027074
1271443694495756289
1271443745615933440
1271444248450088962
1271444643880685570
1271444845857398784
1271444872734490627
1271444959833362432
1271445271260442626
1271445615004676096
1271445849034244099
1271445989434392581
1271446143218511873
1271446147542822912
1271447382559875072
1271447473358176258
1271448014222233600
1271448647033516032
1271448825941463041
1271450459505487873
1271450776770994176
1271450815732072448
1271450851165388806
1271451253881442309
1271452061557682178
1271453027942072321
1271454074433462272
1271454202137464837
1271455386701139969
1271456792313098240
1271457467910680586
1271457705505419265
1271457892961382400
1271458943718445056
1271459011137687553
1271459210115469312
1271459215660335106
1271459344870043649
1271459652803297280
1271460707767181314
1271461349445394433
1271462115304370177
1271463036235046913
1271463645814251528
1271463823610765315
1271464198749356032
1271464319310368775
1271464777261346816
1271465108527394816
1271466316604403712
1271466373349142536
1271466754699649025
1271466926091333632
1271467152202067968
1271467375032848389
1271467933848330240
1271468622167240705
1271469234019692545
1271469639868903425
1271470601874534405
1271470900198567938
1271470919979073539
1271470987683348480
1271471518308904961
1271474480586473485
1271474522261086209
1271474711608700928
1271475853109522432
1271478292659367936
1271478418945609728
1271478515720876032
1271479718068383745
1271480030980272128
1271480079353143296
1271480095178276864
1271481105837768705
1271481359983247364
1271482235116384256
1271485971536556034
1271487349604511745
1271487667134291968
1271488835306676224
1271488842760024067
1271490800124219393
1271492459076349952
1271493941481705472
1271494279609884673
1271495809352097792
1271496320813985792
1271497544019800064
1271498015182708737
1271498020593360896
1271498433438740481
1271500230265954305
1271500312893784065
1271501804115656704
1271502717278490624
1271502834849087489
1271503357920735232
1271505868610088960
1271506151687860224
1271508884272803840
1271509203618652160
1271511202321928192
1271511288640761856
1271511630182903808
1271512426580635648
1271512561947537408
1271513717524463617
1271514096328863745
1271514587272302597
1271515296730210304
1271515315826900992
1271522006182199296
1271523479649730562
1271524645489934337
1271525434497265664
1271527865654353921
1271528875688726529
1271529346973351936
1271532365416808448
1271549268344487938
1271550942241001475
1271550951162331136
1271564732386832385
1271574752482652160
1271616198359175173
1271635761096306689
1271654745137016836
1271670385835036673
1271689265231982597
1271702680956698626
1271704347618021376
1271709851572264963
1271728955070877698
1271738300538200066
1271746501048274945
1271775691881672704
1271799414969888769
1271805361494736902
1271843915134496768
1272179005643468800
1272212549426008065
1272226439471849472
1273157303940845569
1273299707775692800
