id
1268359964323532800
1268360857647321088
1268363279342071808
1268366438059765760
1268371096719458306
1268371259814969344
1268372449080553473
1268374314849652736
1268374731071328256
1268375448947433473
1268376114436562944
1268376235014529024
1268382549899792384
1268382815441346560
1268384916120764420
1268385475376676864
1268386230301085703
1268387277413236739
1268388761899077632
1268389481398145024
1268392032239665152
1268392982991925249
1268392994417315842
1268393046653239297
1268393118728024065
1268393496756576257
1268395488568471552
1268396221816868866
1268396602667880449
1268397258912890881
1268397845251362822
1268398120917970950
1268398270545608705
1268400178224136192
1268400372705644549
1268401858424553474
1268403712332095488
1268404703945060353
1268405550573895681
1268406261994991621
1268407054751891459
1268410461038534656
1268411214524149761
1268412805541253121
1268412921119305729
1268414707582373894
1268415423671746560
1268416229741457408
1268418807074377730
1268419489164439552
1268419910285352960
1268420232638377984
1268420473534152705
1268420518425907200
1268422228988715010
1268424094074015751
1268424490477858818
1268424912152092672
1268425513732726786
1268425801042542597
1268426067074842624
1268426861064777728
1268427034709000192
1268427272517750784
1268428415591346176
1268429771978891264
1268430413606707207
1268430631379169280
1268430896845250560
1268430963589120000
1268430996610768896
1268432910337495042
1268432914565304321
1268433033671081985
1268433095021047808
1268435491319361536
1268436147530760194
1268437574755864576
1268438039254065152
1268438637328453633
1268440799932366848
1268442329683070976
1268445652322672640
1268445682257420290
1268445815552409600
1268447285207171073
1268449232253595648
1268450343605563392
1268452404594266113
1268452552384757763
1268459342828679168
1268460705067479040
1268460980041920512
1268461351053058049
1268462835778162688
1268463151533617152
1268463398326398977
1268464622924959744
1268465369355821057
1268465594833047557
1268465734008680448
1268466325908840448
1268466532004196353
1268467143848243201
1268468839181717504
1268471329713512449
1268471459027902464
1268471870887780353
1268472128912982018
1268472488540987392
1268472563618832385
1268472830179540993
1268472944176631808
1268473231024906241
1268473550790250496
1268473747771555851
1268473930051772416
1268473995671801856
1268474063300825094
1268474260193898498
1268474821710622723
1268475035301212160
1268475837587881984
1268476445937958912
1268477387433361408
1268479209573429248
1268480167552282624
1268480527318671360
1268481358310961155
1268482265798991872
1268482822265856002
1268484379052933121
1268485311052394497
1268486705478201344
1268487561531408384
1268488382532816897
1268490178579935232
1268491007060041729
1268491011652587520
1268496970563366912
1268497892047589376
1268498137280176128
1268500637525979138
1268500944796278785
1268503228229890048
1268506116742406145
1268508976456630272
1268509291486392320
1268509339637157891
1268509471170539525
1268509694676668416
1268509713542418432
1268510329341968384
1268510362305007618
1268510626218946560
1268510809975599104
1268510816661377025
1268510833337757698
1268510844226359302
1268510929085501441
1268510933384495106
1268510950283452423
1268510961402556416
1268510968197324800
1268510969996742656
1268510984521388032
1268510988665585665
1268510989714182145
1268510994109566977
1268511083284725760
1268511190877175810
1268511274696130562
1268511444825305088
1268511648890880002
1268511701516931073
1268511842483109891
1268511976566558723
1268512104593711104
1268512167386443776
1268512221677617152
1268512314556387328
1268512329903288320
1268512759433637888
1268512791612329986
1268512943001526275
1268512977076043776
1268513388939718656
1268514002193260545
1268514633448656901
1268514851825090560
1268514963598962690
1268514964840595457
1268515016686403584
1268515358064824320
1268515771082145793
1268515902086983682
1268515980130414593
1268516533204066304
1268516638292348928
1268516665047740417
1268517110101221379
1268517423600336900
1268517523324121089
1268517552008892418
1268517557117435906
1268517639879643137
1268518050938019840
1268518208803409922
1268518334234013696
1268519209723715584
1268519386114973697
1268519560090615817
1268519587731177472
1268519793294020608
1268520562189578242
1268520860664684544
1268520957653606402
1268521143348219904
1268521263225622529
1268521468524220416
1268521943336026115
1268522102904123392
1268522332957470720
1268522689574002688
1268522737842245633
1268523198271782912
1268523984213008385
1268524367773745152
1268524954070315008
1268525448222269441
1268525629793804294
1268525846190424064
1268525961970020353
1268526223174631425
1268526627094507520
1268526850239692800
1268527002480332801
1268527095757635584
1268527287332409344
1268527871615799296
1268527918042447876
1268529255421554688
1268530409853325314
1268530488114700290
1268530551540953088
1268531116593434624
1268531548028010506
1268532219783581697
1268532286225477632
1268532475107696640
1268532623590244353
1268533603983659008
1268533611839606785
1268533917734371334
1268534580593725441
1268535695863427073
1268535838440255488
1268535893175996416
1268536328473509888
1268536434761359360
1268536528831156224
1268536644338057219
1268536793948880896
1268536896688275456
1268536961695956992
1268537122941796353
1268537282455310337
1268537595811807232
1268537965057376256
1268539344471687169
1268539358283468800
1268540060284211205
1268540914953334792
1268541097476796421
1268541766707249152
1268541932109803527
1268542020823527437
1268542511468949505
1268542526245482501
1268542775240384517
1268542991985250311
1268543346768785409
1268543854132764675
1268544813823123460
1268545054727188483
1268545581905035265
1268546588122714119
1268546804842483715
1268546818285146113
1268547390086225922
1268547395052343297
1268547439021174787
1268547522454261761
1268547644944797705
1268548093164871681
1268548356269367307
1268548873028603911
1268549342115364865
1268550129021341698
1268550298404093952
1268552144782864384
1268552977603846146
1268553807396392961
1268554313757978624
1268554745788223488
1268554807255560192
1268557687672823813
1268557761069137922
1268558705668358153
1268559279998423046
1268559342145548290
1268559551017730051
1268560772566745088
1268561072316809218
1268561391268401152
1268564003187568642
1268564190962294791
1268564707062906882
1268565486872039425
1268566613386842113
1268567604391604226
1268568165178470402
1268568733120790528
1268569075812372480
1268570388872589319
1268571307005734914
1268571363423510528
1268574043399172096
1268574094712115200
1268574276161900544
1268574454600392711
1268574675107368960
1268574696934649856
1268574703742005249
1268574797329383425
1268574868427157505
1268575276981616640
1268575536877633538
1268575938293325825
1268576018283073537
1268576209807474692
1268576771173212160
1268576937301204993
1268578427415625728
1268578456075489282
1268579051335151622
1268579517582450690
1268580151073243136
1268580774069989377
1268581775900651520
1268582719073615873
1268583625022484480
1268583990052651010
1268584474964627456
1268585328417345540
1268585474379206656
1268585669078573056
1268586721437982721
1268586957183111168
1268586960588849153
1268587321831632897
1268589007996256256
1268589749050245121
1268590668110344193
1268593291831828482
1268593535546265602
1268593549630676998
1268594066620645376
1268594360200945666
1268597061613760518
1268597231550005248
1268597422369857536
1268598383880667138
1268598463563829250
1268599385174261760
1268600239667232768
1268601949500461059
1268602942723993600
1268603058394591233
1268603683304099843
1268604845679759360
1268605032657608705
1268605115260338177
1268607291994988544
1268608164380971008
1268609242522505218
1268609484190089216
1268611618830798848
1268611786338496512
1268612176257921025
1268612233149308929
1268612906888974336
1268613103710855169
1268614987368415232
1268616675261165573
1268616752058863619
1268616793259565061
1268620576580485121
1268622264011915265
1268626194460639232
1268627233846919168
1268628822259310593
1268629891999621121
1268632120232046594
1268632844726792192
1268632854356877312
1268636896701407232
1268637357420490752
1268637804172476416
1268642067443601430
1268644266428919809
1268650145329053697
1268655554563502081
1268674233481256966
1268698056402317313
1268700148189847552
1268706775517159424
1268708593680842753
1268710915584606208
1268710928033275905
1268715866956292096
1268719689473183745
1268720724568674309
1268720835662999552
1268722909532483585
1268724727230558208
1268725157151072256
1268732653840162817
1268736307070668801
1268737983659663362
1268739000480694273
1268743076882743297
1268744805829488642
1268745482198831104
1268745695718191104
1268748234874388481
1268749076993994753
1268752724062945280
1268754127539990529
1268754273204125698
1268758430631804930
1268760498759065600
1268760567512104960
1268760600001175552
1268760654262886400
1268760715508060160
1268760816989372416
1268760900925677568
1268761109336592385
1268761139434815491
1268761269646979073
1268761570219143168
1268761715090395137
1268761778974064640
1268762239697334273
1268762270286245889
1268762346018574337
1268762409759629315
1268762581965000706
1268762609148481536
1268763245675978752
1268763310599450624
1268763672391942145
1268763753157259266
1268764038030229505
1268764155219185664
1268764825431269377
1268765056029736960
1268765201303654405
1268765272510472193
1268765334464532480
1268765410100498432
1268765599339069441
1268765718763368448
1268766036494434305
1268766220322344961
1268767300871688194
1268767859049562113
1268768150696325121
1268768701190266880
1268768808677801985
1268769017256345601
1268769675355226112
1268769792057622531
1268769927797682176
1268770033716658181
1268770185143599104
1268770917510873088
1268771443728416769
1268772197859913733
1268776012780716033
1268776787368009728
1268778269886812160
1268778371070201857
1268778941785034752
1268779963370487808
1268780951665950720
1268783172654977024
1268783725673930752
1268783785962647552
1268783858402631680
1268789485376081920
1268798494837321728
1268801254823624706
1268803314193317890
1268804247073636353
1268804322407510016
1268804339952320513
1268807603573809152
1268808209759981570
1268808953913360384
1268809217399390209
1268809388652978176
1268810771376504832
1268812207678242816
1268815266529439745
1268815475238031360
1268821636440043521
1268821850022391808
1268822054968705024
1268824741743378432
1268826779734679552
1268831810479255554
1268839841954922497
1268852914128326656
1268857106435911682
1268860598353158144
1268862447357554688
1268863128894390272
1268864417845960704
1268873004571922432
1268877000166514693
1268882407693979648
1268884580637032453
1268890002664103939
1268893581181419522
1268898427959730176
1268899131411619842
1268901802663129094
1268907211759255553
1268910805480730626
1268911168409591810
1268918011462852608
1268927748342513664
1268928226233143297
1268928269920993281
1268971790212059141
1268996585029095425
1269051170321952768
1269082625051774978
1269093313526657024
1269103323631648770
1269120235715481600
1269241929641984001
1269281301963685890
1269610840292036613
1269900169014915073
1269900177139269633
1269971345930178563
1270017762618998784
1270228539288293379
1270228547429433349
1270359195393519618
1270374514174488576
1270582478651027456
1270931513295515650
1270931655641796609
1271077625096634368
1271077814725304320
1271398038544646145
1271398407504949248
1272445325362356226
1272480642786189314
1272491037081157637
1272523869178540040
1272685097527832576
1273263532042223617
1275505382517903361
