id
1269422862655303680
1269426457253687303
1269435410934927361
1269435837869162498
1269436286697259008
1269442579340365827
1269443300597084160
1269444066548342789
1269444707819704322
1269445629522165762
1269446560175337472
1269448156510642177
1269450180828463110
1269450323258568704
1269451119799029762
1269451806993797121
1269453573605253120
1269454457277779968
1269458304079499264
1269464765891403776
1269466176721170432
1269466808119103488
1269469049886367744
1269469632953487360
1269469758102966272
1269470626110111745
1269473657220411400
1269474102991077382
1269475159498469376
1269478925157240832
1269479029326909441
1269479187699515394
1269479894389489664
1269479906230046720
1269481557787639809
1269482339698008072
1269483870111461376
1269484245036212224
1269484337969283072
1269484786483109889
1269485188729303040
1269485194672816129
1269485561645064193
1269486343534436353
1269487477955289088
1269490537582809089
1269490986838827013
1269491175603437570
1269492727713955840
1269495496415969280
1269495647431831552
1269496355740925952
1269496370160902144
1269496730795552780
1269497030474371074
1269497555231977472
1269497586538418178
1269498122452865026
1269498266997026816
1269498437126557701
1269498911443390469
1269498988429848576
1269499483445837824
1269500049286930433
1269500528481861632
1269500982859202560
1269501147070394369
1269501288003198977
1269501478839791616
1269502397954523141
1269503641880113152
1269503793672196097
1269505326275088384
1269505795928010753
1269505913410314240
1269506385667973121
1269506405792243713
1269506678334128129
1269507823504941056
1269508993069842432
1269510352242262022
1269510951167901696
1269511229405450240
1269511471504842752
1269511706763395072
1269511816914382849
1269511852746293248
1269512029024342016
1269512123937198081
1269512565564071937
1269513036039102464
1269513287676256256
1269513837964820483
1269515295929978880
1269516540342386691
1269517448124006401
1269517537324068864
1269517746888339456
1269519199753256960
1269520365744578561
1269520750328733696
1269521054319300608
1269521258275725313
1269522233283788800
1269523211219275776
1269524377277812736
1269524988182355969
1269525632901251073
1269528661310337026
1269529042610315264
1269529338388664327
1269529542646878208
1269530063420248064
1269530406128402434
1269530977014935553
1269531116056145920
1269531319505125379
1269531431039979521
1269531773970509825
1269532435621920769
1269533158262931456
1269533288349052930
1269534022717313024
1269534667738398726
1269536920142598144
1269537513766608896
1269537702325731328
1269538678323294209
1269538726763470850
1269539015075586052
1269539297520017408
1269539301114564608
1269539734432309248
1269539878556979202
1269541286891020289
1269541305241100289
1269541786373906434
1269542308057280512
1269542986112778240
1269543202656096258
1269543657738104832
1269544624944640001
1269545439260479489
1269545503789744128
1269547008131563524
1269547030830931968
1269547344661557249
1269547435275120640
1269548718006517761
1269549684986535937
1269549870362161153
1269550322478972934
1269551185318383616
1269551314708475907
1269551442274193408
1269551878527827968
1269552179863576577
1269552354728333312
1269552945185472515
1269553343254454273
1269553592031035398
1269553599153086468
1269554121645928448
1269555014499958790
1269555228308910083
1269555509385822210
1269555616068009984
1269555814630490112
1269555882393849856
1269556043568332801
1269556399199211520
1269556403909386244
1269556627469828096
1269556642913251328
1269556981171400705
1269557517102678016
1269557866903592960
1269558359377809410
1269558472896471040
1269558504001376257
1269558542433828864
1269559572609536003
1269559696861487104
1269561840733843457
1269562253134749696
1269562338975211520
1269562383200026624
1269564214756151296
1269564265108815872
1269564758228733953
1269565206159474688
1269565372254105600
1269565821589827584
1269568640409468929
1269570942608367617
1269571404850225156
1269571575256236038
1269576285010956288
1269576661462323200
1269577651447971840
1269578178999103488
1269578209583980546
1269578536920084480
1269579135661125632
1269579456319942656
1269580339351093252
1269580710941061120
1269581437662949378
1269581882435371008
1269582682020696066
1269584893719314432
1269584948131958791
1269585120270450689
1269586341672546304
1269588464770715649
1269591279337385985
1269592068227076097
1269592218739724289
1269592297810694146
1269593894393573376
1269595465563037696
1269595528678879232
1269595923069337601
1269598079600128001
1269599670868860936
1269600678776729606
1269600911464128514
1269601731463135232
1269601744029282304
1269604221915029507
1269604551331508224
1269605144372576258
1269605615984357377
1269606143518576647
1269606144034484224
1269606565956349952
1269606763319267328
1269606783967883264
1269606829211844608
1269607234906001408
1269607236797698048
1269607473448660994
1269607978400768001
1269609669271654401
1269609763807145984
1269611201694101505
1269611382430982144
1269612824495456256
1269616136875696129
1269616493068615685
1269617433427374081
1269617941680537606
1269619051111874560
1269619083382632454
1269619264622747655
1269619954493644801
1269620008893575168
1269620403846012934
1269620689503268867
1269620777789222912
1269621266073489408
1269621424903401472
1269621749030612993
1269622588910628864
1269622640114794497
1269622942503186432
1269623865052807168
1269624072704425985
1269624189964529664
1269624267747979264
1269624295400955909
1269624360202977280
1269624779310415872
1269624821937246209
1269625391980765185
1269626887375970304
1269627173305974784
1269627192314441730
1269627384069644288
1269628146493480961
1269628162461143043
1269628196028207104
1269628384461516800
1269629616903409664
1269630153279373312
1269630384611815424
1269631235401244672
1269631269098455040
1269633120711651332
1269633843188899841
1269634794146664452
1269634842997616646
1269635797453385734
1269636301684240384
1269637071511011329
1269637079488761856
1269637460947918849
1269637551448604673
1269638299997650944
1269638496517386240
1269639768494665729
1269640064411348999
1269640927376744449
1269641665293299714
1269642159227101184
1269644086421700609
1269644539238768641
1269644929136910337
1269645083994992642
1269645388736335874
1269645641094803456
1269645714688098304
1269645736448159745
1269645878941237251
1269646196152434692
1269647034333581315
1269648192070488064
1269649648454717440
1269649921336098821
1269649953003122690
1269651445084762114
1269652382100660227
1269653500503314432
1269655210370174982
1269655938866180099
1269656676191227904
1269657816958029830
1269657947811934208
1269659027702796289
1269659235530338304
1269659401612169216
1269659767716212737
1269660320361938944
1269660487010172931
1269661288319217664
1269662036050337793
1269662628110118912
1269662779503513602
1269663072970346497
1269663481260892160
1269663908891103232
1269666323417534464
1269668378748346368
1269668439129538561
1269672233234030592
1269673367545671681
1269673421727625216
1269674680153186304
1269675512378429441
1269676469921316865
1269676758267244544
1269676822637223938
1269677005374545925
1269677877513109505
1269679202107711488
1269679284433620993
1269679293468155904
1269680269818163200
1269680595828785152
1269680657996734464
1269681058309537792
1269681236122861568
1269682160731996161
1269683064533159936
1269683806086344705
1269683827074633730
1269684007987527687
1269684659987910657
1269685249958535168
1269686155714404352
1269686624616669185
1269687650883117058
1269688163481448448
1269688599345160192
1269688956117045249
1269689182462631943
1269691501191196674
1269693011039907840
1269693042153287680
1269693114454687744
1269693209816387584
1269694558457286660
1269694863412539392
1269695487914971140
1269696598923259904
1269703389480280064
1269703446883516416
1269705334706155522
1269705912895168512
1269706135977648128
1269708690245943297
1269708856977915904
1269709335422263305
1269712772532563968
1269713166759366656
1269714915012440065
1269716285077680128
1269716974017236992
1269717089826177024
1269720921129906176
1269727533060112384
1269732797071024128
1269752516096348161
1269752574753849346
1269754568365072387
1269758119787233281
1269770624458768385
1269772763818065920
1269774293803495424
1269785691136851968
1269790060162973700
1269794468980338690
1269804569531465728
1269818869021106179
1269834266386608128
1269835185891115008
1269835207705673729
1269844671926136832
1269847618575728641
1269849773839802371
1269855724106121217
1269857712466046976
1269864668773920768
1269868182904266752
1269877002124886017
1269879368622452739
1269879425451143169
1269879452168859648
1269879486457221120
1269881274082062336
1269885317470961664
1269885457581535234
1269888918444486656
1269894434382118917
1269894930115301376
1269906034857926656
1269911596001722369
1269940209522667520
1269946903573278720
1269952901931204608
1269982780378755078
1269993492320784388
1270039345593044998
1270040668354818050
1270075699215253504
1270155368753233921
1270155494758498304
1270173801293033472
1270192400686706689
1270204511424876544
1270211782112657415
1270223784214016001
1270271879195103232
1270374946288668674
1270675275076911104
1270830164155314176
1271078560917147649
1271457439393517572
1274462961742917632
1275107465462288385
1289147307875692545
