id
1276333961455656960
1276346612340518912
1276347013328629760
1276351245859479554
1276353193861976064
1276353790736601089
1276362373897437184
1276364486761316353
1276364852282322944
1276370025847255042
1276370366818992129
1276372629625229312
1276373819343552512
1276375688107290624
1276378842978869249
1276378891674808320
1276380838414782466
1276381256393961472
1276382384783413248
1276382684432998400
1276382848333705216
1276383006593216512
1276384680384872448
1276386575652278273
1276390302798897153
1276390557917409280
1276393390838476800
1276393656425910272
1276394020801896448
1276396868683968513
1276399405369827328
1276401867598118912
1276403218440830976
1276406747310112768
1276406861130919936
1276407147094396929
1276407626025201666
1276410483394834433
1276410760558637058
1276411085147353089
1276411617480065024
1276415015617130498
1276417396345982981
1276419771135741952
1276421724746027013
1276421976383385600
1276422941282938881
1276423227888119809
1276423762599047170
1276424301571383296
1276427239551143936
1276429283104141312
1276430928512839681
1276430995130998784
1276431096545071105
1276432175559315456
1276432218055782400
1276433807353057281
1276433992858783746
1276434142096355334
1276434394111029248
1276434636818616322
1276434763209818112
1276434867304235010
1276434924107558917
1276435104370311169
1276435287111954433
1276435290584825857
1276436205190569987
1276436319464419328
1276436900325326848
1276436925834911745
1276437083435921413
1276438988165799936
1276440006911901697
1276440076956782592
1276440507502129152
1276441068578324481
1276441569093013504
1276443765373145088
1276446783443316736
1276449766713421824
1276450053041688577
1276451896761311232
1276453024399912960
1276454370184323072
1276459679980220416
1276461196141457410
1276462847413768192
1276464642580049921
1276465586063552513
1276465762136252416
1276466324420481024
1276466988672409601
1276468523515047938
1276468554917789697
1276470054440165382
1276477301966815238
1276478591186812928
1276478608844812288
1276478642021781506
1276480225551847424
1276480241465094145
1276480264454025216
1276480269906661379
1276480382804750339
1276482775877472257
1276483800596275206
1276484748307619840
1276485371421851648
1276485917788626944
1276487118894718978
1276487788003602434
1276490091720929280
1276490532210933760
1276492131532566530
1276492899199275008
1276493129860825090
1276493145413349379
1276493389559558147
1276493910974459906
1276496932773359616
1276497074675056640
1276497536090468357
1276499583128834049
1276499922418724865
1276503872400310273
1276504696505552898
1276504752323391494
1276506841258713090
1276507482093957121
1276508876418899968
1276509496773246978
1276509846355849217
1276511195814522881
1276512648692023298
1276514848495423495
1276515585522884609
1276516897270317057
1276517079827353600
1276517590089646085
1276521004429275136
1276522109041127424
1276522413816045573
1276523333257793537
1276524775272218629
1276526120163094529
1276527156076527619
1276533538825723905
1276535414531043337
1276535551131172867
1276535586245849090
1276536094662643713
1276536730288447489
1276539093803872258
1276539108181995521
1276539840062881795
1276541048668295169
1276541340457656321
1276547246469681154
1276550727956000782
1276552182330867712
1276552324131852288
1276555053193547776
1276560822353850369
1276560828532060160
1276561626703917056
1276566302526550016
1276568867188273153
1276570058039279617
1276570786686357504
1276576564864417792
1276582093724639233
1276583505410088966
1276586120592031748
1276587463310315521
1276589055422033920
1276593038475706370
1276600469683441664
1276602931404398592
1276608380149231616
1276615414378713089
1276617719849181184
1276620434952220672
1276675434873151488
1276720336885567488
1276732843545071618
1276735949599240195
1276880400707661825
