id
1229937844732514304
1229940717679595521
1229948288507371521
1229954904279543808
1229969928696016896
1229994750020685825
1230011218443685888
1230012386809204736
1230013747101487104
1230018295639597056
1230021152896102401
1230027960289239050
1230029165841113088
1230030185027604480
1230030329001467905
1230037545788039168
1230041410654494720
1230044645234794497
1230045385160351744
1230054804975566848
1230055769774710784
1230055802754326530
1230056163703545858
1230056284721860609
1230056743637483520
1230057997868716032
1230063993298964481
1230072287891615744
1230078595973951490
1230079922070114304
1230080754924679169
1230081850162286592
1230113940211814400
1230115795415568390
1230116772185092096
1230117061587808257
1230117293394448384
1230117798761967616
1230118312216080384
1230122342514339840
1230137462107889664
1230137720288284674
1230144418566590465
1230171632339079174
1230171734315339776
1230336015497342976
