id
1233190296382402560
1233200737737297920
1233204462631538688
1233242334214516736
1233250294336638979
1233274913303060481
1233275113807568896
1233293850438844417
1233295268436557824
1233304950974738437
1233332366187220992
1233332371321081857
1233352153395159051
1233366763561091073
1233374708315254784
1233378072809762816
1233390921313447936
1233392446744084482
1233394781310472192
1233395101357019136
1233403985287094273
1233425769524649987
1233426311848263680
1233439312475123712
1233439829762826240
1233440000949178369
1233452508766322688
1233456789565235200
