id
1224499033231650816
1224500396657274881
1224502066602594304
1224508052981764096
1224508138310602753
1224510706462023681
1224511459951968256
1224513070795390976
1224517112711901184
1224517938813661184
1224520392385028096
1224520472705978368
1224525494135033857
1224526926485712901
1224528877436801024
1224530980943192064
1224531406732181505
1224532104999866368
1224532364682059777
1224534929393909760
1224535701787680768
1224537306939281408
1224537561084788738
1224538059468750848
1224538410003525632
1224541098011316224
1224544733483032576
1224546856140709889
1224547192716681216
1224547490436804608
1224548956597706753
1224549475420557312
1224549557196836866
1224549619658395649
1224550194986934272
1224550362851315712
1224551164710019072
1224551823442231296
1224552943447183360
1224553068915638273
1224553902831558657
1224561904535793668
1224562004284731392
1224563606844366849
1224563633255931904
1224567604880142337
1224569221079691266
1224569418002223105
1224570952404602880
1224572067896365058
1224573723530973185
1224573887263866880
1224586064720883713
1224591158740783109
1224592222835937281
1224595150883545088
1224595214787997699
1224596607477223424
1224598130726862848
1224599025254424576
1224601364791087104
1224602296727691268
1224603910675030016
1224604135183376384
1224606504222748673
1224606759337254913
1224607833716473858
1224609221922000896
1224615421736673284
1224617514715402241
1224617685297745922
1224620729645195265
1224623946928050176
1224625051418251264
1224626152414728192
1224631421609758720
1224632861224886273
1224636224406573058
1224637749484904448
1224640617101135872
1224641271878209537
1224642853965463554
1224644277831000064
1224654441657196545
1224663761560039426
1224672267671502848
1224679098473013248
1224692113327083522
1224699652580098049
1224701969853566977
1224703008614895618
1224704714111102976
1224709564567904261
1224713726902898690
1224714492204015617
1224716743731503106
1224717014997979137
1224724451461341184
1224728894105763840
1224732241969872897
1224732391433859073
1224735031853080577
1224738119582306309
1224744207274823680
1224746487537528832
1224746647785107457
1224749712294608897
1224750024971571200
1224751768766017536
1224754626441777154
1224759005056098305
1224760691099258881
1224763478381957120
1224765016433315840
1224791773555367937
1224978924989345793
