id
1225221215817621506
1225223779699191809
1225224653985050624
1225248491489742849
1225248503116337153
1225252655276015617
1225254143624794112
1225257818032242689
1225264726575177728
1225265716498092032
1225268007561154560
1225279270437548032
1225280586769674245
1225281497411665920
1225282652913065984
1225282949001531392
1225284102296719361
1225290212709789696
1225292282078715904
1225294713793601537
1225295122977316864
1225301874972119040
1225303333771960321
1225305840300642304
1225309523432230912
1225312444647501824
1225314726072258561
1225318092466618368
1225318606868582400
1225319697052131328
1225325893326798848
1225333695852072961
1225351607539228673
1225353367788015616
1225356067065851907
1225364335804895232
1225372827118780416
1225395680295809026
1225405124480159745
1225410701901975552
1225433876681486337
1225436230810079232
1225441431721930752
1225449297270820864
1225451706231578626
1225461249170755585
1225463768714379264
1225463941309976576
1225464016102772736
1225466309648871424
1225471475529838593
1225476836693397505
1225485097488572417
1225500168537202689
1225676509773365248
