id
1254199881067122688
1254206336381804544
1254208571673399300
1254211088381550594
1254212393246187520
1254216334109405184
1254216381110915074
1254216562048815104
1254217825712959489
1254217848966320128
1254218090402836488
1254218200130043905
1254219790144565248
1254220228629856260
1254221154857947141
1254221155134668800
1254221155256287232
1254221155600384003
1254221161686274058
1254221164903313411
1254221582739935234
1254221707809886214
1254221782283739136
1254222325261586432
1254223624191520768
1254224503019880448
1254225270589894656
1254228237380513792
1254228359808118784
1254229020587094021
1254229839579578369
1254230160938725376
1254230416648802305
1254231086198140928
1254231269962993665
1254232150171246592
1254232190067576832
1254232570889289728
1254233636628463617
1254233686750498818
1254234002464047107
1254234029915688960
1254234184761184256
1254234775596027904
1254234779827888129
1254235069633437697
1254235843130056705
1254235935065210880
1254236200040230912
1254236254104776704
1254237469152735233
1254237766310752257
1254239439414456321
1254239601683607554
1254240169781272576
1254240952383922183
1254241150770335744
1254242279130378245
1254242674736984064
1254243719395504128
1254243846625660928
1254243856004132865
1254244317826146304
1254244357676371968
1254244644688236549
1254244814335479809
1254244891363860480
1254245282109255680
1254245304750100481
1254245363134787585
1254245803368968192
1254245865990094848
1254246193913159680
1254246449598136321
1254246461040136192
1254247759110004736
1254247782006710272
1254247839514996736
1254247900248489997
1254248026190819328
1254248118864023552
1254248244969787395
1254248808386629634
1254249115426459650
1254249185290960897
1254249286797156353
1254249400903168000
1254249620080918528
1254249975611097092
1254250084461510656
1254250160865099777
1254250972508913667
1254251011532705792
1254251118634233856
1254251227610640384
1254251353574199296
1254251494880104454
1254251712266801155
1254252184088137729
1254252463584088064
1254252578034114561
1254252799162007553
1254253142499160067
1254253362725388289
1254253405121331201
1254253739382276098
1254253749855375360
1254253775822323712
1254254092039401472
1254254143855878144
1254254256770580481
1254254595427184640
1254254625860907009
1254254657855201280
1254254757079928833
1254254760854556673
1254254850919055361
1254255095677456384
1254255134386860033
1254255471059402757
1254255563451633670
1254255605499351040
1254255623602081793
1254255653020815360
1254255747975634945
1254255894495461377
1254255987319504896
1254256344627965954
1254256735042207745
1254257080724156416
1254257437361741824
1254257456579923968
1254257459092471814
1254257570094690310
1254257586666258432
1254257619914633216
1254257647513145351
1254257721764909058
1254257775665836033
1254257779017224198
1254257965655158785
1254258002309177345
1254258013185077248
1254258036656558080
1254258039965786112
1254258076208599040
1254258603894222849
1254258624265809920
1254258706826420225
1254258871905824768
1254258964558200832
1254259002046730240
1254259082841686018
1254259114353610753
1254259155520483328
1254259351843409923
1254259910357004288
1254260006565920774
1254260083669839873
1254260155627245568
1254260178867781632
1254260300926287873
1254260398007685120
1254260596176011266
1254260759904677889
1254260820567117831
1254261034493382657
1254261117955608577
1254261202181435392
1254261226751823875
1254261343529492481
1254261349808353281
1254261932082761729
1254261939376656384
1254261975170854915
1254261979251978240
1254262028488904706
1254262033022943232
1254262362942644230
1254262544400777216
1254262654518132737
1254262687481167872
1254263030256472064
1254263050045177867
1254263131188101121
1254263201786662912
1254263391201431553
1254263528988577792
1254263705644216321
1254263991376900098
1254264121631092738
1254264126408396802
1254264159451086848
1254264186663849984
1254264497881206784
1254264612725325824
1254264656832724992
1254264945153200133
1254265337626820609
1254265659405500416
1254265975958130689
1254265998049456128
1254266063862165505
1254266136780091394
1254266167289503751
1254266202550964224
1254266248554299395
1254266430650028034
1254266611458023424
1254266782996508673
1254266966648320000
1254266970452701186
1254267029349175296
1254267119702732801
1254267430479843328
1254267520581763072
1254267550008922112
1254267696872488961
1254267861729570816
1254267938502250501
1254268016025415686
1254268053006643205
1254268055816986624
1254268197261291523
1254268220762021888
1254268238558646273
1254268414736007168
1254268495317123072
1254268503923752960
1254268507094577152
1254269630845030400
1254269927822934018
1254270044072292352
1254270279523631104
1254270282010853377
1254270301308944384
1254270305792557057
1254270322007777282
1254270336952131589
1254270385115152385
1254270417411420162
1254270437535686657
1254270598286462980
1254270598735429633
1254270651701092352
1254270678045351937
1254270752305676288
1254270785365118977
1254270914096660481
1254271085278662657
1254271114521522176
1254271138190032897
1254271254309351426
1254271337931190272
1254271673131339776
1254272111746654209
1254272710471008257
1254272926771077120
1254273006110740481
1254273758807932928
1254274047543738370
1254274137406631936
1254274352104734721
1254274362955497472
1254274377794887680
1254274416105730052
1254274425702268929
1254274577338949633
1254274609890897926
1254274695379156992
1254274819643723776
1254274898995769344
1254274941178056707
1254275182543417346
1254275959592714240
1254276078765592578
1254276168976486401
1254276392721747969
1254276706141118470
1254276741801140224
1254277021523275776
1254277144835809280
1254277236879917058
1254277303498145792
1254277316500434944
1254277356086312963
1254277601562107906
1254277664262598656
1254277702229438464
1254277792864313344
1254277898325954560
1254277929724309509
1254278013912600576
1254278014059323392
1254278168392990721
1254278214651981824
1254278323347369984
1254278424992124931
1254278579258458113
1254278699018485763
1254278908385476608
1254278909241196544
1254278912902746112
1254279028527095808
1254279164737327104
1254279177408135168
1254279231355453441
1254279735808573440
1254279756788441088
1254279854968766464
1254279880113602560
1254279959302082563
1254280039916605441
1254280293873221632
1254280526745284610
1254280534290657281
1254280550887690241
1254280583624003585
1254281058264117249
1254281319951015938
1254281374707716096
1254281376456519680
1254281402901815297
1254281420677283840
1254281496900362240
1254281552537796608
1254281552915247106
1254281659475689475
1254281671937069057
1254281837465055238
1254282089492623360
1254282202247987201
1254282214017138688
1254282304329056257
1254282304844955649
1254282437150081026
1254283383426871298
1254283435578814465
1254283564310573057
1254283765527900160
1254283855055351808
1254284026078269441
1254284191723737088
1254284216847630338
1254284305464881153
1254284330920144897
1254284711964205056
1254284766221725698
1254284791458889729
1254284897268699136
1254285186843410433
1254285235166031872
1254285339335819265
1254285454192467968
1254285523851640836
1254285646438383616
1254285830840922112
1254285848066965504
1254285932380844035
1254286108655050757
1254286123431583744
1254286158013403136
1254286173356187649
1254286237042503681
1254286472783396864
1254286600269254656
1254286687250898945
1254286711959490560
1254286762597404673
1254286781127839745
1254286950321795073
1254286960648163329
1254286965484122113
1254287005715841024
1254287064427753472
1254287379910795265
1254287450589089795
1254287500740300801
1254287746484535296
1254288022113153024
1254288146688356353
1254288158369316864
1254288459310592003
1254288467917340676
1254288542169169926
1254288813565902849
1254288868280590337
1254289002846400513
1254289089366495237
1254289172984184833
1254289268240977920
1254289308917338113
1254289311433920514
1254289332564869121
1254289448839155712
1254289521585184768
1254289552769867776
1254289587951763457
1254289723906052096
1254289730079993856
1254289732999081985
1254289819947106306
1254289827903737856
1254289874003337216
1254289928306847744
1254290095965945856
1254290185996709888
1254290321921343488
1254290364913025025
1254290425449496577
1254290429433876482
1254290456558669824
1254290577241395200
1254290610481008640
1254291038858104832
1254291137193545728
1254291199487365120
1254291256357732353
1254291278654627840
1254291300200976384
1254291347001020416
1254291347042824193
1254291430522023942
1254291683644235776
1254291702640230400
1254291750602125312
1254291914934886403
1254291928889393153
1254291944777236480
1254291968567500800
1254292131755196416
1254292261438816259
1254292335329976321
1254292397527269376
1254292588363988992
1254292670832353280
1254292687802576896
1254292738092105730
1254292898956193793
1254293054799917056
1254293150991962112
1254293181379670016
1254293279128068098
1254293392248516608
1254293420799123457
1254293458363318273
1254293555843129344
1254293593654620160
1254293594384535554
1254293668292227072
1254293741373845505
1254293791017664512
1254293842246811649
1254294065224564736
1254294202499739649
1254294310436040706
1254294328937074688
1254294437091594240
1254294448122425344
1254294586467340290
1254294668659118080
1254294690058420227
1254294743997124608
1254294870392336390
1254294912343748608
1254295002240385024
1254295070565515264
1254295164509548544
1254295174710255616
1254295187687239680
1254295353878294529
1254295423327408130
1254295568383434752
1254295659198517248
1254295671433310209
1254295863507083264
1254296075919339521
1254296350679851008
1254296378416611328
1254296379586940928
1254296685628416000
1254296903728001025
1254296918542503936
1254296994597810182
1254297064399396869
1254297122368708609
1254297202949869569
1254297207815036933
1254297229323636738
1254297259891519488
1254297319190790144
1254297558647599105
1254297577333243904
1254297629271474178
1254297740072439808
1254297818203738121
1254297839640866816
1254297901297135619
1254297939733811200
1254298040510398464
1254298092024688640
1254298124652171264
1254298135968583680
1254298189974237184
1254298212581601282
1254298473660157953
1254298490605314049
1254298509521547266
1254298534947377152
1254298745694326786
1254298801357160448
1254298818629132288
1254298881015214080
1254299076155240448
1254299099622506501
1254299127808024577
1254299241784029184
1254299563004882944
1254299785017749504
1254299803762266118
1254299819801182210
1254299829951320065
1254299926986620933
1254299967188942848
1254300059224535042
1254300104581767169
1254300126035824646
1254300285423382528
1254300304818024451
1254300324455518209
1254300530916147205
1254300590563155968
1254300674906566664
1254300718799949824
1254300741201584129
1254300773048963072
1254300854372331520
1254300858033954816
1254300874274291713
1254300887939514368
1254300938052841474
1254301063383060485
1254301126716882952
1254301155858870272
1254301423870730240
1254301496100876289
1254301568955895808
1254301574614134785
1254301828218589185
1254301912473600001
1254301958191579139
1254302070846390273
1254302200546770944
1254302285741486080
1254302368964853761
1254302471964569600
1254302590667456512
1254302765540683777
1254302830116040709
1254302837028392960
1254302948147920899
1254302996248182784
1254303411064864773
1254303507705806848
1254304043985522691
1254304098431664130
1254304113505992704
1254304166501064704
1254304301398327296
1254304318460555264
1254304353906765830
1254304437608169473
1254304562363727873
1254304593770471425
1254304620203118594
1254304633071132674
1254304713115394048
1254304823572410368
1254304880732393475
1254304975338889216
1254305169216540672
1254305228997791744
1254305305506308097
1254305360451710978
1254305487681581056
1254305524738211842
1254305571810897926
1254305589527789569
1254305831383957505
1254305946790174720
1254305970257182721
1254306020513517572
1254306027245318146
1254306078566670336
1254306655476633602
1254306860397555712
1254306934833864704
1254307069756190720
1254307269921013760
1254307381284081665
1254307435877150727
1254307543569948672
1254307557377576961
1254307878833274880
1254307914740674560
1254307965944901632
1254308025684250624
1254308097855827971
1254308261052002306
1254308342236942337
1254308501540626436
1254308525301350401
1254308529806008321
1254308628020056065
1254308673565802496
1254308705178288128
1254308754289385473
1254308784224079874
1254308820035072002
1254308960489869313
1254308968144363520
1254309061497159680
1254309210474635269
1254309342100086784
1254309420244193281
1254309434915909632
1254309564087824384
1254309706333642752
1254309860163772417
1254309877276651525
1254309899317596160
1254310102946820096
1254310105744642049
1254310219686932480
1254310397152092160
1254310489724719104
1254310557487792128
1254310747645100034
1254310805014642690
1254310917724086274
1254311180866330626
1254311231353020416
1254311285727965184
1254311298122178561
1254311476187324417
1254311516096126976
1254311556680204288
1254311606214971393
1254311628872523776
1254311752147189760
1254311948314800129
1254312035082309632
1254312078665379840
1254312108029812736
1254312112945459201
1254312133724078080
1254312157845618694
1254312169900048384
1254312202590253056
1254312550461816832
1254312702824120320
1254312807576854528
1254312889495756801
1254312895443283968
1254313039849013249
1254313046958395397
1254313120295616512
1254313164373553152
1254313184065921024
1254313192995475458
1254313221625753600
1254313240856649728
1254313262209994752
1254313271143718912
1254313285572149251
1254313286591340544
1254313330082082816
1254313348205670403
1254313365599481857
1254313371798851584
1254313581316911106
1254313584114327553
1254313605509664773
1254313610651660288
1254313629421191168
1254313753551572992
1254313816164352000
1254313832702447616
1254313942702108673
1254314037883441152
1254314069256998915
1254314266414456832
1254314309657616384
1254314347616014345
1254314401596751874
1254314620786900993
1254314621370011649
1254314694682316800
1254314765738000384
1254314819768815616
1254315161554468864
1254315206433370112
1254315437250064384
1254315469408022528
1254315513489977345
1254315655962275841
1254315716557205505
1254315742973112322
1254315833431556096
1254315974330920962
1254316275410624512
1254316376744919040
1254316458303123457
1254316465425133568
1254316483758288896
1254316493136728066
1254316572815941633
1254316593510744065
1254316619574185984
1254316887758049280
1254316919227920384
1254316946838810624
1254316953491001349
1254317069505609728
1254317476369891329
1254317534154801154
1254317739021406209
1254317877236121600
1254317994542428160
1254318067615588352
1254318092169162752
1254318167830048768
1254318176084639745
1254318539483250688
1254318707855130625
1254318731607650304
1254318826193391618
1254319000022061056
1254319038378860544
1254319203139702784
1254319209825423360
1254319236819726336
1254319320391462912
1254319376049684480
1254319418449883138
1254319833631645697
1254319850698260483
1254319859707654144
1254319876765712386
1254319964686888961
1254320003173711872
1254320012019544066
1254320026577891328
1254320045125230592
1254320086409773056
1254320126389821442
1254320327510769667
1254320334666215425
1254320370682867715
1254320467856560130
1254320558587568133
1254320664623841281
1254320694407704577
1254320695359791104
1254320730235269121
1254320739064270849
1254320854193762304
1254320864385830912
1254320868638908416
1254320877690388482
1254321000751091719
1254321031751200768
1254321058922008577
1254321121295548418
1254321166912761856
1254321180439457792
1254321182851002369
1254321232318615560
1254321283149398018
1254321320017440768
1254321372962095106
1254321374933508096
1254321403484045313
1254321426208903168
1254321472367026177
1254321595096592385
1254321599303450624
1254321605640990720
1254321660905181186
1254321671478992897
1254321703741730823
1254321725698793472
1254321753192529920
1254321839062515713
1254321921673572353
1254321953537548289
1254321956783972352
1254322057929617408
1254322060588806146
1254322077303177216
1254322077336776704
1254322122207498242
1254322161226903552
1254322201836298240
1254322244895027201
1254322317817249792
1254322376583589889
1254322389774667776
1254322459345444866
1254322527641296896
1254322536537640962
1254322652103262208
1254322699981242369
1254322772743872513
1254322782000738304
1254322789114277890
1254322833855057932
1254322861931708416
1254322879895830529
1254322880210513920
1254322916403171330
1254323052688498688
1254323072657534977
1254323196934963202
1254323202488020993
1254323218589945857
1254323344926703617
1254323371614986241
1254323467870015489
1254323497838366721
1254323519296376832
1254323523159375872
1254323563575652353
1254323573470224384
1254323575160311808
1254323597218156546
1254323611961159680
1254323652285399040
1254323687102136320
1254323696682090498
1254323789971681281
1254323810901295104
1254323844040413184
1254323900349059072
1254323957928464385
1254323991377874944
1254324008922693633
1254324060185440256
1254324106826317824
1254324126929629184
1254324177160593409
1254324180029280256
1254324231258599424
1254324255904292865
1254324371948294144
1254324385118388225
1254324385273360388
1254324396799352832
1254324431448535040
1254324433319157762
1254324439325437952
1254324530794856449
1254324588319662082
1254324594372079616
1254324594514804736
1254324598788591617
1254324619588370434
1254324673472421889
1254324680787460096
1254324681148108800
1254324697778585600
1254324745711030273
1254324746830802944
1254324803605082112
1254324812178055168
1254324814401003520
1254324830687518723
1254324866226020354
1254324918075842560
1254324923801104384
1254324941048000513
1254324970949193735
1254324993917411328
1254324998728224768
1254325007326621696
1254325030214938625
1254325047042420737
1254325076469731328
1254325099454296065
1254325119431909377
1254325178789748738
1254325229142380545
1254325232808034304
1254325257650880512
1254325280933584896
1254325282460307458
1254325296859234304
1254325332011896833
1254325375586484230
1254325422877282304
1254325438031282176
1254325454401449985
1254325467500490752
1254325467827408896
1254325467970142210
1254325494469754880
1254325519962628096
1254325520948330499
1254325583951126529
1254325595380613120
1254325600656883713
1254325615731277827
1254325616301666304
1254325628242976768
1254325739043708928
1254325761130917888
1254325796736401409
1254325834741100544
1254325868060504065
1254325905284988933
1254325928231964672
1254325987992416256
1254325989812756480
1254326045869633536
1254326051838312450
1254326088236445696
1254326125414629376
1254326140363210752
1254326220398845959
1254326221237710849
1254326249591173120
1254326283384717312
1254326313478995974
1254326323104940034
1254326324069494784
1254326354524463104
1254326361352744961
1254326362677972993
1254326366826364928
1254326382710185985
1254326390498959365
1254326396710719488
1254326402637344769
1254326423088541703
1254326424447488000
1254326437676371968
1254326458169929729
1254326492374405120
1254326497906745344
1254326546774409216
1254326583944531968
1254326583948718080
1254326669848072194
1254326723115655169
1254326756745654272
1254326779885555712
1254326793672306688
1254326841638182912
1254326854129004544
1254326875301859328
1254326955127824385
1254326965198188549
1254326985419096064
1254326991937048577
1254327006529048576
1254327040255447040
1254327042159505408
1254327048098787328
1254327194802892800
1254327291959578625
1254327324872331265
1254327360708423681
1254327379649916933
1254327398746730496
1254327399673520128
1254327403964481536
1254327426492108803
1254327431609167872
1254327438634446850
1254327440433954817
1254327454770085888
1254327464580579331
1254327494255079425
1254327495563849728
1254327499330289675
1254327504506105856
1254327518410219520
1254327527012798470
1254327543169273857
1254327556066750464
1254327574429339648
1254327576849534981
1254327589235236864
1254327599838515201
1254327613151236096
1254327618012356608
1254327627655102464
1254327634013511681
1254327636530286592
1254327639638192128
1254327651294154752
1254327653672329216
1254327670004989954
1254327693522370560
1254327708965896193
1254327710626672640
1254327799688486912
1254327827190763522
1254327830940246016
1254327843271540736
1254327862510772226
1254327914990055424
1254327933457567744
1254328003112382464
1254328017024770050
1254328055025348609
1254328148675776512
1254328222105448449
1254328271807950850
1254328350895562753
1254328367752544257
1254328433913606147
1254328453798801408
1254328460480315393
1254328466759016455
1254328490645569537
1254328509234847744
1254328515538763776
1254328543707828224
1254328552876580864
1254328565161697281
1254328566474592256
1254328593166954496
1254328612691628032
1254328617083047938
1254328633201692672
1254328718132117505
1254328734418718720
1254328748188430337
1254328788881674240
1254328867503747077
1254328867642171392
1254328895207288832
1254328914912165888
1254328952883236867
1254328981081522176
1254329030679179264
1254329081862057984
1254329108076457985
1254329156529197057
1254329180084490242
1254329180235476993
1254329200397266944
1254329267443453952
1254329274598817792
1254329281448034307
1254329334648561665
1254329375585112064
1254329400197296133
1254329410087460867
1254329410662158337
1254329484133588994
1254329628036120578
1254329699314122752
1254329825113890817
1254329855799226373
1254329911612973056
1254329981221638145
1254330056006041600
1254330063128051712
1254330139728584706
1254330139757903873
1254330143096569856
1254330143373484033
1254330174197452801
1254330244061892610
1254330285673586688
1254330310646476801
1254330397514661888
1254330407274926080
1254330500505894913
1254330539139493888
1254330582818975744
1254330592990240768
1254330694429487104
1254330733109194752
1254330763971039234
1254330902403923969
1254330925963452418
1254330953310314497
1254330955843567616
1254331056116948992
1254331069270233089
1254331080481492992
1254331111964016640
1254331185389400064
1254331194105159680
1254331214711926784
1254331223113109504
1254331224719532032
1254331289508950016
1254331320613756928
1254331561283145729
1254331570695045120
1254331604757090307
1254331702257881090
1254331702383542272
1254331814774280192
1254331860521549824
1254331964292763649
1254332104890089474
1254332142026403840
1254332200599912448
1254332219528744960
1254332223156744192
1254332274604216321
1254332294434902016
1254332322016407552
1254332447124226048
1254332583166349312
1254332588166004736
1254332591219642369
1254332671091589120
1254332685415329792
1254332743908904960
1254332883071832064
1254332901858123777
1254332928189923328
1254332939338420225
1254332941464825857
1254332971802189824
1254333113041399810
1254333127134240768
1254333250555842561
1254333535659462656
1254333686121709568
1254334032583761920
1254334090028802048
1254334128620797953
1254334181452087296
1254334181871665158
1254334293473542145
1254334330178097152
1254334442845253632
1254334539624660992
1254334597132926977
1254334723247075328
1254334736396214273
1254334736958320640
1254334750992580608
1254334821867728898
1254334898678218752
1254334955116609537
1254334973500370944
1254335051086479365
1254335102680629248
1254335156489539587
1254335216648404992
1254335341948833793
1254335507926048769
1254335509402472448
1254335546501091330
1254335596291518465
1254335672363683840
1254335900412149760
1254335917302484993
1254336092829974531
1254336132860477440
1254336165395591168
1254336200317362176
1254336226087170048
1254336234777788416
1254336235352387584
1254336294483660800
1254336354046980097
1254336398544515073
1254336423974469632
1254336561920921602
1254336646809616384
1254336698093363201
1254336741311344640
1254336865034891264
1254336901261209602
1254336925168734208
1254336982433566720
1254336996996194304
1254337008408772608
1254337029074288641
1254337042978390016
1254337063903690755
1254337286067683330
1254337412651798528
1254337466657431552
1254337544482775041
1254337655925608448
1254337705707597824
1254337729321558017
1254337745130065921
1254337773236039685
1254337774125297664
1254337817506836481
1254337853225611264
1254337934066581507
1254338020712476673
1254338115939926016
1254338265517350924
1254338271842164738
1254338283489964033
1254338315047723021
1254338365085736960
1254338429699022848
1254338524532350977
1254338623438237697
1254338637447249920
1254338637518364673
1254338682095452161
1254338768099856384
1254338781122932736
1254338818255306752
1254338910907498497
1254338949079871489
1254339016448774144
1254339091191267328
1254339145033383937
1254339153522757632
1254339170031591425
1254339186967994368
1254339245369708545
1254339265321828352
1254339331126202368
1254339349891764224
1254339443714068480
1254339480497999872
1254339535875518464
1254339559816454144
1254339579227693057
1254339949777702912
1254339955784069120
1254340215650390016
1254340226404638721
1254340295367385090
1254340311855349764
1254340356302409728
1254340375780589570
1254340726407774208
1254340739221381121
1254341039567052801
1254341085754789888
1254341227450957827
1254341318828077058
1254341799465717760
1254341842163904512
1254341950565564418
1254341951597408256
1254342001807540225
1254342038721400832
1254342201024425984
1254342278644187137
1254342321857892352
1254342402837544961
1254342433074282497
1254342457141145600
1254342592713707520
1254342597742604288
1254342621620613122
1254342829607919616
1254342886608588800
1254342988945166336
1254343003361234946
1254343036869500928
1254343310761529344
1254343565590753283
1254343569801793537
1254343624663412736
1254343761594851328
1254343928410669063
1254344061382561793
1254344207772397568
1254344427482443776
1254344480125325318
1254344601625714689
1254344786435334144
1254344860728832000
1254344910502756352
1254344963309142018
1254344976164585473
1254345023237152768
1254345056930021378
1254345117705678848
1254345131529891842
1254345213583208448
1254345267224207361
1254345296009506816
1254345422862237701
1254345482328915969
1254345505330442240
1254345539065266176
1254345580505190400
1254345582237360129
1254345601552125953
1254345679046049792
1254345707332308996
1254345778459340800
1254345789083725829
1254345834684022784
1254345863519825920
1254346067509940224
1254346083536257024
1254346207482142725
1254346330115313664
1254346365121048577
1254346449250369536
1254346541696905219
1254347008040742917
1254347009978322945
1254347074054709250
1254347103809220608
1254347120846520320
1254347176219521024
1254347281840640001
1254347288656244737
1254347334785343488
1254347443086544896
1254347445959565312
1254347471398068224
1254347497847177218
1254347557679050754
1254347580475166721
1254347591149551616
1254347609935921152
1254347749245378560
1254347852530188293
1254347881026379776
1254347931349630982
1254347946323140611
1254348123130023936
1254348239286833152
1254348359885676544
1254348374574166016
1254348396783177729
1254348437451128833
1254348528786210816
1254348690602549249
1254348728162533378
1254348801755639808
1254348803488055303
1254348878507360257
1254348960489062401
1254349043851046912
1254349112868089857
1254349200881602560
1254349357987610624
1254349380548620294
1254349383312699393
1254349414707183621
1254349510098247683
1254349649042911233
1254349716915130375
1254349720488640512
1254349724200697857
1254349747915124737
1254349841418911744
1254349956116213760
1254350065155612672
1254350149679288321
1254350181832818688
1254350249872601089
1254350346215927809
1254350500465643520
1254350502860599297
1254350516391313409
1254350536188592128
1254350633177497601
1254350776782123009
1254350793974611969
1254350819962445834
1254350863016923136
1254350868482326529
1254350897112588288
1254350900933558273
1254350903597043713
1254351112376705024
1254351207214260224
1254351269902204929
1254351363573760001
1254351381550465024
1254351410629574657
1254351449863213058
1254351458910253057
1254351461217193984
1254351473254817793
1254351473489530887
1254351485095329794
1254351598861660161
1254351746912133120
1254351772937666560
1254351776721129477
1254351798263037953
1254351824443883522
1254351824603230208
1254351828348739584
1254351846052945921
1254352032665755650
1254352076760428544
1254352380847624192
1254352429933445121
1254352538368978944
1254352543498547204
1254352767885307905
1254352912299503616
1254353080197373955
1254353224795951110
1254353551683354626
1254353691852693505
1254353749574852608
1254353887965982720
1254353900783583233
1254353907012308992
1254354044958670848
1254354067196960768
1254354154002276352
1254354267844087808
1254354297002659840
1254354337125433344
1254354538561183747
1254354580105842688
1254354647504035840
1254354661273894913
1254354750516023299
1254354789170909184
1254354818942017536
1254354842425974784
1254354843403079683
1254354845638619137
1254354847782121472
1254354923988320256
1254354972789088258
1254355011884257281
1254355223033851904
1254355229849513984
1254355285709209600
1254355371906523136
1254355424863813633
1254355596419256322
1254355639834259457
1254356022057209857
1254356149517930496
1254356285765685249
1254356312676200449
1254356375880286213
1254356401314394112
1254356584060370944
1254356639928299521
1254356821256609792
1254356909731262464
1254356933902991360
1254357054938066946
1254357089599676418
1254357291094159362
1254357355367559168
1254357379996479490
1254357503921606656
1254357541842112512
1254357568643719168
1254357594379915264
1254357621894574081
1254357704405069825
1254357747216388096
1254357828103479297
1254357972022632449
1254357985725300739
1254358040251375616
1254358042386128896
1254358092776685568
1254358149634551808
1254358220631465984
1254358352538279936
1254358368996614144
1254358620441018369
1254358671200526336
1254358765823877120
1254358804768133120
1254358882849296386
1254358900050182144
1254358984804442112
1254359002026213376
1254359013317382145
1254359024847355904
1254359043264708609
1254359061056778241
1254359075128836097
1254359097962422273
1254359121324912640
1254359168007503872
1254359227986051072
1254359393832972288
1254359406826815489
1254359539958329345
1254359546006392832
1254359573529612294
1254359588310310912
1254359590935957505
1254359659537891328
1254359700625166337
1254359800126808064
1254359870813302786
1254359923959271424
1254359953789370370
1254360219448152065
1254360240272953344
1254360254017609728
1254360254705545217
1254360280575991808
1254360298158469121
1254360340864864259
1254360368970940418
1254360441045700609
1254360486763810816
1254360504899899392
1254360864829792256
1254360976868036609
1254361008195371008
1254361067318370305
1254361258188554241
1254361303461752832
1254361358134435840
1254361510866026499
1254361583959961606
1254361739346554880
1254361815024373762
1254361844158025728
1254362005588152320
1254362086571999232
1254362228104605697
1254362234983075840
1254362262632103936
1254362370610249728
1254362397848018945
1254362492299382784
1254362521537966084
1254362544191336448
1254362854112796673
1254363470713118721
1254363557816401921
1254363601873235968
1254363650418147334
1254363764356452353
1254363974713307137
1254364017931382791
1254364188417368064
1254364207258140678
1254364264967503872
1254364288191361024
1254364309582344193
1254364347083694080
1254364376544526337
1254364382315700224
1254364509705089024
1254364521306615809
1254364522015408128
1254364607889588224
1254364621500223489
1254364656107491328
1254364685845123073
1254364698838839300
1254364707403808768
1254364733735669760
1254364747358765057
1254364789179969538
1254364893370707968
1254364896168312834
1254364950690009088
1254365072412995591
1254365225760915456
1254365400407703552
1254365424394764293
1254365491843469312
1254365672001372161
1254365672693432320
1254365693220356108
1254365786032025601
1254366016991363072
1254366114575986693
1254366317815070726
1254366361272430592
1254366423033483268
1254366452964044800
1254366827351859200
1254367002535366656
1254367112635617280
1254367400595566592
1254367410762559488
1254367424352149504
1254367533856993280
1254367578832744449
1254367669815439360
1254367694419144704
1254367731492827136
1254367791886381057
1254367808462323719
1254367997688455169
1254368296461389826
1254368304409399296
1254368350689361920
1254368355148091392
1254368374894866432
1254368555807588352
1254368760875622400
1254368800700608512
1254368913128927233
1254368944145793025
1254369161876127745
1254369262564564992
1254369359524478976
1254369402566381568
1254369550289604611
1254369685446864896
1254369704954621952
1254369795958403075
1254369839503851522
1254370007670067201
1254370161425031168
1254370304622620673
1254370390152843267
1254370464295563266
1254370470490599424
1254370729983799298
1254370903560876033
1254370916642897920
1254371022633123842
1254371162026414080
1254371258818576385
1254371265470697473
1254371303391465472
1254371446563893248
1254371475923939328
1254372091811360769
1254372142604574721
1254372196656443392
1254372216445325313
1254372340080599044
1254372487581691905
1254372507328475136
1254372663553937408
1254372835058991105
1254372883540799491
1254372962926391296
1254373081243480070
1254373389202001920
1254373431770066945
1254373867176550400
1254373964165427202
1254374023271596032
1254374101222817793
1254374134555070468
1254374180855918593
1254374232122896384
1254374249885626368
1254374255690690561
1254374469495336962
1254374472599158784
1254374481025327104
1254374527070547968
1254374552106303488
1254374575670001664
1254374781903872000
1254375109323821059
1254375152294350849
1254375217960386560
1254375296138166273
1254375407677128706
1254375878315794433
1254375933517066243
1254376050236125184
1254376285486419969
1254376324166152192
1254376434258243585
1254376455133253632
1254376481028882432
1254376543654051846
1254376555691651072
1254376578378678274
1254376720007933955
1254376726702030851
1254376896399314945
1254377105984495616
1254377305973063680
1254377314508353537
1254377672584511489
1254377705212186625
1254377765048025088
1254377928177090564
1254378104539226113
1254378212529967107
1254378220209635329
1254378260554821637
1254378345040457728
1254378691217379339
1254378700218359814
1254378774151352320
1254378924043374595
1254378981710757888
1254379052460318721
1254379111910342656
1254379153190555648
1254379223059443713
1254379316256833536
1254379371596582914
1254379643714580480
1254379747183865858
1254379928843403265
1254379932513378307
1254379975320449024
1254379981922160643
1254380083625721863
1254380156967219200
1254380180094586880
1254380213691187200
1254380306414612482
1254380377608720385
1254380438002393088
1254380492658442240
1254380497326624768
1254380586849968128
1254380727053017088
1254380850549895169
1254381084382580737
1254381101126160384
1254381187495165956
1254381198362783744
1254381237566758912
1254381301584584704
1254381344915722245
1254381452927668224
1254381472565231617
1254381508837572609
1254381516764872707
1254381888590012418
1254381893174337539
1254381919233589248
1254382021729636354
1254382119079550977
1254382203120779264
1254382208736845824
1254382238852018176
1254382439910129667
1254382451641782274
1254382506490556416
1254382519325163521
1254382557820403714
1254382614569500672
1254382682366046210
1254382687508246530
1254382695557169152
1254382802222682113
1254382813010448384
1254382873634844672
1254382895881314306
1254382930295693312
1254382934485643265
1254383218213613575
1254383225817845760
1254383262442549248
1254383557629353992
1254383721349857281
1254383772222570496
1254383858734321665
1254383918578622466
1254383933317279746
1254384103912177666
1254384145939132417
1254384241892184067
1254384310951370752
1254384412130566144
1254384614300192770
1254384782580072449
1254384929837772800
1254384952050741253
1254384971059351553
1254385318041714694
1254385324257505281
1254385698699800576
1254385701929582592
1254385723848916993
1254385761308246016
1254386018742140929
1254386075562315776
1254386325265870848
1254386511467905025
1254386524977848320
1254386545592844288
1254386558549008390
1254386597555867650
1254386942680186880
1254386975244726273
1254387002578878464
1254387016860483585
1254387331957751808
1254387350064381952
1254387364626968576
1254387403730702344
1254387413499154434
1254387446483005440
1254387536027430913
1254387608790003712
1254387735185567745
1254387749345538048
1254387794249527298
1254387951016034304
1254387995823575042
1254388069702090755
1254388128820822019
1254388267409199114
1254388335478484992
1254388341967065088
1254388393376714752
1254388569327546368
1254388598339768321
1254388617251893248
1254388630639894536
1254388686331850752
1254388752371331075
1254388859615543297
1254389054055079938
1254389629538664450
1254389633481203712
1254389637654605825
1254389719707922433
1254389965200347137
1254390134130139136
1254390183434149888
1254390226409140225
1254390545918709764
1254390696020111360
1254390871337959424
1254390964745121793
1254391015349379072
1254391046118625281
1254391376386633729
1254391461950312448
1254391466308382730
1254391698089816069
1254391797612187650
1254391902939623424
1254391909969166337
1254391932899319809
1254392010120679424
1254392019608190976
1254392033445322752
1254392087379755009
1254392096879865856
1254392101162360833
1254392122901323778
1254392129289420800
1254392197262295046
1254392416439853059
1254392431442685953
1254392563928141824
1254392589689720832
1254392732526624768
1254393058768179200
1254393094427967494
1254393139760168960
1254393186065268736
1254393187407294465
1254393221700075520
1254393246446424064
1254393312305385472
1254393372669665280
1254393552169304066
1254393599774646272
1254393619366068224
1254393643399630849
1254393810987167748
1254393944927961088
1254393983972847616
1254394159089119233
1254394190579896321
1254394192924565506
1254394245571661826
1254394265750429696
1254394374554779648
1254394631954956290
1254394644323946496
1254394698699018243
1254394775916228608
1254394825668993024
1254394858942287872
1254394884397469696
1254394890043052033
1254394900986003456
1254394924104966145
1254394992639926275
1254395043386781698
1254395094490210304
1254395103344500736
1254395191760429056
1254395264095399936
1254395435113836544
1254395557172310016
1254395687065620480
1254395814937534466
1254396198854651907
1254396205712445440
1254396243339444224
1254396383924281345
1254396402802790403
1254396412919287809
1254396422385893381
1254396496008495109
1254396559854370817
1254396566699474944
1254396690796142593
1254396718319308801
1254396719934005248
1254396881825923073
1254396992018452481
1254397068296122370
1254397117977759746
1254397141881061377
1254397177310449670
1254397202165911554
1254397295241523200
1254397447234662402
1254397600825917442
1254397865402740736
1254397933996388357
1254397943077122048
1254398024887009281
1254398055136124928
1254398250351652864
1254398273235890177
1254398403699712000
1254398523484839937
1254398625406279680
1254398625624363009
1254398640400953345
1254398752212652032
1254398798308278274
1254398859976966146
1254398867833044992
1254399099916423169
1254399123337498624
1254399163480981505
1254399256351342592
1254399320675106817
1254399368632758272
1254399453173293058
1254399485561593857
1254399700867801089
1254399715153784834
1254399723240394752
1254399725182373888
1254399727501639680
1254399733788966913
1254399758338265088
1254399795487178752
1254399806203736065
1254399838629715978
1254399885362806784
1254400082805510148
1254400183829295106
1254400187960684545
1254400190011682817
1254400208223350784
1254400284580814849
1254400475689914369
1254400512822312960
1254400532439064576
1254400552714330112
1254400650017996801
1254400684918743041
1254400779420663808
1254400851134873601
1254400981472817154
1254400997176139776
1254401119800799233
1254401368959234048
1254401382699982850
1254401389805080577
1254401486362038272
1254401561851301889
1254401566112722944
1254401600107319297
1254401657133322240
1254401676561260545
1254401694072332288
1254401706852528129
1254401785848045568
1254401863132168192
1254402015217643520
1254402025598717953
1254402064320393218
1254402114442285058
1254402158080012289
1254402204275892226
1254402214749253634
1254402234449887232
1254402274333507585
1254402277651218432
1254402295497924611
1254402298228412420
1254402307938279426
1254402347020644358
1254402348501303299
1254402354536906752
1254402354964824066
1254402378582851588
1254402416432168961
1254402668019269633
1254402766254018561
1254402775628292100
1254402871103238144
1254402980314374144
1254403037646422017
1254403096551346177
1254403133280784385
1254403142583750656
1254403373576736769
1254403419378462723
1254403426135486464
1254403455063592961
1254403493898653696
1254403499938533382
1254403532498694146
1254403536990826497
1254403539834744832
1254403612261756928
1254403637129801728
1254403724069548032
1254403754423545856
1254403782646968320
1254403787504128000
1254403844030828544
1254404023152599041
1254404080912523264
1254404093004611584
1254404100080500738
1254404110293569542
1254404115251200000
1254404158460882944
1254404179528998913
1254404208905924610
1254404373146468353
1254404405203316736
1254404431669612544
1254404541732323329
1254404555749519360
1254404582869921794
1254404611089199105
1254404664868642821
1254404674570137604
1254404703183466498
1254404950681157633
1254404962647453696
1254404988987531265
1254405001755099136
1254405014547824646
1254405140645380096
1254405161746751490
1254405169548124162
1254405180336099328
1254405309747138560
1254405328663437313
1254405353866817537
1254405463371898885
1254405649733050368
1254405707178352641
1254405708163895296
1254405736668397570
1254405748970283009
1254405813499826176
1254405830612574209
1254405867203637249
1254405971721416705
1254405972929376257
1254406019935076354
1254406043939090433
1254406081700339713
1254406085827375105
1254406281433157634
1254406364853665794
1254406415088844802
1254406423993184256
1254406439625388037
1254406454737375235
1254406500631617537
1254406500715356160
1254406528922198016
1254406590645637120
1254406639165243394
1254406649223110656
1254406730030690305
1254406795961012224
1254406956783108096
1254407168024997888
1254407225767890944
1254407254520053760
1254407267073613824
1254407353459408901
1254407453594263552
1254407457440489474
1254407560175599616
1254407661006790656
1254407672482406402
1254407797623582720
1254407820964794368
1254408014313844743
1254408042986311680
1254408142198206464
1254408152893751296
1254408231507509255
1254408357957402625
1254408365117227008
1254408392065667072
1254408413825495040
1254408479323967496
1254408485808168962
1254408505684922369
1254408607874945026
1254408733125300225
1254408831519518720
1254408842588250112
1254408854806249473
1254408948544749569
1254409028593123330
1254409055222870016
1254409141600129025
1254409202832936960
1254409215814201344
1254409222168752130
1254409284261220353
1254409371599044608
1254409377118695425
1254409395099725824
1254409425844146181
1254409481347366914
1254409514599591936
1254409608287801344
1254409717427961859
1254409771920379906
1254409801775357952
1254409822730162177
1254409830652997634
1254409916359442432
1254409951776301058
1254409998488096769
1254410058659659776
1254410173503791105
1254410193850503169
1254410306853494786
1254410409450172417
1254410500525490176
1254410532943040512
1254410582104715264
1254410590816210949
1254410594565763072
1254410642242576386
1254410654364164096
1254410656947847171
1254410670487097344
1254410757095043072
1254410774283460610
1254410803433795585
1254411045743009797
1254411095474929673
1254411135949910016
1254411241528885249
1254411262206676998
1254411290270990337
1254411390753796098
1254411434118840327
1254411527718756352
1254411553966821376
1254411583796572162
1254411654835638272
1254411693775519747
1254411747148120065
1254411752915124226
1254411758065811459
1254411769444831232
1254411807248265217
1254411813720133633
1254411814659489798
1254411882636521477
1254411926827720705
1254412051478437889
1254412066267561984
1254412091332550658
1254412154511425536
1254412206655094785
1254412301962293248
1254412337823363072
1254412376356474884
1254412616987865089
1254412671320981505
1254412745480392705
1254412766418477058
1254412821045133317
1254412878565773319
1254412896429277186
1254412901403643904
1254412921976700928
1254412962615496704
1254413116059930627
1254413336789217281
1254413338873942017
1254413362626060288
1254413367558631426
1254413409652801540
1254413474706358272
1254413531576856577
1254413641270603781
1254413816412229632
1254413851379920896
1254413904043745280
1254413912872636422
1254413926185525248
1254413937132498945
1254413939284287488
1254413993193635842
1254413994917421062
1254414013724684295
1254414023350644736
1254414024038477826
1254414164908404736
1254414336891781121
1254414433075560449
1254414520346243074
1254414547957489664
1254414650633891840
1254414666068942848
1254414666995924993
1254414667348246529
1254414921845993472
1254415070995476482
1254415079488937989
1254415167418327040
1254415168450297856
1254415172388581377
1254415251250073607
1254415351129026560
1254415404304232448
1254415423245819904
1254415433760940044
1254415473640214528
1254415513414856704
1254415514866257920
1254415570730180609
1254415604729044993
1254415624991838208
1254415634626052097
1254415706227003392
1254415742176571393
1254415744118341632
1254415783704145922
1254415801303683072
1254415922644869120
1254415926415388675
1254415948611817472
1254415995126628352
1254416055910481924
1254416069546082304
1254416152672956416
1254416208197292034
1254416271073931265
1254416278309220354
1254416284625833985
1254416316364132352
1254416352405676032
1254416487131099136
1254416516604444672
1254416564247564288
1254416567502352390
1254416622086914055
1254416643410845702
1254416665800060930
1254416719830892545
1254416753053974530
1254416758414299137
1254416809610133504
1254416906074894339
1254417023339163649
1254417067937316864
1254417069828956162
1254417116385521664
1254417163323994113
1254417268278165504
1254417286682853377
1254417348834050048
1254417436197244930
1254417449702678528
1254417598374182912
1254417673397526528
1254417806512267264
1254417831069839369
1254417969297403905
1254418000142196737
1254418040139264000
1254418051002503169
1254418064889831426
1254418079842332674
1254418112620818433
1254418147769278464
1254418177250869249
1254418193365401602
1254418266262405120
1254418350446227456
1254418364023189505
1254418370008580100
1254418541010395137
1254418597142646784
1254418658799030273
1254418746619420672
1254418756740059137
1254418869629968390
1254418972893523969
1254419195472695297
1254419218373566464
1254419256680214528
1254419262527148033
1254419490202361857
1254419510771269633
1254419523366793217
1254419694733459456
1254419940767129601
1254419967757266945
1254420049911300096
1254420277519421440
1254420347098509312
1254420438807187456
1254420441562832896
1254420527206334467
1254420606868652033
1254420693896187905
1254420753770000384
1254420940693426177
1254421003242926082
1254421027725197313
1254421074281824256
1254421132658176000
1254421136743510017
1254421252753838081
1254421300703043585
1254421349428350976
1254421415660380162
1254421439484051456
1254421589887721478
1254421600490926083
1254421625564540929
1254421678182064128
1254421696536166401
1254421724432654337
1254421731797860353
1254421750684758026
1254421878904668161
1254421899800481792
1254421903067889665
1254421939633958912
1254421968960589824
1254421972072751111
1254422021313892354
1254422047117230081
1254422087567134722
1254422167594434560
1254422169695608833
1254422181066530816
1254422192009424897
1254422197759860743
1254422204688801792
1254422221092618240
1254422225962143744
1254422271218892801
1254422296623603714
1254422301631643648
1254422337916526593
1254422353318080512
1254422404002127873
1254422493345046529
1254422506401759233
1254422509685895170
1254422525246767104
1254422536638660609
1254422543877967873
1254422545811431424
1254422607878750212
1254422609783132161
1254422714485477378
1254422874581946368
1254422879317393417
1254422885734776834
1254422937597181953
1254423000369238017
1254423035274240007
1254423047534149634
1254423095466745857
1254423124822679554
1254423210663149570
1254423384869539843
1254423492914749440
1254423513622106113
1254423516033638400
1254423557909684224
1254423581917720577
1254423632136114176
1254423639430070272
1254423708849954820
1254423716588486656
1254423719830831106
1254423794720165889
1254423923753545728
1254423934176382978
1254423965226774529
1254424009518669824
1254424014761742338
1254424048936857608
1254424049251319810
1254424071871365120
1254424132906696704
1254424157011546114
1254424218915266564
1254424252175888396
1254424275106140161
1254424281620062208
1254424297541533698
1254424353279795205
1254424473907924992
1254424497639260160
1254424521072934912
1254424581789691910
1254424611816538112
1254424621278879745
1254424631492083713
1254424684831084544
1254424705060102144
1254424710579982339
1254424714359058432
1254424752237789184
1254424766653648898
1254424819237609472
1254424830260068353
1254424839315574784
1254424843312926723
1254424896693612545
1254424915295559681
1254424933561663488
1254424935214264320
1254425032819867648
1254425034086592514
1254425041124626439
1254425070660878343
1254425080123326464
1254425103275659264
1254425141389545473
1254425207671930880
1254425222146596864
1254425255713673222
1254425285149077504
1254425359912562688
1254425372822614017
1254425398693240832
1254425419660644352
1254425453135138816
1254425453315584002
1254425592302198784
1254425607993253888
1254425615589093376
1254425623272939521
1254425644349435905
1254425665111306240
1254425732429647873
1254425740117852161
1254425772045012993
1254425780395761664
1254425813136662528
1254425857877323782
1254425913002848256
1254425987355377665
1254425988143804416
1254425996754776066
1254426047442907139
1254426077906288642
1254426104951189505
1254426169526509569
1254426180633030659
1254426271217594370
1254426291899641858
1254426367648608257
1254426472137109508
1254426564697128960
1254426600747171841
1254426661719879681
1254426748395106305
1254427022018834439
1254427171382321152
1254427184321585152
1254427184875388933
1254427214285877248
1254427217834192901
1254427255133990912
1254427273614196739
1254427320682778625
1254427335232819200
1254427345013932032
1254427446104993794
1254427454321524738
1254427458872508421
1254427494603776001
1254427535368216578
1254427573125148673
1254427576174546945
1254427605169770496
1254427671905423360
1254427686534971393
1254427743141462017
1254427837743988736
1254427868240547845
1254427913253990402
1254427943406878725
1254427946695213059
1254428016651968515
1254428037380075520
1254428063728668674
1254428084201312257
1254428105168437249
1254428182393966592
1254428199754203136
1254428235514986496
1254428236345413632
1254428280574185474
1254428296814551040
1254428314632159232
1254428338778599424
1254428342289391618
1254428496144801793
1254428520853368833
1254428656497094656
1254428689787478022
1254428772473778177
1254428824554442752
1254429006021132295
1254429032902471680
1254429040057827329
1254429052515037184
1254429055769706496
1254429146127753216
1254429324570013698
1254429365506420748
1254429421311635456
1254429444439019520
1254429499241922560
1254429533580587013
1254429558800932870
1254429664002617348
1254429723217846273
1254429793627455489
1254429827395969024
1254429833301377024
1254429835717296128
1254430091096010754
1254430120225333248
1254430124478349320
1254430200298745856
1254430210944053248
1254430403995131904
1254430412874690560
1254430440489914371
1254430557607309313
1254430571335303168
1254430616466141191
1254430639031570433
1254430701253996544
1254430827854786561
1254430872780050437
1254430890446520321
1254431021560287232
1254431026480324609
1254431094725885952
1254431100580974593
1254431116628385797
1254431150682095617
1254431207368073216
1254431235859836928
1254431283804991488
1254431309277077505
1254431328855928832
1254431360090963969
1254431448641110016
1254431480119357440
1254431480727601152
1254431538890117121
1254431563275628544
1254431594254757891
1254431617109471233
1254431631177179138
1254431691407589376
1254431691839422464
1254431701901570049
1254431706007900160
1254431708348375042
1254431743144103936
1254431768461160455
1254431829823610880
1254431843916623874
1254431922064814082
1254432084841476099
1254432140873404416
1254432143046049798
1254432145898168321
1254432190022053890
1254432345005817856
1254432351456595969
1254432405034655744
1254432443983159296
1254432469887180805
1254432472764276736
1254432504678887426
1254432548547108866
1254432681837817857
1254432699105697794
1254432718357557249
1254432800737906689
1254432824129699846
1254432902022074368
1254432930320924672
1254432988219219969
1254433000160362496
1254433121287770113
1254433149292961793
1254433197460467714
1254433223830114307
1254433363533819905
1254433381275885568
1254433412825387009
1254433476260085762
1254433481658163201
1254433506702262273
1254433513547485185
1254433520262537216
1254433570707214336
1254433575539261440
1254433624662749185
1254433657521082373
1254433709148852226
1254433741235277826
1254433904934760449
1254433937482330112
1254434047431815174
1254434063940751363
1254434100049358854
1254434101567778816
1254434137005371392
1254434312512049152
1254434411275104256
1254434445098135552
1254434496012677120
1254434522789101569
1254434570700800005
1254434631254003712
1254434743375912961
1254434751412178944
1254434758114729986
1254434767740772352
1254434782219362304
1254434815174033409
1254434877295886337
1254434885005119489
1254435004781715456
1254435023853203457
1254435039632375808
1254435056132730882
1254435121945554945
1254435223615369216
1254435235326025730
1254435342540656641
1254435388107587585
1254435481992871936
1254435591573438464
1254435709118582785
1254435709223665664
1254435809211453447
1254435844292673537
1254435968259481600
1254436044293857280
1254436058923663360
1254436061125754882
1254436066548789248
1254436087818153984
1254436137646518274
1254436211487367168
1254436321759621120
1254436343998013445
1254436403804585987
1254436492589453312
1254436494221152261
1254436716175413249
1254436784395522048
1254436916512120835
1254436960241807363
1254437081159553025
1254437248281477123
1254437382058893314
1254437399125352449
1254437615748763651
1254437624955068422
1254437647306633217
1254437663605690374
1254437732279037952
1254437926286635008
1254437942333829122
1254438122772815872
1254438195690962944
1254438196252794880
1254438330516647938
1254438380516999169
1254438512197341189
1254438521026166785
1254438599551889408
1254438657576054784
1254438678564270083
1254438791529607171
1254438834068164611
1254438861914075137
1254438931535405057
1254439040507449346
1254439049550426113
1254439195793338371
1254439501180678144
1254439530498850816
1254439534676242434
1254439737751793664
1254439844413165569
1254439910146052097
1254439915435237378
1254440030476685314
1254440070414766081
1254440086403313666
1254440098122174465
1254440171275239427
1254440185749745666
1254440323583000577
1254440331866714112
1254440341253611521
1254440533805731840
1254440739729219585
1254440782326632450
1254441019489177601
1254441022643335169
1254441103157194752
1254441137361780740
1254441140352360449
1254441140511801346
1254441162879856640
1254441172992327681
1254441270073872395
1254441275555606529
1254441454585491457
1254441556486033409
1254441566376038400
1254441631605981185
1254441650211840001
1254441692033429507
1254441777739620353
1254441827010179073
1254441839156846592
1254441852620599297
1254441934220693505
1254442140496801792
1254442140765007873
1254442181709815808
1254442198843584512
1254442363176484870
1254442396781346817
1254442472857432064
1254442725346246656
1254442769197576192
1254442797677109248
1254442806707228672
1254442958541033473
1254443037742100480
1254443089902669824
1254443302721449984
1254443384921567232
1254443408212594688
1254443490022354946
1254443584696102917
1254443620868001792
1254443621102780416
1254443739646324739
1254443841928626178
1254443865089572865
1254444122959572993
1254444159080861696
1254444166605611009
1254444235660509184
1254444242287472640
1254444295253262336
1254444318867087362
1254444374546497537
1254444380762472449
1254444405781671941
1254444466506731520
1254444477923692546
1254444533414313994
1254444601278111749
1254444762490339328
1254444777036066817
1254444876713717761
1254444904920612866
1254444937023815682
1254445002077306880
1254445016199675904
1254445111422771201
1254445127709405185
1254445149570002946
1254445176237355009
1254445179555250176
1254445236060749825
1254445240745893888
1254445283695562755
1254445344760332289
1254445420576727044
1254445438209388549
1254445443137900544
1254445499056300032
1254445544426143745
1254445624449064962
1254445697178513408
1254445829802385412
1254445857832865800
1254446041895784451
1254446104495587329
1254446189971410945
1254446193515679747
1254446200612405248
1254446210816995330
1254446215355265024
1254446220514336769
1254446252848185345
1254446261861638145
1254446275933671425
1254446291507187712
1254446308838039552
1254446314080722944
1254446314533736450
1254446331415851009
1254446364576153602
1254446446612320261
1254446537960075264
1254446554951237632
1254446560760512512
1254446563012706306
1254446596856545281
1254446654016630784
1254446688359649291
1254446699906506755
1254446753538928640
1254446764003819520
1254446865740787714
1254446897609179136
1254446918031364097
1254447120330788865
1254447172059312138
1254447255073030144
1254447262698221568
1254447381065670656
1254447388216852480
1254447404318814208
1254447613639884802
1254447676453724161
1254447833136001024
1254447893915688960
1254447906901446656
1254447917852618752
1254447951939764224
1254447999377387521
1254448126712336384
1254448209864376322
1254448233738362880
1254448262309953537
1254448476844437504
1254448527167696897
1254448540459446273
1254448548248088577
1254448607022870529
1254448715630329856
1254448782235836418
1254448794466496518
1254448920719011840
1254448922174590979
1254448959084470279
1254448988259942400
1254448996682215424
1254449002185023488
1254449020078080007
1254449091809030147
1254449112184795137
1254449122515365890
1254449217575235589
1254449313838624769
1254449316082487297
1254449319782092802
1254449324827836417
1254449412480339970
1254449415084888064
1254449451545980928
1254449480054816769
1254449484085497856
1254449544278028289
1254449570450477058
1254449579216400385
1254449697059725315
1254449740445515777
1254449742752346113
1254449746804178945
1254449759152033799
1254449767196868608
1254449768270565376
1254449906351312897
1254449917243916288
1254449928249593857
1254449939750551553
1254450003101310977
1254450015059279874
1254450113180774401
1254450122731204609
1254450147708112896
1254450204939620353
1254450220122832896
1254450493197295620
1254450529507442693
1254450537354809346
1254450586449096704
1254450617998852102
1254450745484738562
1254450811322667014
1254450929446735872
1254450940758970369
1254450963869360128
1254451112515563522
1254451303499137031
1254451380959485963
1254451396524617730
1254451432125759488
1254451524782166023
1254451565483536385
1254451587013099527
1254451654583300098
1254451693443600391
1254451746052530176
1254451747927420929
1254451770471985152
1254451776729894914
1254451866961719296
1254451938558689281
1254451957944717312
1254451963980201985
1254452153202155521
1254452182767697920
1254452214522949636
1254452291110760448
1254452320311672833
1254452340788264960
1254452357867454465
1254452437785743360
1254452626193858571
1254452633768734728
1254452849494425605
1254452870302310400
1254452898542452736
1254452960035319809
1254453027022548992
1254453104575160325
1254453148908793856
1254453156131377152
1254453276713422848
1254453328265666560
1254453342497124353
1254453394690859010
1254453443428786176
1254453451892940802
1254453498994982916
1254453511573692416
1254453545463697410
1254453597280112647
1254453604955623424
1254453626476658689
1254453660408406016
1254453741874376709
1254453763655569409
1254453763793809409
1254453830521024512
1254453846199468034
1254453850637025280
1254453889950265348
1254453894652014598
1254453957579223041
1254454073568493568
1254454135363186689
1254454172314857473
1254454176450588674
1254454201712816129
1254454210092920833
1254454239881035780
1254454295572836352
1254454313801273344
1254454351210283008
1254454361201283072
1254454371623923713
1254454389890310144
1254454421490032641
1254454428628922370
1254454508018642944
1254454661408489483
1254454663493156865
1254454668144467968
1254454769940262914
1254454777267671042
1254454783533965312
1254454790085439491
1254454811749044224
1254454824579538944
1254454849489551362
1254454856518995968
1254454873749364737
1254454887536119810
1254454888429477894
1254454911061725185
1254454996210298880
1254455029164986371
1254455032428343297
1254455132802039809
1254455190427709440
1254455227916435457
1254455228591747078
1254455241384181763
1254455247357034499
1254455270387974146
1254455283016966146
1254455339178696704
1254455398830137347
1254455410398035968
1254455530900381707
1254455552266113024
1254455588932800515
1254455695585316864
1254455720235241472
1254455726497345536
1254455741286477825
1254455834639134720
1254455853148749824
1254455855820537857
1254455881053474817
1254455932840562688
1254455958086057984
1254455973164527619
1254455986250801155
1254456025694035973
1254456064487104515
1254456095864696837
1254456105440337921
1254456132703096833
1254456164433244162
1254456252274315264
1254456307634995201
1254456319907684354
1254456338815410177
1254456381647622146
1254456483447631872
1254456523176042497
1254456535218094080
1254456546446258179
1254456557313708036
1254456579337879561
1254456592780726274
1254456619376803841
1254456636711854084
1254456638054023168
1254456639475920896
1254456658715172864
1254456689828519939
1254456712603598848
1254456734162157568
1254456791280185345
1254456827678470150
1254456898457395201
1254456902123216896
1254456943487389696
1254457117630705664
1254457165235929089
1254457181300121601
1254457203756380160
1254457219669778432
1254457245385064449
1254457261730258944
1254457290331209728
1254457348447502336
1254457455901380612
1254457471743254530
1254457532325732355
1254457547857121281
1254457570850471936
1254457590337032192
1254457634033287168
1254457639649505281
1254457644087218177
1254457648814215168
1254457669072674816
1254457746595803136
1254457779495989248
1254457798810796032
1254457874392051712
1254457905459261450
1254457927177510913
1254457961096851459
1254457970911596544
1254457978918506497
1254457989857189894
1254457995397824512
1254457996601688071
1254458005988540418
1254458044236341248
1254458076046004229
1254458082437918721
1254458125400211457
1254458154835902464
1254458408209575941
1254458424416301056
1254458437846487040
1254458458356752384
1254458506259894280
1254458514593812480
1254458555836456960
1254458572240494593
1254458673746915329
1254458784073859072
1254458808564248576
1254458865879527429
1254458884384862210
1254458885404004353
1254458898028941314
1254458908665503744
1254458909089320960
1254458955184701440
1254458981004783621
1254458998620815361
1254459008880193536
1254459017021329408
1254459027863433216
1254459032225505281
1254459044024246274
1254459112772919296
1254459199393796096
1254459330914652161
1254459363692929027
1254459446530580482
1254459531276554240
1254459560238002176
1254459770238652417
1254459812995194880
1254459857719214080
1254459935062216705
1254459943479939072
1254460004825993216
1254460006403014664
1254460027454308355
1254460031849897985
1254460125571624961
1254460152633122817
1254460155829387265
1254460172337963008
1254460346120667138
1254460373933015040
1254460381197733890
1254460460243529728
1254460480464224259
1254460537552769025
1254460538806992903
1254460560218951684
1254460590245900288
1254460652598550529
1254460848929726465
1254460873902604291
1254460941787373568
1254461015648989184
1254461054010241025
1254461095277821952
1254461176043503616
1254461187565268997
1254461206158426112
1254461302828826630
1254461370466103296
1254461418352652290
1254461423003922432
1254461440058167299
1254461476976201728
1254461613211557889
1254461637118967809
1254461703355580420
1254461721944694786
1254461766697967616
1254461777812881415
1254461853540835328
1254461880770404353
1254461915989827584
1254461929189326848
1254461948508291074
1254462007337553920
1254462015088852993
1254462051885465600
1254462094117724160
1254462148035649537
1254462163185352704
1254462186820378625
1254462210597957632
1254462217157738504
1254462286472724481
1254462317674270726
1254462369394130944
1254462398259494912
1254462410234007552
1254462455100485632
1254462556254527488
1254462589997912065
1254462627826278406
1254462687951478785
1254462695224598532
1254462714560249858
1254462721015181312
1254462751851724800
1254462755291062277
1254462882848309249
1254462981569679360
1254463205818195968
1254463233148190723
1254463261736566784
1254463391537737731
1254463469107249155
1254463492750376962
1254463521376612357
1254463544931880961
1254463562962984961
1254463577924284417
1254463593707270145
1254463650829606919
1254463765216727041
1254463771919220739
1254463877598916610
1254463881042255874
1254463894233534465
1254463904882794497
1254463914403717120
1254464009123880962
1254464012424601601
1254464122105651201
1254464229471432704
1254464342050902016
1254464393674293249
1254464463454916609
1254464481729507329
1254464636239347712
1254464641733926913
1254464688403996672
1254464845660872705
1254464854531862528
1254464859271565319
1254464879810867200
1254465124791918593
1254465151480168448
1254465158404993024
1254465278374744064
1254465467835539457
1254465650753404928
1254465731170906118
1254465750774898688
1254465850335268866
1254466110306516992
1254466234164396033
1254466395477336065
1254466570350399488
1254466582354542598
1254466662016749568
1254466703548874756
1254466770796068864
1254466802643599361
1254466813934489600
1254466872860307456
1254466876819660802
1254466917907214336
1254466975041871877
1254467009582034944
1254467145410338822
1254467369004683264
1254467544674598913
1254467663306223616
1254467693857533952
1254467708071981057
1254467712123760640
1254467717387649032
1254467880349044742
1254467904747081729
1254467907179827201
1254467924275818497
1254467995725754368
1254468128483864577
1254468169152057351
1254468285531336708
1254468306012176390
1254468384923795458
1254468446487748611
1254468537953013762
1254468559067103232
1254468595456729088
1254468616935714818
1254468681955831809
1254468860528361472
1254468866492764161
1254468989566308353
1254469091911442432
1254469229010714629
1254469231086718976
1254469349219471360
1254469413975347202
1254469538118340614
1254469607252996096
1254469728313245698
1254469746180780033
1254469778670080000
1254469907384799235
1254469958861328384
1254470008903778304
1254470017141346305
1254470348956893188
1254470391323648000
1254470400894996482
1254470420096364544
1254470423405789184
1254470502095048704
1254470502669836289
1254470624505806849
1254470667438665729
1254470687508574208
1254470691576897537
1254470701517430784
1254470711726358528
1254470726553223168
1254470773902696448
1254470783939690496
1254470857847701504
1254470863472246784
1254471065553768449
1254471135045079047
1254471265072680960
1254471519616372736
1254471520887463940
1254471602135281672
1254471607315292162
1254471652504731649
1254471682934419456
1254471690811142144
1254471719923986443
1254471731592527874
1254471923989467144
1254471966133587968
1254472250192871424
1254472391587176448
1254472733578063872
1254472757590532096
1254472786078076928
1254472804486926336
1254472815694225410
1254473049715269632
1254473157618077696
1254473179612864513
1254473306880618496
1254473316326240256
1254473486753427456
1254473501605539840
1254473557771313152
1254473572241870848
1254473596371517440
1254473737224818689
1254473751430934528
1254473775040442368
1254473787187191808
1254473792371298304
1254473797861687297
1254473799132524544
1254473820410245121
1254473832649207808
1254473844644917249
1254473854077952001
1254473856762261504
1254473893802205185
1254473921539248130
1254474106482933765
1254474156160122880
1254474209226567681
1254474335470960642
1254474421919719424
1254474426340573186
1254474482787516419
1254474763742793729
1254474847184236545
1254474960032067584
1254475033524736001
1254475202764795904
1254475328074010625
1254475341344768000
1254475487646187521
1254475498287239168
1254475550271377408
1254475553467297792
1254475793805144064
1254475812289409024
1254475819306582016
1254475881084407810
1254475941667115011
1254476060957315073
1254476136240857093
1254476207145414657
1254476222538498048
1254476315639582722
1254476405292687360
1254476461601243136
1254476492815380480
1254476652525916166
1254476706338856960
1254476855442366464
1254476983087628290
1254477004528902148
1254477083851370496
1254477250730299392
1254477311476289536
1254477348277116928
1254477515386585088
1254477597628674051
1254477720559337473
1254477724913152000
1254477940219211776
1254477952919769089
1254478060306329601
1254478105584041984
1254478175293276166
1254478182360776704
1254478183950319616
1254478190556221441
1254478202816335874
1254478214015172608
1254478233967329280
1254478356508225537
1254478516030226434
1254478569490665473
1254478626629836805
1254478734708535297
1254478891231543296
1254478925729677313
1254478927353036802
1254479013466312705
1254479042952269824
1254479120341192705
1254479126779400193
1254479349165817856
1254479538412834817
1254479724266393600
1254479798027669506
1254480151733309441
1254480258230702080
1254480277906358279
1254480340984438791
1254480352677998592
1254480551131537413
1254480568353521667
1254480596069425153
1254480693222166531
1254480698896941058
1254480708111826945
1254480732761673729
1254480757453512704
1254480803565907968
1254480917352943616
1254480987028938759
1254481195909423108
1254481234937483265
1254481246081765378
1254481372061863937
1254481392899104769
1254481497257476096
1254481595928424449
1254481734105812993
1254481938716467204
1254482000611807245
1254482137450901504
1254482179465211904
1254482218132451328
1254482327016783872
1254482405072789506
1254482527739412483
1254482749014061057
1254482798892777474
1254482799945486336
1254482814218539009
1254482824373157890
1254482968749510656
1254482984734003200
1254482989255241728
1254483004870717440
1254483025548718085
1254483087955759105
1254483099402014723
1254483110038831107
1254483122789416962
1254483142318096384
1254483188702994433
1254483414230720512
1254483459000672258
1254483530438057985
1254483604677287938
1254483611891437572
1254483662525001729
1254483671089917953
1254483765000237057
1254483766006841344
1254483780141645824
1254483856243060736
1254483954134061061
1254484100414500864
1254484122900271104
1254484133075546113
1254484139748872193
1254484424357408768
1254484508763500544
1254484592247091204
1254484665349611520
1254484670881947656
1254484734337363968
1254484811349188610
1254484947143847936
1254484976864641024
1254485216661516290
1254485581461102593
1254485728471347200
1254486010739789825
1254486091572432899
1254486093065596931
1254486466463436800
1254486496721072128
1254486522499219456
1254486532494446592
1254486543076454400
1254486678779158528
1254486744931524608
1254486803400159232
1254486929141387264
1254486945859809281
1254487075727929345
1254487092232482817
1254487108338675712
1254487124189089799
1254487126533644288
1254487181294333952
1254487395069722627
1254487395077984256
1254487479400497155
1254487530386440193
1254487717016035328
1254487730421141508
1254487733122277377
1254487760284651521
1254487762138353669
1254487863250436097
1254487883706183682
1254487888697458690
1254487941998694401
1254488134085038080
1254488290750877699
1254488443784179713
1254488501606809606
1254488746671529985
1254489066684379136
1254489092181508096
1254489292153421825
1254489539256692740
1254489552124817410
1254489602913521664
1254489692814430208
1254489994174971904
1254490016232779777
1254490031944806401
1254490112542437377
1254490411252551683
1254490603502497792
1254490760335880192
1254490807454724096
1254490853692735488
1254490896114036736
1254490994445352962
1254491003345666048
1254491055686324225
1254491066029334529
1254491118504341505
1254491165635698688
1254491408808869888
1254491455873183746
1254491500114857984
1254491508557918210
1254491565936041984
1254491779497369601
1254491894387785734
1254492201624748037
1254492207756849153
1254492219106562050
1254492220780097536
1254492379152740352
1254492632899883013
1254492659038609409
1254492771282493441
1254492800097366016
1254492929525235713
1254493262368268288
1254493327296102400
1254493540576636929
1254494076587708424
1254494147223961603
1254494430834425857
1254495121912946689
1254495244214833152
1254495488352481280
1254495519457644547
1254495595449942019
1254495676890845185
1254495876975693829
1254496017531072512
1254496022384050180
1254496166068269056
1254496174863790082
1254496174901510144
1254496345819426817
1254496465738780673
1254496510080888833
1254496580436180996
1254496597162856449
1254496619401076737
1254496658714484736
1254496920682278915
1254497055973629952
1254497108574560256
1254497128409296896
1254497386434637825
1254497493775089664
1254497804204072961
1254497999578779649
1254498187991224320
1254498292555104259
1254498491361091590
1254498768755589120
1254498995650441218
1254499252727771136
1254499394994356225
1254499536736677889
1254499597344374784
1254499599127101442
1254499600397824000
1254499621730021376
1254499869974302720
1254500046487252992
1254500092570144771
1254500197733933062
1254500270400139264
1254500289006014464
1254500603348344834
1254500608595374080
1254500884337381378
1254501171923910660
1254501319664173056
1254501330510467077
1254501364006297603
1254501516163022855
1254501582152052745
1254502102153310208
1254502116896518147
1254502262396813315
1254502333486170117
1254502680665313281
1254502705009172481
1254502828745375751
1254502927550386176
1254503041996218368
1254503126821777408
1254503197504344065
1254503253783588865
1254503274377441280
1254503335706742786
1254503491797766151
1254503592746053633
1254503870438359045
1254503926004510722
1254504062722076672
1254504188152655872
1254504298630660097
1254504394999189506
1254504464297406464
1254504496471797760
1254504675921051652
1254504924165165058
1254505239673294852
1254505929321713664
1254506041737383937
1254506101749342208
1254506264974880768
1254506528440111104
1254507030943072257
1254507050966503424
1254507218004828161
1254507688911765504
1254507747162206208
1254508095604219906
1254508249488875521
1254508408411164673
1254508651630362626
1254508703513886720
1254508706194022401
1254508941880377345
1254509350657245184
1254509868347621377
1254510185785069568
1254510526370992128
1254510658390982656
1254510718444990464
1254511088550457346
1254511089825562626
1254511093952569346
1254511147744706560
1254511861208252416
1254513697650696192
1254514016971612160
1254514362078900224
1254514475539013635
1254514897137864706
1254515318824644608
1254515501478236160
1254516277793583104
1254516305270579202
1254516615569444865
1254518069805961217
1254519031471714304
1254519359277535232
1254520420394397696
1254520823630589952
1254520883965804550
1254521045903486977
1254522797910417408
1254522995726528515
1254523202048602117
1254524069413826561
1254524386410971144
1254527999216480256
1254529889161666565
1254531129249427456
1254534499398037505
1254534997072986112
1254535026533957638
1254537354728976384
1254538203027189761
1254543336309833728
1254544573033897984
1254545136865902594
1254546963225128960
1254546972968488960
1254548881393754114
1254549183127646210
1254549704534380544
1254550505516384256
1254551116622290944
1254553951585792000
1254556737568272386
1254557501745315841
1254558159483449344
1254559593562361856
1254560053111250944
1254560128830976000
1254560156836298752
1254560338290204674
1254560437951246337
1254560517621821442
1254563628176625667
1254566678828068866
1254567848891973638
1254568158272163843
1254568491165728769
1254568609356976130
1254568656715100162
1254570139401572352
1254570322054877185
1254570581212778496
1254570823970480129
1254571199679598593
1254571240620126208
1254571652987437059
1254572406787772417
1254573051313864712
1254573632174481409
1254573898135334913
1254575520186085377
1254576105907826689
1254576710722269190
1254577200805773313
1254577317751504898
1254577591685533706
1254577602934833153
1254578653100474369
1254579435409416194
1254579656713330700
1254580311477764096
1254580766387965952
1254580832485941248
1254581968529952768
1254582316594114561
1254582619896836097
1254582664620736513
1254582818425970688
1254583217539158017
1254583344601292800
1254583432090234881
1254584076566179840
1254584207826796546
1254584354602442753
1254585387151962112
1254585571470696448
1254585603158654976
1254585681663463425
1254585714093830144
1254585741901918215
1254586030403006464
1254586520880787456
1254587156615491587
1254587276954386432
1254587490268327936
1254587695843602438
1254587988211875840
1254588183154696192
1254588305972264961
1254588432719859715
1254588763151446016
1254588834718728199
1254589434927779841
1254589439071920128
1254589804098060289
1254589833260851200
1254589840127135747
1254590197871845376
1254590317459902464
1254590786840100865
1254591837379145729
1254592264979898383
1254592300849692673
1254593335676874753
1254593581349650439
1254593798316986370
1254593811910713344
1254594243747774465
1254595006138114049
1254595654048980992
1254595720054800385
1254595853727211520
1254596024229933058
1254596240114962434
1254596283672735744
1254596415667539969
1254596469400563713
1254597222613889030
1254597245430882304
1254597355334250497
1254597534401597440
1254597922664185856
1254598009721163778
1254598790180491265
1254599011324981249
1254599231010029569
1254599292809031681
1254599446697934848
1254599631104692225
1254599635601145856
1254599799275425792
1254599836948664323
1254599844053651460
1254599885522743297
1254599911150096384
1254599986613940224
1254600282081820675
1254600283935707142
1254600301111279618
1254600333956976640
1254600429129756678
1254600450894110720
1254600890700500992
1254600993196650496
1254601018526044163
1254601137178714117
1254601225884106754
1254601310210371584
1254601432289828864
1254601460266012673
1254601765808254976
1254601882040967168
1254601949657403397
1254602039788789760
1254602119396679682
1254602384883367936
1254602886442438656
1254603547137753089
1254603652091633664
1254603712846336001
1254603961321115648
1254604201134522368
1254604369556836358
1254604402771415040
1254604600138555393
1254604840287657984
1254605290462470151
1254605493504442368
1254605788682883079
1254605853136687104
1254606493086887941
1254606907597299712
1254607063549870080
1254607169015689216
1254607302709186560
1254607457986514946
1254607671719858176
1254607887902617600
1254608042026504194
1254608106232754176
1254608129876283394
1254608199543656448
1254608301020663810
1254608318552776704
1254608669507018753
1254609456534618116
1254609460565176320
1254609505335246850
1254609575153528832
1254609630904438785
1254609691398766592
1254609971632918540
1254610032802619393
1254610172267331585
1254610469706399747
1254610604708462599
1254611320026140673
1254611400179286017
1254611431661559812
1254611453346226181
1254611549420830720
1254611613971132416
1254611947930046464
1254612107787567105
1254612757770579968
1254613029397966849
1254613038856110081
1254613148755263488
1254613232301588480
1254613261322014728
1254613509926727686
1254613624829681665
1254613953432260609
1254614094906261507
1254614196303663105
1254614201517080581
1254615247404621836
1254615283710537728
1254615621418881024
1254615880312463360
1254615960901877764
1254616036080410624
1254616428503724034
1254616505775525894
1254616631864700943
1254616639779115008
1254616739800928258
1254616869064962049
1254617104264818688
1254617349434626050
1254617371035066368
1254617445165195272
1254617554632323074
1254617574349799424
1254618477740122113
1254618762571132928
1254619236489728000
1254619329682739200
1254619489506861063
1254619543642738688
1254620176617574400
1254620570106294273
1254620629577297920
1254621226250629120
1254621231652974592
1254621614341263362
1254621641096773634
1254621718037114881
1254621786395815938
1254621800694263808
1254621837767708674
1254621940112920581
1254622230354354182
1254622425624588288
1254622487448449026
1254622658827673601
1254623128036114432
1254623363068162049
1254623909498032130
1254624198892216321
1254624487376470016
1254624577025540096
1254624635745824769
1254624641491976192
1254624946489184256
1254625090165075969
1254625206670245888
1254625931559198720
1254626077751812096
1254626947776286721
1254627442511118336
1254627515764744193
1254627524128243712
1254627823215620096
1254628234504724480
1254628781572059140
1254630171170222082
1254630288849657856
1254630329316446209
1254630946994708480
1254631676304437250
1254631840331202567
1254631912921944065
1254631948363927552
1254631958534975488
1254632060658102274
1254632092110974976
1254632623147814912
1254632861149216768
1254633025259933696
1254633237185548289
1254633379967848450
1254633701188595712
1254633776803610625
1254634088943648768
1254634351574134784
1254634365960757248
1254634666725748736
1254634805423005696
1254635165126705152
1254635608024199170
1254635992318951424
1254636697981083649
1254636868156534784
1254636921852174338
1254636928516812800
1254637018614808580
1254637027775127552
1254637054065025030
1254637296567148544
1254637442268831746
1254637554294575105
1254637602621108225
1254638040980414464
1254638288427614210
1254638310816956419
1254638439984594945
1254638531609276418
1254638534033461249
1254638547446820864
1254638588907548672
1254638606578143232
1254638620259913729
1254638655034945536
1254638697988804608
1254638716116586499
1254638854931468288
1254638969674850304
1254639008778346496
1254639034879471617
1254639120460263424
1254639124864102401
1254639999644913665
1254640269988790272
1254640357024858118
1254640636864708608
1254641137475817473
1254641180081483778
1254641276953247746
1254641372142776320
1254641965116854273
1254642105940500484
1254642315496312832
1254642691977043968
1254642949440204800
1254643028612059142
1254643116360884228
1254643138683174912
1254643185646579712
1254643444988833792
1254643693358911490
1254643697918017542
1254644633121902593
1254645488239833090
1254645587745611776
1254645707186688000
1254646293894496261
1254646386944913408
1254646609339543554
1254646791842095107
1254646952634925057
1254646982158753792
1254646991428042754
1254648276134977537
1254648571904786432
1254648827270836224
1254648908094951424
1254649036763693056
1254649430122381322
1254649445976731649
1254650026992623617
1254650124862582784
1254650265950707713
1254650521652129793
1254650679492304896
1254650930118590464
1254651273787445248
1254651278044651520
1254651279386849282
1254651834523742208
1254651977654550528
1254652165144014848
1254652253287268352
1254653060619603969
1254655881121353728
1254656345078476802
1254656740194279425
1254656878472241160
1254656892682584064
1254656976069353472
1254657013235286019
1254657077684944897
1254657223470481408
1254657416169472003
1254657461887234048
1254657616292315136
1254657743832657920
1254657942852378624
1254658007234904066
1254658085328523264
1254658272100904960
1254658278878965760
1254658286290210816
1254658294913748992
1254658329420263425
1254658338094059520
1254658824004341761
1254658865649467392
1254658939951755264
1254658987401728000
1254659072546050050
1254659087129862147
1254659109586001920
1254659176627748864
1254659191416840193
1254659224006619136
1254659306592653312
1254659383125962752
1254659501451612160
1254659605977858048
1254659705420603396
1254659869048791040
1254659890217353216
1254659948987977728
1254659961667432448
1254660034438496257
1254660144119644161
1254660155578429441
1254660550358732810
1254660948620541955
1254661170004459520
1254661180351590400
1254661191261024258
1254661523944792065
1254661750600822784
1254661826748526599
1254661935879970817
1254661982436786176
1254662002255036416
1254662024564543488
1254662541663338496
1254662787642437632
1254663348966182912
1254663823115632640
1254663847610331136
1254663917105745920
1254664170877841408
1254664313840693249
1254664331758727168
1254664366051467264
1254665145743179777
1254665187984117760
1254665612200198144
1254665762385432576
1254666181287440384
1254666481977012224
1254666521781174272
1254667198846521346
1254667204743708672
1254667254035173377
1254667399812562944
1254667790390366212
1254667812032917505
1254668078647898112
1254668815562084353
1254669441402408960
1254669873126551552
1254670833965862912
1254670950559182854
1254671457285783552
1254671823230373888
1254671912590020613
1254674467789213696
1254674747117277184
1254676334258913281
1254676423672913920
1254676501112463361
1254678270362243072
1254678881367359488
1254679396839014400
1254679409803628544
1254679558814498817
1254679743942635520
1254680589162016768
1254680717314805762
1254680862441926656
1254681109440475138
1254681475099713537
1254681617928421376
1254681927291777024
1254682257140432897
1254682803234648068
1254683069291720705
1254683574520840193
1254684638611554306
1254685247704150016
1254686058236850178
1254686234657427456
1254686514434519040
1254687007118446593
1254687212534448131
1254687257979543552
1254687271418134528
1254687288581218306
1254687317555462146
1254687329827999745
1254687339663650823
1254687354662424576
1254687396387450880
1254687926509805568
1254689251356282882
1254690385265217543
1254690590635196416
1254690779643162625
1254692642379763718
1254692657974173697
1254693198414348291
1254694586750046208
1254695605533892608
1254695984556359681
1254696468667076608
1254696487654744064
1254696511407116288
1254696866127720451
1254697040145154050
1254697156637851648
1254697852262993927
1254697879580467200
1254697893937594368
1254699222638555136
1254699513874280448
1254700038044844032
1254700713411674112
1254700760190738433
1254701113028292608
1254701782535532544
1254701823128006658
1254701969618296832
1254701978610892800
1254702129274486784
1254702551691223040
1254702552253259777
1254702587397505024
1254702642481098753
1254702656204857344
1254702667676307458
1254703687471153152
1254703707171827712
1254704239097626624
1254704404722184199
1254705652787744770
1254706577304518656
1254706700004671489
1254707948489768960
1254710205411061760
1254710298570866688
1254710568541278209
1254711120784437249
1254712884245884928
1254713581309960192
1254714106537340928
1254714254500024320
1254714307780247552
1254714437300359168
1254716071829024768
1254720422228025345
1254720464359837696
1254721433873321984
1254722639907532800
1254722653870387201
1254722789744930822
1254722828454092801
1254722836389785603
1254723053289955328
1254723132968992770
1254723240573820928
1254723251558707200
1254723413618327552
1254726792142901249
1254728293158277120
1254729094970966021
1254729939699425280
1254730053608443904
1254732511206227968
1254732524263100416
1254732537550733312
1254733338717245440
1254733395755765763
1254734281714413568
1254736468234235904
1254736622827995136
1254737677771046915
1254737767533330432
1254737920516337665
1254738103119601666
1254738661691752448
1254738915715452930
1254739371741319168
1254740709036310532
1254741111257497603
1254741125513928704
1254742270223347718
1254742708293455873
1254743293897908224
1254743785927372801
1254743800729071619
1254743971881840641
1254744726147788804
1254745257066938368
1254745270593523713
1254746615115649035
1254746714419761152
1254747242763825152
1254747651557359618
1254747665583112192
1254748043506638853
1254748280459796482
1254748765656723458
1254748996255408128
1254749775003447296
1254750077538783241
1254750087533613056
1254750367360995328
1254750572558929920
1254751481443516416
1254752270916476929
1254753791011741696
1254753863565017089
1254754105152557056
1254755603496361985
1254755925102977025
1254757191493574656
1254758246692392960
1254758326505742340
1254758995484651520
1254761038664339459
1254764096769024002
1254765300819480576
1254765937246433282
1254766649229508617
1254772275624112128
1254772941201346562
1254776053509140486
1254777196196986890
1254777381883015175
1254778226720702472
1254778236287901700
1254778749146415104
1254780245640572929
1254780901935812610
1254782235791601666
1254782705222340608
1254783663440420869
1254784851934195713
1254785270534176768
1254785944164593665
1254786148938870787
1254787027276423168
1254788934602637316
1254789173812187138
1254790939274551296
1254793383492628480
1254796842015100929
1254796866199457794
1254797070143311873
1254797304575324160
1254798202873606145
1254798420503642117
1254800414106505217
1254800588073656320
1254800760807792642
1254802051415990272
1254804524616814594
1254804728124497920
1254806059882909696
1254806582757478400
1254808567384805381
1254810365000548352
1254811189776957442
1254814432171089922
1254814461455503360
1254815674955784192
1254815679586304002
1254817226705821697
1254817846179311616
1254818685618917379
1254821052942897157
1254821496268169216
1254821559958675456
1254821699335467012
1254823243422154752
1254824061152096256
1254825936421187584
1254826366085804032
1254827270373588994
1254828395138965504
1254830891488215041
1254834677967278080
1254837175033741317
1254837816477040640
1254845144857079812
1254849411374596097
1254852682805739520
1254864993134100480
1254887756737785861
1254891988270239744
1254894918306156549
1254902133050077185
1254903234939977728
1254906861289009152
1254961946631090176
1254962716084584448
1254963281443409920
1254972853054771202
1254973281830141958
1254980970635317250
1254984973238431745
1254987106683781120
1254987913491673090
1254991789183942660
1255005816391950336
1255012323326132227
1255012906816671745
1255041845618520065
1255044610533076992
1255045877787320323
1255045904869937152
1255046618149261313
1255061852972879872
1255062202614198274
1255062213934620672
1255063291610742784
1255073492971614211
1255079703704207360
1255085982656925696
1255094144671850497
1255094198497402880
1255094504702373889
1255097081426919431
1255099167732428801
1255099176326582272
1255099208362672129
1255099217158127616
1255099226763128832
1255099238922334208
1255099271428190214
1255099313929064458
1255099425594040320
1255108526378287104
1255109661755351040
1255109693736923142
1255110838827905026
1255111335853031424
1255111470418989059
1255113174690476032
1255117073639895042
1255144894596648962
1255160202325684229
1255164806367232005
1255178809957113856
1255186809757319169
1255197782375370754
1255314617145966592
1255314626633519105
1255314637916180481
1255314651958644740
1255314731834970113
1255314757072097280
1255314766328999937
1255314777393508352
1255314786541285376
1255314796515385345
1255314805507928066
1255314819357593602
1255315092935147523
1255321829465559040
1255328463176830977
1255329936379912192
1255342541949620226
1255376578441248768
1255385030643384321
1255394120631230464
1255405236526727177
1255407086982385667
1255416152022491136
1255450986610647040
1255465230995460096
1255466155403358211
1255515233134604288
1255532331596763138
1255544668479279104
1255544753187360769
1255544766126788608
1255544778269343745
1255544789627478017
1255563710946578435
1255572772345901056
1255576324154023942
1255628485306900480
1255661067914694658
1255710607069908992
1255736656688230401
1255744791213748226
1255762527910158336
1255825852970885120
1255890021363531776
1255905483602276352
1256051483893735428
1256051492986990593
1256051503619608577
1256051510284353536
1256051550943936518
1256051669420384257
1256051679725846529
1256051688080846848
1256051696951844864
1256051702173700096
1256051714949603328
1256051726358138880
1256051921384812546
1256109281843109888
1256127069865590784
1256160894649655296
1256173980777472000
1256256438956986370
1256350993471598592
1256436026618281990
1256474425123192832
1256505578995757058
1256809672343838722
1256810340278349824
1256906929881837569
1259411314075713536
1259417092052463617
1259769060881043456
1259769457448112129
1259793081550790657
1260209968596180993
1260209980566716416
1260467834158829570
1260675933335420930
1260951237010259968
1260951484826619905
1261134764045594624
1261134905167118337
1261147322420994049
1261147731386675200
1261172019053375488
1261172244413329410
1261458160621101056
1263867837841412096
1264105359230320640
1267847576029716483
1269599786639880192
1280781968280481793
1281497220047679488
