id
1266901376992284673
1266901455220256768
1266904805156384768
1266905828012904448
1266906009504821248
1266906973288759296
1266908652633501696
1266910025630363649
1266911592018440193
1266912794445664256
1266913269425438721
1266914698412167169
1266914908769267712
1266915008866222080
1266915840240173056
1266917273182208001
1266918360744259584
1266919357436715010
1266919606460936193
1266919922396954624
1266920840123150336
1266925159870599175
1266925744367628289
1266925821115035648
1266928472812711936
1266930254364327936
1266931320027967488
1266931728184078337
1266933244378800130
1266934609477959681
1266935159049379841
1266935501224697857
1266935535857102849
1266935726609858561
1266936915481128960
1266938847402684418
1266940359939985410
1266944151318228992
1266945380693848064
1266945584012943361
1266950909118099461
1266951208587022339
1266951282058604544
1266951865968648193
1266952751411412992
1266953118220029954
1266954950921183232
1266956323461226499
1266957464886370306
1266957601201246208
1266957681744584704
1266958603279200257
1266958742282571776
1266959209251266561
1266960581212299264
1266961720225878016
1266963089158598656
1266963367605891073
1266963525525573634
1266963672531972097
1266969480401477636
1266969838246715392
1266970587697573893
1266970679208894464
1266970712373227520
1266970712599715840
1266970755541028864
1266970855759724545
1266971161457500161
1266971216298029057
1266971230311243776
1266971318357880833
1266971357390057472
1266971455691997185
1266971626232524800
1266973989043200000
1266974335102619654
1266974455609229313
1266975074067705856
1266975083253215232
1266975092828823554
1266975180036792322
1266975457649422338
1266976887219212288
1266977434651549696
1266978289756725249
1266978554564272129
1266978654950588416
1266978744784191489
1266979413456904192
1266979491810701313
1266980157044056065
1266980220461936640
1266980243308310532
1266980658280165377
1266980875478028288
1266981117539708929
1266982863691345920
1266982958801596416
1266983884316540930
1266986115086512128
1266986741652525056
1266987852979716096
1266987914640060422
1266988007023734790
1266988076833755136
1266988088506544128
1266988623498371073
1266989084028702720
1266989532655661058
1266990835729485824
1266991403529170945
1266992104770854915
1266992400662065153
1266993894446690304
1266994404935577600
1266995002095415296
1266995838498168832
1266996159630815232
1266997046655029248
1266997190439755776
1266997534037327872
1266998234544615424
1266999404764049408
1266999436124839936
1266999466864844800
1266999488583020545
1267000013676150785
1267002027302744065
1267003328505970688
1267005345139847168
1267005356028223488
1267009384309116929
1267009907842150402
1267010219227242497
1267010237564764161
1267010356385157127
1267010422785245185
1267011120146993153
1267011925138784257
1267011930448781312
1267014337551405056
1267014602555920385
1267014875345235969
1267017312701317125
1267017597280632832
1267017618894045184
1267017752268599296
1267018076505047040
1267018391237189634
1267018426700226566
1267018976862916608
1267019981067218944
1267020448308400129
1267020480923328512
1267020514125647873
1267020545112993797
1267020640587968513
1267022612196098049
1267024785818521600
1267028080255569921
1267028934161506305
1267029186486497281
1267030559081013249
1267032210428710914
1267032344344645638
1267032609730596864
1267033079832629251
1267033411333451776
1267034352107565056
1267035592090628096
1267036516733222915
1267038184912773122
1267038279653707776
1267040060282507265
1267041890114760705
1267043141984620545
1267043913946324993
1267044881085591556
1267045108404244480
1267050967536734209
1267052404668723201
1267052612332838912
1267053219324125185
1267053545712386048
1267053967034462208
1267054892805316612
1267055890030452737
1267056086378352640
1267057362826752000
1267057366773587968
1267057563297886210
1267058006992150531
1267058028206931968
1267058121035243521
1267058274559377408
1267058554470424576
1267058637807030274
1267058659944566787
1267058718086057984
1267058964899872773
1267058976232898561
1267059499623424002
1267059518187298816
1267059688568307718
1267059830289649671
1267059944043319296
1267060036414529536
1267060566130069505
1267060752503848961
1267063263398973440
1267063557583036416
1267063574863675393
1267064756583559168
1267065033055326208
1267065205923524619
1267066249877413889
1267066700832231425
1267066729202499585
1267066757446942721
1267066914741911554
1267066963496325122
1267067902940925953
1267068574679461895
1267069273635082240
1267069367902040071
1267070824319606785
1267071334317584384
1267071366919884801
1267072293458436097
1267072453458583552
1267072664016805889
1267072811786526720
1267073340973301767
1267075218511556611
1267076434310262789
1267076967808942080
1267077927956434945
1267077964845289472
1267078783460208641
1267080890850648064
1267081121881186304
1267084078886477827
1267085095455780865
1267086692768309248
1267088440560160768
1267089229504344064
1267089333955317771
1267089358097711106
1267091090877763585
1267095425938386945
1267095548751945736
1267095557094477825
1267096925347643394
1267096964048404480
1267097042259570693
1267097204004720641
1267097468140847104
1267101301571117061
1267101831219613701
1267102411543457792
1267102660181684224
1267104798341394434
1267106202263023617
1267106714597224449
1267107194199146496
1267107736275181568
1267108476871835648
1267108528767987712
1267108574305476611
1267109054826061828
1267109779245154310
1267110618647064578
1267112568679587841
1267113112248999939
1267114628808613896
1267115429522108418
1267115976207802372
1267116031002079233
1267116117455015936
1267116288096141313
1267116405654089730
1267116745359110144
1267116929476485120
1267117470533509124
1267117620693577729
1267117688163143680
1267117708765585409
1267117790831484928
1267117855708831744
1267118042514890753
1267118687070248960
1267118823963979777
1267118897179750403
1267119593891393536
1267119608504303616
1267119787030786055
1267119897688981506
1267119989317754880
1267121200687394816
1267121266441388034
1267121506598809600
1267121615914950656
1267121716544839680
1267121720219045888
1267121767270821890
1267121823084240896
1267121868756013057
1267122519099666433
1267122714386432000
1267122825300635649
1267122916199563265
1267123007832670208
1267123043769257989
1267123118897860608
1267123535497048068
1267123641050976257
1267123838774505473
1267123859016335360
1267123942122229761
1267124057524191232
1267124176814436354
1267124367349161985
1267124732190617600
1267125127604363264
1267125197527592962
1267125263034449921
1267125406873743361
1267125440977739783
1267125470778269697
1267125612088422401
1267125621936685056
1267126033528033280
1267126713013735424
1267126760623071234
1267126929447981056
1267126996603002881
1267127002420535296
1267127045898661888
1267127298085359622
1267127428540821505
1267127447625052160
1267127447658606593
1267127505669906436
1267127581762924544
1267127788714119169
1267127807399919620
1267128055568322561
1267128110111055874
1267128233406824448
1267128484440109056
1267128567994843136
1267128633585360896
1267128755073380352
1267128760119095301
1267128808143876098
1267129104127721478
1267129141779763202
1267129171068588032
1267129294154690560
1267129300261560321
1267129627685748736
1267129694819725312
1267129890131849217
1267129902693679104
1267130241983660032
1267130279228923904
1267130402411429889
1267130761213140992
1267130825004339201
1267130991660810240
1267131160737402880
1267131475020808192
1267131929632993280
1267132116363407360
1267132153881522176
1267132685534683136
1267133138339106817
1267133322469113856
1267133486210535424
1267133497564516352
1267133540048633856
1267133808769404929
1267133887139835908
1267134573797715968
1267134683717890048
1267134853566222338
1267134986320097280
1267135038547779589
1267135097960124419
1267135224531447810
1267135840179884033
1267135942118174720
1267135942986313728
1267135946476130312
1267135991741140999
1267136205960867842
1267136489541890051
1267136509335011328
1267136565005783047
1267136920099778566
1267137310346235904
1267137417976279040
1267137694817083393
1267137727469776896
1267137763599511553
1267137778598305792
1267138218857771008
1267138564413779968
1267138850708578307
1267139531779616768
1267140313404993536
1267140410146729984
1267140471836434432
1267140577113432065
1267141297741000705
1267141403248918536
1267141457724358657
1267141827036999681
1267142434384822274
1267142509357961218
1267142761553133569
1267144528580030464
1267144566575992834
1267144977651400704
1267145221042655234
1267145724887592960
1267147824228995073
1267148476682571776
1267149383855816711
1267149691881271296
1267149870458179586
1267149966549504000
1267149970534043648
1267150047105257472
1267150276403879937
1267150380787523586
1267150482700673025
1267150500706652161
1267150549239115778
1267150750674587648
1267151038865235968
1267151115008610304
1267151236270182403
1267151556882731008
1267151658057785347
1267151868729479169
1267152328903192576
1267152566548221952
1267152968958144518
1267153112059588613
1267153177293385728
1267153673190342661
1267153959690502144
1267154021975855106
1267154436691914753
1267154540136030208
1267154718712754177
1267154944504688640
1267154976989573121
1267155178433601536
1267155409816547328
1267155780899180544
1267156251323977730
1267156315924623361
1267156544942153728
1267156841508728832
1267156892993929225
1267157313435119624
1267157317818015744
1267157468469133323
1267157805300985856
1267158300405030912
1267158325927407618
1267158407909269504
1267158889990025217
1267159015953399810
1267159353188126725
1267159725960880135
1267159739391029249
1267159766364598273
1267160404079390722
1267161353304801283
1267162279990231042
1267163055256936451
1267163861628719111
1267164585204707329
1267165207551283201
1267165644048523265
1267165792077885440
1267165794221187072
1267165800105992193
1267165879025971202
1267166085415006208
1267166291460153344
1267168279673671680
1267169143247249409
1267169857763565568
1267170197678387200
1267171454136791040
1267171945621012480
1267172517975691264
1267172671961231361
1267172976463474689
1267173245276565505
1267174334008721408
1267174378350862336
1267174961468203009
1267175035795456001
1267175424448069633
1267179413306667010
1267180543537364993
1267188268535287810
1267189007080992771
1267189142053511168
1267189938107416576
1267190233378033666
1267191894376759296
1267194402318848000
1267203642114760705
1267228883469783040
1267231992476610560
1267237184437751809
1267239528630292480
1267244422888067073
1267247345046925313
1267248524124729344
1267252227254689792
1267253524733194240
1267253778262052864
1267254569769111554
1267254591520935936
1267255065301053440
1267255982410706944
1267256489950892032
1267256495332196353
1267257346473877504
1267258077193007105
1267258699703173123
1267260383535890432
1267260770221350912
1267260843386761216
1267260882934886402
1267260926425612293
1267261034290507776
1267262093574594560
1267262623034118144
1267263067433373696
1267263820486959104
1267264591932690433
1267264663005171712
1267265079981993986
1267265769873670152
1267265774013394944
1267266449317363712
1267266715601137664
1267266753886736384
1267267012595761152
1267269074691567619
1267269539584069633
1267270265807015936
1267270408430137344
1267271821176401921
1267271954530103296
1267271991326720000
1267272110528851973
1267272349537058816
1267272371695730688
1267272583323381760
1267272728865697793
1267273079111073792
1267273133762834435
1267273865526276096
1267274131549982720
1267274649349484547
1267275188699267072
1267275694293176320
1267275973298393090
1267276134825242624
1267276140089147392
1267276771654656001
1267277847032258560
1267278702691233792
1267278969453211648
1267279049207889920
1267279276673384448
1267279478113177601
1267280544271790081
1267281130878713856
1267281378896461825
1267281389625372673
1267281456604147712
1267281817104723969
1267282009405054977
1267282238778961920
1267283394053865474
1267283450186174464
1267283987581620224
1267285889761198080
1267286348836241408
1267287012563959808
1267288273472286720
1267289187511947264
1267290212482183168
1267290816466149377
1267290891582083073
1267291384714858499
1267291495310036993
1267291592156684290
1267292901647794177
1267293459322306560
1267294341095022592
1267295029577412608
1267295314743922688
1267295603521961985
1267296896650866688
1267297823449477122
1267298650985766912
1267299732767928320
1267300379672211457
1267300864022188032
1267301028807864322
1267301456442318850
1267301613506609152
1267302083784564738
1267302295332458497
1267302370175664129
1267302704583331841
1267302912587259904
1267303013569437696
1267304119779291136
1267305062910447616
1267305753443852294
1267305801745481728
1267305885468028929
1267306558595055617
1267308385168314369
1267308456937025537
1267308895455703040
1267309636790751235
1267310989071941632
1267311361140256773
1267311858983284737
1267312059038883841
1267313657064697857
1267314166185906176
1267316134388228097
1267317219861467140
1267318184735944705
1267318799289552897
1267320227399979008
1267321934808707072
1267322683043098624
1267322846822273030
1267322879105855489
1267323821469700096
1267324791008051200
1267324975762927616
1267325145431126016
1267325531877343233
1267325771099467776
1267325899826839553
1267326940060540932
1267327063746203648
1267328079887663104
1267328093317816326
1267328934355415040
1267329942947274758
1267330396460650498
1267331983031459840
1267332444950167552
1267334389567909888
1267335242794196993
1267344509722976257
1267344516542947330
1267346594581512194
1267349321579737090
1267351948279394305
1267355137733005313
1267356160417357829
1267357213854584835
1267357817528352776
1267362645432287234
1267364689526181888
1267364963057893377
1267367881890598914
1267368621417705473
1267375666833453056
1267381494177120257
1267383400853196801
1267390182916976640
1267392582281289728
1267395571633082370
1267395821923962882
1267397593388089345
1267400115653918721
1267402915041308672
1267408772995014656
1267409718747648007
1267409775937097728
1267409970536079361
1267423915279659008
1267428587314937861
1267438192673779712
1267442521140891650
1267444422091800577
1267444595098443777
1267445528180056064
1267446514713944069
1267446648130551813
1267450252702789632
1267450483704098817
1267450545456832512
1267451126296702976
1267451364579385345
1267457166530670592
1267460205857525760
1267461116260564993
1267469195748478977
1267472825670987776
1267479097967611905
1267480338642530311
1267487115316625408
1267500705142669315
1267509961434828800
1267511077366951939
1267516230866399233
1267603572553736193
1267623197605629952
1267627981029154816
1267633860067708928
1267641471538061312
1267652694539415557
1267666108695244800
1267692588187832320
1267706256946421761
1267746762195824643
1267761631376871424
1267834556628914178
1267968074059309056
1268024776796311552
1268087058695847936
1268109746487259142
1268121968001159168
1268385340789673986
1268401104305270785
1268487148715618305
1268823863896559616
1269155618222272512
1269266321247629313
1269696003055075328
1271089156697935872
1285867369525424129
