id
1259279173878788097
1259288460172488709
1259291243772669954
1259291673898582016
1259293139703001089
1259294159556341760
1259295802024960006
1259296323355807744
1259296392083734528
1259296597101260801
1259297674378932224
1259298061467058176
1259299064232833025
1259303219207049216
1259304544950861824
1259304809930223616
1259305609867882498
1259307335865864192
1259307366706745345
1259307395387240448
1259308100072271872
1259308310026584064
1259308322961776642
1259310053825232896
1259311526529216512
1259311710768369670
1259314186766565376
1259315073572646913
1259315284516540417
1259317305093193728
1259317779695468545
1259317954866368513
1259318001905491970
1259318221951299584
1259320842950815744
1259321183058620416
1259321715810725890
1259322659927543809
1259324215146082304
1259325661644156930
1259325930654203904
1259326338894163968
1259326497229324289
1259326936909623296
1259327100336713730
1259327154019463168
1259327247875313665
1259327249410449409
1259327257325101056
1259327362732224512
1259327562578227200
1259328502404280320
1259328637930663938
1259328673091432448
1259328692980867072
1259329129897492481
1259329189343199233
1259329281496358912
1259329294393724928
1259329351566401536
1259330087045836800
1259330566639415297
1259330627880357890
1259331741048696832
1259332232935686144
1259332556094189569
1259333002921824256
1259333357575434254
1259333675423952896
1259333853598154753
1259333978739236864
1259334163926302724
1259334333225197568
1259334488523370496
1259334501412376577
1259334581666197505
1259334585352982528
1259334603950583810
1259334625110880260
1259334740009574400
1259334761115336706
1259334771705909248
1259335131682275329
1259335417410670592
1259335422611566594
1259336006085472256
1259336088352628736
1259336265100648449
1259336562082373632
1259336752239480832
1259336966790942720
1259337247322595328
1259337422296346624
1259337668749484037
1259337979920859137
1259338149559365640
1259339976510107649
1259341088436846595
1259341329437298688
1259341805801181185
1259342254990225412
1259342650085380096
1259342976381153286
1259344083690098688
1259344198773305344
1259344366516105218
1259345307487268865
1259345918924484608
1259346134285287424
1259346336463441920
1259346340808732672
1259346673689595907
1259346785966981120
1259346894272098304
1259347190310334464
1259347468216602624
1259347603218522114
1259348285602402304
1259350073407713282
1259350164789014528
1259350329298018307
1259351114077442048
1259351777771573248
1259353954548400130
1259353961678569472
1259354601326690304
1259354738371395586
1259354979430612993
1259355264739934214
1259355750079463424
1259356028082233347
1259356700592635904
1259357541810581504
1259357783628984320
1259358022289088512
1259358288472203264
1259360737857662977
1259360891335630849
1259361102925713408
1259361350439940097
1259361358077767680
1259361440256802816
1259361635426275330
1259361666178768898
1259361797737312256
1259362132769927168
1259362142022664194
1259362684790697984
1259362822531584002
1259363173532004353
1259363267656314882
1259363384987807746
1259363455074816001
1259363520266645504
1259363532430172164
1259364797176410117
1259364837462732800
1259365005591379968
1259365152207470592
1259365610343071745
1259365674624798720
1259365780346593281
1259366761654173696
1259366796374634499
1259367494621360128
1259367573734522881
1259367896007892992
1259368053227192321
1259368459219030016
1259368553624399874
1259368557806342144
1259368573887283200
1259370207077822465
1259370675308949505
1259370798596231169
1259371048572612608
1259371916936298496
1259372199703543808
1259372514678984704
1259372599022256129
1259372902450966528
1259372973040885761
1259372994360569856
1259373189936721921
1259373346497560576
1259373457940246528
1259373597421899776
1259373714979745794
1259373719857717248
1259373745543639040
1259373878058668037
1259374970649501696
1259375028572794880
1259375432702427136
1259375491049381891
1259375520275292160
1259375611866423299
1259375807979352065
1259376323774025729
1259376567920152577
1259376600442961920
1259376713693192192
1259376734991941632
1259377187620220928
1259377226371366912
1259377272638697474
1259377506185908224
1259378024916508673
1259378081074016256
1259378091962454017
1259378552064978944
1259379017699823617
1259379141637357568
1259379440808648705
1259379647805939713
1259379777112178689
1259380148664782848
1259380181724041216
1259380280487378944
1259380639154925568
1259380673212674048
1259380855920713731
1259381105821544451
1259381443689459714
1259381771881381888
1259381778394910721
1259381784615153664
1259382163406876672
1259382665184067591
1259383394976165888
1259383600216043520
1259383657954832384
1259384188643323906
1259384434085658624
1259384532303704064
1259385099222519808
1259385278780731393
1259386711483678720
1259386777342603264
1259387182323646466
1259387239626412034
1259387664484061184
1259387981502115841
1259388011487408128
1259388085319712768
1259388385212260353
1259388733767516161
1259388812796456962
1259389525140238336
1259389593960529920
1259390767266553856
1259390817728372737
1259391181915664384
1259391423633219584
1259391437466025985
1259391995019169793
1259393718093672451
1259393730710245377
1259394272928751617
1259394766006976513
1259395142827470849
1259395581065084928
1259396210323910656
1259396777783914497
1259397764691243008
1259397978285961217
1259398192237436928
1259398192984027136
1259398270205362177
1259398635290320896
1259399191119478784
1259399433311027201
1259399742917763078
1259400153342947335
1259400471883608064
1259400707624460289
1259401122487267328
1259401148299124736
1259401653717020672
1259401683915771905
1259402573209051137
1259402797729976320
1259402819913814016
1259403187594747904
1259403738344591360
1259404084647309312
1259404702464147457
1259404760140185600
1259404804746440706
1259404915786555392
1259405650062241794
1259405852596793344
1259406106608259072
1259406307712356353
1259406597261946880
1259407004310749184
1259407098036641792
1259407540422467584
1259407792529686528
1259408163037536257
1259408875586904064
1259409242777362432
1259409730587332609
1259409832714440705
1259410005335240704
1259410347397509123
1259410848910438401
1259411708293988354
1259414765228576768
1259415038428721152
1259415264254279680
1259415339881775104
1259415381883498496
1259416026338349056
1259416338549764097
1259416681979445248
1259417130702737409
1259417230011441152
1259417254359269376
1259417258041856001
1259417586996920320
1259417633247522816
1259417848683757570
1259417950504665094
1259418143413452801
1259418222316511232
1259418271482146816
1259418424817532928
1259418598793068544
1259418612080627712
1259418620251250689
1259418631659642880
1259419383669026817
1259419429403717633
1259419960268353537
1259421179086991360
1259421232220364800
1259422929718095872
1259422931966242816
1259423303657123840
1259424269324349441
1259424281118691328
1259424332834582529
1259425447009497091
1259425526722080768
1259425603758862336
1259425653473996800
1259425777205997569
1259426117103935488
1259426191360040961
1259426316069113857
1259427029713211398
1259427868842418179
1259427885456035840
1259427914216398854
1259427915244003331
1259428002246479872
1259428053047865344
1259428066117316608
1259428068067651584
1259428161504178176
1259428534927294464
1259428747972767744
1259429103834238978
1259429152538722304
1259429654059835392
1259429951490514948
1259429952346181632
1259429998085107712
1259430253711118338
1259430374372864000
1259430480513916928
1259430573451468802
1259430780410818560
1259431987762180096
1259432097405681664
1259432204012158976
1259433511078903808
1259433827660730368
1259434027913789440
1259434311897538560
1259435513359949827
1259435979108057088
1259439163956486144
1259439195996803073
1259440120416989185
1259440167745658880
1259440331466117120
1259441169060126724
1259441997577773056
1259442289098870784
1259442324452470784
1259442475187331074
1259443840395759617
1259444537212239874
1259444568774324225
1259444607848345600
1259445579735805952
1259445579983151104
1259445736296476673
1259445892580388871
1259446182872412160
1259446185837895680
1259446186731114496
1259448839599124480
1259450322939854850
1259450399179898880
1259451200224673792
1259451511198773249
1259451513023238149
1259451514759688192
1259451516538114048
1259451518211612673
1259451638298927104
1259451646876307456
1259451647660453889
1259451659131879425
1259451670464835584
1259451681768525825
1259451695962009601
1259451711384584192
1259451720414961666
1259451728568758272
1259451736609173505
1259451747090812929
1259451748806062080
1259452741199343617
1259454853253758976
1259455129851277312
1259455458357596161
1259455663337467905
1259455905482985473
1259456991354687490
1259458162656071680
1259458237646045187
1259458392596176896
1259459235219464192
1259460440070983680
1259460803943469059
1259460985217142784
1259461270429773825
1259461466219925504
1259461817337810950
1259461848283283457
1259462483753877504
1259463111213367297
1259463195783303168
1259463262279569408
1259463356408160256
1259463375555186689
1259463394710568965
1259463422107738115
1259463495763890177
1259463522783653888
1259463706393493504
1259463718510841858
1259463742049251328
1259463765541613568
1259463964859052032
1259464109545816064
1259464217163259904
1259464228206829569
1259464243587375105
1259464251623854080
1259464270594490368
1259464507035799553
1259464656357228554
1259465221904556032
1259465313609015297
1259465411050889226
1259465712634126336
1259466082601099264
1259466145888788482
1259466186896613376
1259466256308039680
1259466261584424962
1259467236995207168
1259467721810403328
1259468052380311552
1259468089168556033
1259468089780928512
1259468665121996802
1259468853593030656
1259470072440950784
1259470339865706501
1259471578867224577
1259471666133889024
1259472041947922433
1259472100173025280
1259472116757356545
1259472122029592576
1259472929693155328
1259473023528099841
1259473307105017857
1259473777684930567
1259474101304823810
1259474113325936640
1259474329013678083
1259474524447227904
1259476064956489733
1259476210347724801
1259476530184380424
1259477448288174080
1259478295181250561
1259478511896547329
1259478518586462211
1259478528917209088
1259479007445184512
1259479093327757314
1259479404213727232
1259479714588028928
1259480640006701057
1259480811801153537
1259481412618481665
1259481599726325761
1259484677477330944
1259485017572589569
1259485231783964673
1259485845280616448
1259486596145074183
1259486867994447872
1259486869735133190
1259486918615523330
1259486928069517313
1259486936407764992
1259487023490125825
1259487042582441984
1259487133242241026
1259487137331699713
1259487165848842240
1259487182957379584
1259487202024849413
1259487210820079616
1259487393410777089
1259487672344682503
1259487772739436545
1259487858965921794
1259487880839229440
1259487956152303616
1259488044157198336
1259488047319535616
1259488054915596291
1259488196171231232
1259488209391816704
1259488215314169856
1259488275254980613
1259488313771036672
1259488350383341568
1259488569325793287
1259488738402611201
1259488831394312192
1259488839548059649
1259488850352549889
1259489091881558016
1259489165852327937
1259489182142967814
1259489318814400512
1259490098078310400
1259490441625399298
1259490488530288641
1259490560139644930
1259490570340372481
1259490633917448199
1259490803665137670
1259490817116266506
1259490852834955266
1259490869838614533
1259490879015981058
1259491242490159104
1259491310857105409
1259491367325032448
1259491402586583040
1259491423583301636
1259491645566750722
1259491667746254848
1259491688801726464
1259491811720036355
1259491934109761541
1259492035565744128
1259492152507162630
1259492157154451458
1259492543974109187
1259492706230788096
1259492734081003524
1259493187036409856
1259493353537716224
1259493395619360769
1259493403873603584
1259493495569440768
1259493594399793152
1259493605506453507
1259493871236464640
1259494317355220993
1259494452755742722
1259494543705075712
1259494608133742594
1259494680510828547
1259494700295180289
1259495231147237379
1259495400265801729
1259495416543891458
1259495426383806465
1259495435598614540
1259495599768043521
1259495625357393922
1259495665828315150
1259495736309420033
1259495911526260744
1259495929838628869
1259496004358823939
1259496048189493248
1259496321867812865
1259496813981167617
1259497162091593728
1259497259139358720
1259497437003202560
1259497584395051008
1259497635800637440
1259497905574096896
1259497930106552320
1259498432869236743
1259498565610516482
1259499052984500225
1259499342274064385
1259499881384869889
1259500377000443905
1259500472416624642
1259500768052129792
1259500885547208704
1259501077734416384
1259501243174490117
1259501620213104644
1259502590930284545
1259502632667774976
1259502727673118723
1259502810212655105
1259502861915848705
1259503342599802886
1259503387231399936
1259503442046758912
1259503753117356033
1259503950929092608
1259504014204510215
1259504083951640578
1259504245281341441
1259504328533897217
1259504708730761220
1259504765509136385
1259505131243986944
1259505265566777346
1259505289809874945
1259505676499509248
1259505686200774657
1259505977650446340
1259506328931667968
1259506880864497665
1259506897834688515
1259507175983943681
1259507195395272705
1259507564477247488
1259507566117191681
1259507567752916993
1259507713127653382
1259507753938280448
1259507782824398848
1259507883718238208
1259507937657139208
1259508216074866688
1259508250254495744
1259508345230127109
1259508947544764417
1259508954209480704
1259509123454054400
1259509255436005377
1259509292572368901
1259509424328019971
1259509452203364352
1259509617865850880
1259509983512653824
1259510053016465409
1259510194611957760
1259510592211021824
1259510603867058177
1259510615908814848
1259510741859622912
1259510977487237120
1259511089651494913
1259511617626107904
1259511712052416512
1259511982752968704
1259512097580257280
1259512135467622400
1259512191918768128
1259512192455458816
1259512642533617666
1259513096600604675
1259513505591357441
1259513530560262150
1259513558527664132
1259514001450397698
1259514045209575428
1259514060518780928
1259514098271698944
1259514157189042176
1259514193293737984
1259514379113922561
1259514404548145152
1259514442850553858
1259514603945500674
1259514627580289025
1259514662019756032
1259514679396896769
1259515112345399297
1259515146822578182
1259515169257881602
1259515803105243137
1259515922173136896
1259515985788207107
1259515995535798272
1259516018499522566
1259516077408542721
1259516087214858242
1259516174930292736
1259516201237020672
1259516342027169793
1259516387623440385
1259516723083927553
1259516996397314048
1259517181005463553
1259517475449761794
1259517521524211713
1259517608405032960
1259517718220374018
1259517893051478016
1259518065869381637
1259518134123261952
1259518292722462721
1259518373689307141
1259518531848163329
1259518555479031809
1259518650978930689
1259518684822831110
1259518704158756864
1259518719526440960
1259518846383403009
1259519585583276032
1259519599424356357
1259519609192935424
1259519673172819971
1259519700880355328
1259519865062404098
1259520099746082816
1259520200329715717
1259520263785332736
1259520356697530368
1259520385327882240
1259520420929310720
1259520437114945537
1259520491053858819
1259520563212582912
1259520603448582152
1259520625795690496
1259520677033451520
1259520723640516608
1259521198670573571
1259521246850461696
1259521265087348737
1259521343747493889
1259521381496000513
1259521445153013761
1259521498399690753
1259521536513343488
1259521610647666688
1259521754331877376
1259521774389092352
1259522081189965831
1259522295992856576
1259522533235150848
1259522589745205254
1259522655839019009
1259522679473950727
1259523027781353477
1259523430841344000
1259523467348713474
1259523483794649090
1259523523577393153
1259523593857314820
1259523603080425472
1259523770571608066
1259524037782405121
1259524099778310145
1259524275058307074
1259524288106737665
1259524288631189509
1259524470374649862
1259524529337954309
1259524538628313089
1259524686288842754
1259524938769199104
1259525132827029509
1259525220148244481
1259525230696923136
1259525242625486854
1259525340403294209
1259525580338327552
1259526009407197184
1259526010950713344
1259526081192714241
1259526183181357057
1259526461955780608
1259526500111413249
1259527462725267457
1259527498418749440
1259527788702228481
1259527836999643139
1259528202315116544
1259528519148699648
1259528628246769672
1259529111065640967
1259529133786189824
1259529338367676416
1259529390565646338
1259530203241603072
1259530929594195969
1259530962385334278
1259531020065370113
1259531288010088450
1259532399299293184
1259532928809185281
1259532955518730241
1259533000481652736
1259533170308980737
1259533576313417731
1259533583624126465
1259533725928271872
1259534379677712386
1259534420949626880
1259535383475486723
1259535541655068672
1259535631790731264
1259536124760018945
1259536367715078144
1259536690441412608
1259537478890872832
1259537513829416961
1259537548709257217
1259537649120841729
1259538132510429184
1259539534028685312
1259539827524956162
1259540170858205184
1259540207344517120
1259541419963953152
1259542259634024448
1259542331725721601
1259543446102081538
1259543505723994112
1259544011511074818
1259544501569245189
1259544636843945991
1259544684403273738
1259545291407024129
1259545562686394368
1259546614135353344
1259546635605954560
1259547496247787521
1259547946149974019
1259548687467900929
1259549590807691266
1259549781568839680
1259549808785670144
1259551158395232257
1259551443016577024
1259552931642175489
1259554978235965441
1259555537454317568
1259556091513495552
1259559764620537856
1259559930463268864
1259561301795147776
1259562634149412865
1259563739755380736
1259565451341729793
1259565871577604106
1259568238838468608
1259571013144248322
1259571649206194177
1259577244709613568
1259577755181518849
1259579827134267394
1259590424412344320
1259593319463575552
1259598525924429824
1259607899132661761
1259612213267951616
1259617995355086848
1259619274160664577
1259633083546025985
1259633837967015939
1259642227636105216
1259643454826504192
1259644561179029504
1259646106763317248
1259649112430895104
1259652450841051136
1259656831774806016
1259657549755736064
1259658077998964736
1259658195997323265
1259659075870171141
1259660466319773696
1259660966226059264
1259663158509101056
1259665060177166336
1259665273092575232
1259666224213966849
1259670562206388224
1259671947639525377
1259675618968506370
1259676028642840576
1259676036721029121
1259678191561478145
1259680403708956675
1259680655375364100
1259681059018547203
1259681381698830336
1259682262783688705
1259682726161989634
1259682751449403392
1259682773054324736
1259684132948455425
1259684352192962562
1259684729172840451
1259686157270413313
1259686178418114561
1259688340795908105
1259689350004015104
1259690085240516616
1259691303488483328
1259699726355697664
1259700218263744517
1259702766814912513
1259703388658266116
1259704991264243712
1259707902895554563
1259708214846742528
1259714308998459392
1259715512784654337
1259715593227264001
1259717137364594688
1259721746803879936
1259724187674918912
1259724974908010498
1259728499121598466
1259728803653398533
1259729622851186688
1259729852594176000
1259731812122796032
1259746530195460096
1259747053548171264
1259749073428480000
1259757039267479552
1259793875272634368
1259797307358236672
1259798960429920256
1259801697477464065
1259805990934900737
1259806826301775872
1259817808986243073
1259819801498673153
1259823461280579584
1259874015088242688
1259907665318293504
1259908081665769472
1259926690681065472
1260081950041059329
1260082903914106880
1260086147516108801
1260240734235443200
1260740994930110465
1263066639135842304
