id
1256386354914766851
1256387754696617985
1256392131490373632
1256392191892615169
1256392477000359936
1256392943104978945
1256393135548059648
1256393319975759873
1256394300729864193
1256396833523298305
1256399633086988289
1256399934942633984
1256400948030771200
1256403136656273409
1256404317176836101
1256405925012750337
1256406189136441344
1256407698297352192
1256407814634786818
1256408089240104962
1256408141865967616
1256409484169076736
1256409596685463553
1256409725123485700
1256411427016863751
1256411437443891201
1256411745268019200
1256411902650900480
1256411914696966144
1256412031013449728
1256413413678301184
1256413447874461696
1256415073846702081
1256415075520393216
1256416949397073926
1256417342197645317
1256417631999008773
1256418002536292352
1256418031820890113
1256418924662411265
1256419126928715776
1256419192980422657
1256419372635045891
1256419375600422913
1256419832783704064
1256419883392229377
1256420128683470848
1256420375732379648
1256420664979779584
1256420671426609152
1256420993276317699
1256421112864362502
1256421186591813632
1256421318502699008
1256421648317603842
1256421773232402433
1256421785580392448
1256422155505422336
1256422895271567362
1256422949499748352
1256423257294508032
1256424088895025153
1256424097162170370
1256424167500419074
1256425217062141953
1256425944958435329
1256426427856982016
1256426448924979200
1256426831038705669
1256426880015663104
1256427484586766336
1256427655387176960
1256427823620780032
1256428208993349633
1256429071237406721
1256429135145996288
1256429139868803072
1256429142842568705
1256429203794169856
1256429327815753734
1256429445377699840
1256429558217060354
1256429559735619587
1256429681324306434
1256429705902747648
1256429737943023618
1256429904628985858
1256430113647783936
1256430292195135490
1256430294359355392
1256430315561644032
1256430450395934720
1256430720584609801
1256430783910146055
1256430963338309632
1256430990697705472
1256431205525803008
1256431500351815680
1256431576285499392
1256431659643056131
1256431665674510336
1256431748671401984
1256431799648923648
1256431822457561088
1256431841805991936
1256431871803547650
1256431975499325441
1256432100040781825
1256432157851111424
1256432177937436674
1256432189383696391
1256432238410862592
1256432406317408258
1256432465637445633
1256432518489870337
1256432526236635139
1256432550207057922
1256432579600924680
1256432610261127176
1256432616007294976
1256432770693296129
1256432777555132416
1256432787462094848
1256432846950064129
1256432851144208386
1256433124868714498
1256433164324499456
1256433175544266752
1256433181114466305
1256433230766637056
1256433463806189573
1256433567971733509
1256433806967373824
1256433915138469888
1256433967307227136
1256434010307338240
1256434327631495168
1256434375236829186
1256434388377546752
1256434565184286720
1256434598025650176
1256434659069587457
1256434743626862592
1256434818079809536
1256434890544836614
1256434952956043264
1256435021650341888
1256435112146808834
1256435219772497920
1256435264534315008
1256435294343061504
1256435305927843841
1256435360847953921
1256435371702796288
1256435514984460289
1256435541186187264
1256435547398008832
1256435944758091782
1256435954744729600
1256436022243540994
1256436100597514246
1256436137914101760
1256436212941742080
1256436272475680769
1256436277945090050
1256436302192361473
1256436325013577732
1256436329530961921
1256436333012070400
1256436388012060672
1256436397482881024
1256436409738629120
1256436434640072704
1256436631105609734
1256436656904769541
1256436682284400640
1256436702555500544
1256436707571855360
1256436824928448512
1256436845132386304
1256436968235257858
1256436971783634945
1256437202742992901
1256437241699725318
1256437247710072832
1256437279901405184
1256437286742315013
1256437415935225857
1256437417181155328
1256437428610424832
1256437469404266496
1256437508839108608
1256437626476703744
1256438038793564160
1256438041515720704
1256438081818746881
1256438118560829440
1256438123866673153
1256438265764249601
1256438357577482241
1256438444986957824
1256438473814409216
1256438567091478530
1256438596338241536
1256438606534594560
1256438681985925120
1256438723392069632
1256438740009881600
1256438893798293504
1256438897753509888
1256438943291072516
1256439059682975744
1256439070906974208
1256439117941964801
1256439161281638400
1256439196635430912
1256439250070851585
1256439309441265665
1256439385295253509
1256439400860250112
1256439431768051712
1256439518120382468
1256439550022348802
1256439592447664130
1256439623720431616
1256439647283994625
1256439651608358915
1256439657602187264
1256439706570510336
1256439768818147328
1256439868378365952
1256439886053175296
1256439904449572869
1256439938515525634
1256440006622670850
1256440012779868160
1256440086381486080
1256440313943482368
1256440324764741633
1256440620769398786
1256440623386619904
1256440765464686592
1256440774436229120
1256441057643913217
1256441081203310592
1256441094109384706
1256441113046429696
1256441136945565697
1256441263135395840
1256441265492594690
1256441267828846594
1256441342655442945
1256441443293343744
1256441448691466240
1256441456408924161
1256441482140999680
1256441507587821569
1256441742057893889
1256441785167069189
1256441786299490304
1256441811855265793
1256441836970758145
1256441874891411456
1256441891458961409
1256441932403752961
1256442131163475969
1256442234875985920
1256442451574747136
1256442458751164416
1256442459359285248
1256442713282494464
1256442716428197888
1256442784996712455
1256442838117543937
1256442987837394945
1256443202950725632
1256443249993977857
1256443278112653314
1256443355006996480
1256443374464196610
1256443391153278977
1256443465245708288
1256443467389005825
1256443511882149888
1256443633341005824
1256443761451663360
1256443764953894912
1256443788945309697
1256443900920844289
1256443930171842563
1256443960228077569
1256444058936807427
1256444065014407169
1256444079078027264
1256444163039490048
1256444191757885440
1256444194572267520
1256444209659146240
1256444219348008960
1256444268425515010
1256444296879902720
1256444331545616385
1256444338277474304
1256444549225779202
1256444552459612161
1256444601331625984
1256444754159472645
1256444765823885313
1256444791513944064
1256444881242734593
1256444936439898113
1256444965254643713
1256444983185256448
1256445090278658051
1256445091029241856
1256445117801455617
1256445167436992513
1256445238211731456
1256445244440145921
1256445275549265921
1256445344537169920
1256445395401609217
1256445416373055490
1256445516411310080
1256445578776465409
1256445596069556224
1256445652856459265
1256445800227332096
1256445853671120896
1256445867743215617
1256445959266955265
1256445985334521856
1256446217057439746
1256446292198191104
1256446513535844356
1256446550718312448
1256446643752165377
1256446691848237057
1256446857644961792
1256447000138022912
1256447203083579393
1256447460873887745
1256447620475523072
1256447693083164672
1256447833034510336
1256447834691231744
1256447929050521601
1256447956997279746
1256448033081835521
1256448085758222337
1256448095656611842
1256448125738168321
1256448278947741697
1256448286803648513
1256448370924826629
1256448560331026433
1256448607651127296
1256448646192627712
1256448690329464832
1256448694536114176
1256448777784717312
1256448782541168642
1256448866045562880
1256448893362950144
1256448911595589633
1256449071109206016
1256449647297486848
1256449710144942080
1256449763148365824
1256449858849968128
1256449911094042625
1256449938449301504
1256449954869997568
1256449961560023041
1256449968706969601
1256449983806451712
1256450031286022144
1256450176689901568
1256450548783435777
1256450580160974854
1256450659836141568
1256450817680273408
1256450818359783425
1256450868762701824
1256450871522557952
1256450916133158913
1256451109217955841
1256451159117557761
1256451272527376385
1256451403888852992
1256451581706293254
1256451609502105600
1256451683976015872
1256451684538204161
1256451783754264576
1256452039111917569
1256452066093830145
1256452097102409729
1256452169777078273
1256452234205958144
1256452258897833984
1256452280859033601
1256452446592745477
1256452477248876545
1256452492319219712
1256452537298739201
1256452562716209152
1256452765183651845
1256452798138499077
1256452853733834752
1256452974613856257
1256453009162350593
1256453055127547904
1256453416160763905
1256453536780410881
1256453566652280832
1256453579050606592
1256453654300684288
1256453830947954689
1256453931728658432
1256453957745995776
1256454031066558464
1256454191716823040
1256454356963999745
1256454421413638145
1256454439679873024
1256454484240166913
1256454557535735811
1256454606718144518
1256454630093008896
1256454748565168128
1256454759785127936
1256454799563927552
1256454853431144450
1256454882531270656
1256454914097778688
1256454924004556801
1256455341253918720
1256455416193540096
1256455772961153025
1256455868616327168
1256455876493275137
1256455885741645826
1256455958659649537
1256455978398212098
1256456001189892096
1256456095289061379
1256456101291192322
1256456121390268417
1256456187060477952
1256456332174954496
1256456396146528256
1256456698966888448
1256456984750166021
1256457151020535808
1256457200047775752
1256457243660357633
1256457295896035329
1256457299490566144
1256457330188664832
1256457529753661440
1256457781684563969
1256457989105451010
1256458024622800896
1256458249475244033
1256458414982455297
1256458552031367169
1256458624848691200
1256458697217323009
1256458701281656833
1256458796395712514
1256458808756367361
1256458839861452801
1256458866474332160
1256458936216989701
1256459089896509442
1256459114122588161
1256459117360607233
1256459186482876416
1256459236134907904
1256459245790416897
1256459247367249921
1256459260986191872
1256459357413273600
1256459466314321920
1256459518692614145
1256459624296804352
1256459654600802311
1256459675324739584
1256459726113501184
1256459732660957184
1256459735802544130
1256459746913193985
1256459764386549760
1256459790311723009
1256459809890549762
1256459827695349760
1256459887061565440
1256459887342649344
1256459955181219840
1256460020608192514
1256460130599591936
1256460165664116736
1256460180000092160
1256460195481260032
1256460278394388481
1256460353174736896
1256460422246522881
1256460490705784832
1256460497617948678
1256460583278268418
1256460593579438082
1256460673908760576
1256460755949498369
1256460806365028352
1256460826564792320
1256460951865356289
1256460977609957377
1256461059528855552
1256461095734095872
1256461113530564610
1256461115992600576
1256461155062566913
1256461169570639872
1256461186566164480
1256461236264263680
1256461310541221889
1256461320133791745
1256461433769848834
1256461445992026112
1256461461192347649
1256461502409633792
1256461610094227456
1256461631300616192
1256461651080966144
1256461656944713730
1256461734522413056
1256461786225635328
1256461900218372096
1256461924104994816
1256461958825435143
1256462109501603840
1256462132498948097
1256462191856766977
1256462231253905408
1256462239604842496
1256462384404869121
1256462412976238593
1256462518144253953
1256462521965465600
1256462544853626880
1256462546745229313
1256462677876125697
1256462691536756737
1256462705222807553
1256462723996516352
1256462739842592769
1256462835711987712
1256462846025781248
1256462875742199808
1256462877508001792
1256462908042514432
1256462979588972544
1256463079422013447
1256463108505137155
1256463109121650688
1256463114372911107
1256463163790258176
1256463210955276288
1256463256530456576
1256463261051969537
1256463285144236034
1256463293117460480
1256463304693706752
1256463355386253313
1256463396955799558
1256463425477042177
1256463450303234048
1256463458482061312
1256463489796800514
1256463503214313473
1256463587494658048
1256463813332930565
1256463820446302208
1256463893246984192
1256463897600487426
1256463914323206145
1256463938562060291
1256464052030590979
1256464055084232704
1256464079318773760
1256464086755352577
1256464140832436224
1256464184096636928
1256464188194488320
1256464292876095495
1256464300702527488
1256464334827540480
1256464339877294081
1256464511105527813
1256464595952136195
1256464604495921152
1256464610493775873
1256464833886576641
1256464842690629633
1256464901846908930
1256464919492358146
1256464939083894785
1256464965784895492
1256465114473074690
1256465165035335681
1256465190545059840
1256465265593733120
1256465323546607616
1256465335093526528
1256465361647493126
1256465376185122816
1256465384758145024
1256465384787623936
1256465555999068160
1256465562177331200
1256465577905815552
1256465620872413184
1256465668930711560
1256465672848146433
1256465679210786816
1256465698731294721
1256465817807368194
1256465893879476224
1256465987219501056
1256466030672543745
1256466060577923072
1256466353017556992
1256466354875494404
1256466545972133894
1256466643477094401
1256466724066439169
1256466840521498624
1256466915515604993
1256467071530987521
1256467202909204482
1256467222261727232
1256467238737100800
1256467488277053440
1256467507893821441
1256467526776582144
1256467663368282113
1256467670838284289
1256467790623502336
1256467926078586881
1256467926602747904
1256468034895540226
1256468059931328512
1256468060963311619
1256468092030337025
1256468206346055680
1256468220124356613
1256468285685526531
1256468555152801793
1256468675441291264
1256468720580321281
1256468798753763329
1256468801392005120
1256468883109748739
1256468897974243329
1256468933206511616
1256468984926474240
1256469095127543808
1256469153197821952
1256469207773933568
1256469223057973248
1256469251432448003
1256469271754018823
1256469361793150978
1256469472933588993
1256469646955499521
1256469727011934208
1256469782699716611
1256469924232392705
1256470004666470405
1256470015672541184
1256470043170230272
1256470068646391809
1256470091778015232
1256470119363960838
1256470356107202560
1256470384800526337
1256470385026928643
1256470409555345408
1256470433626353666
1256470495454613505
1256470711893295112
1256470843275620352
1256471218036883457
1256471334810300417
1256471528977231872
1256471646376022020
1256471649106288640
1256471657268473858
1256471683256352769
1256471707017023488
1256471734322003970
1256471761601757185
1256471850802012160
1256471901183938561
1256472017307668486
1256472118495023104
1256472124899733505
1256472203089960960
1256472305967853568
1256472316550148098
1256472358807732224
1256472627130126338
1256472655193968641
1256472687150596096
1256472774513582080
1256472861499207680
1256472979329839104
1256473012766990336
1256473154991644673
1256473176516820993
1256473210989748225
1256473228114948098
1256473267046453248
1256473426451206148
1256473441831538691
1256473505182502912
1256473529958137856
1256473564623953920
1256473657703981056
1256473720446541829
1256473755355766785
1256473932141432841
1256473981894496256
1256474000827412487
1256474008553316353
1256474093928329219
1256474247637004289
1256474277173268484
1256474360900022272
1256474370966462464
1256474503028150272
1256474641259991043
1256474793785745408
1256474906193268736
1256474999025590273
1256475048442859520
1256475325979963392
1256475374290112512
1256475535364034561
1256475807339278336
1256475815493210112
1256475887949627393
1256475998360649728
1256475999581032449
1256476196931465216
1256476296269332482
1256476639342415873
1256476943790170112
1256477135302275073
1256477200502538242
1256477243934564353
1256477302822596608
1256477346481221632
1256477384796143618
1256477395294486530
1256477411039797249
1256477565566386177
1256477819250630656
1256477929090891782
1256477929187540994
1256478060922023936
1256478509238812673
1256478511587418112
1256478521221713920
1256478703665598464
1256478767922335746
1256478859475599360
1256478889225814016
1256478920750198792
1256478988089712640
1256479078346981383
1256479149016748032
1256479285784662016
1256479297742573568
1256479378172567552
1256479425979285505
1256479476294103040
1256479509655760902
1256479556438908931
1256479644628336640
1256479747846135808
1256479787289161729
1256479926233907200
1256480014599507971
1256480206237270016
1256480512237080578
1256480560169603072
1256480629987741697
1256480688833851392
1256480764876648451
1256480807301988355
1256480810401705990
1256480830265974786
1256480840214884353
1256480852357206016
1256480866877845505
1256480917406670849
1256481204821323776
1256481282088820736
1256481733190406144
1256481779017494529
1256481883812253698
1256481999402921985
1256482027597070337
1256482031741005826
1256482054163664902
1256482150926282752
1256482305041772545
1256482309147996160
1256482397610291200
1256482473111945216
1256482550672797696
1256482578317611008
1256482593576370176
1256482608193474560
1256482684051886080
1256482693199642624
1256482938310373377
1256482957403062272
1256483187007553536
1256483189381574656
1256483205223346177
1256483609801666561
1256483805063458819
1256484002216554496
1256484008197677056
1256484167795322880
1256484182743822336
1256484230051377152
1256484279879491584
1256484495898755078
1256484502282440704
1256484608863924233
1256484625804861440
1256484714371674112
1256484756675604480
1256484947717763072
1256485099144531969
1256485189368201216
1256485211266662400
1256485241973137409
1256485259841077248
1256485341575307264
1256485370486759424
1256485534261788672
1256485577089708033
1256485653946044418
1256485661378441217
1256485808971960322
1256485817767194629
1256485875879305216
1256486017747447808
1256486064807481344
1256486336371888128
1256486416445366272
1256486452809961472
1256486549832626176
1256486558670000128
1256486600026075136
1256486629532934145
1256486657156681730
1256486700815200256
1256486743513214976
1256486895065972737
1256486951265472513
1256487007745970177
1256487018256666626
1256487026821492737
1256487042415910912
1256487072602390528
1256487173848797184
1256487367608872960
1256487368833544192
1256487423330131968
1256487428086530048
1256487551075971073
1256487612488888321
1256487613487353857
1256487654616489984
1256487751068913665
1256487795440283649
1256487946087280640
1256488048109350913
1256488061728362502
1256488224030994434
1256488236152549376
1256488411805908992
1256488449458286593
1256488463613845504
1256488476431826944
1256488674126188544
1256488679763214337
1256488730279448578
1256488764924403712
1256488774361473024
1256488787464642561
1256488836772909056
1256488840971206662
1256488905257504768
1256489025591889921
1256489170450538497
1256489194630889472
1256489381533224965
1256489396456558592
1256489487527374849
1256489506909204481
1256489574295113736
1256489684873564161
1256489724631547904
1256489747003793408
1256489853614559233
1256489867606982657
1256490201293053953
1256490202157072385
1256490222595919873
1256490331962347521
1256490354016006144
1256490583595479044
1256490681289203712
1256490825112064002
1256490880380342275
1256491031677341696
1256491043173871617
1256491071569199105
1256491074748440576
1256491307461197825
1256491325697867778
1256491412838731781
1256491441871699969
1256491482027921408
1256491507210690560
1256491572138577922
1256491681173647360
1256491745170210817
1256492139770339334
1256492162323120128
1256492368464949248
1256492423858884608
1256492491907518464
1256492640977080320
1256492748493869058
1256492783080095747
1256492839904530432
1256492900130512896
1256493105462644736
1256493339811229696
1256493363806666753
1256493654371381248
1256493778833031170
1256493786546372611
1256493797547970561
1256493814300188672
1256493859246391298
1256493908449615872
1256493941936885761
1256494085205975040
1256494130378584064
1256494190638194688
1256494343965143041
1256494466208235521
1256494483950014465
1256494509858238470
1256494545472114695
1256494667450867712
1256494713902780416
1256494893893144576
1256494899114831872
1256494921038680064
1256495007227195394
1256495247770574849
1256495431707578368
1256495697643204608
1256495719734669312
1256495789209038848
1256495863926607873
1256495902614851584
1256496045246287874
1256496310561107970
1256496364701093888
1256496366886416385
1256496413216780288
1256496423530446848
1256496570297548800
1256496598248378370
1256496620205735937
1256496643379097600
1256496654309523459
1256496838871416834
1256496875496226816
1256497032635674625
1256497170649251840
1256497701488746496
1256497883018190849
1256498052312907776
1256498054326255617
1256498215165124609
1256498300833890304
1256498382886985730
1256498582846390273
1256498635237478402
1256498718238552064
1256498743005741056
1256498841324408832
1256498856839258113
1256498908836044800
1256499128202227712
1256499261211963393
1256499342304780289
1256499354757730304
1256499366031814657
1256499463587106816
1256499498664091648
1256499509745422337
1256499653878534144
1256499787546804224
1256499899115253762
1256499900927184896
1256500443317800960
1256500715712724992
1256500718971703297
1256500780648951815
1256500903521087488
1256500966406283264
1256501075835748352
1256501093300752384
1256501565151567874
1256501709037121536
1256501858027270145
1256501892877815808
1256502173099147264
1256502500083085312
1256502556227846146
1256502712465854466
1256502878467788805
1256503024832221185
1256503189823619077
1256503446225563649
1256503478328819713
1256503525338566656
1256503701927104512
1256504030039126016
1256504162608701441
1256504238764482560
1256504333639708674
1256504534710407176
1256504585084002305
1256504600678395907
1256504729430929409
1256504741590376450
1256504864487510017
1256504883714244613
1256505114480656384
1256505191282536449
1256505207300620288
1256505219946622976
1256505226284036098
1256505302511267840
1256505352469782528
1256505380600811521
1256505391082434562
1256505596511166464
1256505614500368384
1256505847485739009
1256505971926425600
1256505980038381568
1256506033758851074
1256506199920349184
1256506376651788289
1256506460009230336
1256506912935272451
1256507222453960704
1256507448380190721
1256507559634104323
1256507671546679297
1256507716169797633
1256507733093879809
1256507785044357121
1256507880481492992
1256507933187174402
1256507965781053442
1256507985729208320
1256508031124353024
1256508303045201920
1256508819762368512
1256508850259128320
1256508910493560832
1256509004601126914
1256509356528398336
1256509564930801666
1256509587953291264
1256509666470711297
1256509885350477824
1256510330240262144
1256510550520942592
1256510736144064512
1256510772030521346
1256510972019212289
1256511464015147008
1256511568390451202
1256512094842662913
1256512095778074629
1256512129961586689
1256512553074618374
1256513448499789824
1256513458494820352
1256513540711542784
1256513556868038657
1256513589193535489
1256513628196401152
1256513977187569666
1256514053180026882
1256514195434209281
1256514296416272384
1256514322882113537
1256514429644148736
1256514541019516929
1256514777137864705
1256515013428166659
1256515021925949440
1256515051604697088
1256515210057138176
1256515352126648320
1256515958329368576
1256516159362469888
1256516347921498115
1256516524677840896
1256516729234051073
1256516851258945537
1256516893839679492
1256517224380002304
1256517654761730049
1256517740258398208
1256517821963657217
1256518429785223168
1256518800314232835
1256519231983595521
1256519493100150784
1256519537073127424
1256519575274840064
1256519692425912321
1256519927789314048
1256520058244788224
1256520085704863746
1256520226210025478
1256520506196373504
1256520543311933440
1256520789643288576
1256521301247660033
1256521368104914944
1256521443426185224
1256521733231738881
1256521843147632640
1256522009489616896
1256522042968403968
1256522250012016641
1256522321042571264
1256522579617222656
1256522625884413953
1256522656498606080
1256522780654178304
1256522883343532033
1256522927731666944
1256522993959710725
1256523340329570304
1256523512786726912
1256523544734900226
1256523569959329793
1256524004761858049
1256524517129752576
1256524952896929792
1256524958974398464
1256525128671694849
1256525323329343488
1256525527663308801
1256525634051817476
1256525815317016582
1256525831288918016
1256525852746997760
1256525963396935680
1256526134704918531
1256526165038137344
1256526331732344832
1256526447767773184
1256526475836219398
1256526786894000133
1256526902887497729
1256526923674431494
1256526954100068352
1256526993199214594
1256526998622531585
1256527008768471041
1256527268039389184
1256527546335682560
1256527565260337152
1256527579139371011
1256527602589872130
1256527822752890880
1256527871557992448
1256527880357646336
1256528034707861504
1256528071378776064
1256528143533240321
1256528161686327298
1256528729536204800
1256528805943898112
1256528863116488709
1256529612173000704
1256529692535820290
1256529737511469060
1256529739507875841
1256529754938884096
1256529906537836545
1256529915488370688
1256530088339869696
1256530343898648576
1256530546911408129
1256531617268391936
1256531671207174145
1256532012950679552
1256532249719140354
1256532679161503744
1256532724057141251
1256532738548445191
1256532846316883969
1256533100168912897
1256533495993602049
1256533793365618689
1256533878908399616
1256534156986724352
1256534506036658181
1256534515096317952
1256534677768175616
1256534951782043649
1256535074712903680
1256535161300107264
1256535243508477953
1256535272528859145
1256535458336522240
1256535513932193796
1256535534656270338
1256535946226356229
1256535953235206145
1256536091827621889
1256536129882460161
1256536134437535746
1256536326842642433
1256536508254674946
1256536523639382016
1256536535626702850
1256536602601328641
1256536694997651456
1256536767471091712
1256536914934394880
1256537055783317505
1256537089094692865
1256537130047688705
1256537146032177152
1256537174427594752
1256537241196740608
1256537332615991298
1256537348822544385
1256537409187123200
1256537504846508032
1256537730156281856
1256537912138559488
1256537947840503813
1256537953108586496
1256537962721849344
1256538445968625668
1256538826127765504
1256539175009968128
1256539208237199360
1256539246413791234
1256539485464035329
1256539492669743105
1256539613377769473
1256539694353068035
1256539786866638848
1256539873340805121
1256540214975066115
1256540265730330629
1256540353303154690
1256540614633521152
1256540652441042944
1256540695944466433
1256540991877677056
1256541158496493569
1256541186191511553
1256541768989806594
1256542264001609729
1256542268846047232
1256542684312793089
1256543635014922241
1256543827164196865
1256543877332230144
1256543995154456576
1256544015136235521
1256544111118565376
1256544360771936256
1256544417134989313
1256544435665465349
1256544438110707713
1256544550522253313
1256544582629830657
1256544702414741505
1256544821763850240
1256544855540371456
1256545018434793474
1256545029012652037
1256545091222753285
1256545096532705285
1256545137057910786
1256545168217391106
1256545268918390787
1256545365341253632
1256545432857014272
1256545511714156544
1256545569016864776
1256545770670403584
1256545954406137856
1256545966049484801
1256545986165354497
1256546049109286913
1256546061793058817
1256546251635490818
1256546392836730881
1256546529030127617
1256546654980694016
1256546970111336448
1256547065544364032
1256547077594603521
1256547154727972866
1256547277121949696
1256547512481169408
1256547568386859008
1256547574825148418
1256547821907398657
1256548061309890561
1256548083753574400
1256548144122380288
1256548224447512576
1256548297512292352
1256548304122515456
1256548404366172160
1256548519206256640
1256548565398122496
1256548755853041664
1256548928155029504
1256548975571644419
1256548996237029376
1256549083059073024
1256549642726043648
1256549666071572480
1256549697772072960
1256549752969150464
1256549808132681728
1256550186555281408
1256550325655224322
1256550391052984321
1256550461009625090
1256550522770743296
1256550526763692032
1256550626709790720
1256550631327719429
1256550903269650433
1256550914271244288
1256551007108169728
1256551072010653696
1256551081191981058
1256551101639258116
1256551241288736769
1256551386797363200
1256551446629187585
1256551482901630976
1256551600761352193
1256551634370326534
1256551651097403392
1256551875882766343
1256552126152503296
1256552185531453440
1256552567028551680
1256552597260918784
1256552610846306304
1256552664478806018
1256552727913680896
1256552784754880512
1256553072236482562
1256553276847210496
1256553302885613569
1256553418522456065
1256553534075650049
1256553541713494016
1256553545924587523
1256553567600570368
1256553826888237056
1256553895146303488
1256553927774003201
1256553940126240770
1256554370436599808
1256554382499307521
1256554425805500418
1256554674775224325
1256554689505529857
1256554695729922052
1256554780228386816
1256554958494687232
1256555064791097349
1256555191190478848
1256555381368578050
1256555387328790530
1256555397365633025
1256555580329607171
1256555596473446400
1256555600013660160
1256555609123549185
1256555781182205953
1256555791064031232
1256555956202168322
1256556045578547200
1256556126226784257
1256556211782053888
1256556236805255168
1256556264370376704
1256556377415155715
1256556439570702338
1256556543685857287
1256556581837299712
1256556608718594049
1256556763404308480
1256556892601507841
1256556981961146369
1256557102996377600
1256557218968801280
1256557672687493122
1256557693436747776
1256557723916791809
1256557935540318208
1256557950497435650
1256558119456395264
1256558248070651905
1256558322125135872
1256558325514133506
1256558403129729024
1256558439918039040
1256558548143620096
1256558704310145024
1256558781539840000
1256558860459839489
1256558895352422400
1256558906077143040
1256558951048507394
1256558959973904390
1256559088818745344
1256559207936974848
1256559278736896000
1256559354754588672
1256559479149248512
1256559595314610176
1256559615493496832
1256559637395935233
1256559737237385218
1256559877977075712
1256560108592672769
1256560120177192961
1256560210526777344
1256560211566919684
1256560249999290370
1256560356777959430
1256560374339403777
1256560565754851328
1256560812384116744
1256561049190297600
1256561112922968065
1256561317399285760
1256561341034385408
1256561412723228674
1256561429630660613
1256561455647780864
1256561677257981953
1256562584066707456
1256562654618902528
1256562670318137344
1256562696113106947
1256562902326284292
1256562915412500480
1256563143397920769
1256563151673233409
1256563154382798848
1256563229079277568
1256563244673536000
1256563260423364608
1256563326290550784
1256563337837588480
1256563383576547328
1256563415507591169
1256563485967818754
1256563494398226434
1256563507631292416
1256563587771961345
1256563747537121281
1256563971009568772
1256564151192780800
1256564310836477952
1256564347985293313
1256564360903905281
1256564402116980738
1256564792166248451
1256564825016004609
1256564835480817670
1256564961360265216
1256565021653389312
1256565068478574595
1256565114309771264
1256565429968834561
1256565438894374913
1256565458595196932
1256565717438087168
1256565727617662976
1256565906467102720
1256566085538570245
1256566304603062273
1256566612087341061
1256566618454257666
1256566928409321474
1256567328352931840
1256567352495206402
1256567373756157952
1256567426751160321
1256567450146967553
1256567508007448576
1256567598998675456
1256567623375925248
1256567701528436736
1256567945628733440
1256567996333658113
1256568143033532416
1256568270141812736
1256568330703400961
1256568376798797827
1256568499217920000
1256568585910091777
1256568729711767552
1256568736036917249
1256568756962279424
1256568828940759041
1256568837475987456
1256568883995009025
1256568884494127104
1256568926256971782
1256569001678954500
1256569335163674624
1256569335427985409
1256569405791629315
1256569645579943936
1256569857773953024
1256569866859020288
1256569881161433088
1256570105082724352
1256570120094117888
1256570144618250245
1256570651374051328
1256570693220814849
1256570723281235979
1256570945038249985
1256571279789809664
1256571299985383424
1256571391437987841
1256571399952642048
1256571500209078277
1256571518886297601
1256571554416128005
1256571608862298112
1256571772587012096
1256571787627974657
1256571885963431938
1256571922743128065
1256571931547049985
1256572027999158275
1256572097515544580
1256572106994745344
1256572199244349440
1256572212888383490
1256572339090714630
1256572358191493120
1256572478660341760
1256572649884528640
1256573103993307137
1256573133974315008
1256573207290826752
1256573260961120258
1256573345291735040
1256573388774158342
1256573415709904897
1256573765103677443
1256573771281907713
1256573783957102593
1256573813057183745
1256573969991262209
1256574182663520256
1256574225013305344
1256574319833935872
1256574349890351104
1256574353702961152
1256574379737190400
1256574409609023493
1256574470694690817
1256574487408984070
1256574522607591424
1256574535530356736
1256574549912506368
1256574562759663616
1256574569453809664
1256574629117747201
1256574720780021760
1256574732905803776
1256574757912207364
1256574759774482432
1256574782536945665
1256574797716258818
1256574922727387138
1256574948992262144
1256574954050654209
1256575190919610369
1256575199043964928
1256575240215248896
1256575253636976641
1256575266891104259
1256575270070280193
1256575282426679297
1256575359543177216
1256575399879864320
1256575472055447553
1256575482142904322
1256575505463050240
1256575510903230465
1256575649516531712
1256575665001783297
1256575665245216768
1256575720203194375
1256575879435689984
1256575891154497536
1256575894342246401
1256575894732275712
1256575956782927874
1256575963103744000
1256575971479732226
1256576096138477568
1256576106913689600
1256576177180864512
1256576207744884736
1256576365391835136
1256576419481751553
1256576490365349889
1256576573320413186
1256576676374302720
1256576698050588672
1256576879173066752
1256576961037533185
1256576980952051714
1256576997226016770
1256577001525141505
1256577040590860288
1256577076511072256
1256577081326043137
1256577088259100672
1256577093913022465
1256577098904334338
1256577187962109952
1256577242538205184
1256577244278882304
1256577247655473152
1256577361748754432
1256577373656330241
1256577412042637315
1256577412051210242
1256577534721847296
1256577574567677952
1256577612098539523
1256577633573195782
1256577652762148864
1256577725264871425
1256577835449360390
1256577857234616323
1256577931922616321
1256577936045588480
1256577956538810369
1256577976109379584
1256578060511514624
1256578067629105152
1256578151024492544
1256578166841208834
1256578304028446721
1256578400417746944
1256578415592783872
1256578504725893121
1256578549911175168
1256578612330823680
1256578652441059331
1256578654408249347
1256578725841264640
1256578852689772546
1256578884541149185
1256578888974520320
1256578893231714305
1256578916166164480
1256578924563185664
1256578952497266688
1256578989352611840
1256579047259340801
1256579075973378048
1256579101546229760
1256579604090744832
1256579871146274817
1256580128215142402
1256580233274126342
1256580685931970561
1256580707872174081
1256580760145813504
1256580811823804417
1256580926009757698
1256581048411930630
1256581096868888579
1256581100232560641
1256581162056609792
1256581204343578625
1256581268537393152
1256581394794348545
1256581476629598209
1256581499182215168
1256581502269378560
1256581572448456704
1256581594544050176
1256581643214733314
1256581867374964738
1256581965760913409
1256581998182686723
1256582034345963521
1256582110657130497
1256582412919730177
1256582476115275783
1256582536064495618
1256582610479910913
1256582746861756417
1256582786766553088
1256582798820945920
1256582812754415622
1256582859315277824
1256582871986442241
1256583009144377347
1256583011853840386
1256583050760081408
1256583065494622208
1256583148844077066
1256583153537306626
1256583172042547202
1256583231752802304
1256583297003597824
1256583400275787776
1256583409268166656
1256583441887395841
1256583468651180032
1256583493649223686
1256583523940495360
1256583554579849218
1256583578705473536
1256583644069507072
1256583668098715648
1256583712436678657
1256583729994063873
1256583793294454785
1256583848395182080
1256583881534259200
1256583895836844033
1256583928623722496
1256583943077244928
1256583999595483136
1256584176515440646
1256584208631259137
1256584260682686466
1256584338482827267
1256584358841872390
1256584363954679809
1256584389821108226
1256584419575394307
1256584549321957379
1256584639705042944
1256584675646005252
1256584720256651264
1256584722899038209
1256584729375076354
1256584816876646401
1256584831812558848
1256584961911664640
1256584992190275585
1256584999907794944
1256585009953075201
1256585013325262851
1256585052688916481
1256585089007280128
1256585142518403075
1256585163812765696
1256585203876876294
1256585273024143361
1256585324488093697
1256585340015403008
1256585411247431685
1256585417522020353
1256585430285180928
1256585453849006081
1256585474535276546
1256585513839939586
1256585564956102657
1256585770586066944
1256585817025163264
1256585861753384962
1256585908779794433
1256585932192415747
1256585932662116357
1256585946671218688
1256586006985310208
1256586062253547520
1256586151856607232
1256586156340203523
1256586178553249792
1256586252544925698
1256586293879791617
1256586302629253125
1256586326918361088
1256586358287523842
1256586408497565696
1256586414868721664
1256586455641665538
1256586510851166208
1256586517067128833
1256586529646002176
1256586532539912192
1256586536604307459
1256586574793281536
1256586619315843079
1256586674240319489
1256586746319433729
1256586753382604803
1256586849495027712
1256586890557325312
1256586907787517952
1256586991048810496
1256587004944330752
1256587058774020096
1256587115762028544
1256587129595052042
1256587132509892608
1256587154785890304
1256587281160269825
1256587338597249026
1256587399393492993
1256587465931943936
1256587807415402496
1256587829641007104
1256588025879859200
1256588073422385153
1256588134290055170
1256588163298009091
1256588310220177409
1256588505817296898
1256588513962795010
1256588739385495560
1256588807660376065
1256588830880100353
1256588963457970177
1256589113156759560
1256589203892305926
1256589238994272257
1256589275518259202
1256589311081738252
1256589435652542465
1256589595665412097
1256589718168285190
1256589780353085441
1256589811835518976
1256589877296025600
1256589884992544768
1256589994568773633
1256590053100318725
1256590144896815111
1256590246965379073
1256590389202518019
1256590490847244289
1256590641552900097
1256590695177039872
1256590976459538432
1256591028154482689
1256591047003566085
1256591133771280384
1256591215228628992
1256591230718431233
1256591330920235009
1256591437602455554
1256591563381182465
1256591620071469056
1256592180405100545
1256592408516546560
1256592446567268353
1256592557414297601
1256592596459114496
1256592600653369344
1256592619682926592
1256592643095748609
1256592663723286528
1256592691208564740
1256592763233026048
1256592778047324160
1256592841813475328
1256592948155674624
1256593081111117830
1256593173456891904
1256593253912080384
1256593257611616257
1256593269816991745
1256593418458853378
1256593449903632385
1256593563267162112
1256593663171289088
1256593762962124806
1256593860748165125
1256593867643576322
1256594175950192640
1256594188986089472
1256594267440508930
1256594270716170240
1256594503730737158
1256594507195285505
1256594537985781762
1256594658618077185
1256594659888951301
1256594666167791616
1256594672845230083
1256594752495144964
1256594752910184448
1256594786896625664
1256594793242619904
1256594825169666049
1256594914369925121
1256594928186142720
1256594969911078913
1256594979033579522
1256595028324966400
1256595046712909824
1256595068510765057
1256595168834121728
1256595169186664448
1256595185649061888
1256595190980186113
1256595476591173639
1256595482744254464
1256595727708327938
1256595806037192708
1256595835648909316
1256596074803986433
1256596083972517889
1256596088796020736
1256596157993676802
1256596319352745984
1256596424952885249
1256596734651711494
1256596776913530880
1256596795569901568
1256597040949194752
1256597082749747200
1256597240849842178
1256597241793441792
1256597336450494467
1256597410865803265
1256597752168890371
1256597788898574336
1256597840521883649
1256597854233047040
1256597947413757952
1256597965403156480
1256597992347365378
1256598052795711488
1256598078015954944
1256598255074447362
1256598448448720897
1256598489078706176
1256598530614947841
1256598587888164864
1256598716581986304
1256598739675799555
1256598780750651395
1256599057176248320
1256599188457938946
1256599229864108033
1256599249967407104
1256599253209673730
1256599329181057026
1256599379726696450
1256599424505020416
1256599448982978567
1256599499725660160
1256599510639206401
1256599523515756555
1256599590716837888
1256599896884490241
1256599940131766274
1256600213164142593
1256600297524408321
1256600309985468417
1256600354319286272
1256600452436615173
1256600492844765188
1256600574235045889
1256600858231320576
1256601143796363264
1256601214742958081
1256601258342809602
1256601412244344835
1256601513012555776
1256601513725554689
1256601556297760769
1256601586136018958
1256601690670759941
1256601772774182912
1256601814570500099
1256601922494054400
1256602070825627648
1256602190614892544
1256602315177422848
1256602315710058501
1256602380558168065
1256602596388806658
1256602636276518912
1256602745307639809
1256602823183093767
1256602899527823360
1256603040334872576
1256603243188109312
1256603329183899655
1256603363677843456
1256603442304278529
1256603589344063490
1256603694151266305
1256603787315249160
1256603794890207232
1256603898493583360
1256604048142118912
1256604197438410753
1256604331144474626
1256604357837180929
1256604498237067265
1256604661341016064
1256604783097479168
1256604796125134850
1256604978308775936
1256604990329638912
1256605342412095488
1256605352553934848
1256605433407520769
1256605460414689281
1256605649246404609
1256606013089693696
1256606022539468801
1256606251733172224
1256606294510669825
1256606503164735488
1256606616851529729
1256606730777214981
1256606897945231361
1256606991646027777
1256607008603557889
1256607082305843202
1256607091357184001
1256607217505021953
1256607302339067905
1256607401702113280
1256607404659101697
1256607487173595136
1256607572271849472
1256607574926868480
1256607599161556993
1256607617088057344
1256607685631492096
1256607953110462464
1256608097138688001
1256608133788717061
1256608237006123008
1256608489960546304
1256608604674646017
1256608751705927682
1256608792248119296
1256608794160685056
1256608809658642432
1256608821297831936
1256608934997049345
1256609099292086272
1256609298739720198
1256609305224077318
1256609367371235329
1256609370088955905
1256609371397619712
1256609418558369792
1256609491933683713
1256609497935536132
1256609514364657664
1256609542093168640
1256609803922743296
1256609815612329984
1256609839356116993
1256609855852298240
1256609984382750722
1256610097108627458
1256610226297434114
1256610272602660865
1256610353745588224
1256610359961481217
1256610463821049858
1256610728384983042
1256610818033979392
1256610869728940034
1256610940113412097
1256611025459261443
1256611197866012674
1256611209744248835
1256611271660584966
1256611306133573632
1256611368112807938
1256611478129512448
1256611555719950343
1256611582643040256
1256611740613316609
1256611778827636738
1256611817067077637
1256612174182711296
1256612254050476032
1256612450582933504
1256612485827719168
1256612570129195008
1256612588596559873
1256612600781119490
1256612638978535429
1256612773372411905
1256612789054926848
1256612847787757568
1256612877684875265
1256612903676899328
1256613165892173824
1256613290819457024
1256613320095723522
1256613328958287872
1256613341646204929
1256613371920744450
1256613726146289665
1256613924331388928
1256613968119910402
1256614024147591175
1256614144733822976
1256614196139003904
1256614293430079490
1256614338464342016
1256614421838913539
1256614436267126786
1256614500519862273
1256614503204245504
1256614533377843200
1256614585135771648
1256614588461826049
1256614814811435011
1256614988355002369
1256615033745764352
1256615333814849537
1256615438143782913
1256615557870137344
1256615566300704768
1256615569530347520
1256615611796353025
1256615655492608000
1256615821045977089
1256615836049043456
1256615846954143745
1256615872426176512
1256615956052185088
1256615956740071425
1256615977455882241
1256615984321855488
1256616106929745922
1256616150827282432
1256616176408461312
1256616536753745921
1256616741188169729
1256616872918859776
1256616928287715330
1256616941667659777
1256617168290017281
1256617217648517121
1256617282081394689
1256617309436665857
1256617404848717830
1256617443834777600
1256617555999014913
1256617599917363201
1256617607752531970
1256617659661082624
1256617673795854337
1256617845678432257
1256617900145692675
1256617967984480256
1256618126260629506
1256618219332395010
1256618296801136641
1256618314534653954
1256618389038149633
1256618410714128385
1256618495615266816
1256618524262273029
1256618944900722689
1256618986902401025
1256619024131207169
1256619172995518465
1256619325877673984
1256619452780535809
1256619516823367682
1256619667617021956
1256619758952292352
1256619871116247041
1256619925126311936
1256619931753316352
1256619945515003904
1256620063521509378
1256620169666760704
1256620450072821760
1256621084876484608
1256621746100170752
1256621833790472192
1256621846872485888
1256621900366667777
1256621962140344320
1256621978590384128
1256622175093547009
1256622217388888064
1256622452286853120
1256623067641470976
1256623156942397440
1256623199426502656
1256623478599376896
1256623486128267270
1256623524531392512
1256623553346039808
1256623710838161409
1256623864370606080
1256623894397501440
1256623926450352128
1256624238183645184
1256624293334487047
1256624489183326209
1256624558020288514
1256624641738596357
1256624664794800129
1256624740120363010
1256624770285625344
1256624781337735169
1256624797053865985
1256624860874170369
1256625074427228160
1256625187153272838
1256625229192810498
1256625538954784768
1256625634530525187
1256625736833617921
1256625794933112832
1256626045001711618
1256626174450479105
1256626300070002689
1256626329535086593
1256626356210688000
1256626358437810176
1256626394718539776
1256626552604786688
1256626739939143682
1256626776027037699
1256627119242661888
1256627326424682496
1256627438093647874
1256627794592722945
1256628016907644934
1256628194620215297
1256628345644568577
1256628663635722240
1256628929193861120
1256629196350095363
1256629601641644038
1256630684577382402
1256630856807940097
1256632127090683907
1256632333060370432
1256632582160003072
1256632653295636481
1256632947232444421
1256633044112338944
1256633124714242049
1256633343879327745
1256633383649755137
1256633783467429888
1256633930674925568
1256634111856238592
1256634483463208960
1256635617691271168
1256635948072341505
1256636105069178881
1256636411240988672
1256636566534909952
1256636687519629313
1256636697510653952
1256636845087059969
1256637032060915712
1256637950311436291
1256638097254682624
1256638844172210179
1256638924866203648
1256639372536864768
1256639690242809856
1256639784715313153
1256640091209924608
1256640598314037250
1256640741264076801
1256640907677323265
1256640911339118592
1256641169825558528
1256641281905684481
1256641583392399360
1256641642913644544
1256641740389388292
1256641911668047872
1256641976121901056
1256642154417569792
1256642235728265218
1256642788575211521
1256643348850335744
1256643795329916928
1256644249640226816
1256644251204481027
1256644569476640768
1256644764193058816
1256644801388335110
1256645127977807873
1256645286199349248
1256645335704694785
1256645346307915776
1256645521847934976
1256645685476122624
1256645752505368580
1256646103572844544
1256646137525616640
1256646280232615936
1256646719376289797
1256646825987244041
1256647380780191746
1256647764043198465
1256647768489160704
1256648421269819395
1256648629554724871
1256648776531369985
1256648785280655360
1256648812946493441
1256649138831319041
1256649229604253701
1256649308171956225
1256649415697170434
1256649454708494341
1256649521452457985
1256649774029127680
1256649960059072512
1256651263846035456
1256651849202929665
1256652368193585153
1256652819643289601
1256652948190294017
1256653289199931393
1256653393856208897
1256653645128634369
1256655381096394753
1256655790020022274
1256655842855673857
1256656139820793856
1256656173769658368
1256657022952411136
1256657639364341760
1256658457773641728
1256658474001485824
1256658764339589121
1256659271581720577
1256659480915427331
1256660200796426246
1256660293108682752
1256660333424451586
1256660744571105280
1256660799759630336
1256661078047625216
1256661099383885824
1256662021543563264
1256663446344458241
1256664008246980608
1256664985909882880
1256665027508965376
1256665691639463937
1256665864906080259
1256666779209867264
1256666915168235520
1256667203778129921
1256667804691922945
1256668184935047168
1256668195022409728
1256668248814358534
1256668508944871424
1256669522137939968
1256669548775964674
1256669556136869893
1256669706162810880
1256669921746042880
1256670301024333830
1256671001368129536
1256671273020649474
1256671402217922567
1256671736013168641
1256672901475921920
1256674750836797440
1256676539560652800
1256677439494860800
1256681635795177472
1256682342510444546
1256682577148080129
1256684022417068032
1256687731612233730
1256688649456046080
1256691000430530564
1256694110523555841
1256694848368844801
1256695354654814208
1256698751265038336
1256699325431738368
1256701299560558592
1256705827118870528
1256714476260339719
1256720630214299649
1256721815780552704
1256722318690324480
1256722590787342336
1256724147066900481
1256724546524073984
1256727545791131648
1256730264211841024
1256730582442074112
1256731644616151045
1256731829022801920
1256734835156148231
1256735153319079937
1256735770980814848
1256737618785529861
1256742155369971718
1256744125615034368
1256744338396270598
1256744340698935296
1256746491604959236
1256746773571178501
1256746894358974466
1256747153126391808
1256747180788011008
1256748086115758081
1256748983289917440
1256749164869890050
1256750157976264704
1256750761234567168
1256752023350829056
1256752185200672768
1256752197922160643
1256752608947003392
1256752983443943424
1256753976000884738
1256753978496282624
1256754658988580864
1256756991571169280
1256757934219984896
1256758086150221824
1256758642058997761
1256760174406066176
1256760956576653313
1256761336484311045
1256762118814105601
1256763039900217345
1256763048355860480
1256763308096385031
1256763882816692226
1256764278373310470
1256764594116321282
1256764966813593600
1256765783738212354
1256767252222771201
1256767413472894976
1256767719191375873
1256770449041735680
1256771979044024320
1256772395471302657
1256772603898818561
1256773088219410432
1256773427236487168
1256773546581188608
1256773570560004096
1256775133508669443
1256775310034395136
1256775500493545472
1256776397156040705
1256778857039884291
1256779489029140481
1256779911416606722
1256779926742511616
1256780391257485312
1256780633386283008
1256782341080444934
1256782364635656194
1256782781130006528
1256783025012170759
1256783496305012736
1256784468720750597
1256785274077458433
1256786391641362432
1256786464437866502
1256787647235649537
1256788409064005634
1256788433898319872
1256788653013037057
1256790378520305665
1256790408748650496
1256792584321556480
1256792647903019009
1256792774554398721
1256792869773422593
1256794277377486849
1256794345761456128
1256794950685151237
1256794958272450564
1256795556636049408
1256795689700544518
1256796343252578304
1256797845807497216
1256797902258741249
1256798011985780736
1256798903493554177
1256799090437812224
1256799850223431680
1256799868175015936
1256800210119913472
1256800217187246080
1256800419700830208
1256800428865585153
1256801047751692291
1256801683507687426
1256802667512373248
1256803223232409605
1256803401725247488
1256804450217291776
1256804536917712896
1256804699807850497
1256804707885932544
1256804787040878592
1256805776380661762
1256805902784454656
1256805977250074624
1256806329240285186
1256806393455099905
1256806397615865858
1256808295219658764
1256808735659311109
1256808882518650881
1256809826396409856
1256810771553628160
1256811287788441600
1256811651006775296
1256811867172986880
1256813290400804864
1256813372143620101
1256814009036058625
1256814104418717696
1256814623296110592
1256816606832816128
1256817547384512512
1256818143449755648
1256820603996102656
1256821612290076673
1256826548264542208
1256826568208515072
1256827414811824128
1256828015289397249
1256828707727118337
1256828924736266240
1256829339749908480
1256829441172312065
1256829951988334592
1256830989243834368
1256831177475846144
1256831859205365761
1256833042414399488
1256833669576056832
1256834062615891974
1256834262570987520
1256834320183906306
1256835436611137536
1256837404142387200
1256837686255480832
1256837777435488257
1256838806906363904
1256841158417887232
1256841643887431685
1256842387004944384
1256843253422256128
1256843604284194817
1256844367127437312
1256846773328338944
1256847668342452225
1256847766078144512
1256848673985531904
1256851625546616833
1256855294522449922
1256855426454261763
1256856634090901504
1256857813449613312
1256857839202689024
1256861017310588928
1256862183859859461
1256865150948139011
1256867014674722816
1256867578477047808
1256867819322515457
1256869953967357953
1256872080370397184
1256874998972600320
1256879915883851777
1256880737782870018
1256889288588881920
1256890720285159435
1256891026062663680
1256893142420393984
1256896367844188162
1256896817381273600
1256901924902899712
1256902130180317184
1256903129733443586
1256904618229010433
1256907604044865536
1256916962996826112
1256924917993361408
1256928270781542400
1256928747862646784
1256932988748619777
1256937024877019136
1256939076906823681
1256939426556436484
1256939978426167298
1256940393335123968
1256940860240883719
1256940889366118402
1256944574951559169
1256951486233415681
1256952341091188736
1256953697109553152
1256955964667891713
1256962501444419585
1256963007256510466
1256965530277351424
1256965560128221184
1256969792184963073
1256971437245476864
1256975361872519173
1256991695251468289
1256995116855820294
1257008981920415744
1257009193841614848
1257009297709563909
1257014518066016257
1257024472839622656
1257079682563899392
1257128084874002438
1257128114657783808
1257132804392972288
1257169453076189190
1257177292243185664
1257206586256195588
1257253811456000000
1257275668317913089
1257351520137478146
1257474445804834816
1257514956653654016
1257559148352335872
1257559275372548098
1257592068257521665
1257605172823384064
1257605671605858305
1257606033406476291
1257606128239706113
1257615022353797121
1257615885042237440
1257616144170717187
1257621822947733504
1257634975177773056
1257682097700888578
1257707252447772672
1257875204505833473
1257913597503700994
1258047190859038721
1258218708738113537
1258218722826883072
1258700374216634369
1259112948410146816
1259491988107231232
1260834451128381440
1260958964285468673
1260959044216348674
1261563145954275329
1262436224402288640
1262727389613895686
1262727390956052480
1264072934538149889
1269280213235531776
1276540580726583296
1276540599265423365
1276540612968280064
1288274968506036225
1288274988471128064
