id
1262176184177250307
1262193901760217089
1262194912495353861
1262197530982354946
1262197633256312832
1262198123813732352
1262199858066124801
1262200018548617217
1262200412842545159
1262200918394548226
1262201396054511617
1262201717426466820
1262201990177648640
1262204019503661057
1262204145445908482
1262204190379536386
1262204316686839808
1262204693419155457
1262204844426711041
1262205678036254721
1262205734734884865
1262205744767578113
1262205975999557632
1262206049093709824
1262206055288680448
1262207561865912322
1262207849276424192
1262207998790733824
1262208081632452608
1262208090989948928
1262208594361020416
1262208718072143881
1262208804176850945
1262209111585771520
1262209741826060291
1262209788013768704
1262209829520633857
1262209962844930050
1262210263593279489
1262210662459113472
1262210678082793472
1262210902809403392
1262210940293902342
1262211450187075585
1262211916627185664
1262212151084675072
1262212191328989186
1262212408933781505
1262212811771396096
1262212849335627776
1262212875633868801
1262213767649095680
1262213938504011778
1262214351999520768
1262214373193310208
1262214450506952705
1262214507440439297
1262214755072143360
1262215336813719553
1262215761524817923
1262215889258233857
1262217400956514309
1262218130132107264
1262220685952217088
1262220746387910657
1262220913405296641
1262221989298573312
1262222161726582784
1262222386788798469
1262223069445152773
1262223593938640896
1262223707730132996
1262223792828375041
1262224217786859521
1262224335328079873
1262224858810707970
1262224943191736320
1262225656177287168
1262225790210469888
1262227635548983296
1262227699826741249
1262227792411779073
1262229357831094273
1262231437576531968
1262231486301904897
1262231741579706368
1262231780565716999
1262231982915727360
1262232261698686978
1262234280312229889
1262234320980152320
1262234381445292033
1262235878375559170
1262238513098919936
1262238566991540228
1262238602668302336
1262239351741665280
1262239480204816386
1262239863434174464
1262240070460833792
1262240283107844096
1262240682116132864
1262240706711576577
1262244018231992321
1262244175455465475
1262244890974380032
1262245797367656448
1262246682420379654
1262246872686538752
1262247128845348864
1262247730379800576
1262247768820789248
1262248003022266368
1262248770206564352
1262248877060534275
1262249774046011392
1262249935623188480
1262250560205418504
1262250914322149376
1262251378572881921
1262252726546649089
1262252915890110464
1262253869406412801
1262254007570980864
1262254087363604480
1262254818258587648
1262254822213869569
1262255328466333699
1262255369813778433
1262255396405698560
1262255414521073665
1262255417976958976
1262255422565576704
1262255425203953665
1262255435676975105
1262255457453764614
1262255464030466051
1262255467478171649
1262255474407170049
1262255483559251972
1262255488441257986
1262255495470931974
1262255518942294021
1262255520318021632
1262255534062911489
1262255540769456128
1262255591650553856
1262255616250097664
1262255642938572802
1262255647241850881
1262255657182392320
1262255663343972353
1262255704884367361
1262255706951938048
1262255728120782848
1262255737415360517
1262255750161682433
1262255828825829377
1262255843761741824
1262255854147026944
1262255874204000256
1262255877291159552
1262255886690660353
1262255932819595267
1262255938788036611
1262255946572668929
1262255985600552961
1262256008195387395
1262256039308607489
1262256056878522370
1262256089548165121
1262256110548869120
1262256143470080000
1262256160071020550
1262256160125489152
1262256200600739840
1262256208637046784
1262256210868342785
1262256240366739462
1262256277935226881
1262256281458540544
1262256311774834689
1262256325951660033
1262256371719786496
1262256384005021696
1262256391441600512
1262256398399705088
1262256476543844352
1262256476623712257
1262256487939878912
1262256495997022208
1262256613320085505
1262256629392658432
1262256640419561472
1262256667191734273
1262256696795123714
1262256713790402560
1262256790445666305
1262256806513963009
1262256823215837186
1262256939242840064
1262257061162704897
1262257136555511814
1262257161360625669
1262257187822264322
1262257196043124737
1262257208336711681
1262257218558128129
1262257234899349504
1262257235847254016
1262257321901608960
1262257323294298113
1262257347545763850
1262257369611829251
1262257374456233985
1262257384384278528
1262257384669343745
1262257388519907328
1262257393431269376
1262257451564490752
1262257476885286912
1262257502432845825
1262257505306120198
1262257550637989888
1262257572549033984
1262257593990254592
1262257689960251393
1262257695958069255
1262257709627383808
1262257744259792896
1262257752069623808
1262257798227939328
1262257824857538562
1262257827587948544
1262257898773778437
1262257917572648961
1262257935989837826
1262258074443591681
1262258135852412928
1262258147546198016
1262258158887677955
1262258215879798786
1262258237870452736
1262258239560769537
1262258294430687232
1262258389972848640
1262258410986205186
1262258434633859073
1262258450723213312
1262258458679599105
1262258489079943168
1262258496000663553
1262258509405716481
1262258519723704320
1262258653890899970
1262258657510584327
1262258706705608704
1262259000613023747
1262259043663597569
1262259171631804416
1262259186051756032
1262259191672188928
1262259206620688385
1262259246487330816
1262259301697159168
1262259379853819906
1262259486867075074
1262259488066699265
1262259556584841216
1262259622989099008
1262259676713848832
1262259702966050817
1262259710897475584
1262259711740506113
1262259727108460544
1262259739825778690
1262259862328627203
1262259874143981568
1262259908839215104
1262259984265383936
1262260002229641217
1262260047226138624
1262260054448836610
1262260232861843461
1262260258656980993
1262260266084925446
1262260420288507904
1262260451275976705
1262260500315820032
1262260550257348609
1262260576979259396
1262260631601848323
1262260719296278530
1262260841572757504
1262260860816244736
1262260906932580359
1262260914020966400
1262260916344598530
1262260938088026112
1262260966210670593
1262261115066519556
1262261162575450114
1262261169353457664
1262261373473624064
1262261541539180546
1262261724746379266
1262261736985563137
1262261747110473730
1262261786801090567
1262261796775198725
1262261808489873409
1262262138942308353
1262262259973189633
1262262318349512704
1262262327522529282
1262262338549399557
1262262453293010945
1262262548511916032
1262262606070505472
1262262633434017795
1262262696235458560
1262262753571438592
1262263047835365377
1262263091296788481
1262263216052166657
1262263251775025154
1262263269433028611
1262263388387733505
1262263412572241920
1262263770031616001
1262263955591819264
1262263983450451973
1262264056443834368
1262264117764612097
1262264122667708416
1262264159330119681
1262264198832111616
1262264229815480320
1262264361558478850
1262264376494632960
1262264403757498368
1262264501883240449
1262264610670821377
1262264674071965696
1262264764111052804
1262264828527165440
1262264833795219457
1262264851906387969
1262264867374825477
1262264986224730113
1262265010144677896
1262265053933383681
1262265331801710593
1262265353649848321
1262265820375212033
1262265944992182272
1262266068237574146
1262266108419047424
1262266146771947520
1262266519272042496
1262266550850949121
1262266627242053632
1262266906121310208
1262267257289400320
1262267465154924544
1262267602945970177
1262267647485329409
1262267939476013056
1262267974427148288
1262268441316126720
1262268818304274433
1262269136152870912
1262269185909899264
1262269410997342210
1262269435588472832
1262269436657987584
1262269446946607104
1262269519747338242
1262269677989842944
1262269715952459776
1262269757006348288
1262269854104481792
1262270043171074049
1262270079216914434
1262270424626282496
1262270657577934849
1262270852856451072
1262270945697226754
1262271264053313536
1262271405753634817
1262271467292516355
1262271636608290816
1262272100900966401
1262272129581514752
1262272398612549634
1262272459283333121
1262272937744142343
1262272956706652160
1262273169194246147
1262273205324009472
1262273226786275328
1262273265109577736
1262273309237932037
1262273478033473537
1262273722917896192
1262273795001208832
1262273915952349184
1262274507370364933
1262274510016794624
1262274524545859585
1262274551355863041
1262274588416884737
1262274809326518273
1262274833712201729
1262274867501494273
1262275160561733633
1262275226483605504
1262275380695707648
1262275456876843008
1262275470210600962
1262275523830398977
1262275615660445698
1262275678432567310
1262275683771805696
1262275776155578368
1262275813250129922
1262275823001669632
1262276034545643526
1262276038043684864
1262276044909711361
1262276172336910336
1262276357880287232
1262276410053259264
1262276648595910661
1262276651548733440
1262276711757963265
1262276750869843968
1262276754078498817
1262276783921037313
1262276962107576321
1262277094484008960
1262277095142518784
1262277259097804801
1262277267947950080
1262277288655237127
1262277312298405888
1262277726402215936
1262277742583705602
1262277998931136512
1262278025154048002
1262278190803947522
1262278197808295936
1262278218695847938
1262278234634240000
1262278328783904773
1262278401823399936
1262278460321349634
1262278567876071425
1262278576222597120
1262278614659170304
1262278629054017537
1262278968696176640
1262278994897932288
1262279027798269953
1262279191506149382
1262279335936851969
1262279540996333568
1262279659221184512
1262279707791290368
1262279810509942789
1262280080509763586
1262280099677696000
1262280113183322112
1262280312890908672
1262280362589212673
1262280480457519106
1262280691007533056
1262280940937719808
1262280993836339200
1262281093782237184
1262281201844228096
1262281255955111937
1262281281242464258
1262281572318732295
1262281706427445248
1262282212356976640
1262282514468487171
1262282540376883200
1262282570894438400
1262282966727667712
1262283041629540359
1262283219057033216
1262283539103563781
1262283649837346817
1262283750647480320
1262283841689079808
1262283851306598403
1262284363674333186
1262284387158306817
1262284485019627520
1262284786753605632
1262284922405953542
1262284980509724672
1262285375071940614
1262285486678085635
1262285546803453953
1262286006574669826
1262287228530614272
1262287337897091072
1262287509460881410
1262287729670238208
1262288093802975232
1262288251282284546
1262288325118816257
1262288669492170753
1262288956407918592
1262289057205219329
1262289096317136897
1262289435627892738
1262289550421852161
1262289845755367427
1262290461454028802
1262290516806262785
1262290690974683136
1262291074258624513
1262291120207233024
1262291803778080769
1262291866742960133
1262291875068698624
1262291924733460481
1262292076437270530
1262292181504516097
1262292337893486596
1262292496526135296
1262292645260308480
1262292661794299910
1262292770061873152
1262293246891327488
1262293348267655168
1262293354735255552
1262293487732604929
1262293547769683970
1262293866675396608
1262294129326743552
1262294141171494912
1262294142819811329
1262294179075420161
1262294274311249920
1262294338874163200
1262295105760686081
1262295107954372610
1262295243824586754
1262295485689131008
1262295790732537858
1262295856503390208
1262296051278475264
1262296194367307776
1262296228890652672
1262296313451868160
1262296521485152257
1262296560215433216
1262296651118653440
1262296906149085184
1262297665842249728
1262297870239174657
1262298042859995138
1262298878138859520
1262299035831898112
1262299250140069890
1262299366934507521
1262299372106072065
1262299425898037251
1262300075612442624
1262300273893994497
1262301338525990914
1262301439340081152
1262302496917159942
1262302774269640706
1262302868033454080
1262303444804579328
1262303575880974336
1262303639936344064
1262303665110560768
1262304332109582336
1262305443302371331
1262305503683608576
1262305688035852288
1262305928315056130
1262306329625980928
1262306452888121345
1262306601085603843
1262307039902076928
1262307220013961218
1262307406349873153
1262307483239890946
1262307851738861572
1262307952259563520
1262308102281375744
1262308203020333056
1262308269256617984
1262308519065333761
1262308630272946178
1262308665333182464
1262308730206670849
1262309046691885057
1262309126861881345
1262309528600588289
1262310277103513601
1262310690401824768
1262310701034602499
1262310754453053440
1262311038374027266
1262311102479626240
1262311144951148545
1262311309502078978
1262311596237316096
1262312256739536897
1262312857825275904
1262312877936898048
1262312906684657665
1262313009226977282
1262313182946889729
1262313246381334529
1262313308603985921
1262313361087148034
1262313394150883329
1262313671012659200
1262313677660790785
1262313752768069632
1262314078837538816
1262314443519582209
1262315009088069633
1262315299388284928
1262315413045571588
1262316076211167233
1262316332487520259
1262316635999875073
1262317011964657664
1262317787503972353
1262317819636486144
1262318042630877186
1262318157965869056
1262318728626294784
1262318821010026496
1262319160782192643
1262319243585961985
1262319324213231618
1262319472083271685
1262319490697768961
1262319638123347970
1262319668322156545
1262319765646802944
1262320417127239680
1262320427793297409
1262320515152134145
1262320548144574464
1262320907311288320
1262321441799843840
1262321618870849536
1262321670854979584
1262321905299648516
1262322006927634433
1262322031833387013
1262322120316653573
1262322219298033665
1262322468254932992
1262322485544079360
1262322536899129344
1262322598886567936
1262323235082907648
1262323276144996353
1262323344994680832
1262323611517374464
1262323798046502912
1262323838257377285
1262323872126218240
1262324046496137216
1262324254734864386
1262324673976643585
1262324890171928576
1262324916637982722
1262325009768484864
1262325325419048961
1262325518331899904
1262325531695087617
1262325580122304512
1262325676570370049
1262325684204011520
1262325693578280960
1262325786649849857
1262325950626148353
1262326747413966848
1262326921985249281
1262326935759261696
1262327043657814016
1262327782966730752
1262327786016059393
1262327839183036417
1262328022339706880
1262328094787956742
1262328491292401665
1262328694535643137
1262328774642798592
1262328791231168512
1262328882490982404
1262330391446224906
1262330455111741442
1262330752294719488
1262331089684770816
1262331655525556225
1262331671983976449
1262331787381882882
1262332185866121218
1262332841334935554
1262333010088620033
1262333185494380546
1262333239382835201
1262333358408896512
1262333638965854209
1262333936740339713
1262333977668448256
1262334039140315136
1262334306619285504
1262334572613623809
1262335237352120322
1262335422362861568
1262335589874978816
1262335625622990848
1262335632682086401
1262335677108121600
1262336069879468032
1262336141828603905
1262336612651814913
1262336856735154176
1262336884065185793
1262337449696661504
1262337483825537026
1262337533595185153
1262337609272971264
1262337755662528513
1262337820779089920
1262338704087019520
1262339077514211334
1262339321345921025
1262339421409402880
1262339800402497537
1262339848930615297
1262339944468504576
1262339972809572352
1262340317522452481
1262340440860307456
1262340457729716227
1262340534397358082
1262340645634445312
1262340825939230721
1262341194992046080
1262341302668021760
1262341399589994496
1262341585158590469
1262341674467901441
1262342112428920833
1262342337943887872
1262342584476852225
1262342596711665664
1262342693578928128
1262343061859942401
1262344126613401600
1262344558370680832
1262344892191133696
1262345132608610304
1262345176879468545
1262345769438154752
1262346015019094023
1262346028776394752
1262346063794638848
1262346155133792256
1262346162041810944
1262346286021263360
1262346475205468160
1262346879158779911
1262346993789091843
1262347198232027136
1262347200014675975
1262347305685880832
1262347516399345665
1262347603066445824
1262347622335086592
1262347794356068352
1262347817751769097
1262347961947656193
1262348222187614211
1262348300918730756
1262348807347544064
1262348876327124993
1262348900133769218
1262349034339041280
1262349040110325761
1262349593146036225
1262349696493740032
1262349882741813254
1262349966963400704
1262350024895279104
1262350055194996736
1262350526714310658
1262350826757959680
1262350899306954754
1262351822762594304
1262351868988026880
1262351872527970304
1262351928740069377
1262351980871028738
1262352019307692039
1262352766095314945
1262352987927613440
1262353063408369665
1262353233021825025
1262353527587762177
1262353855573970945
1262354088223596544
1262354279911706624
1262354748990279681
1262355052171333638
1262355098463809536
1262355103131906050
1262355281385684994
1262355686144368641
1262355729769328641
1262356007230963713
1262356090747944960
1262356788684283905
1262356800935882759
1262357161713315840
1262357265639542789
1262357277148774400
1262357329183272961
1262357611460145152
1262358325204787201
1262358509942910976
1262359276561092610
1262359315332993024
1262359781706268673
1262360181716873216
1262360396956123136
1262360536689381377
1262360561733570561
1262360637088227329
1262360641559506944
1262360729274863617
1262360916349325312
1262361109836689408
1262361414179659776
1262361499537833985
1262361610485501953
1262361694526861313
1262361696099680256
1262361838647300097
1262361989692616704
1262362080788660224
1262362298716323840
1262362345709301760
1262362376239632385
1262362720688472066
1262362821104291842
1262362924225564673
1262363557011681286
1262363603803357184
1262364146986708995
1262364260300013569
1262364271792488449
1262364639641456640
1262364815424499714
1262365271861256192
1262365730340626433
1262365789744558081
1262365950357180416
1262366475534229505
1262366724550266880
1262367671867379712
1262368136294260737
1262368215180603393
1262368302199758849
1262368400916901888
1262368452012105731
1262368524363632643
1262368542076198912
1262368946616963073
1262369083888029696
1262369091102183424
1262369144701423617
1262369742821548035
1262369811801096192
1262369848434102273
1262369985042644993
1262370065434898437
1262370159282380800
1262370164483342336
1262370177229840385
1262370507195912194
1262370874478391297
1262371275550285824
1262371546128998407
1262371588160143360
1262371867689508865
1262371882868883458
1262371997322862592
1262372191540326401
1262372549318422529
1262373393191452673
1262373433863741442
1262373519549247495
1262373891948687360
1262374558595559424
1262374843443339264
1262374878130212864
1262374882333073408
1262376141077254149
1262378139935821828
1262378150396170240
1262378309570068480
1262378403807678464
1262378419414798337
1262378528298938370
1262378911977144320
1262378943581237252
1262379349514354691
1262379367990165513
1262379987841228800
1262380004672966656
1262380454780469251
1262380476792258569
1262380778069032962
1262381089122856966
1262381418304471043
1262382253738426368
1262382302446977025
1262382314811805696
1262382364791123971
1262382430511673347
1262382432327622656
1262382508685045763
1262382658123960321
1262382880925327360
1262382892157734917
1262383017508720640
1262383101050785800
1262383283863724042
1262384084384460800
1262384368221335555
1262384527554600960
1262384929561812995
1262385149339226116
1262385668644315138
1262385692421820419
1262385849968332800
1262385930888978434
1262386917682884609
1262387326967255046
1262387464599072768
1262387771710361603
1262387798264426499
1262388116339535879
1262388276469604355
1262388537888051201
1262388583840841730
1262388665654927361
1262388691898597378
1262388817098670081
1262389293760360448
1262389486840958976
1262389612393181187
1262389676184387584
1262389706484047874
1262389794392473600
1262389853192404996
1262389982406246413
1262390374783475726
1262390578110697472
1262390606313271297
1262390621769281537
1262390636193484801
1262390873763074060
1262390954146910210
1262391180131737601
1262391274457489412
1262391580830371847
1262391712581894145
1262391763576250368
1262391814197297160
1262392260500566020
1262392340062363648
1262392497675792384
1262392506626576387
1262392613426147333
1262392759782191110
1262392994860326914
1262393145666519040
1262393307205951492
1262393466253869056
1262393477939281921
1262393611183939585
1262393642708275202
1262393783758487559
1262393821276581889
1262393883855593472
1262394066484019203
1262394163905081345
1262394194284498944
1262394281555353600
1262394302057132042
1262394393287368704
1262394499009044486
1262394589757018118
1262394592080601091
1262394665434853379
1262394701073825808
1262394879298154499
1262394955093458944
1262395014589616131
1262395029399777280
1262395083778936841
1262395095573311491
1262395328998846470
1262395703592173568
1262395741500293124
1262395987777249290
1262395989241016322
1262396010254532608
1262396265012310017
1262396306326241283
1262396319290855424
1262397116430901250
1262397140019658761
1262397339781730308
1262397494501277699
1262397531461267456
1262398125580390402
1262398188515995650
1262398208413761537
1262398257348726786
1262398481634902017
1262398629416927236
1262398672752594947
1262398715433758720
1262398761659060224
1262398916441436162
1262399068568842240
1262399152597553152
1262399211372494848
1262399235758186497
1262399263847272453
1262399372421206017
1262399470857261058
1262399516306702337
1262399541753475073
1262399568680894464
1262399632124129280
1262399740253057024
1262399818267127821
1262400049226661889
1262400248242028545
1262400345658912772
1262400398008045571
1262400398599446529
1262400422595215367
1262400458141859840
1262400536046743554
1262400543822995456
1262400550764597248
1262400563020312576
1262400952889298945
1262400957549129729
1262401081918713856
1262401287015915521
1262401334759718914
1262401400090161156
1262401633176047617
1262401901494022144
1262401908423176193
1262401924902469633
1262401949216804865
1262402042661765121
1262402116884271104
1262402180192940032
1262402249986199552
1262402299428659200
1262402564101939201
1262402638483578881
1262402737389494272
1262402819224555522
1262402824643719170
1262402854788030465
1262402864925663232
1262402874379771904
1262402891534352390
1262402927768924161
1262402981867032577
1262403064318750720
1262403068420710400
1262403205306003456
1262403689551036416
1262403785663500289
1262403890894344193
1262404091583422464
1262404135808163840
1262404157144629248
1262404463047831552
1262404570740748289
1262404931497029635
1262404985100234754
1262405044067942400
1262405050862694405
1262405080508035072
1262405097880879106
1262405130709684224
1262405135977742339
1262405308439080961
1262405389133340690
1262405417402949634
1262405544586985473
1262406275582685185
1262406809920262144
1262406993639165953
1262407154792890368
1262407184995905537
1262407204642025472
1262407219582087168
1262407369700577285
1262407506514464769
1262407597233262592
1262407648714129415
1262407968982614016
1262407983742332929
1262407994488152066
1262408184179773440
1262408198058733571
1262408204190773248
1262408450308313088
1262408586938011650
1262409093957943301
1262409272136065024
1262409730049245184
1262410335191007232
1262410469408727040
1262410639651123201
1262410990219669504
1262411190975651841
1262411278942982144
1262411368441020416
1262411377345429504
1262411543049908225
1262412236494000129
1262412331528499202
1262412514844913665
1262412774258249730
1262412807846236160
1262412826473304065
1262412833788014593
1262412878935547904
1262412986972401665
1262413079582662656
1262413625937051649
1262413766504755200
1262413944775458816
1262414026912329728
1262414227869859843
1262414282517385222
1262414523593625604
1262414840510865408
1262414869065682949
1262415029652959234
1262415076755111938
1262415079942676481
1262415290744180737
1262415685776482306
1262415741820657665
1262415992371556353
1262416311788978178
1262417104461901827
1262418325331570689
1262418634279813120
1262419191186907136
1262419440316137473
1262419642896846848
1262420183123062785
1262420527219523584
1262420587684573184
1262420589244936192
1262420846682845186
1262420963456663557
1262421070725779468
1262421107883167745
1262421133531459584
1262421219690848257
1262421829655728141
1262422839690268675
1262423240627982344
1262423954955726849
1262424122354786304
1262424258455707652
1262424421928538117
1262424486827130881
1262424779329593346
1262424865157644290
1262425093075955712
1262425223799791616
1262425419497836545
1262425458244714505
1262425706622889984
1262425771445940225
1262425917852225537
1262425946948112384
1262427026587127811
1262427252773359618
1262427551500079114
1262427732492775424
1262428099557199889
1262428166389239832
1262428414528466944
1262428992365137931
1262430138500673537
1262431004255326211
1262431333491412995
1262431398666752000
1262431504858091522
1262432436648108032
1262432574120443905
1262432857663864835
1262432875594395648
1262432943194034176
1262433655365832710
1262433711301316609
1262434913770524675
1262434989473398787
1262434990492655617
1262435492953387008
1262435611849265159
1262435855089774592
1262436249215930375
1262436523581964288
1262436639285997569
1262437698385530880
1262437757869338626
1262437787816558597
1262438009229717505
1262438036165574659
1262438152146321408
1262438673313746944
1262441466439233536
1262441719699660800
1262442859136978951
1262443167594369024
1262443262565998592
1262443659565207552
1262444078328885248
1262444120590692354
1262444289868480512
1262444519502622725
1262444767540989952
1262445620779905024
1262446097160646656
1262446152047382531
1262447556891533317
1262447983171231747
1262449372639289345
1262449705721540609
1262450165157224448
1262450552706863104
1262450693127823365
1262450779413196801
1262451365873246208
1262451736972685312
1262452340503633924
1262453853355532293
1262454318986190850
1262454736629841920
1262454859292225536
1262454860596666369
1262456869030748160
1262459985440632832
1262460163115626496
1262463014424293383
1262478805932871681
1262479596139827202
1262480163884892160
1262481153161912320
1262482186361384966
1262484979428274178
1262485210920353800
1262490820143468549
1262491500207693824
1262493077182136320
1262493279372771328
1262498890068058112
1262503162105270272
1262512578955227138
1262512970334040065
1262515132233592835
1262515765921497088
1262518230066708480
1262518343594127361
1262518357015891971
1262520441563787264
1262523195653083138
1262526196652232704
1262534337674821634
1262534348747665408
1262534818308386816
1262535244470718465
1262536316396306432
1262536464849498112
1262537431435358211
1262539258138517504
1262540097452249090
1262541465504419841
1262542170638213122
1262543421421449216
1262543880223784964
1262544860382294016
1262545267729010697
1262546487495593988
1262547873901588480
1262548906467942400
1262550349929500673
1262550523154173952
1262551060217880576
1262551288128122881
1262551458592907264
1262552197058793472
1262552284690407425
1262552393306132480
1262552578501406720
1262552757124268032
1262554380311465984
1262554856658616321
1262555062418563073
1262556014731132930
1262556033353826307
1262556056430931968
1262556836906983424
1262557632713289728
1262561293392678912
1262561900073594880
1262562258929897472
1262562270220963841
1262562775873847303
1262562802314534914
1262563115926843392
1262563768002740224
1262566261612929025
1262566645739872262
1262566669592870913
1262567200012955648
1262568288900399105
1262568688458231809
1262569250662699013
1262569542728904705
1262569673905881088
1262570530324058112
1262573016841478145
1262573939655454721
1262574480259526656
1262574906010722309
1262574990945390592
1262576451288657922
1262576750720155650
1262577493799821313
1262577599710035969
1262578371814293504
1262579397485228034
1262580029730377728
1262581334695800834
1262581801748279296
1262581982547963904
1262582366658113536
1262582523831283713
1262582541644525576
1262582878229020673
1262583021623894016
1262583294031355904
1262584267197956098
1262584381828292608
1262584988395991040
1262585454102265857
1262585483957338113
1262585609207664652
1262585875432640515
1262586138918744064
1262587413001457665
1262587727796514819
1262588864247431168
1262588883721732096
1262589015158435841
1262589162995113985
1262589171366952963
1262590131996774401
1262590464760229888
1262590569127313416
1262592544820486145
1262596728907128832
1262596813044854784
1262596846133878794
1262597066808651776
1262597264343629825
1262600492439367686
1262600686287458309
1262600943465566217
1262602318517866496
1262602916021452801
1262603028315529217
1262603057109450752
1262603230967562240
1262603551227944960
1262603650037198848
1262603976316354560
1262603990245806081
1262605504938799105
1262608374920671236
1262608577019207681
1262608887858909184
1262609325920522242
1262609784424951808
1262609865144442880
1262610073898979328
1262610968778964992
1262611017730715648
1262611344987021313
1262611656837705729
1262611672486813696
1262612509883858944
1262613481229967365
1262614526890897409
1262614616732872705
1262616426122100736
1262617859806466048
1262618614294708227
1262618907648679936
1262619055258624001
1262619476027031552
1262619884124401664
1262620762692677632
1262620986072956928
1262621744075964418
1262622433191718912
1262622671558152195
1262623903236657152
1262624034757328897
1262624538778415105
1262625392617156608
1262626594985619456
1262626825924042753
1262628051055079425
1262628096848650241
1262629909316251649
1262631081133527040
1262631178735022080
1262631253922033665
1262632087200251904
1262632277588283393
1262634075891720197
1262634185006542848
1262637333192400896
1262638026712367110
1262638301380370433
1262638851689873409
1262640201626615808
1262643645250969600
1262644237910200320
1262644479531470849
1262645633204154368
1262646934503739392
1262648045226741764
1262649317606617088
1262658941235929093
1262659877299605504
1262661315803312129
1262662449787879424
1262662553462804484
1262664150703992833
1262665029880557568
1262672906028531712
1262675819794624512
1262677441715343360
1262678013142941696
1262678298636636161
1262682907023257600
1262689891491540993
1262690309009543168
1262690604418564097
1262694417917329408
1262701824353558530
1262709509580980225
1262723022646947846
1262727353521889280
1262745451297599490
1262747308547993600
1262749513019559937
1262750848955715591
1262752865254162434
1262754993599201282
1262763123565645824
1262774068958294017
1262784764370513926
1262791105352880129
1262794241421410304
1262800041430810625
1262811096798420992
1262811110719324162
1262817990032207874
1262839759015038976
1262922444991614977
1262936804858245123
1262936815830474757
1262938154077753345
1262941084000358401
1262961589331738624
1262976518508044288
1262976522534543361
1262984293414027264
1263034631110176769
1263051513515184128
1263057676080046080
1263099296259473408
1263143087121014784
1263174925713539075
1263405855162032128
1263464605508087811
1263477729908809730
1263480735605731329
1263484003023126530
1263534528666071042
1263979912001540096
1264432416745127936
1264436147461058560
1264533241098383361
1264611604991098881
1264611613564260352
1265029783517229056
1265032370132000770
1265057208271728640
1265087686794252289
1265120552013856768
1265227574231232512
1265243481641029634
1265243494249086977
1266639270447480832
1268435222942662656
1268441278389223424
1269184094652428296
1269184107616952321
1276539658852130816
