id
1263646869277642752
1263647683710824451
1263648782278950912
1263648851233136642
1263654678941691904
1263657376118235136
1263660854509096961
1263662077601669120
1263663188094009345
1263667639114661889
1263668250124193792
1263668370743783425
1263668574884728832
1263668593637515265
1263668894117457920
1263668939571200002
1263668964904914944
1263669713898356736
1263671240037974017
1263671533894942721
1263672232649392130
1263673898190745603
1263674187849351170
1263674201237585921
1263674279146577920
1263675736054874117
1263676093254348801
1263676393918849024
1263678173687865344
1263678274846277632
1263678616203755520
1263678784122716160
1263680782650019841
1263680988925825024
1263681505290645504
1263681703459028994
1263682088122888193
1263682242108428293
1263683537175101441
1263684796842078211
1263685105706389504
1263685141827932161
1263685248027631616
1263687573056008192
1263687576294010882
1263688538295463938
1263689144930205697
1263689664944209920
1263689687752798208
1263690287576018949
1263690660734889984
1263691414937825281
1263692147774992384
1263692154238570496
1263692162417537026
1263692292059062272
1263692580388249600
1263692734600110080
1263693213929336832
1263693546659307520
1263695049931407364
1263695673175584769
1263696290010939393
1263696327533146112
1263697173264257024
1263697666262749184
1263698017007202305
1263698204651995137
1263698238273499136
1263700156555202561
1263700826322866176
1263703456251969537
1263704775729676288
1263705127350702080
1263705233592422401
1263705479106056192
1263705828382531584
1263705870531248129
1263705911547355142
1263705912482512896
1263705932850028544
1263705933315665920
1263705939724529664
1263705940295143426
1263705943310651394
1263705947127443467
1263705950206099460
1263705951762186245
1263705959945302018
1263705970410237952
1263705992312823809
1263706005759819781
1263706022557999104
1263706043063861249
1263706059979534338
1263706083115188224
1263706117412175872
1263706182860124160
1263706183644311552
1263706184575414273
1263706240963604480
1263706242607972353
1263706263898161153
1263706304285032448
1263706355111788544
1263706405191778304
1263706430328254464
1263706481913851905
1263706490050736128
1263706501044002816
1263706589569007621
1263706594942083072
1263706724323725312
1263706770721161216
1263706868121124864
1263706871837257730
1263706889684049922
1263706908059250690
1263706956474138624
1263707073885290499
1263707086350774272
1263707139417075713
1263707153040195586
1263707161412001792
1263707172145258496
1263707268631023617
1263707270682038272
1263707364148105216
1263707404862025729
1263707418023821312
1263707481521430529
1263707490421624833
1263707578497933313
1263707623087501313
1263707636815413250
1263707688250142722
1263707727429165056
1263707799726379008
1263707831754272768
1263707861432987649
1263707885030174720
1263707924100026370
1263707949442072576
1263707951929442304
1263708081608888320
1263708095621943296
1263708116731879425
1263708141537165317
1263708183635177472
1263708255760465922
1263708409527848960
1263708739116269568
1263709142293770240
1263709261445705728
1263709565713088512
1263709842679554048
1263710029187657730
1263710357354188800
1263710377428152322
1263710427739029505
1263710524291772417
1263710780240785408
1263710836905787392
1263710873593380865
1263710929344008192
1263711093182078977
1263711403208142848
1263711443616055296
1263711548351995904
1263711642325446662
1263711701972606977
1263711791076405248
1263712065916506113
1263712507631292417
1263712508902342656
1263712606763708423
1263712665152548865
1263713066186727424
1263713242771099648
1263713247565434880
1263713322353876992
1263713606996316160
1263713640248573952
1263713739166986240
1263714104012705793
1263714144752144384
1263714156399570947
1263714256840687618
1263714426298880001
1263714647690993672
1263714691961896960
1263715062054703107
1263715219890737160
1263715449469956096
1263715496991416321
1263715623776985088
1263715706220294145
1263715710682816512
1263715853402439680
1263716093325082624
1263716718280495104
1263716748953636864
1263716820265193472
1263716867916460032
1263716895347228672
1263717605224792065
1263717650682671106
1263717670853021696
1263717702062837760
1263718172550545411
1263718966372864006
1263719450655637504
1263719488014495746
1263719607245799425
1263719721876156418
1263720097576652800
1263720400707637248
1263720768610791425
1263720801431203842
1263721614241234944
1263721764288442368
1263722455899582464
1263722557917720577
1263722815124942854
1263722881462071297
1263723026954108928
1263723245309575169
1263724149706375169
1263724998042120192
1263725047270662144
1263725158725939200
1263725343925399552
1263725430202384384
1263725914002579461
1263726146438365184
1263726180923924481
1263726641672421376
1263726891589984256
1263727188009869313
1263727338082062338
1263727411570413569
1263727428888743936
1263727604042956802
1263727916820529155
1263728391171309568
1263728806809923584
1263729776713273344
1263730131996008449
1263730144536981508
1263730620166860800
1263730697765703686
1263730742917427200
1263730748286107650
1263730800874459137
1263730926711746560
1263730975491538945
1263731046350086144
1263731285941383169
1263731328408678400
1263731691656380422
1263731773533536258
1263732111057358848
1263732171367305216
1263732947871395840
1263733321575436288
1263733583996305408
1263733745896456194
1263733995033903105
1263734484601458688
1263734716781355008
1263734826101813250
1263734855923380226
1263734887720222721
1263734903713288198
1263735435823476742
1263735569802301440
1263735586889756679
1263735667734921216
1263735729756049408
1263735808005230593
1263735860681478144
1263735887566864385
1263736061374554112
1263736132946104322
1263736286063415298
1263736411183697921
1263736455056158721
1263736618734796800
1263736826000441345
1263737013896798208
1263737094318456833
1263737377287278592
1263737412674617344
1263737756259438592
1263737941223829505
1263738372939411456
1263738378815758337
1263738856160890880
1263738862221885440
1263739010851184640
1263739243957850114
1263739326057156609
1263739350413500416
1263739819915653121
1263739869005672449
1263740463086923776
1263740481885724672
1263740490538762240
1263740548474712069
1263740699931037696
1263740931246702593
1263741342993100802
1263741654521057280
1263742037972533248
1263742057732018176
1263742107489009665
1263742261109510144
1263742446703263746
1263742642157842433
1263742715407327232
1263742838921019395
1263742928389730305
1263742929090129921
1263744580043681793
1263745259458179072
1263745387153641473
1263745875374829569
1263745897764057088
1263745936230146048
1263746216191332353
1263746407158210562
1263746947023695872
1263747168269033472
1263747412566306818
1263747682553614337
1263747809909420033
1263748662040997889
1263748938185637889
1263749272782032904
1263749344521367554
1263749477367549952
1263749583244591105
1263750611071197184
1263750821583319043
1263751596128604160
1263751834558099456
1263751994738524160
1263752104038055939
1263752293653966854
1263752437581492229
1263752503838957568
1263752531689107457
1263752767299960832
1263753259874807809
1263753286458372097
1263753423406669824
1263753507439472641
1263753833903198208
1263753889951543298
1263754047237939200
1263754126980153349
1263754295385546753
1263754410989101057
1263754516140371968
1263754700404359169
1263754898019147776
1263755032521871360
1263755249660989441
1263755998260428803
1263756859296452615
1263757085176508416
1263757118986829827
1263757416505565184
1263757582193373192
1263758544316350465
1263760217755365378
1263760270360326145
1263760454263816197
1263760725887123458
1263760748922261504
1263760800306491392
1263761018141827072
1263761504534433792
1263761662160617474
1263761866943156225
1263761923432202240
1263762226495668224
1263762690301779968
1263763034272673792
1263763347217899520
1263763468261285889
1263763850207178752
1263764592590614528
1263764957780250624
1263765115712634880
1263765214929006593
1263766112124067841
1263767170422648837
1263767453756280834
1263767809978503169
1263768318030176256
1263770149821308928
1263770743327936512
1263770793177001984
1263771003399794690
1263772299963973635
1263772533561667586
1263772536178741248
1263773689968881669
1263774071323590656
1263774087328886785
1263774101426130944
1263774245835833344
1263775362070134785
1263775619814494209
1263775834688512001
1263776518360055808
1263777256406577154
1263777349658570752
1263778879942033408
1263778928860123136
1263779068333264901
1263779628692303872
1263779809387110407
1263779974302928897
1263779984805523459
1263780247821934592
1263781651064086529
1263783231519731712
1263783337677578240
1263783483740053509
1263784904195620865
1263785175936143360
1263785337769259008
1263785414428463104
1263785572859932672
1263786684350468096
1263787534720462848
1263788329503297537
1263788455026323456
1263788698635657216
1263788916055965696
1263789518169059329
1263789877486694401
1263789923854766080
1263789965441241088
1263790653600866305
1263792043094167555
1263792717596934145
1263793741497643008
1263793771059314693
1263793797852356611
1263794236010319874
1263795061432737792
1263795742440689666
1263795952940285952
1263797183469346823
1263798064667475969
1263799506191003650
1263799747036372993
1263799766401482753
1263799856306417665
1263799883061854209
1263801327445921800
1263801615183564800
1263801893488295936
1263802499187818496
1263802861726531584
1263803076684767232
1263804696860536838
1263804877014102017
1263805558986911745
1263806326913691654
1263806427123965954
1263806817152323586
1263806998304321541
1263807050640879616
1263807108291506179
1263807128583540737
1263807179632631808
1263807601168379904
1263807798334259201
1263808081743491077
1263808453220286464
1263808680740282368
1263808985372618752
1263809334024327169
1263809589272698880
1263809713327820800
1263810727128690688
1263810741787713536
1263810943546355719
1263811367087243264
1263811945129365505
1263811961982091264
1263812269126807553
1263812285828497408
1263812533325950977
1263812551286026241
1263813802430214144
1263814193930620928
1263814366882922496
1263814481253068801
1263815097132052481
1263815307002392576
1263816363539382272
1263816516190957568
1263817048838168576
1263817124952211456
1263817813552009217
1263818003075837952
1263818493369085959
1263818749762695170
1263819400257236993
1263821444204474369
1263821916500090880
1263822118216593409
1263822342334984192
1263822831617359877
1263823183100051456
1263823389623562240
1263824062062583808
1263824434726670336
1263824499075698688
1263825020934959116
1263825038572171266
1263825415036002305
1263826144651997184
1263826287761584129
1263826981163945985
1263827469666103296
1263827552134717441
1263827692937338880
1263827968092069889
1263828207985295360
1263828929581846534
1263829372320055296
1263829768857845760
1263830355372462080
1263830708042321920
1263830904071430145
1263831096967393280
1263831253465194498
1263831838843457539
1263832938723983365
1263833078084120581
1263833083414843392
1263833227313115136
1263833531022585856
1263834591552434176
1263835001637842947
1263836008023379968
1263836143520411659
1263837089944055808
1263837513518473216
1263837519679909888
1263838353918590976
1263838359832547328
1263838504540307458
1263840093514674177
1263840286133719042
1263840288373723137
1263840401410195456
1263840757275693056
1263840797390024705
1263840898544275457
1263840990617464832
1263841072406392832
1263841088990658561
1263841549575548929
1263841590251941889
1263842019513757697
1263842469721985026
1263842506795446273
1263842665310769153
1263842816519581696
1263843152672075776
1263843307530174466
1263843370092212224
1263843727123996672
1263843914487705602
1263844046654459904
1263844138446753794
1263844343317532672
1263844633299345408
1263844667633868800
1263845100548837378
1263845805686808582
1263845899152896001
1263845991993638912
1263846008229900291
1263846503111516163
1263847552551514114
1263847557869916160
1263847763663413248
1263847884178386944
1263847944190439428
1263847967473020930
1263848440288575489
1263848824566501376
1263849103634698242
1263849628048306178
1263850412630630400
1263850857835098112
1263852936905416704
1263853183547461632
1263853815364796416
1263853966023995392
1263854279145684999
1263854314147254272
1263854429612040192
1263854471534317569
1263854573434929152
1263854669115256833
1263855355836035072
1263855481388281858
1263855549696872451
1263856047229263872
1263856260354473984
1263856780083367943
1263857095289569281
1263858160265310209
1263858215881670656
1263858225335529472
1263858295841927169
1263858389530169347
1263858486674366464
1263858542525595648
1263858690387402754
1263858777016729600
1263858813792161792
1263859131695403010
1263859222065950722
1263859393281568769
1263859724509786112
1263860046682902528
1263860063418175489
1263860138219200512
1263860475848200192
1263860623655333890
1263860844359757828
1263860889666703360
1263860937850667011
1263861311261143040
1263861395939983361
1263861495915520000
1263861507755892736
1263861571492687874
1263861912447537152
1263862184343265281
1263862227662069761
1263862324504526850
1263862400790466561
1263862828458323975
1263863471168352256
1263863486020386816
1263863824462999553
1263863839700840448
1263864172481110018
1263864217985150977
1263864466279563264
1263864810766135298
1263864839455141890
1263865091813867520
1263865114949636097
1263865669109440513
1263865700050964480
1263865786193543175
1263866130193543168
1263867057918992384
1263867300811280384
1263867450237399040
1263867766215331840
1263868138011033601
1263868223356715009
1263868755978776578
1263868787457003521
1263869247089897473
1263869862947942400
1263870043370057728
1263870130976677897
1263870387030392832
1263870461332643842
1263870921611153415
1263871255372947456
1263871409077415937
1263871721397870592
1263871773264580609
1263872287939235841
1263872804161638402
1263873433860964355
1263873453972586496
1263873506468454401
1263873649339068417
1263873673037045762
1263873682746687489
1263874033843671040
1263874563554914306
1263874658241327106
1263874773265735680
1263874984495026178
1263875094691995649
1263875273394540544
1263875658628775937
1263875719068741632
1263875807707115530
1263875828376416257
1263876242647838723
1263876336323448833
1263876998755020800
1263877781626241025
1263879617472983041
1263880950255140864
1263880984576983040
1263881496630362117
1263881690608435202
1263882492739633153
1263882819417174017
1263883484214542338
1263884074860466176
1263884376380710913
1263884565375901697
1263884831617888261
1263885284699062273
1263885285860884481
1263885563565924355
1263886809135603714
1263887355124961280
1263887495642542080
1263888606386704385
1263889476360667137
1263889729491066880
1263890055170371584
1263890404522504199
1263890447660802048
1263890689441464321
1263890726334738433
1263890979247075329
1263891909648347136
1263892209352335360
1263892267321851904
1263893127477297154
1263893168229101568
1263894561195245569
1263894647576788992
1263895280405143556
1263895746060759041
1263895752352227333
1263896732120707074
1263899051377885184
1263899607911632897
1263901331208593408
1263901625246154752
1263902793351520256
1263903462573645824
1263903491824717825
1263905733172555776
1263905959845302272
1263907874712907776
1263909207297806336
1263911242743201792
1263911464089251841
1263911920278614021
1263912258910007298
1263915321968062465
1263915590177058816
1263915762974183431
1263916910342582272
1263922384584601601
1263922398505472000
1263924661135392769
1263926375800430594
1263929920381546496
1263932451719720960
1263932844453384192
1263934137288798208
1263942231712555009
1263943756774084611
1263946094347718661
1263967725686267919
1263971130391457792
1263973527625043975
1263981109735567361
1263986418994409473
1263986642311720960
1263989710667513857
1263990966131671041
1263991831412367360
1263992453146619906
1263993155252355072
1263994982244839424
1263995618856300544
1263996022319128576
1263999813701365760
1264002042365767680
1264002923211771905
1264004029799182346
1264006266822651905
1264009265821265920
1264009829518999552
1264010265651101696
1264010324950179840
1264010473420099585
1264011998007660544
1264014292191375365
1264017430688350208
1264019663471603713
1264019699857125376
1264019892585394177
1264020646134235136
1264021365524328450
1264021687206424577
1264021795360948224
1264022456899002369
1264023146685886465
1264023253636362241
1264023330325032962
1264023719459999744
1264024809937072130
1264026326995877889
1264027197553037313
1264027652379119617
1264028058551554048
1264029624167587841
1264033070979530753
1264033313414500357
1264034060424232960
1264035915850104833
1264036756749381632
1264037029140000769
1264037335454244864
1264038426522849280
1264039972320903169
1264040804701466631
1264040875476172801
1264040902789459968
1264043837221072897
1264048019571236865
1264048790387949568
1264049082961506304
1264049687461421056
1264050543799832578
1264053846659133441
1264055474061586433
1264060079193550848
1264063041412272128
1264064604725891072
1264065461286604807
1264067301889867777
1264069787367337984
1264075154780418048
1264085166403678210
1264085928806473729
1264090891716833280
1264093319715450881
1264093563261943809
1264097894019166212
1264108410343002112
1264114686741495808
1264116616205234176
1264129980398809088
1264130294229032960
1264131245933342720
1264144786002284544
1264166433694588928
1264168203820740610
1264174554500542464
1264180057334968322
1264183816169459719
1264190318238466051
1264212403140648962
1264223185064439808
1264350643965263875
1264406934456872960
1264427535275679744
1264427588803424256
1264430033700962304
1264492600414765057
1264505757145260032
1264554965999239168
1264597323750887424
1264869235475353601
1265103271909371904
1265186899120906240
1265243342369107968
1269184011823280128
1276539445248790529
1285911881006198786
