id
1234289808391852037
1234305671908052997
1234324974418030592
1234327607836983296
1234332404615041024
1234336533458477056
1234355316776554496
1234355669051904000
1234357044271968262
1234357413903421441
1234357795224350720
1234372325492977665
1234392085878296581
1234394896041037825
1234404316250697733
1234407788698189824
1234410920090066944
1234412057488789505
1234418221161181184
1234419558233997312
1234422414563364864
1234424313287041024
1234424458011496448
1234436314818199552
1234440347964411904
1234446602883850242
1234448807405899776
1234456365923524609
1234457403476725761
1234463159601119235
1234463933198520325
1234467427452239872
1234468178346086400
1234469624520925185
1234469906042650624
1234470746534993927
1234471609970257920
1234475454343438337
1234477326206939137
1234494552234319872
1234495662168797184
1234496718785265666
1234498230689267712
1234501442309775360
1234507620490235905
1234510993197162496
1234519105593597952
1234519825038184449
1234521554001596417
1234537320684179456
1234537454071209986
1234537608266436608
1234538483231801344
1234539006098071555
1234539346948001794
1234539400349900801
1234540537350242305
1234541260104294406
1234541691899527168
1234542035975262208
1234542068631867392
1234542367031476224
1234542712885411840
1234542917349363713
1234543654724755456
1234546516737417224
1234547069764792320
1234547409000095746
1234550720591847424
1234552767257051136
1234552780813000704
1234559227294699520
1234635656841846784
1234662241024135168
1234662812128907265
1234667749277745158
1234667936096247814
1234672597029154816
1234672995274125319
1234673085468397569
1234674063026442240
1234674241313751040
1234679275577466880
1234681399820480512
1234683906940497921
1234684959656296448
1234686820488634368
1234689616604581888
1234690721166155776
1234692812060286978
1234695765827575809
1234700464454692866
1234702463896211457
1234703018206973954
1234703820518653954
1234705946221240322
1234707807842127872
1234708283400699909
1234713515530653696
1234715209538785280
1234716720511635456
1234717195130691584
1234717634446446592
1234728270609805313
1234748149241131009
1234758492788948992
1234759735112589312
1234763378578481152
1234780010998665217
1234791474320924672
1234801214639894530
1234837886060548098
1234845117661491202
1234882340347736065
1234882585072824321
1234931877213065220
1235035913220026368
1235473804341604354
1235544682970492930
