id
1237556549414866944
1237558103295455234
1237564525567594497
1237565853098340352
1237565854201475072
1237566089703260165
1237566410252935169
1237566445828984839
1237567847456337921
1237568414824030211
1237570171364990976
1237572444556148736
1237572961265004545
1237573326219833344
1237577605236191234
1237579404919750657
1237579707987591169
1237579808126582784
1237582066335678464
1237582962331271169
1237583207425437698
1237583672296923141
1237585216383811585
1237585868740689920
1237586116695322624
1237586419222102017
1237587664011792385
1237588148319711232
1237588473176977409
1237589226704650241
1237589455445217280
1237589685527908354
1237591478894874625
1237591661560991744
1237591835406528513
1237594286981435392
1237595054404800517
1237595261347590146
1237595770221514753
1237596795254894592
1237598423571808256
1237599004969467904
1237599266547236871
1237600160114290690
1237601511779139590
1237602507041337344
1237602866832932869
1237603550273794048
1237603686462787586
1237604064239579136
1237605891320336384
1237606840524886017
1237607145572450306
1237609552700297217
1237609788206239748
1237609931685023744
1237610453309644800
1237610755261788160
1237614561257123841
1237614623555063809
1237616490045509638
1237621136331956224
1237621153805426688
1237621346604961792
1237623011307425794
1237623069885100033
1237624211440414722
1237626741079728129
1237627134773874689
1237627592443748352
1237628533184192514
1237629136190857218
1237630322025435136
1237632609607278592
1237632854437306368
1237633019499802624
1237633087254622208
1237635336282542080
1237636066661654529
1237637579266084864
1237637895378186240
1237638574750593024
1237639261072920577
1237639816923082753
1237640356868411392
1237640664893935616
1237641008797503488
1237643716652716032
1237644196627902464
1237644343101407232
1237644344984657922
1237646072450670593
1237646144919887872
1237646951698464769
1237647923132825600
1237648155941810178
1237648269313839104
1237648406652145664
1237649074934804486
1237650126371352576
1237650246743646209
1237650711397064704
1237650836529897474
1237653212976447489
1237654037593329666
1237654583452696576
1237655360317452288
1237655853261414400
1237655964452442112
1237656331344998407
1237656447632035840
1237663796002340864
1237664023077728256
1237665525691367424
1237666113472757761
1237666426489454592
1237667077160235008
1237668190101987328
1237668773282205696
1237668844543422464
1237669303438065664
1237669574838894592
1237669915156512769
1237671102039470080
1237671448702881792
1237671848407486465
1237672496884785152
1237672809150795776
1237675378136608769
1237678677271273472
1237679144839741440
1237681125855621121
1237681390973419520
1237681711120551936
1237681859678449664
1237682429973782528
1237682649675608068
1237682820815839233
1237683251151429632
1237683290892406784
1237685762574827520
1237687290710786048
1237688167706152961
1237689467294507008
1237689932145217536
1237690182091960320
1237691876519501824
1237693243569004545
1237693590899290114
1237694668143394816
1237697491929370624
1237698304961470464
1237698953266642946
1237700617243521024
1237701319399366656
1237701913614770181
1237702251839291392
1237704442192867328
1237704992024195072
1237705029789741056
1237706068974682112
1237706329432543232
1237706530444566529
1237706803309232129
1237709743096877056
1237709768686366720
1237710428303581185
1237711110851059714
1237713596882223105
1237714970739015683
1237715356870836227
1237716007935807489
1237716052995215361
1237716137623748613
1237716340380536834
1237717449492942848
1237718437729906688
1237718625441550336
1237719800631066624
1237719855945723907
1237720037559013376
1237721581654167553
1237721664130920448
1237723893353156608
1237725014205427713
1237725025735553025
1237725173651927045
1237725662237954049
1237725768592936960
1237725775849086979
1237725802348740608
1237726714676957184
1237726743542153217
1237726833941942273
1237727216248578048
1237728127201079296
1237728915868643328
1237730611445428224
1237731827269300224
1237732823773003776
1237733994415812609
1237734089408446464
1237735730304057344
1237736410678874113
1237739556809535489
1237741888179810304
1237742968821301249
1237743104779681792
1237745843391741953
1237750996165472256
1237754130644365319
1237754830489178113
1237758349095006214
1237758623561834496
1237759493615652870
1237760733485486081
1237762529595547649
1237769956529324032
1237770466418294786
1237774404030873603
1237776385608790018
1237776465959124992
1237779738367680512
1237781054410260480
1237782084195741697
1237782116051685378
1237784134468038656
1237785715938754561
1237790297783820289
1237792514494459904
1237793676484476928
1237793914012069889
1237795244327854082
1237795824815337472
1237797580165115909
1237802403446972416
1237803013147734017
1237805144911339521
1237805259969286144
1237805924925890560
1237806093952143362
1237806217398849536
1237807966910164992
1237810283537522689
1237815021658230784
1237815678448488448
1237817299903504384
1237817873063706625
1237825028151848961
1237906462799581185
1237915195495727105
1237947881186709504
1237956381111508992
1237956402678648832
1237956913070886913
1237990823595143168
1237999975117639681
1238002177668341761
1238007700400689153
1238008489865170944
1238013749375774722
1238028279321255936
1238035829567549440
1238036254920290305
1238116040401281024
1238390381529595904
1238438754450317312
1239186489893720066
