id
1243406133844250625
1243380517111615491
1243378092350922755
1243356177292902400
1243961812099297280
1243796333107920901
1243762017258913792
1243445683929206786
1243445632963997697
1243444534521917440
1243428297142177794
1243425320817979392
1243424553017028608
1243424050115776512
1243414593214373889
1243414044498776076
1243413964215574528
1243564840641351684
1243564507336790018
1243564408162451457
1243564308434468864
1243563749321179136
1243563472471953412
1243563134335377408
1243563084679020544
1243563076072267776
1243563012591464448
1243562457827663875
1243562361392332804
1243562359182053379
1243562271202312192
1243562077630779392
1243562049654763521
1243561627930091520
1243560696840765440
1243560309362544640
1243560231382237184
1243560161651781633
1243560110766452736
1243560038645415936
1243559886786568192
1243559841274224640
1243558707041988608
1243558486220234754
1243558386450358274
1243557888099889152
1243556815276662784
1243556522052833281
1243556216560734209
1243556137175138305
1243555834459615233
1243555541709918213
1243555057053962246
1243554941999788033
1243554776060702721
1243553820040454147
1243553124771450884
1243552800090599424
1243552483374481413
1243551723563565058
1243551681352282123
1243551579317268480
1243551487185375232
1243551392859664385
1243551381904113666
1243550971222831104
1243550795427184641
1243550785067085824
1243550745871273985
1243550480023695363
1243550401258901504
1243550255481643008
1243550148199960578
1243549913121607684
1243549624603799552
1243549590185533440
1243549093974040576
1243548751005765632
1243548719242334209
1243548671444234241
1243548647960141824
1243548627911368704
1243548494402633729
1243548398663262208
1243547939395469314
1243547923645976578
1243547644447752192
1243547632993292291
1243547434761859072
1243547252385185792
1243546780848939011
1243545215778074624
1243545168327958528
1243545077055729666
1243545008323559425
1243543722580680710
1243543537788112897
1243542860215001090
1243542589690822664
1243542305023369217
1243542095970938880
1243541672350420992
1243541599587614720
1243541287107727360
1243541236813889538
1243540842012385280
1243540574466179076
1243540558133542913
1243540556699127810
1243540554358706176
1243540449161330697
1243540302423621632
1243539945429577734
1243539521817501696
1243539433850392577
1243539028575686658
1243539007730057216
1243538995486785539
1243538992034963457
1243538464777404417
1243538429222227976
1243538052905152512
1243536847873224706
1243536819398066176
1243536253317820421
1243536014141820928
1243535906369200128
1243535887797047298
1243535712156299267
1243535582233612292
1243535335423758338
1243535016862212096
1243534107914547202
1243534056689504257
1243533775822131202
1243533772189884422
1243533644901142528
1243532804568174592
1243532542554157056
1243532501273862151
1243532471607504896
1243532437654650880
1243532295618744322
1243531999811256323
1243531772891037702
1243531480812290050
1243531199282380809
1243530634074542080
1243530525119115264
1243530191139475456
1243530105143488514
1243530071580667909
1243529746333356033
1243529702226051073
1243529335991963655
1243529068630269952
1243528116946911235
1243528057790427137
1243528055559278592
1243528006464712704
1243527910952071170
1243527388660527111
1243527104630681600
1243526901550870535
1243526851948998657
1243525925351768064
1243525646287917057
1243524998242811906
1243524393877164034
1243524147981864960
1243524057477201921
1243523959494070275
1243523834507972608
1243523431787683840
1243523269828853760
1243523017486913537
1243522998696468480
1243522570185400320
1243522367231582215
1243522062477447168
1243521571748065280
1243521224552087552
1243520752122503174
1243520694190657536
1243520541300084736
1243520534329135104
1243520315784720385
1243519906521309185
1243519715605127174
1243519496503136261
1243518730140889088
1243518690232016896
1243518650847580163
1243518157102317571
1243517686312833026
1243517365100347392
1243517343814144001
1243517099969921025
1243517064092037122
1243516867882475525
1243516819912175616
1243516727369125891
1243516649866592257
1243516560901365764
1243515990912237569
1243515944019939329
1243515699118530561
1243515640402644992
1243515613248737288
1243514880621039616
1243514866909900802
1243514724249206785
1243514659346530305
1243514651356225537
1243514404638822400
1243514386892767232
1243513987641126917
1243513869709926405
1243513861627449345
1243513829008515072
1243513398899298304
1243513318654070785
1243512463884197892
1243512262456991744
1243512103119417345
1243512030604283904
1243510545791188995
1243510410310905863
1243510023931789313
1243509876178817024
1243509830129725440
1243509810747920384
1243509672457293824
1243509412053934080
1243509018389168130
1243508446655213568
1243507854629154816
1243507834760953856
1243507638270218240
1243507568774803457
1243507156671819777
1243506804908122114
1243506576318554112
1243506557566025728
1243506495485915137
1243506273666183168
1243506092216209408
1243505416203431936
1243505385698459649
1243505209088737280
1243504487689605125
1243504197989019648
1243504025322041344
1243503979990040577
1243503950097199108
1243503655145353219
1243503560387592199
1243503264689262594
1243503103350996992
1243503071914754049
1243502866322427904
1243502851890073600
1243502646725574656
1243502644909322241
1243502523329253382
1243502063171981312
1243501673701498880
1243500781812117504
1243500466710941696
1243500398393978880
1243500338910351360
1243499631540985858
1243499244775862273
1243499195136274432
1243498886108348417
1243498574958084096
1243498294606614528
1243498264189640704
1243498161412485121
1243498114050187265
1243497913184997376
1243497679876915200
1243497653687726080
1243497632040968193
1243497023577473024
1243496996364681216
1243496991935606784
1243496948709064705
1243496838822535168
1243496629077979136
1243496626435452928
1243496611185135616
1243496370088132608
1243496253666791431
1243496253146660865
1243495920521695232
1243495832080572417
1243495513263136768
1243495333360840705
1243493665303126016
1243493632914702336
1243493478174081025
1243493446871945216
1243493412835168256
1243492821270757382
1243492800609554434
1243492780187348997
1243492756040945664
1243492724675919872
1243492611438137345
1243492500393820160
1243492044753924097
1243490952271941632
1243490890657566720
1243490725251055616
1243490470115725312
1243490434480877569
1243490360833093633
1243490143912128512
1243489940068950017
1243488981678841856
1243488737964818433
1243488504652259328
1243487952425996290
1243487425051099139
1243487328951132165
1243487219551092736
1243486873164505088
1243486871948120064
1243486068508200961
1243486047482200064
1243485749246218245
1243485642467577856
1243485530278350849
1243485463970582529
1243485332835684354
1243485312090640384
1243485287214280704
1243485136882225152
1243485075297062923
1243484962784862209
1243484745259839488
1243484738830172160
1243484479789776896
1243484321366728704
1243484178420617216
1243483858181320704
1243483571534221312
1243483565678981120
1243483495210467329
1243483380085223425
1243483062836424704
1243483037733543938
1243482976999993344
1243482926118891520
1243482924705411073
1243482460454670336
1243481962347548673
1243481932697972736
1243481801311416320
1243481407235727360
1243481216231206912
1243481072563662848
1243480686306242560
1243480568039239680
1243480247074320386
1243479108727615488
1243478651645001733
1243478484766212096
1243478285155102721
1243478183950745600
1243478125909954560
1243478109283708929
1243477990689796096
1243477850272890881
1243477167545057280
1243477087102447617
1243477049433419776
1243476992588120065
1243476686944923648
1243476599611113472
1243476565872111619
1243476534343733248
1243476430366765056
1243476145082781696
1243476061142175751
1243476050958565377
1243475875539980289
1243475868439072769
1243475696296407041
1243475694312493058
1243475576347738112
1243475573755613184
1243475559570522112
1243475197715288064
1243475139045408768
1243474789160767488
1243474592095584256
1243474547107680256
1243474435698356226
1243474164943482880
1243473792074047495
1243473669315350531
1243473651090878465
1243473505032650753
1243473291567706114
1243473007101636610
1243472825593151488
1243472555022921728
1243472487272157184
1243472099290705921
1243471768322367489
1243471661740982272
1243471632695349249
1243471313404145664
1243470902685097985
1243470540423041024
1243470378736832514
1243470217683951616
1243470119260413955
1243469786698461184
1243469527947440128
1243469337928716289
1243469248791363584
1243469103815225345
1243468836994568192
1243468436182675456
1243468309627953153
1243468101552726017
1243468042433990657
1243467738690891776
1243467679345729536
1243467147981901825
1243466849620131840
1243466810420150272
1243466399478992897
1243466263998816256
1243466148881952768
1243465975241912320
1243465931851874304
1243465839132561408
1243465823290683392
1243465820962820098
1243465818920239104
1243465642684153857
1243465507585458176
1243465423418351617
1243465375183863808
1243465365021011968
1243465010161934336
1243464753156165633
1243464490840207361
1243464311927746561
1243464270848786434
1243464188778831876
1243464178053992449
1243464147523657730
1243463979957174273
1243463406272667648
1243463236067790849
1243463109919952896
1243462882605641728
1243462815391707137
1243462767320764416
1243462206299095040
1243461941370032128
1243461862806568961
1243461702487650304
1243461631952089088
1243461379194929152
1243461025958989825
1243460879040970754
1243460792143364096
1243460758911868933
1243460694378307587
1243460068256833536
1243459570623709184
1243459553573793792
1243459428206051328
1243459297809293315
1243458895193894912
1243458703375749120
1243458677270437890
1243458536564117505
1243458501537484802
1243458422047035393
1243458152944697344
1243458119302131713
1243457283570274305
1243457110861475840
1243456700851425280
1243455869792047110
1243454209036439555
1243454201100783621
1243453816340529152
1243453578141933568
1243453519564115969
1243452715738357760
1243452485823414272
1243452126346350592
1243452047971749891
1243451835790151685
1243451078735097864
1243450840557301760
1243450787910619136
1243450692393521152
1243450666242039808
1243450621312880640
1243450491390099457
1243450268865478656
1243449979500253184
1243449870142164994
1243448897659428864
1243447818938810370
1243447720611917825
1243447497160380416
1243447439874494469
1243446996377059329
1243446947647590400
1243446771763671040
1243446765514186752
1243446034396639232
1243445704778895360
1243445486108856321
1243445446778867712
1243445430127439872
1243445038824050688
1243444934885007360
1243444228329320450
1243443140125548545
1243441712413827072
1243441501117415424
1243441302944886789
1243440808163852288
1243440781978931202
1243440685484670976
1243438744583073792
1243438536801439744
1243436878394617857
1243436809779998721
1243436038476812288
1243435773614895104
1243435719403560960
1243434921051340800
1243434893549264896
1243434510366081024
1243434406838030337
1243433742065995777
1243433585824002048
1243432935794958336
1243432584517808128
1243432045981732865
1243431812472291330
1243431810442223616
1243431726782640128
1243431619655958532
1243431387937427457
1243431310078566401
1243431133305376768
1243430843793760257
1243430571054784512
1243430422932885506
1243430157458653185
1243429711331463168
1243429601717649409
1243428666773651456
1243427476958633995
1243426809586364416
1243426785275994112
1243426575007145984
1243426350708359168
1243426253803225088
1243426226997354496
1243425961837621248
1243425532261183489
1243425524757581824
1243424886887837702
1243424688455335941
1243423868963848193
1243423715452317697
1243423430604509187
1243423047387729921
1243422869285003279
1243422856765046784
1243422522986475525
1243421908734857228
1243420929192898560
1243420607212974080
1243420474870120448
1243420298658992130
1243420079699574787
1243420059017416708
1243420008480296961
1243419683665006592
1243419451501903872
1243418354309713924
1243418281484013569
1243418190320816128
1243417561229701125
1243417433282510849
1243417396381016065
1243417212930551811
1243415622463016963
1243414898354225154
1243414392814764033
1243414332257357824
1243413813732323329
1243413787757010950
1243413660053041153
1243413349410295808
1243413276819505152
1243413125514190849
1243412875693047813
1243412572050612226
1243412177970556929
1243411864983236608
1243411555238031361
1243411110767689728
1243411106749538315
1243410885185396736
1243410659007590401
1243408690960424961
1243408211979296769
1243408046551777280
1243407953719201793
1243407479972618244
1243407460091580417
1243407166226092035
1243407011582070786
1243407006586638336
1243406939364544512
1243406852160802822
1243406817138360324
1243406740390961154
1243404554038730753
1243404378838421504
1243404279185956867
1243404225050099712
1243403271164710913
1243402379149500419
1243402261205676038
1243402054606839808
1243401886394281984
1243401882069954560
1243401689333248001
1243400824065126400
1243399849753493504
1243399148700700673
1243382719939149824
1243382642361294854
1243381883548794883
1243381832009134083
1243381205803778055
1243380869370273797
1243380160671256577
1243379154868826113
1243379143074430977
1243379044462120961
1243378599035432960
1243378560464613382
1243378073707278336
1243377864818352129
1243377714767073285
1243377258137391104
1243377142898896898
1243376929811513344
1243376592467836930
1243376198157094914
1243376143824072704
1243372272611516416
1243371933518811137
1243371279643631618
1243371191793881089
1243370300995035136
1243370120006664192
1243369803303145477
1243369646872342528
1243368749442273280
1243368746976047105
1243368086561910784
1243367425011146754
1243367329418768384
1243367013780582400
1243366481338884097
1243366177721602048
1243365558810099715
1243362931309305856
1243362610050822144
1243359676122554368
1243359588209971200
1243359577090830336
1243358969462009856
1243358663596638208
1243358341272702978
1243357774441897984
1243356979218636800
1243356693385248770
1243354982675435523
1243352778627354624
1243345984559525888
1243345420375314432
1243343943770591234
1243342645629292549
1243341613901864960
1244033667774611456
1243976834246561793
1243927972932751367
1243899362826043392
1243896771178164225
1243892433395396609
1243891445188067328
1243886144011538434
1243884418483150850
1243878983151661058
1243874513315459073
1243854597266878464
1243853209254252544
1243852383538384896
1243850001555443713
1243833904391278592
1243818969489788933
1243806848261619713
1243794077780303873
1243793144740634624
1243789800756236288
1243785805841088513
1243785478060429312
1243784883568119808
1243784552209735680
1243784422991650816
1243784057399341056
1243783944153092096
1243783638426062849
1243783227409489921
1243781693724639232
1243781488664907776
1243777884684054528
1243777556752433152
1243772346676080641
1243771508725432320
1243759469177081856
1243759464936697861
1243759317230239745
1243755020325015555
1243753092912304129
1243752622420414466
1243752174678491136
1243751460044566528
1243749921213181953
1243747762983727105
1243746829000298501
1243744585207156737
1243744277001195520
1243743895206297604
1243743569501814785
1243741383715729408
1243740881238155264
1243738947785646086
1243738813488230400
1243735345004335104
1243734734418481152
1243731247848755201
1243729305579843585
1243728314520317954
1243727332944138240
1243726207616561153
1243724498576134144
1243716350163308545
1243716347931922438
1243715458685186050
1243710422491910144
1243709575351513088
1243706777767559169
1243706021815574528
1243701010003980288
1244162691469471744
1244139528266248192
1244095845542187013
1244094931687227392
1244090922838585344
1243951527426813952
1243938208678731777
1243933286864269312
1243886342431322114
1243872997779202048
1243864987673587714
1243836872855392256
1243831508906807296
1243829480323350528
1243813032796368896
1243809102154752001
1243807585179824128
1243796028022616065
1243787689058590720
1243782959624105984
1243773572390113282
1243758172545916931
1243755685956833281
1243739025090854913
1243706053080088578
1244282698203418625
1244239522285551616
1244192323728076800
1244155924379402241
1244128987279798272
1244127964909862912
1244667306141073412
1244493121800396800
1244475919487492097
1246533849355407360
1246373978643419137
1246358251387551745
1246343990212874240
1246297690117255174
1245343146579382273
1243973763571396608
1243935865782431744
1243893568151760896
1243887633274552323
1243862455991693314
1243847220564119552
1243846986140250112
1243836471230042112
1243830293305257984
1243825182164291584
1243813431632773125
1243811471923933185
1243811185490681856
1243811125029789696
1243808236827897857
1243807636832698370
1243807479596584967
1243789803176333312
1243786359065604096
1243785219741609984
1243785149872869377
1243782001305387009
1243780843136356352
1243775383373135872
1243775314578161664
1243774942929235972
1243774917700505600
1243773739302445056
1243769292752965632
1243768208508612609
1243768025691467776
1243767791443820544
1243764754868363265
1243761519138983937
1243761482677903360
1243757847759876096
1243756962371850241
1243741901846503425
1243740045846159362
1243737613036445697
1243735610692472832
1243731326936551424
1243730787716886528
1243730498452475904
1243729888848166912
1243727210780995584
1243726174095921152
1243724464048574465
1243721795661783040
1243706989324070913
1243702669874614272
1243702330899365888
1244296402722648065
1244283159501553666
1244217737515155456
1244149085029818371
1244132765588541440
1244115775612317698
1244100364300763136
1244063234069532672
1244063077508812808
1243398842428452867
1243398818512560129
1243398215178706944
1243397530047533060
1243397187440001032
1243396876369461254
1243396827417731074
1243396441524977666
1243395731450290181
1243395218461712386
1243394733050748928
1243394332779876352
1243394165162962946
1243393386528178177
1243392721470943235
1243392349251620867
1243391867955187712
1243391810963005440
1243389535125266433
1243389487935193088
1243387588460699652
1243386909193166852
1243386870181941255
1243385875506950145
1243385179009245185
1243385028135936000
1243384048271015938
1243383732540600321
1243383722889498624
1243920471373971459
1243911610793521153
1243498895025623046
1243498119356014593
1243491288281780225
1243490316247683072
1243488460356243458
1243487830417895425
1243485177105399813
1243483139999055873
1243475376275324929
1243475209702617090
1243474351065665536
1243473221292154881
1243473175851102209
1243473009509163009
1243471237596082177
1243470272012759041
1243469069098999809
1243463685021921283
1243461164190728193
1243460095742054400
1243458233357885440
1243458161794674689
1243457647606517761
1243456875145785349
1243456556080836609
1243455925358297089
1243455352785362945
1243455207071043590
1243455051047133185
1243452756553129987
1243442967018229760
1243441137450250240
1243436680142454785
1243425610174566401
1243419945104334853
1243417074950483974
1243414343854608387
1243414258412449794
1243413710443409408
1243412886036181001
1243412668267913216
1243412158370557952
1243409864367304705
1243409696871952387
1243409509214605320
1243405022550872064
1243394840697532420
1243390721890979847
1243382753493536768
1243371122428538886
1243369401631596544
1243364120910376960
1243355040942866435
1243353450965917696
1243352976229466112
1243796329463083012
1243793831973105665
1243776626309001217
1243745144068702208
1243701356772257792
1244158895892787205
1244555453641699329
1244931415617273857
1243497098517020673
1243466186861338625
1243450440135479297
1243443126913490946
1243436262733692929
1243423593565806593
1243407840452046854
1243407270127403009
1243407118469754888
1243405303653097472
1243401870896271360
1243399156917399553
1243398903996678144
1243640652279066624
1243636176059355137
1243628810827939842
1243627992561192963
1243626279712284672
1243614561174986752
1243611477753442304
1243608195643387911
1243606263126061057
1243596757596098561
1243596170280071168
1243595850128838656
1243595356505604096
1243594945723842567
1243592980692439040
1243592968705126400
1243591883370029056
1243590233721053184
1243589340044726272
1243588739483553796
1243587670338670594
1243587410144849920
1243582127871913984
1243581115975315464
1243579677383499779
1243577633146839040
1243577461943816193
1243575180066258944
1243573521600720896
1243573358119321607
1243571760215162880
1243570509339484167
1243566613175115776
1243560249874735106
1243559645953679361
1243558727338221568
1243558580365787136
1243558498945941507
1243557295390371843
1243556114232414214
1243555186372513793
1243555071146831877
1243555067367583746
1243554922928332800
1243554862521921536
1243554602202497024
1243552744029347842
1243550872811876358
1243531622260953088
1243530958558527489
1243525410693853185
1243524194421239809
1243522669309390849
1243519512047124480
1243519361085853696
1243518368637837314
1243516072990593024
1243515439067496448
1243515008543117312
1243513631116947457
1243506030757261313
1243504920558354432
1243504605138427906
1243503394540544000
1243501764914999296
1243498731087056896
1243498216596754432
1243497802908532737
1243496252060426241
1243495360611397632
1243486445697773569
1243485301529440256
1243481616103510016
1243480973108367365
1243480214841126912
1243478544073793536
1243478302817267714
1243477216031150081
1243476992931979264
1243475493149528070
1243466428914618368
1243466080179245056
1243465472084832256
1243457510628945923
1243452730280009728
1243451960835088384
1243451412459077632
1243450225617854464
1243447150651949056
1243446521791541248
1243446341696536577
1243445817886687233
1243445075947835392
1243445042770931714
1243443208052305920
1243442954254999553
1243442933828710400
1243441500337221632
1243441120509489152
1243440105265610752
1243438952427601920
1243438034428690432
1243437878769680389
1243431939383513088
1243431020432478208
1243430953751425027
1243427078386511872
1243426917727924224
1243426540848742401
1243424753819381762
1243423738097315840
1243418063984160769
1243417575586848769
1243417300058791936
1243416402964275204
1243412628422025216
1243412309550088197
1243411937053949957
1243411222457798663
1243410487150141440
1243409357485699075
1243406381002002432
1243405853064978434
1243405500823162881
1243403455462432768
1243401284222214149
1243396102977490944
1243395153139621901
1243395015901990918
1243394317118361601
1243392992330649604
1243392589757177857
1243391836372103171
1243389467185926146
1243388980168544261
1243387932435599361
1243383901340364800
1243382541366640646
1243382132073877508
1243376589733167104
1243375089279787009
1243374400562319361
1243372538807410689
1243369838439010306
1243369071866826752
1243368703036514305
1243368257865658369
1243366350153633792
1243363133407686657
1243362176028389377
1243360380438450177
1243359491300552706
1243358778767990784
1243357020108906498
1243335663837036544
1243857770698293249
1243854244626567168
1243822313830666240
1243752361492795392
1243748469355024384
1243739697035149313
1243733712073666560
1243726609837850625
1243722132233711616
1243720983971647489
1243708240203898881
1243692764556034048
1244700894605672448
1243599929509130241
1243593477595824129
1243578536809676802
1243577429442072576
1243575607037964288
1243554694468972544
1243541973576843264
1243484669842034688
1243472742877253632
1243455624853110784
1243451422084960257
1243445968957140993
1243443016745934848
1243442704111058944
1243441721662263299
1243441445140221952
1243435630723383296
1243412751180939265
1243396068181598208
1243390802761355265
1243390178556665857
1243386116872400898
1243385418894065665
1243383569696714755
1243378236161056769
1243377491609153537
1243369297784778754
1243366471398387712
1243364766967418885
1243360350382092288
1243359693617000454
1243359501400465409
1243357653977329665
1243626616363810816
1243599559151894528
1243471040728018946
1243470225284055042
1243446140030185473
1243421028694372352
1243417715701714951
1243417441843040261
1243353714036895744
1243478265605451776
1243476946257760256
1243437359569362944
1243412574814629888
1243404437806125063
1245773474083123200
1245558835151958017
1243576483383214080
1243576056470294538
1243574556868202503
1243573885653716995
1243572937950552066
1243572229276930050
1243571673070264325
1243571280894296065
1243570633532829697
1243569449254486016
1243567726511247360
1243567632562950144
1243566928813158400
1249199839436472320
1243638850011811840
1243628184177979401
1243622599579451392
1243619566007140352
1243619522591879168
1243619108085813250
1243619001474793472
1243618516428705792
1243618000009396225
1243617282489749505
1243611366813888512
1243607414408122368
1243605655824433152
1243603438958604288
1243601895245123584
1243601516239314944
1243596211426377732
1243593101312176128
1243593006571065344
1243592681219031042
1243592439228596225
1243592352687706112
1243590804339376129
1243590451250073600
1243588973815107584
1243588504736731138
1243587256566210562
1243585642765766657
1243583916818251785
1243583892730175488
1243580991656132608
1243579760044920839
1243579459598516227
1243578940045877248
1243578687791955968
1243578376507531265
1243575581444366338
1243573396576886784
1243573295586279426
1243570251629039619
1243570242443448320
1243568013523050501
1243561764026847238
1243559485932597249
1243558914060423172
1243557119137284100
1243557105652531201
1243555637398650881
1243555218102480898
1243554592459120640
1243554502759682048
1243553462450892803
1243549847594004480
1243549773656813568
1243543604418809862
1243543491814273028
1243540196077064193
1243540128846544899
1243535218230751232
1243530200563855371
1243527987443560448
1243527094757257217
1243527068077309952
1243526911638134795
1243524499149996033
1243522178085240832
1243521779949285376
1243520970394087424
1243520948667428866
1243520305160572928
1243519822672973827
1243519138644897792
1243518900924329985
1243517343826948096
1243515996671008768
1243515914131251201
1243514074689875969
1243513019037937667
1243512576258060293
1243508377923153926
1243508131667136513
1243508050209787904
1243508010808303616
1243503737072758787
1243502940238893056
1243501983610232833
1243497118590959616
1243496669028720641
1243495858164903939
1243494432063647744
1243493240285745153
1243490476239380480
1243489093218000896
1243486105254547457
1243485705487056898
1243481710626365441
1243481460293566464
1243480648972525569
1243480023035564033
1243479215883739136
1243478868888940544
1243478064496930823
1243477892266418176
1243477825761325056
1243477390774304768
1243477387809107968
1243476363182395392
1243476337911681024
1243475370852012033
1243473588838993922
1243472206107004928
1243470886537007104
1243467854105714689
1243463085936918528
1243461761363111936
1243461423168012288
1243457090753970181
1243457042183884801
1243456435595309058
1243456402124722176
1243455826456502274
1243455695606988802
1243455414315827200
1243455123730255873
1243454853927464962
1243454360626987008
1243454306289725440
1243454289667690496
1243454211406172160
1243453915745660928
1243453252059795457
1243453233672011777
1243452918809808896
1243450180759887874
1243449380394287104
1243448356384407552
1243448084861861891
1243447300669624321
1243446027778011137
1243445690421764096
1243442788991025152
1243439941331202048
1243439782593589251
1243438753676394496
1243438487396737024
1243437023660130305
1243436481953157122
1243434080890261505
1243432411104301058
1243432050117378053
1243431317729169408
1243430364309159937
1243429855166779393
1243429466245705728
1243428919736324097
1243428796419592193
1243428691075633153
1243427577101873154
1243426741973991426
1243426611040485376
1243426179723309056
1243423719973777408
1243423690647203843
1243422779627585544
1243420016277483520
1243419643303190528
1243417236963872770
1243415952244396033
1243408179154714624
1243406128148430851
1243401498962169856
1243401175698780161
1243400061159014402
1243399798603960324
1243399029460832259
1243397549207109632
1243395766871154688
1243393338851520515
1243392908419452928
1243392835472113666
1243392758368235522
1243392030585147396
1243391623246962688
1243391620944289795
1243391581673021441
1243391390320431106
1243390605108994048
1243390288992727042
1243389647373209600
1243388879186448384
1243387328766205952
1243387308398637057
1243384036069765121
1243372052498665474
1243372012648558592
1243368992141496321
1243368469287948294
1243366504114110469
1243360576824152065
1243359365169467392
1243359083618422785
1243357351878381568
1243352151935438848
1243340034238865408
1243946833472184320
1243783578304970753
1243734286521339906
1243733450722406401
1243722939419119616
1243714700245749760
1243712067481329674
1243707049705259009
1244316296130355206
1244301888721317893
1244191234278576129
1244495471596335106
1248501919640743936
1243958905769582593
1243951296601657344
1243851280411275264
1243830418287153152
1243797832168951808
1243741794350690304
1243736584509222912
1243734461398859781
1243726177786892293
1243723205921005569
1243699449886420992
1244086739985022979
1244511432365854721
1243686125916446720
1243676842881581059
1243670771441922048
1243644164543115264
1243632525261574147
1243622042353545216
1243621542967164929
1243620026155814913
1243617971290787840
1243616766972043267
1243616183032709122
1243616162799386625
1243615884998053894
1243614501615828993
1243614192919285760
1243614079756808192
1243613694036230146
1243611734788780032
1243611315752423424
1243610816206655488
1243610457308631041
1243610347610632198
1243608513915408384
1243608509154983936
1243607812199968768
1243607673607581697
1243606968947757056
1243606425965703169
1243606254435459072
1243605468020273152
1243604817299124224
1243602927597617154
1243602837726203911
1243602138502053889
1243601866547593216
1243601838747693056
1243599149435514880
1243598376769335297
1243598304354631682
1243597692137353216
1243597129852964866
1243596404620251137
1243596064130768896
1243594336022880256
1243593304073093120
1243592937532829696
1243592528059924480
1243592090719830016
1243591623512129537
1243591130341572610
1243590860240867328
1243589792731979778
1243588018797191168
1243587513492492288
1243587481808908291
1243587434622767104
1243587371599347714
1243587348706684936
1243587215491338240
1243587137007689733
1243585770482352128
1243585656606961664
1243585242289410048
1243584758136877056
1243584382641876997
1243582864622567434
1243582767645908992
1243582361620459521
1243582294067007489
1243581191267192841
1243580996953485314
1243579423258865664
1243579049894690817
1243578196701802498
1244822697709690881
1243686449351815168
1243626117786984453
1243599995833647109
1243592941513277440
1243587933073887232
1243556631964602368
1243545330215419907
1243543929854853122
1243543601675714560
1243533303098920962
1243532795676246018
1243532384084971520
1243531778096168960
1243527286126592000
1243518170813599746
1243497916091625473
1243494292905177088
1243493119993266185
1243490305883533312
1243486665122824193
1243479291402182656
1243477100247433217
1243474606155075584
1243473778014711810
1243471673598173184
1243469294643470337
1243467833394089985
1243465695918080001
1243465507476344833
1243463936961400832
1243462754494640129
1243461893001342976
1243460448441135104
1243460030126424065
1243458165120700416
1243457482527133701
1243457200032370688
1243456698657849345
1243455360725217280
1243455161575464962
1243455101445931008
1243454128648376321
1243446709159514112
1243446287594225666
1243445269137698817
1243441467542011906
1243439261824643072
1243438861272748033
1243438367808749570
1243437382247911425
1243435025137201158
1243429082437545986
1243427661688401932
1243427071189114883
1243417867082555392
1243405869649285120
1243378908734427137
1243359890493427712
1243340075527573505
1243339102331625472
1243535824462811140
1243509610633482242
1243494304502317056
1243470649173016577
1243464714912333825
1243464305376256000
1243450580632133633
1243752413946773504
1244340801414385670
1244330104307634181
1244258020390928384
1244253042599268356
1244176027862986752
1244173715094540289
1245216842135805963
1250012561405136896
1243656903541944322
1243646733327855617
1243618370005528576
1243586523267616768
1243582578625597447
1243576474348765185
1243575579313610759
1243574892416598019
1243574545484640256
1243574294837440513
1243573297289314304
1243573259263561728
1243569850900836352
1243558296805494784
1243556457389240321
1243554060562644993
1243551420663693320
1243550688405159936
1243546912722055169
1243545371848200199
1248094207652192256
1243533627020808193
1243533281204690945
1243533105366855681
1243529150196903937
1243528340088049665
1243523028698333185
1243521525866622976
1243520313335451650
1243519277807759367
1243510848536096774
1243509188120190976
1243508642839556096
1243508157428744196
1243506656698236929
1243606106049589249
1243594301063364609
1243592955040071684
1243592491598667781
1243581192470814720
1243578118012428288
1243566525618868224
1243556905374515208
1243548256015171586
1243542082440048641
1243531613406781442
1243479673134170114
1243447151838949376
1243407399370645512
1243400769962795011
1243395575678025730
1244590208693055489
1244564486855380992
1244564220898709504
1244563860188610560
1243495230378106880
1243429940273405953
1245749174450061313
1243686907328036864
1243686757087850504
1243685975894528000
1243685402105360384
1243684050834829312
1243683888242671616
1243683790347616257
1243682774055153665
1243682427102318592
1243682386136543232
1243682008297082881
1243680203668258820
1243676331684040704
1243670201041735681
1243669564119908353
1243669351737094144
1243661635723632640
1243659714610659328
1243659415376375809
1243659124425940992
1243659065907015682
1243657729375268864
1243657516887822336
1243657094395334656
1243657021905203201
1243654839067791361
1243651754299817984
1243651483184386051
1243642930772037633
1243642699519012865
1243642150044291072
1243641848381362177
1243641455551361025
1243640695564484610
1243639715946881024
1243639594853093376
1243636895206100992
1243636566687350785
1243636497120665601
1243636156534640640
1243632002093314049
1243631688430817282
1243631090297782272
1243631008064450560
1243630825473622017
1243630796214173696
1243630440155660291
1243630352393961475
1243627606735343616
1243626723289300993
1243626521413050368
1243626427184041985
1243625455673987073
1243625436506132481
1243625352531935244
1243624336763711488
1243624330199617536
1243623845937836034
1243623461139787776
1243622488585555968
1243622314337419264
1243622146472992768
1243621754511089667
1243621423568093184
1243621177655840769
1243620392498909184
1243619520234708992
1243619465847164928
1243619319839248389
1243618366121578496
1243617919889629185
1243617613848010752
1243616863415910417
1243616441116643330
1243616284832444416
1243615427713998856
1243614878633545729
1243614502693801995
1243614365347123202
1243614102846615553
1243614071427141633
1243612766704934913
1243612612409073666
1243611727759114242
1243611325319675905
1243611150283046912
1243611067827118081
1243610954694344706
1243610906086391808
1243610049727139840
1243609884312166406
1243609785557114880
1243609779903197186
1243609533882060800
1243609512570994688
1243609304860692480
1243609126908891137
1243608602729951240
1243608321740988418
1243608094707499015
1243608082325929986
1243608070556549120
1243607929011482626
1243607564526342145
1243607516119891969
1243607128125976576
1243607074480648192
1243606961213640704
1243606763594829824
1243606649366929409
1243605968908218368
1243605869385756672
1243605514144976901
1243605178009280512
1243605159499853824
1243605146644316161
1243605074603114504
1243604910538723333
1243604690878660609
1243604393997537280
1243604342579630081
1243604105676967937
1243603379768586240
1243603287158341632
1243603251141828609
1243603057012850690
1243603013144662028
1243602950456586241
1243602169783345153
1243602126514913284
1243601925205041153
1243601893760303109
1243601759764975619
1243601423486652418
1243601395435163648
1243601326946152448
1243601204879462400
1243601159186788352
1243600762573217793
1243600746026872845
1243600633216851969
1243600590715981824
1243600567823413248
1243600280458940416
1243599775959826433
1243599768976269313
1243599599744368641
1243599422853971970
1243598548542906369
1243598327335157760
1243598269852332032
1243597895477035008
1243597700815339521
1243597517104861184
1243597486675111936
1243597356479569920
1243597126107402240
1243597122722607105
1243597067030798337
1243597023284277251
1243596928379576320
1243596696376029193
1243596651639390208
1243596630689026050
1243596529148952576
1243596509251129344
1243596486878859264
1243596369094488071
1243596279067725826
1243596152169209857
1243595989698543616
1243595518569308160
1243595458372648960
1243595416018575361
1243594952732336130
1243594709039104001
1243594541455880192
1243594264027598849
1243594147640066048
1243594100089249793
1243593988239691776
1243593658408067076
1243593591215116288
1243593572886044672
1243593532885082112
1243593434276851712
1243593409303949312
1243593308502241280
1243593096790761481
1243593089526030336
1243593086166417408
1243592862660538371
1243592782578581506
1243592710105202693
1243592561320583168
1243592418848579590
1243592293929476096
1243591786175639553
1243591737831862273
1243591628062732288
1243591601190027267
1243591494675529729
1243591272880889862
1243591185224159232
1243590861969072133
1243590727222718466
1243590570737426433
1243590498272661504
1243590347218796544
1243589780903825408
1243589735324561409
1243589673865433088
1243589605456318465
1243589549139185664
1243589437470187520
1243589407317213190
1243589255022219266
1243589157252825090
1243589082833248256
1243588915526688768
1243588665584111617
1243588549750009856
1243588478165794818
1243588315091214339
1243588114724999168
1243588051466514432
1243587994809970693
1243587851867967488
1243587809295740928
1243587754329616386
1243587664470618112
1243587210789769218
1243587199821627393
1243587155563143169
1243587113225981954
1243587085442977794
1243586835818971136
1243586627622121479
1243586619606794242
1243586596433203203
1243586427037913091
1243586249220337666
1243586248343801858
1243585715629416455
1243585611044253697
1243585463132106752
1243585381284687873
1243585279744712705
1243585278968725504
1243585264099844098
1243584903939145728
1243584843344048128
1243584478238441472
1243584214613635078
1243584208221523969
1243584040889806849
1243583962292744193
1243583707535093762
1243583499665358848
1243583299789844480
1243583269326577665
1243583248397029378
1243583221431963651
1243583205673926659
1243582939583168512
1243582924601077760
1243582898076184577
1243582818950598657
1243582579967774727
1243582402720681985
1243582327843966979
1243582282687860736
1243582256146497537
1243582251000049664
1243582087862468608
1243581779677720585
1243581586857058305
1243581357147725825
1243581291083137026
1243581232656658443
1243581129862656011
1243580976434946049
1243580921531576324
1243580814715162628
1243580808331292673
1243580787544313856
1243580776106487808
1243580740027043840
1243580607298494469
1243580600079929344
1243580537249263616
1243580502809837569
1243580414742138883
1243580409583190017
1243580354188869632
1243580348618829824
1243580324916768768
1243580312996548611
1243580308324151296
1243580195170328577
1243580184613261315
1243580155894923264
1243580147602726913
1243580090610581504
1243580089041731584
1243579931881242627
1243579913816293376
1243579511783993344
1243579486358159360
1243579406251167745
1243579146221035523
1243578893468131330
1243578779005485056
1243578720494825474
1243578692753707009
1243578617151488000
1243578545093271552
1243578105228169216
1243577975704092673
1243577972587499521
1243577868484882432
1243577846183784449
1243577691460247554
1243577686452137985
1243577437272731648
1243577352879083522
1243577227502964737
1243577185983660038
1243576883620409349
1243576840385482752
1243576510432198657
1243576200062263302
1243576111281221633
1243576094818738176
1243575989193650176
1243575859421704192
1243575529749479425
1243575452792307712
1243575405941940224
1243575301860286464
1243575119244480512
1243574903279886338
1243574720055742465
1243574683062218754
1243574643027374080
1243574617001693184
1243574601692700677
1243574581631152128
1243574513788387333
1243574501889040384
1243574347945709569
1243574257499533313
1243574181301817345
1243574118697652225
1243574019011600387
1243573932223016960
1243573753730093056
1243573708578529281
1243573574755065860
1243573392298717185
1243573305585606659
1243573250984038400
1243573155416936450
1243573045266022405
1243572949367455744
1243572653308469249
1243572446793469952
1243572421757743107
1243572348852158464
1243572165217325057
1243572114269130753
1243571796047167492
1243571777843822592
1243571752304881667
1243571700421120000
1243571611858546690
1243571499040149504
1243571395046637568
1243571340097007619
1243571122404085760
1243571111876415488
1243571076132634625
1243570857743613953
1243570775506014210
1243570768690188288
1243570758573424640
1243570633524436992
1243570628562751495
1243570619926507521
1243570541585408002
1243570443077861376
1243570404939182080
1243570308197625856
1243570133232205824
1243570126881878016
1243570125820686336
1243570092538904577
1243570073794744327
1243570059148242954
1243570058321727488
1243569934606536705
1243569800267173888
1243569799709499392
1243569754700255233
1243569708915462144
1243569637406605312
1243569529738997764
1243569415687409665
1243569403234574347
1243569351879356416
1243569276692422663
1243569275102580736
1243568914719784961
1243568844494553089
1243568655826370563
1243568638856224769
1243568590395244544
1243568568626749443
1243568181064749060
1243568122185035776
1243568054602211330
1243568003834417153
1243567829284159489
1243567826687987714
1243567791866810368
1243567614061772802
1243567486848716800
1243567426412969995
1243567335618818048
1243567286805581833
1243567248226144256
1243567199727452160
1243567175320752129
1243567162930999297
1243567085445234688
1243567055502114816
1243566784835244033
1243566546972278788
1243566409084325889
1243566392617496576
1243566371058774018
1243566369670664193
1243566253308088323
1243566094327087104
1243566075750440961
1243565815779254272
1243565780580655108
1243565768832356352
1243565762725302275
1243565761697697793
1243565753548357634
1243565742710091776
1243565719838547968
1243565634966810624
1243565612456005632
1243565568881496069
1243565485263736833
1243565376434298882
1243565317495775232
1243565267105562629
1243565115212890112
1243565010850213888
1243564979397296128
1243564869175123969
1243564809146134530
1243564747556941824
1243564701335859204
1243564691210698754
1243564648072241154
1243564611757944832
1243564588534124545
1243564428827779074
1243564260849938432
1243564095648890881
1243563976815865856
1243563815867801600
1243563773840904192
1243563741016256513
1243563623147925504
1243563429270401024
1243563425227141120
1243563368805306370
1243563356784439296
1243563245950009345
1243563243450380288
1243563232188485632
1243563185745076225
1243563155654987776
1243563150550667273
1243562902348431362
1243562325937754113
1243562191468384256
1243561949209792520
1243561867592663041
1243561844456865794
1243561783010320384
1243561767071956997
1243561750030503939
1243561741310496769
1243561691130081283
1243561645785239552
1243561441241620480
1243561352368492545
1243561338334375938
1243561307623682048
1243561264913227776
1243561222219468805
1243560984943476742
1243560933890224128
1243560815854149632
1243560772225163270
1243560722602360838
1243560618457796609
1243560485879869440
1243560482457260032
1243560375506755585
1243560309186392065
1243560297463304192
1243560233269485569
1243559954759340033
1243559888548069376
1243559837142827008
1243559775515754497
1243559733073776646
1243559589640986625
1243559534435721222
1243559516530266112
1243559497064501259
1243559466093522945
1243559407629156352
1243559340100874240
1243559235583012867
1243559196513251331
1243559131996356616
1243559045887221760
1243559034063482880
1243559033711112192
1243559000857141249
1243558994083557378
1243558978740572162
1243558977289347075
1243558931198328833
1243558884519948288
1243558741984702464
1243558669905731584
1243558405286985728
1243558344360464387
1243557944391659522
1243557842654597120
1243557839844429824
1243557813411934209
1243557749918703619
1243557735616012288
1243557721246298112
1243557713432338434
1243557657350262785
1243557645581037569
1243557587401854976
1243557575733514243
1243557565507624962
1243557519714222080
1243557513250791426
1243557470921867265
1243557412570673153
1243557323144073216
1243557316663734272
1243557251916402689
1243557147662618624
1243557092289662981
1243557016276099072
1243556983522725888
1243556918028836866
1243556883085983745
1243556853868638208
1243556824659435522
1243556797002235910
1243556768589873152
1243556598888443918
1243556597521055749
1243556593662214147
1243556561705791493
1243556555880103937
1243556479086383105
1243556464729391107
1243556274014281729
1243556144850894850
1243556121622614016
1243556015540404228
1243555997404160001
1243555954144104448
1243555867452112896
1243555841526992896
1243555826020876295
1243555756273618944
1243555667840917506
1243555544054386688
1243555522890084353
1243555509442998279
1243555482352017408
1243555453616795649
1243555450198478848
1243555031263129602
1243554981258510337
1243554966238662656
1243554805814980609
1243554746578821120
1243554699409633280
1243554613661319175
1243554607604707328
1243554592803020801
1243554579909947392
1243554578043371521
1243554345959866368
1243554244700979205
1243554234496217088
1243554121010917377
1243554096855920641
1243554058167672833
1243554037129240578
1243553931449548800
1243553926873407488
1243553853326295041
1243553799299428352
1243553797286354944
1243553791057764354
1243553539026272258
1243553400429535232
1243553363909902338
1243553312508542978
1243553301129506816
1243553289217564673
1243553283853053952
1243553278039748609
1243553241788375041
1243553222196744193
1243553191146524672
1243553150897807362
1243553139254411265
1243552934228459522
1243552913768644608
1243552843388186625
1243552725557579776
1243552613540327426
1243552600085213186
1243552589783990275
1243552283998257158
1243552198379876353
1243552117727678467
1243552117484371973
1243552103965921280
1243552018247139329
1243552011267825664
1243551934998552583
1243551774574862339
1243551771202650114
1243551729620103170
1243551711576219648
1243551670614642688
1243551645822341124
1243551645339750400
1243551636837945344
1243551599160635398
1243551533158903808
1243551529119834118
1243551484135923712
1243551475034284037
1243551425608597506
1243551417983361024
1243551266128576512
1243551091356246016
1243550916206194688
1243550909226872833
1243550908820029440
1243550882601398272
1243550868370157570
1243550861394997249
1243550830801727488
1243550721452265473
1243550627663204352
1243550598714163200
1243550509224493056
1243550479738699776
1243550477037588487
1243550476819476486
1243550412143308803
1243550344610750465
1243550322607509505
1243550272833458177
1243549932537221122
1243549926492999680
1243549926367219713
1243549861334536192
1243549627372253184
1243549594870407168
1243549584221261825
1243549553913020416
1243549509713645570
1243549426775293952
1243549358416510976
1243549325977944064
1243549283715969026
1243549194977185793
1243549109039935488
1243549022700396547
1243548995449843712
1243548896749469696
1243548878655217664
1243548867314036741
1243548746245451776
1243548624727900160
1243548536123383810
1243548523687055360
1243548510391283712
1243548505756651521
1243548457643773958
1243548417709748224
1243548366115688451
1243548328710864898
1243548297647677441
1243548261530681349
1243548257713700865
1243548191372365825
1243548171793567750
1243548167636955136
1243547941958287360
1243547935393976320
1243547913860427777
1243547888442994688
1243547882877341707
1243547833761959938
1243547805089759233
1243547785862844416
1243547687376556032
1243547639569768448
1243547608288763906
1243547392336510977
1243547332160811009
1243547238694965248
1243547224673566726
1243547219103322112
1243547159745777664
1243546976508981249
1243546954279182336
1243546879880654848
1243546763073449985
1243546713379536900
1243546531837378560
1243546520672075777
1243546508928126977
1243546463633899521
1243546437478039552
1243546395786821633
1243546384390934529
1243546291784818688
1243546272591536129
1243546268783095810
1243546265755009027
1243546265746636801
1243546262974025729
1243546252660350982
1243546249963491333
1243546234155159558
1243546107009028097
1243546029317738496
1243546002029756417
1243545894907150337
1243545653193687040
1243545649934561280
1243545540178182146
1243545519106011138
1243545474377940992
1243545438504079364
1243545399111176192
1243545387517890560
1243545383067934720
1243545369243308032
1243545303090753536
1243545292131237892
1243545262536232960
1243545240532852746
1243545098698145792
1243545098505326598
1243544871266390017
1243544866417713153
1243544866178633729
1243544816866254849
1243544668555673607
1243544654143946753
1243544596526891015
1243544593527984128
1243544570220163074
1243544534098817029
1243544511898320898
1243544496513658882
1243544479975514113
1243544390829772802
1243544374874685443
1243544336542969860
1243544332646432768
1243544174332448772
1243544088915427328
1243544084335165443
1243544068224962562
1243544016215576581
1243544016114929664
1243544013296283651
1243544009852760067
1243544004492431362
1243543971655307266
1243543962545250311
1243543858929184770
1243543730612834304
1243543626900176902
1243543477582954497
1243543420951502849
1243543404853841920
1243543262285172741
1243543097713229836
1243543055933886470
1243543021477601281
1243542914774564870
1243542914657136646
1243542909707845632
1243542895841488902
1243542753138610176
1243542740660617222
1243542725166841857
1243542704304394240
1243542638353145859
1243542631986102287
1243542622003703810
1243542613426348032
1243542414150811655
1243542299868610566
1243542277454249989
1243542186681139202
1243542128736772096
1243542120465563650
1243542116309090307
1243542112458727430
1243542079587958784
1243542019236118528
1243542005009068032
1243542003201257473
1243541959895113728
1243541954241146882
1243541842563682305
1243541829867450373
1243541819457253377
1243541807369158665
1243541718823206913
1243541629564325893
1243541600900390914
1243541574883201025
1243541573520044033
1243541551411859456
1243541536543039490
1243541392246390785
1243541389025124358
1243541234444099595
1243541194342359046
1243541109080576000
1243541095642009600
1243540916079669249
1243540704653193217
1243540663930626050
1243540648164298754
1243540588273848321
1243540338352021508
1243540297121964033
1243540266394554376
1243540258895118337
1243540209825972224
1243540201294778370
1243540111767359488
1243540110035030016
1243540004405739520
1243539943454015489
1243539916816093186
1243539909597696005
1243539899854323712
1243539756832653313
1243539738532995073
1243539723907465221
1243539654982410241
1243539634182897664
1243539508144021504
1243539488183377923
1243539483846488066
1243539439659384836
1243539438493458443
1243539406528659457
1243539392712585216
1243539342976483340
1243539298063986688
1243539288454766592
1243539136864231429
1243539091964203009
1243538966097408002
1243538962632921092
1243538883586985986
1243538880776810502
1243538797620535299
1243538730142572546
1243538711155015684
1243538710123118597
1243538678800093185
1243538596759568386
1243538558541012992
1243538492803686401
1243538463447711746
1243538456279687172
1243538430862266371
1243538429113229313
1243538389619691523
1243538366978838534
1243538363430436864
1243538284074196997
1243538283323408384
1243538227061030913
1243538095691218944
1243538089470984192
1243538033963683840
1243537981190950913
1243537926316851205
1243537883622969351
1243537881991385090
1243537846876753921
1243537842317516800
1243537824089071618
1243537815599747079
1243537795400052736
1243537780787085318
1243537773832949761
1243537706858225666
1243537675170217984
1243537658191773701
1243537656186888192
1243537641355776001
1243537618723364867
1243537611823747074
1243537603917381640
1243537586485964800
1243537506735460352
1243537498229391360
1243537495419224068
1243537483033427974
1243537440800935943
1243537400778895360
1243537373599850496
1243537344063553539
1243537318100848641
1243537313235456002
1243537262727647237
1243537253697282048
1243537243735838721
1243537194922528770
1243537194494693376
1243537176983461889
1243537152929083395
1243537063267442690
1243537047731736579
1243537027913539584
1243537008988913665
1243537001363562496
1243536994195640322
1243536966873952260
1243536835894222851
1243536832337530886
1243536813278420992
1243536792244178946
1243536780139417603
1243536776305823744
1243536714473164801
1243536698958647296
1243536596533678081
1243536593840779265
1243536567119028226
1243536551927328774
1243536520390365187
1243536497833209857
1243536465381830656
1243536436520943616
1243536416753225728
1243536374575157259
1243536360369278978
1243536339347234816
1243536294916964352
1243536120224387072
1243536117179117568
1243536108778074114
1243536026234236932
1243535994143432705
1243535935230357510
1243535888258195459
1243535804623880192
1243535758062833669
1243535757534351360
1243535735883366401
1243535712206688258
1243535706359652352
1243535692975792131
1243535692132749313
1243535682112499713
1243535656107851776
1243535586436116480
1243535557155868672
1243535526210109442
1243535518656163841
1243535438763065344
1243535425035046913
1243535420924682240
1243535354184921088
1243535282999136261
1243535200094568449
1243535167152476160
1243535164883361793
1243535163134365697
1243535153542180869
1243535147661758465
1243535106788089856
1243535096218406912
1243535088962293761
1243534998952505349
1243534975049142273
1243534955222683650
1243534927515156484
1243534907046948865
1243534868576796673
1243534842366554113
1243534768320512005
1243534718848495617
1243534699068133377
1243534686401343488
1243534677899653122
1243534672891527168
1243534645506924545
1243534645376868359
1243534593648549889
1243534588103626753
1243534580100911104
1243534578318336000
1243534563382407170
1243534548589088769
1243534534974431233
1243534534760484864
1243534508479008768
1243534444113190912
1243534432587280385
1243534415155740672
1243534315595522050
1243534307878043651
1243534289809092611
1243534254778155009
1243534206703001600
1243534195210588161
1243534181931470848
1243534122665959424
1243534101128163328
1243534100939472896
1243534060359745536
1243534040814116871
1243534014603878401
1243534010409598978
1243533994244722689
1243533893904429056
1243533893300445185
1243533882328154113
1243533848870367233
1243533820118192128
1243533792230264832
1243533789638176769
1243533785372585986
1243533783065739266
1243533719496839168
1243533648441171969
1243533555797377025
1243533401744797699
1243533238900895746
1243533203647815680
1243533170969985024
1243532514754347009
1243532403714347008
1243532212726681601
1243532136440827905
1243532124176572418
1243531711935172615
1243531512550580224
1243531490803113985
1243531208287371264
1243531103715168256
1243531072664526849
1243530908294098944
1243530726814806018
1243530516805980162
1243530080187330560
1243529753522368513
1243529681451626502
1243529619766218756
1243529359509446657
1243528873674829825
1243528786945007616
1243528774227881984
1243527870745440257
1243527512468021248
1243527448098029570
1243527072208674816
1243526999328444416
1243526800937873408
1243526672378261504
1243525871832420354
1243525832397729798
1243525728819265542
1243525665544077318
1243525362514038785
1243525102206980097
1243525086784577537
1243524856253218818
1243524708848431104
1243524531999739905
1243524377146085378
1243524376919601153
1243524262188576769
1243524142797856770
1243524082164879363
1243524029815767040
1243523978381029376
1243523956553838592
1243523460120244224
1243523343577313280
1243522995630551059
1243522921806495744
1243521783837401089
1243521676022693888
1243521600072245248
1243520551911600130
1243520026440691712
1243519457521262593
1243518569079427073
1243518554319630337
1243518457603182593
1243518224206974977
1243515668256813056
1243515610035679232
1243515599634026503
1243515579832487936
1243515571976708098
1243515515441516545
1243515232657367040
1243514359000764416
1243514344542887937
1243514328847876096
1243514286820986881
1243514163680296960
1243514142914424833
1243513901330780160
1243513773828308993
1243513711429660678
1243513494365802498
1243513391504900098
1243513264878678016
1243513241088790529
1243513122343645184
1243513075010916352
1243513005188366336
1243511937243033600
1243511288702963713
1243511204896739328
1243511132167393280
1243510852776390656
1243510362345033730
1243510159936073729
1243509788958433280
1243509707295404036
1243509624461905920
1243509473571897344
1243509154993537025
1243509047296503812
1243508980212629504
1243508924365639680
1243508892639920131
1243508761156870145
1243508723948998656
1243508694362570753
1243508638846779399
1243508242443128834
1243508240874340354
1243508221949739008
1243507674756435969
1243507669882646528
1243507631173644288
1243507410758774790
1243507219645247488
1243507078263640065
1243506878669369345
1243506715724853252
1243506529703256065
1243506514549182465
1243505959768477698
1243505622756339715
1243505549410525184
1243505151220092928
1243505138653777921
1243505086812180486
1243504927885975552
1243504915684691968
1243504838740148224
1243504626076246017
1243504477472198657
1243504426519867393
1243504387919458305
1243504372572737544
1243504048340230144
1243504011187310592
1243503858778660864
1243503569975705606
1243503072703365121
1243502977479999490
1243502965874253825
1243502896315920384
1243502709354848256
1243502707303804928
1243502440932130816
1243502321255866368
1243502304428507141
1243502267149492224
1243502241819930625
1243502038060761089
1243501814177304577
1243501780475850752
1243501683847712779
1243501491706421248
1243501489810804736
1243501417182171137
1243501257681059840
1243501091972681733
1243501081503637505
1243500892789194752
1243500744470409216
1243500628166488064
1243500623032717318
1243500577553858560
1243500516090376192
1243500335617814529
1243500326600110081
1243500270199263233
1243500225261690880
1243500158769221632
1243499926572511233
1243499778912276480
1243499693054627840
1243499543120867328
1243499275662823426
1243499078673104897
1243498834489204736
1243498775127130116
1243498700808347651
1243498685616578561
1243498655170134017
1243498598391861248
1243498501868322816
1243498423510118404
1243498071155077121
1243498031779119104
1243498028872241152
1243498008257454081
1243497983636836353
1243497924283138048
1243497877487464448
1243497803554467844
1243497784524902404
1243497772608827392
1243497712626077702
1243497680539652096
1243497671127695361
1243497629117530113
1243497445964673024
1243497281212555265
1243496172297302016
1243495929274970119
1243495718431662082
1243495613477482496
1243495486293594113
1243495339476180992
1243495224564998151
1243493931536400385
1243493363422302210
1243492839880785921
1243492810906636290
1243492112118751233
1243491757238546432
1243491711252234241
1243491654419582976
1243490176002748416
1243490163344289793
1243489817763201025
1243488436662587393
1243488426571075584
1243488283729866753
1243487862122622977
1243487808301363202
1243487337171972096
1243486610374545408
1243486447648169984
1243486436696788992
1243486275719401477
1243486269637705728
1243486175412682753
1243485837251063809
1243485421293756417
1243485395498622976
1243485378587160577
1243485138744270848
1243485121698643970
1243484604675149824
1243484342128488448
1243483759652900864
1243483660457627650
1243481902880673793
1243481854566518784
1243481415993315328
1243480451324334080
1243479953615675392
1243478021849223170
1243477660191191041
1243477477416034305
1243477377595760640
1243477299384598530
1243477256858505218
1243477187212111874
1243477163208101890
1243475948864823296
1243473564772204544
1243467023520157696
1243459275797626880
1243456015288258560
1243447659781713920
1243441738657624064
1243434828499841025
1243434234020106241
1243430466725658624
1243426364079783942
1243425000754798594
1243416050206531592
1243413709394862082
1243413399653892097
1243401713639239681
1243396249245511687
1243803867403321344
1243802904542072833
1243802218463031296
1243802177262383104
1243801267786432512
1243801114069233664
1243800992165978114
1243800726528122880
1243800276210860032
1243799807249940480
1243799798714519553
1243799286799728641
1243799046168305669
1243798420894015488
1243798395187163136
1243797797704331264
1243797614593585154
1243797419294199808
1243797351782735873
1243797348297269248
1243797132064067587
1243796730275119104
1243796665141624832
1243796539601899521
1243796492415983616
1243796400753836032
1243795788347478016
1243795655190917120
1243795372419375105
1243795320674439168
1243795272737538049
1243795114910195712
1243794979266289665
1243793565269942273
1243792932018122754
1243791886495535104
1243791211565142016
1243790811625447425
1243790768235405313
1243790659825238019
1243790339564920833
1243790173868937216
1243790024010682368
1243789642081525760
1243789420177674247
1243788246988935169
1243787970835959809
1243787888174583809
1243787815504220160
1243787813125885952
1243787605436534784
1243787466030473216
1243787236375547904
1243786603790659586
1243786339750821888
1243786290325143554
1243786051828830210
1243785856994828289
1243785608264175616
1243785118679883779
1243785096286494720
1243784901079359488
1243784828576620549
1243784515467620352
1243784381593833473
1243783881116938240
1243783830391197697
1243782212052377602
1243781953083428864
1243781597238718464
1243781511918129153
1243781116391116800
1243780998292111361
1243780768406441984
1243780669685153792
1243780060844154880
1243779847890993152
1243779428284391424
1243779366493937665
1243778705358372865
1243778511476678656
1243778169368227840
1243778063277547520
1243777856515133440
1243777818443444224
1243777382164467712
1243777335326720002
1243776649235066882
1243776425775083520
1243776080336412674
1243775785346859008
1243775661484867585
1243775620401647618
1243775573475733510
1243775537887105031
1243775098533765121
1243775036319645696
1243775005004972032
1243774908120715265
1243774689664626688
1243774679011037184
1243774572194697216
1243774272675254272
1243774235157262339
1243774229499088898
1243773960719753216
1243773875139129344
1243773838795497473
1243773650173493248
1243773435357974529
1243773280852381696
1243772320260505608
1243772062214139904
1243771482020478976
1243771209541496832
1243770700529164290
1243770516986449921
1243769974654550016
1243769723336048640
1243769584248934401
1243769476174114817
1243769288235921408
1243769278454616064
1243768997998280705
1243768912358961152
1243768515082895360
1243768167391834112
1243767762024951810
1243767710984499200
1243767427726323714
1243766325979144195
1243766221180243968
1243765737581232128
1243765701585899522
1243765588972863488
1243765211217235968
1243764508687917056
1243764495849099268
1243764324851580929
1243764220707000320
1243764149265428480
1243764140818059265
1243764061780627456
1243763922064134144
1243763697287229440
1243763472560566272
1243763416193359874
1243762867783917568
1243762623629279233
1243762540770816000
1243762493630976000
1243762148830072833
1243762137450729472
1243762090201899008
1243762061382799360
1243762043489943552
1243761933267787776
1243761908471062528
1243761863931781123
1243761633953902592
1243761503909502976
1243761450184609793
1243761421298487298
1243761122190090241
1243761117530181632
1243760988265930758
1243760921966604289
1243760841314291712
1243760617393016834
1243760437662904326
1243760139988897793
1243759928184995841
1243759625440116738
1243759574655492097
1243759546490814464
1243759350616915968
1243759111155544066
1243759008596365312
1243758755465986048
1243758272835801088
1243757906035478528
1243757636186591232
1243756880691748865
1243756619541794818
1243756608334598144
1243756274325438464
1243756223112941568
1243756220021739520
1243756082469597185
1243756079026069504
1243755959375114242
1243755229977251840
1243755126197633024
1243754764581699584
1243753857458429953
1243753420646830082
1243752990445424640
1243752807594774528
1243752693249630208
1243752685259460608
1243752675490971648
1243752459580796930
1243752396372639746
1243752319503622145
1243751985515552773
1243751788177575937
1243751736994443266
1243751678274195456
1243751635404259329
1243750850771599360
1243750809252384770
1243750726012006400
1243750636685914112
1243750305776320515
1243749802103341056
1243749152367898624
1243749081299603461
1243748851468689415
1243748738197114880
1243748598774296576
1243748501370134528
1243748358293868545
1243748339247484928
1243748007725559808
1243747882173214720
1243747804536664064
1243747487065575429
1243747406895669248
1243747271243468800
1243746751116447745
1243746576071184384
1243746156623974400
1243745937668952065
1243745918039420929
1243745579986907136
1243745275379761152
1243745238364999681
1243745196514226178
1243744896919322625
1243744882750926848
1243744728778067968
1243744660931006464
1243744645034569728
1243744375990968322
1243744317325242369
1243744240363958273
1243744194696486912
1243744166728720384
1243744140300410881
1243744127314878464
1243744103948378113
1243744076794642432
1243743926814519297
1243743796069720066
1243743705464360960
1243743673226944514
1243742307855155200
1243742265052295171
1243742264100147201
1243741908796497921
1243741893868933121
1243741870456356864
1243741671503720449
1243741646405005312
1243741285078327296
1243740826519273473
1243740660974247937
1243740649959985153
1243740444212654081
1243740318035406849
1243740271290056705
1243740109058400256
1243739802194722816
1243739801955659776
1243739378372849666
1243739115805384704
1243739090056437763
1243739044296544258
1243739023681548290
1243739003670548481
1243739000864571393
1243738751437664256
1243738631136657408
1243738345676521472
1243738267360485376
1243737506559877120
1243737376121208833
1243737343208513536
1243737263718027265
1243737220504158210
1243737193341804544
1243737054120275972
1243736838692417536
1243736665878757376
1243736587952730113
1243736036867371009
1243735953530740736
1243735711368409089
1243735332043894785
1243735310992728064
1243735307364646912
1243734748888879106
1243734572715606022
1243734541681876992
1243734521452859392
1243734484588974080
1243733756403265536
1243733587435720704
1243733529835397121
1243732978074714112
1243732522694918145
1243732330000175104
1243731844283023360
1243731807280828417
1243731786007343105
1243731702695858177
1243731422269104128
1243731348323352577
1243730868067110913
1243730573891420162
1243730458183163904
1243729575328141312
1243729175795486721
1243729107856187393
1243729004240072705
1243728697900711936
1243728364587724806
1243728099352567809
1243728067752689664
1243727921908310017
1243727868737118208
1243727420630294528
1243727050596397057
1243727031302533121
1243727015297114112
1243726476551151617
1243726308015669250
1243725856536657921
1243725779420110849
1243725611677421568
1243725589623832576
1243725383700119553
1243725373571059714
1243725194507640833
1243725126291427328
1243725068800339970
1243725068129185793
1243724860016091137
1243724824184107009
1243724718546411520
1243724446235492352
1243724279335665667
1243724082836729856
1243723690740572165
1243723188594343936
1243723051805466624
1243722769398927365
1243722334529179648
1243722022091251712
1243721927178334208
1243721586177232896
1243721552983515141
1243721473627279360
1243721390739480577
1243721109066809344
1243721027655327744
1243720978070306818
1243720364875591680
1243720289613008897
1243719662778507264
1243719571728560129
1243718860684939264
1243718393070403584
1243717795373887488
1243717646794649601
1243717261992456192
1243716668104118272
1243716569521360897
1243716445328023552
1243715738109505538
1243715559146934272
1243715334072233985
1243715332264484864
1243715106464096257
1243714999614205954
1243714812720238592
1243714758638878721
1243714746773196800
1243714550685290496
1243714521190948864
1243714310213259264
1243713883052724225
1243713838194679809
1243712697922777088
1243712445325045761
1243712324600385541
1243712004352688128
1243711603989786625
1243710913452130305
1243710784569368576
1243710557644972034
1243710332947689472
1243709086983581697
1243708655293218816
1243708573646901248
1243707694390763520
1243706027641470976
1243705827548151808
1243705703090409474
1243704953983528960
1243703598552236032
1243703388350504961
1243702946107248641
1243701394411933696
1243701024214278144
1243700233596518400
1243698421342466048
1244320617349840898
1244305341346537473
1244289195511664641
1244284623779028993
1244281014039404548
1244265364810317824
1244257738147889153
1244257425584054273
1244257048075702274
1244256629832343553
1244251995738746882
1244247390204223496
1244245971577507840
1244244678746075137
1244229189030400000
1244227167761756161
1244225881658163200
1244215050627248129
1244211107251847173
1244204080932646913
1244195403425144832
1244193435155705856
1244190400102821889
1244180844689817600
1244178301779709952
1244177360011870208
1244174192393641984
1244165121150238720
1244156395294867456
1244155846923354113
1244153432816201734
1244149743921463297
1244148301026324480
1244147465009254400
1244143808998068224
1244143072906080259
1244133580646866945
1244133003032268802
1244132124640198656
1244131153218437120
1244130911899148288
1244130843620036608
1244129146105499648
1244128736724705280
1244126657272676353
1244125988859990017
1244122924904148994
1244120602979348481
1244119630592917509
1244118775307202560
1244118471132184579
1244115502147842048
1244115479641198592
1244115359029919754
1244115225328025601
1244110623564169218
1244103211381747712
1244093835598163968
1244093354951839745
1244092662849736704
1244090547838410752
1244090533699452928
1244090152604979201
1244084554358349824
1244080716918317060
1244080537968525313
1244079876505829376
1244078836595044358
1244074857903472640
1244072645018058753
1244072541645230080
1244072394802622465
1244067760566493184
1244066709130170368
1244066059264520193
1244060391715377152
1244684329868881921
1244683054834016257
1244671409315553282
1244668321800355841
1244625875150057473
1244602130175913985
1244576436364533769
1244573098701021184
1244561277231329280
1244548803350290433
1244534095574519811
1244505678263111681
1244504184004567040
1244500816393719808
1244488815567187970
1244483214946656261
1244480840098361344
1244475219802124288
1244470693896445952
1244468164399751169
1244466882247196675
1244466812768514048
1244464118637051905
1244463962902552578
1244461660342906880
1244459755969458176
1244458292241256450
1244455276272472064
1244434379763400706
1244434249379274752
1244414417371971584
1245055608698458119
1245047165937836037
1244977643843280897
1244967636598788098
1244956591046029312
1244953690814812161
1244952162850889729
1244943154870009861
1244913555171717120
1244910090995380225
1244847118482726913
1244824044295172103
1244823525661138944
1244823109846183937
1244813614973771777
1245493774949777409
1245350339726868480
1245349095775948800
1245343136030683136
1245343121375776768
1245316266551734273
1245311298478448648
1245267689683087360
1245246728384716801
1245226947594117120
1245210172315725824
1245174666416623616
1245778621744041986
1245772912306475008
1245529045996994561
1246175997331771392
1246116690036789253
1246032580677263360
1245965802303393792
1246381494152482818
1246365586264707073
1246858375154946048
1246857642401660929
1246857250951565320
1246856429341782020
1246724455226695680
1246724436138442753
1246682862557908994
1246661229570969601
1247282310992605184
1247079479228293120
1247061678203666433
1246991569124839424
1248962965593702406
1249391936722489345
1249246185228914688
1249186856224333830
1249184973938135040
1249633815418400768
1249986513225404417
1250518834596831235
1250412891775229952
1253574136665907201
1255037862455717890
1243529132140417024
1243556312283090945
1243532321711480842
1243524959751639042
1243451365264932864
1243376356894752768
1243371291689664513
1243370163421888512
1243408461800472576
1243599946869284866
1243585920244187136
1243581912704102405
1243569589499330562
1243558796338724865
1243555627600957444
1243552456681771009
1243536200067145728
1243515191595171840
1243505545778278400
1243486224779632642
1243482851502260224
1243480424652787713
1243477713056190468
1243473503778553856
1243472693648740353
1243465493987471360
1243451790873354245
1243448655601754113
1243437996151463940
1243436053697986561
1243425187653021696
1243422399019671554
1243421241819553792
1243421188430254081
1243403404140900354
1243396277301215233
1243395946081169412
1243772926769238017
1243571501921640452
1243569137785294848
1243562052095967232
1243506388430663681
1243533630414045184
1243529309744054273
1243496859710062592
1243473088487944193
1243444514951286785
1243431595362512896
1243424509211725827
1243412377468469255
1243410270694719489
1243384293570707457
1243370524773765122
1243337088495259648
1243631695129001984
1243616304327733255
1243595744994422784
1243586811303084033
1243583067849187329
1243581856664166404
1243578662043123712
1243578526227296256
1243576623447920646
1243572590653956096
1243571953379794946
1243571532707893253
1243570461205766153
1243562765220040704
1243550379347980289
1243547565477572608
1243547315522002944
1243537581368913924
1243533056272551936
1243531249190227968
1243521671316811776
1243517028520144901
1243515988458573825
1243515691556200448
1243514464692994048
1243514413522583552
1243514369092222982
1243507531604840450
1243505016192872451
1243502429112545283
1243496974818689025
1243496607368110081
1243496570756009984
1243494420495904774
1243487685030936576
1243483642229219330
1243480638335799301
1243480502742347777
1243479120241025025
1243478938732593154
1243478828330233857
1243474285181554690
1243473746523873281
1243470868199518208
1243465137236799492
1243463132078411777
1243461375122223104
1243460929087344641
1243451898021048320
1243449476582240256
1243447773111791621
1243445214980653057
1243444832078450688
1243441390794592257
1243441376504582144
1243440863524474881
1243440338779303936
1243438777714053120
1243438004447969281
1243437496526090240
1243434878168780800
1243434341931331584
1243433491901145088
1243433464612843520
1243432475834998784
1243431785033109504
1243430305190440960
1243428002945306624
1243427303796822016
1243427134544068614
1243427124435812354
1243426467750371328
1243425584031469571
1243425568084770821
1243425116576350208
1243425102131113985
1243425031704567811
1243424149617295361
1243423624427524096
1243422729488879616
1243419899415781378
1243418959631626247
1243418012373233667
1243416127654334464
1243415646353809408
1243415302068555780
1243415164377944064
1243414999747330054
1243413956447703041
1243411501110530050
1243411005964615680
1243410989111840769
1243410297102073858
1243409638910906368
1243409531368923136
1243409530509094912
1243409302024368129
1243409161179680773
1243408638426755077
1243408244317417472
1243408031657758720
1243407827042840577
1243407041005121538
1243406264958246912
1243406161841254411
1243405357780619264
1243405160358932480
1243404135086481408
1243403939980038144
1243401827636236289
1243401741321682945
1243401584295305221
1243401063023042562
1243400534989520896
1243400527058104323
1243399693666627586
1243399241780703233
1243399057080377345
1243398811306708994
1243398558436352000
1243397312027578368
1243397303903211521
1243397285867708416
1243396768483528705
1243396748157939715
1243396740700463104
1243396638434975746
1243395569373990916
1243395005881782273
1243394901938540550
1243394287783407624
1243394213783330817
1243393905279651841
1243392762579320832
1243392443757637635
1243392399247683587
1243392381103165440
1243392325058883588
1243392141126021120
1243391917603209216
1243391275564294144
1243391245302427648
1243391084312416256
1243390969271029760
1243390967467536386
1243390459231133698
1243390345343205377
1243390258328166400
1243390191944871937
1243389858589970433
1243389839321382912
1243388906206146565
1243387889754357760
1243387054869729280
1243385568202862598
1243385507406417920
1243385315747717127
1243385309166882821
1243385102656139264
1243385098113708034
1243385097601990659
1243385065406525441
1243385032393121794
1243384792357285888
1243384638254370820
1243384513708707841
1243384493030821892
1243384465604276224
1243384435002601472
1243384402131836929
1243384326521327616
1243384250159656963
1243384215825047555
1243384201975435264
1243384189078003713
1243384087135408130
1243383523769110535
1243383172231917568
1243382818442326018
1243382781670916105
1243382475407024129
1243382370473930755
1243382306745667587
1243382088352419840
1243381983306117122
1243381620070993920
1243381535094370304
1243381374314135552
1243381258563899393
1243381187483037697
1243381121028513792
1243381117920534530
1243381092985405447
1243381059716141057
1243381030611849216
1243381001008467969
1243380985485385732
1243380955210907653
1243380943663988736
1243380878723563522
1243380861929549826
1243380842610618368
1243380794631917569
1243380779570233344
1243380758368018432
1243380754987413507
1243380727279845382
1243380709504344064
1243380662804951043
1243380480361316352
1243380421007572992
1243380320826576898
1243380320168099841
1243380315755655170
1243380280913625089
1243380278040489985
1243380259795415040
1243380214991687682
1243377201996677120
1243362859586748418
1243345054808203264
1243491998943698945
1243485963235409922
1243485888316723200
1243479834681987072
1243476778519105537
1243473728693866497
1243472951782957056
1243465897265655808
1243465537796984832
1243464325068541952
1243464086517469185
1243460483128016897
1243459225705050114
1243458149320765441
1243457513132974080
1243455896153231360
1243453263954894849
1243448401422766081
1243446721008435200
1243433249184960517
1243431359399383040
1243431187709743105
1243430877821988866
1243429394246291456
1243429259810467840
1243426518690230275
1243423595642019841
1243420332788035584
1243409014286716928
1243407858068107272
1243407809451929601
1243406981240504320
1243405482347249665
1243404763514810368
1243403766872735745
1243401052952522753
1243400851336474625
1243400270916149248
1243397917848653824
1243397184415907840
1243395611577049097
1243395204087832576
1243380737769783297
1244668086386491392
1243647945284739076
1243645324364664832
1243631763726798848
1243623973042044928
1243621681526009856
1243619492187512844
1243615259350437892
1243614632419266560
1243611382144212997
1243609072022085632
1243603375779803136
1243594891562606593
1243592130636836864
1243582724587294720
1243580108809609216
1243574681287798784
1243569782605197319
1243568990192050183
1243565173228494848
1243563568399667206
1243563269081559040
1243535456073113607
1243533923096784896
1243526783992860672
1243525247652880385
1243523063192252417
1243522174939328514
1243510643023441921
1243508391466668035
1243504963311067137
1243502701733982211
1243501599231627265
1243497688596799488
1243532006576623619
1243509903223746561
1243506315332288517
1243481342072868864
1243479975233118209
1243478546548391936
1243658521507270662
1243611911247278082
1243590178997850112
1243584883286347776
1243583343624515584
1243576263140311041
1243558013421498368
1243555607111766018
1243554110688751616
1243553099962253313
1243547646696083456
1243545426361495564
1243543013898551301
1243541798699642881
1243534068844613634
1243522955189108736
1243522179901374464
1243519888494227456
1243518411029635072
1243517705501790211
1243515116722642945
1243508512413679616
1243499971955036161
1243497158004834307
1243496264278278145
1243490656447676417
1243487121983197184
1243479636832440320
1243479178520842240
1243479078738386944
1243477804911493127
1243469314075705344
1243469120533721090
1243469076502138885
1243467592473268224
1243465570927984640
1243465127749279744
1243464894671802368
1243462596922970112
1243461159736377344
1243458717191815168
1243458387561463810
1243458198612275201
1243457703961178113
1243455992261537792
1243454163964399616
1243453326517100546
1243453271471087617
1243451960268689410
1243448447006466049
1243447681030041600
1243447547466674176
1243447509407559682
1243447374510358530
1243446403797364736
1243443237097889792
1243442188748390400
1243441835688656901
1243440831819681795
1243440150958366720
1243432284163694592
1243432199476506626
1243431211239747584
1243430234726125568
1243428850257686528
1243428629784092673
1243426913785229314
1243426890620141570
1243426426906275841
1243423787472711686
1243411412103225345
1243410618415116289
1243410582071468038
1243408858573230084
1243408074963972099
1243406578750877697
1243406021063659522
1243405891828776960
1243402199998189568
1243401584437907456
1243399781772189699
1243399003334529027
1243398611305558017
1243397601627533313
1243396878739238916
1243396254081536000
1243395599631699968
1243390925327351809
1243390793236144128
1243390759358705665
1243390445561868288
1243389116684759040
1243386929279676417
1243386656733851653
1243385029255786498
1243380796360015874
1243379712195301376
1243379317049974786
1243378484669321216
1243377556851552256
1243376304436592642
1243375879515803648
1243375832837419008
1243375514921754625
1243375504830300162
1243375018005999616
1243374064657289216
1243373169706029057
1243371240040980481
1243370777560276992
1243370592335585280
1243366605699952645
1243364784067637249
1243363980552232966
1243363397992759296
1243363053405491200
1243362798341476352
1243359584820969474
1243359506383290368
1243357319292792832
1243356573990154240
1243356311162458115
1243968808169029633
1243915181786202112
1243908412452114433
1243884514721632256
1243872146075475968
1243861759359770624
1243805246498852864
1243790069581770755
1243781796409397249
1243773904180502529
1243753834922442752
1243753377881718784
1243747814699683841
1243741682828365829
1243739652428718082
1243711121715900422
1243682943119187968
1243662989271629829
1243644471562166279
1243607689172676608
1243597866586832903
1243597255875182594
1243591704302755840
1243588477536669696
1243587940665581568
1243583054066704384
1243581398528786432
1243580290657705985
1243579663177240576
1243577546907713539
1243575778220150784
1243574692335751169
1243573761716060160
1243573382689546241
1243571660478918656
1243567019225518080
1243565343290716166
1243561498431143937
1243561355820621824
1243560457706733568
1243559202640912384
1243557169380786177
1243557081199906817
1243556410090303489
1243555502321065987
1243555445492547584
1243554985234833408
1243554585957904389
1243554558002917377
1243552887365455875
1243552546280611844
1243552465544339456
1243551245454823426
1243551125661310980
1243551021760159744
1243550672433197061
1243550073692143621
1243549909015351296
1243549904234057728
1243549895702781952
1243548535435427840
1243548188172103681
1243547260740227073
1243547101587357697
1243542629993848832
1243541924927201282
1243541607514865665
1243541212138799112
1243540974153994243
1243539119348867076
1243538283323326465
1243538155070009344
1243538127098122244
1243538100489539584
1243535196906876929
1243534837593456642
1243534811639083010
1243532318154919937
1243529963422093313
1243529455043256326
1243529390471839751
1243529094077136897
1243528867848941568
1243528528605270017
1243524953888010242
1243520229239590912
1243519002825162754
1243518106548473856
1243515273438613504
1243514200951009280
1243513262378848256
1243513220029087744
1243513193139335169
1243512939786756097
1243512740997672961
1243509507294142464
1243509117089529856
1243507580648820737
1243507325815513089
1243507003265187840
1243505024975671297
1243504863792807938
1243504829340803077
1243504823904997376
1243503489256427523
1243503460882026497
1243503095012704256
1243503091917283329
1243503036439367681
1243502314524037120
1243501823731863554
1243501196394016775
1243500402202439681
1243500216294289408
1243500033699274753
1243498663445487616
1243497081240723458
1243496278086111232
1243495995830231041
1243495448393830402
1243494759349366784
1243494632148926464
1243494569313882112
1243494365538004992
1243493998679003136
1243493959080402944
1243493575670685696
1243493339112132608
1243492841835204608
1243492779235385344
1243492702039101440
1243492596682493953
1243492554491953155
1243492386409455616
1243492379245662208
1243491939460112384
1243491850675261441
1243491679723610112
1243491667002314753
1243491294971748352
1243490083501510657
1243489408067616768
1243487877146656768
1243487742694019072
1243485954859401216
1243485418982486016
1243485398388494336
1243484728424046592
1243484659452760064
1243484614359781377
1243484488383905792
1243484294074388481
1243483784508354560
1243483782411243521
1243483623304474624
1243483434959482882
1243483324158480385
1243478180100337664
1243475982423445504
1243472000506425345
1243470272755142656
1243470092488208384
1243459425513271296
1243453837286887426
1243452965542748161
1243452913306849280
1243452782352297985
1243451426862489601
1243449404503162881
1243446137954033664
1243445328826658816
1243442338925432832
1243440821979865088
1243427656093204482
1243427335207968768
1243425480935538688
1243422995315478528
1243421768229908480
1243421385587740673
1243420456301899776
1256805848346529792
1257563690523668480
1243494715309383682
1243464859682918400
1243571969091657728
1243539213078986754
1243536972175544320
1243536534487343105
1243533634532855810
1243532609486909442
1243531793581494276
1243530992758874112
1243529900364935176
1243520062033661953
1243518730493210626
1243487546731982849
1243434681581748224
1243429417449213952
1243425571276607488
1243425461016776710
1243425457300590593
1243425391097696256
1243418938693672960
1243411749761470464
1243409457477910530
1243392897585561604
1243727648997568512
1244042807041376256
1244015781655920640
1243984150291296260
1243983566217699330
1243972742082228233
1243967530382708737
1243963174056935426
1243962341181489152
1243961046676598784
1243959325913120768
1243954231234539520
1243951443448496128
1243947535229530112
1243947214419836929
1243935806164570112
1243932525942075392
1243931605653057536
1243925957250936833
1243925765999099904
1243925679684517890
1243925535257800704
1243922149204770816
1243921270242074624
1243919349942910976
1243918948048961536
1243916117795409920
1243915869811404805
1243915109165985793
1243913465678278657
1243913015189049344
1243912998713872384
1243912845701476353
1243912552779661313
1243912533641007106
1243911241074016256
1243910629510893568
1243909995906777088
1243909866122436608
1243908064731729920
1243901510896893953
1243898507892649987
1243898444638351360
1243898426405711873
1243897115207557120
1243895689085513728
1243893519380393984
1243892844508536832
1243892770466459649
1243891592575856640
1243890968157237248
1243889510351433729
1243889147137253376
1243887305573552128
1243886425042386945
1243885677328003074
1243885534201565184
1243884496040099841
1243883940986761216
1243883804097269760
1243882987118198784
1243882470677741568
1243882229631045634
1243881552209047552
1243880014392594432
1243879716605456384
1243877693566808070
1243877005633843201
1243876604356333569
1243876484722208768
1243875176590147585
1243875063100608513
1243870284848873473
1243868716900601856
1243865854539776000
1243863187406983168
1243862373695279104
1243861460532379649
1243861042699984897
1243860218825474048
1243859803333521409
1243858677330665473
1243858395561512960
1243857987124396032
1243857269424402435
1243857250264862722
1243857153590468608
1243856993174994945
1243856089751289856
1243855439730638848
1243854330857263105
1243851136706084865
1243850059319373825
1243849636747436034
1243847948661936128
1243845755799920651
1243845532981710848
1243845428396752896
1243843087337545729
1243843049534283779
1243841042224254982
1243838490271338497
1243837121346994178
1243836738897879040
1243836353101598721
1243836042928480256
1243835436729942018
1243834767755239424
1243834573034668032
1243834064907292672
1243834045093609472
1243833366392098818
1243832929177853954
1243832606459740161
1243831559024545793
1243831288210935808
1243830943023943681
1243830584222179328
1243830262670045184
1243829570198880256
1243829084985098247
1243828441616535552
1243828061587435520
1243827690232098817
1243827286752653312
1243825591901499393
1243824724225880064
1243824178249134082
1243823505621127170
1243823308941840384
1243823275706220545
1243822751212810241
1243819786871570432
1243818918503948288
1243818781610106881
1243817825321574400
1243817048150437888
1243815671428857856
1243815639875108864
1243815070737416202
1243814345831636992
1243814133063008259
1243814132920520704
1243813996236378115
1243812931902615557
1243811655357804546
1243811325936930817
1243809994954305536
1243809366446235649
1243809187060051968
1243808951663095808
1243808812395630592
1243808453874728961
1243808433666535426
1243808275499376640
1243808190636027907
1243808112609378306
1243807673822277647
1243807618650370048
1243807590867275776
1243807478640308224
1243807218908061697
1243806377891508225
1243806321092132865
1243806197754421254
1243805927012065280
1243805014209912832
1243804245129711617
1247880903457533954
1247818495963697152
1258562143806533635
1259165136226377731
1266936902273372161
1243349282909868032
1243602441641304067
1243601988455038976
1243590551355695109
1243553096359264261
1243541870078300163
1243532926555283457
1243528862438264834
1243527724590751745
1243527636841889794
1243527533800222720
1243524824057561088
1243524634680557568
1243485838970777601
1243480215910678528
1243794784872890368
1243793548480114688
1243724569489207296
1243651661379375104
1243610437574418432
1243588451565477888
1243577706333245440
1243552788350558209
1243530292767293443
1243528085216980992
1243508524631625728
1243504374049050624
1243504137045606401
1243503160179687426
1243498166302978051
1243494603464065024
1243494594387599360
1243483091403804673
1243475722552750083
1243471497315799040
1243468167290081280
1243465387926265857
1243460325636108288
1243456967252692993
1243452325366120448
1243452279774040064
1243451825308631040
1243451611734618113
1243450326939627520
1243448090108936192
1243436318878621696
1243436275345973248
1243434176558350338
1243433515707813895
1243428808213987329
1243428014102171655
1243427660820295680
1243427352123605000
1243391947152084994
1243379209113718784
1243373267156480000
1243761512763645952
1243723541742112768
1243601479585284096
1243582082023997440
1243557013130317826
1243547498762960897
1243526835037564929
1243514518371786752
1243504951399235584
1243494869345218561
1243491920741126144
1243491025701634048
1243489689727692807
1243480149166710785
1243479259710025728
1243477907155996673
1243474846203305985
1243473438670344192
1243472337942413313
1243472285408743426
1243464130175963136
1243459781177806848
1243446985115361286
1243445278549540864
1243444681989488645
1243443855220858880
1243443229640372224
1243443091031207937
1243441275161853953
1243440947012173824
1243439851078217728
1243438759456018433
1243434018533543938
1243433948996194304
1243433394224001031
1243431895066497024
1243431681954021376
1243425946343890944
1243425265872592904
1243423831731007488
1243422967284944896
1243422592427409410
1243415768395464705
1243413672057114628
1243412567495544835
1243412368148664330
1243406202987368454
1243405506665840642
1243405435605880832
1243405161067761670
1243404872772280323
1243403516829249536
1243403461024043017
1243401121516777480
1243400849545547778
1243400347575435266
1243397129063657473
1243396721675137030
1243395931233382401
1243394498849148929
1243394197022859268
1243386158911877121
1243383280033906688
1243381489925885953
1243380927763337217
1243379209130704896
1243379089068584963
1243377911073312773
1243375732459356166
1243375342607159296
1243374372351442944
1243373714546274304
1243367654796099584
1243364501828718593
1243364020867837959
1243362388474097664
1243361627056902147
1243358952286388224
1243358226957008898
1243353666330996737
1243349306666450945
1243347857517588481
1243346933843767296
1243346823739109376
1243833647159037952
1243831736783405058
1243809174762467329
1243782040471793664
1243772506600812545
1243734765334716417
1243703684606746624
1243699291731955712
1243698964165058561
1277613668503445504
1286636022416068609
1243593887937171457
1243381104335147008
