id
1244053687330172928
1244057423431602177
1244057981378916352
1244067003867885568
1244070131799478273
1244070249013694464
1244071604243402754
1244072714928717824
1244073498558906368
1244074147182870529
1244074592978661377
1244074738214768640
1244075166256123905
1244075444984377350
1244076980137365505
1244077169598328832
1244079278662152192
1244079591435546624
1244080788691226624
1244081124243935233
1244081656824131585
1244081909547913217
1244082325467455488
1244083258893012997
1244083279168303105
1244083350786019329
1244083667112038400
1244083754869510149
1244083791959699456
1244083894250397696
1244083912051027968
1244083936688345088
1244083976928514055
1244084028505899008
1244084310136606722
1244084451153330183
1244084500503523328
1244084550709493761
1244085104990769152
1244085146237558784
1244085331311263745
1244085408591253504
1244085456297320448
1244085522634440704
1244085599797006336
1244085650703273985
1244085663101681666
1244085778570870786
1244085800750338050
1244086072616747008
1244086093407870976
1244086202581446656
1244086379740409856
1244086477404815361
1244086652315844608
1244086653922062338
1244086680232972289
1244086940594368513
1244086954536235008
1244086964682252288
1244087137940586497
1244087285429047296
1244087353850753025
1244087379435991045
1244087631077490688
1244087699901788165
1244087702359805954
1244087705442512896
1244087836195708930
1244087845934915585
1244088198881398784
1244088612192276480
1244088616449540096
1244088977411338240
1244089002094780417
1244089194072268800
1244089270773506049
1244089380488110080
1244089828293017601
1244089983079600128
1244090012926427137
1244090033155399680
1244090110494134272
1244090215947317252
1244090224268857345
1244090349997264897
1244090350467088384
1244090430192406530
1244090627068817408
1244090653912395776
1244090747831250944
1244090756538626048
1244090789661007872
1244090860104450049
1244090956791418882
1244091251697180672
1244091397499580416
1244091959817441280
1244092078734209025
1244092167515017216
1244092442292285446
1244092766180671489
1244092796652290049
1244092801752510466
1244093111162134528
1244093530773037061
1244093604198363138
1244093831819059202
1244093870486372353
1244093954435379200
1244093973376851970
1244094046575816704
1244094189240897537
1244094261412245504
1244094262259511296
1244094262716674048
1244094439267504134
1244094464651493376
1244094567260946432
1244094626790690817
1244094646428422145
1244094815320432642
1244095187883712512
1244095486455209984
1244095574338609152
1244095676348133383
1244095803200688128
1244095833013796864
1244095884784218112
1244095886910558208
1244095905789140994
1244095917793239040
1244096002102980608
1244096014711046145
1244096244466585600
1244096284236976129
1244096321813803008
1244096570888294400
1244096748781318145
1244097066516631552
1244097518511611905
1244097520629768192
1244097650556669953
1244097758526464002
1244097762934657024
1244097813543354370
1244097843528232960
1244097963971862528
1244098010457362433
1244098058163326976
1244098093965914112
1244098237021052928
1244098797732388864
1244099479306817536
1244099893615972352
1244100310106177537
1244100343257952256
1244100715162865664
1244100844028456961
1244100960101650433
1244100976019034113
1244101125281730560
1244101155556192256
1244101320191008769
1244101339866525696
1244102173757026304
1244102191935156224
1244102220582277120
1244102232787677185
1244102328510074882
1244102341495623680
1244102590251450370
1244102742815027200
1244102864445698049
1244102869768380422
1244103030020202497
1244103051071434753
1244103283557318657
1244103439669268485
1244103457650307073
1244103528836149248
1244103578060378112
1244103580535136258
1244103687569428483
1244103782167990275
1244104336356958209
1244104644009136129
1244104702486122496
1244104867771269121
1244105022192803841
1244105104271138817
1244105357305081856
1244105369334382593
1244105494244913153
1244105608736866305
1244105618153074693
1244105649438388224
1244105981501431809
1244106100690923520
1244106195629035524
1244106305721126912
1244106784064692224
1244107371862839299
1244107541635686400
1244107901125292033
1244107913364303873
1244107967906975744
1244108000526315522
1244108036219658240
1244108197012467712
1244108291778568192
1244108320203395072
1244108337433600001
1244108393893093379
1244108767815323648
1244108820499984385
1244108917010919425
1244108983406743553
1244109229146796032
1244109399683022848
1244109492481961985
1244109545183428609
1244109712666185729
1244110232445276160
1244110395125559296
1244110460942577664
1244110647861768193
1244110897477341185
1244110988787347456
1244111040763187200
1244111283244257280
1244111315754352640
1244111340697874432
1244111367419772928
1244111402572206080
1244111579106312192
1244111703966654471
1244112267097935874
1244112373582979072
1244112922478964736
1244113096089600000
1244113344555958272
1244113670734360576
1244113744029868032
1244113774887358465
1244114233887019013
1244114371577384961
1244114620442390528
1244114658094505985
1244114844640411648
1244114868480798720
1244114962441617409
1244115231875272704
1244115336841981953
1244115349835927553
1244115810064289795
1244115834609393666
1244116047763877888
1244116095591518208
1244116178508759041
1244116479496216576
1244116565768970240
1244116718852509697
1244116908103749633
1244116971349663744
1244117091092844545
1244117165348810756
1244117534451744768
1244117606367252480
1244117861410279426
1244118199588622337
1244118212117069824
1244118656235126784
1244118672790007808
1244118698169794560
1244119037686112256
1244119050126364672
1244119240832987137
1244119366083301376
1244119557612040192
1244120231317921792
1244120337584775168
1244120578073620481
1244120616262762497
1244120705882419205
1244120933394079750
1244121010456035328
1244121107474481152
1244121126541778945
1244121280653082626
1244121433485135873
1244121859525709824
1244122160106319872
1244122227580133376
1244122308303863808
1244122599610777601
1244122620620148736
1244122648436568064
1244122866511052805
1244123018336575488
1244123094714728448
1244123099064393730
1244123108392361984
1244123167473274880
1244123212033585152
1244123346557497344
1244123563650506752
1244123721427607553
1244123762083205126
1244123815598100480
1244123928479453184
1244124012260651014
1244124036600221696
1244124081865101313
1244124201587367936
1244124220084244480
1244124255354114048
1244124270625579014
1244124293157416961
1244124322920202240
1244124403966701568
1244124420483866624
1244124505619836929
1244124581079552000
1244124609219186688
1244124695013863426
1244124698281205760
1244124711321317378
1244124716194877440
1244124766564302849
1244124773384253441
1244124777792434181
1244124790899625985
1244124805437067271
1244124810608668672
1244124828136701952
1244124913318809600
1244124960567644161
1244124963616915456
1244125026258808833
1244125070680666113
1244125074099068928
1244125086996561920
1244125107447975942
1244125152175992834
1244125174707830784
1244125191040450560
1244125247135027201
1244125256836497411
1244125275094315008
1244125284191727616
1244125355532673025
1244125363417960448
1244125377938616320
1244125400671764482
1244125498248015872
1244125549141692416
1244125583996383232
1244125627491344386
1244125681178406912
1244125734978744325
1244125836220846080
1244125900813131777
1244125911026257920
1244125922539659264
1244126019922972673
1244126039564935172
1244126153922633730
1244126204778762240
1244126275964297217
1244126380628967425
1244126382440845312
1244126415097745408
1244126539660136449
1244126552670920705
1244126565220286466
1244126572111515649
1244126649357979650
1244126704336908288
1244126732073852928
1244126767045996544
1244126776776773634
1244126804442378240
1244126879306485760
1244126946599952384
1244126958822100992
1244127055882514433
1244127140515155968
1244127180805697536
1244127252419350528
1244127380215603202
1244127396241887233
1244127408787263488
1244127476365897736
1244127523580985345
1244127547941511173
1244127579948236800
1244127744155242497
1244127791253090304
1244127893753479168
1244127894311333888
1244127945775431680
1244128259576651778
1244128273447022594
1244128282188091394
1244128312626200577
1244128325825703936
1244128347078234113
1244128371853983744
1244128413121576961
1244128505056690181
1244128568860266498
1244128608890654720
1244128612413894658
1244128685763858432
1244128940274225153
1244129027490607109
1244129084701016066
1244129142334820358
1244129171128889344
1244129196613545984
1244129201017352192
1244129233909112832
1244129325336522752
1244129468316127233
1244129481498832896
1244129567335256064
1244129613170663425
1244129655965110272
1244129656183443458
1244129658011971584
1244129776039649280
1244129887943675904
1244129951994900482
1244129955371311104
1244129960425451521
1244130077648007168
1244130201363083265
1244130218404536320
1244130224125513728
1244130353364623360
1244130449305161728
1244130806349459457
1244131091197251584
1244131129214431233
1244131160508125184
1244131175288823810
1244131416356655104
1244131436023574533
1244131513756569602
1244131585114292226
1244131650402840576
1244131759312134144
1244131768321470464
1244131770867408897
1244131813712228353
1244131849435090944
1244131940095029248
1244131989097074689
1244131995237502977
1244132005958184960
1244132143317446657
1244132153723482113
1244132213416841216
1244132393952272389
1244132439049420800
1244132518368026624
1244132747590766593
1244132773176266754
1244133263733485572
1244133673567305729
1244133908037267460
1244134075155300352
1244134397185409025
1244134400645709828
1244134492609974273
1244134688052006912
1244134694448324609
1244134806209744896
1244134824048115714
1244134856180695040
1244134985797230592
1244135189988528129
1244135216001605633
1244135277897146368
1244135368443572227
1244135396432154625
1244135511926562816
1244135569384280064
1244135683167416320
1244135806740180997
1244135865586192384
1244135917582839809
1244136009735892992
1244136208613003264
1244136543272361984
1244136889122054146
1244137021142007808
1244137072979410944
1244137116574965763
1244137437984518144
1244137684387237888
1244137820924424192
1244137831909347328
1244137897692815365
1244137938755051521
1244138015162695681
1244138365261242368
1244138456621576192
1244138546811682818
1244138654680764416
1244139139764604930
1244139179266560000
1244139368907972608
1244139376327536641
1244139445521014789
1244139638282842112
1244139699209269248
1244139744092499968
1244139861243617281
1244139873155444737
1244140098502836225
1244140198016868352
1244140255654993920
1244140852991021062
1244141146852360192
1244141230843293696
1244141263609155584
1244141650357530625
1244141754531471361
1244141827218796545
1244141842318249989
1244141898182230016
1244142530033147906
1244142567953805312
1244142644948697088
1244142649658859521
1244142710350462977
1244142810623700992
1244142813966548993
1244142819326832640
1244143186848542720
1244143216883990528
1244143230637060101
1244143299151007744
1244143373075664896
1244143435495309312
1244143613665148929
1244143695039025153
1244143908466163713
1244143915743064064
1244144414739640323
1244144483157118976
1244144547480760325
1244144648831959040
1244144651562438657
1244144706986168320
1244144909306617856
1244144926645866504
1244145174021730304
1244145191407079428
1244145228279250944
1244145265025503232
1244145280074674178
1244145284218683392
1244145351533068288
1244145368939421697
1244145394889551873
1244145424383893504
1244145429786300417
1244145462380118016
1244145701967163392
1244145727481106432
1244145775539417088
1244145805558235136
1244145868581662721
1244145896184520704
1244145918695231488
1244145945974992896
1244145962999861255
1244145995060883457
1244146049263890433
1244146159515394051
1244146295264215041
1244146336150089735
1244146361823420416
1244146461039685633
1244146501099511808
1244146502559248389
1244146613322276864
1244146618850394113
1244146624223252481
1244146776057106433
1244146776497508353
1244146869061611521
1244146883766910976
1244146935675539456
1244147053749350403
1244147283173576705
1244147290513625088
1244147581317287936
1244147915204857856
1244147961086357504
1244148173498544129
1244148197448011776
1244148226069909504
1244148237423935488
1244148248748539905
1244148280885477376
1244148285113131009
1244148332215144449
1244148404772429827
1244148499773640705
1244148508044615680
1244148543360602113
1244148605914451969
1244148787251040256
1244148922013986816
1244149098137165824
1244149129288101890
1244149246435057665
1244149262692147200
1244149318468034562
1244149613105262594
1244149745230041088
1244149759868207105
1244149914612797440
1244150011941646336
1244150552453206016
1244150578982187010
1244150640734961664
1244150662851690496
1244150770276040704
1244150947162423297
1244151065622089728
1244151110685716480
1244151184073445376
1244151204289974272
1244151288469712897
1244151300272447488
1244151351824637953
1244151380702445568
1244151409768988673
1244151543693221888
1244151558788571137
1244151719988101122
1244151762782539778
1244151790632751104
1244151823851642880
1244151950947446786
1244152088247980033
1244152143067533315
1244152166694051840
1244152286881828864
1244152395463983105
1244152562548240384
1244152565673029639
1244152573470228481
1244152671579172864
1244152732287512576
1244152767028932609
1244152851841961984
1244153317166587905
1244153626957713413
1244153961927458816
1244154123194380293
1244154377495068672
1244154416892010496
1244154418804576257
1244154615056097280
1244154633523580929
1244154645510942720
1244154791808266240
1244154880194801665
1244155024105603073
1244155050697658368
1244155080695144449
1244155141004988416
1244155639724683264
1244155668388392960
1244155814987751424
1244156664107790341
1244156805493559301
1244157642966069248
1244157898672005122
1244157976383868928
1244158089680453632
1244158307771625473
1244158332660662278
1244158440630390784
1244158507294720000
1244158755161296896
1244159390627672065
1244160034520494082
1244160164908826624
1244160359595831296
1244160374460440576
1244160399550734336
1244160461295112192
1244160671480045571
1244160830641328128
1244160876145451019
1244161039681253376
1244161429545971712
1244161467818971136
1244161482637500416
1244161530167316480
1244161681011273730
1244161801819803649
1244161931872587776
1244162205509013504
1244162213796909056
1244162258785038336
1244162268503277568
1244162373910331392
1244162397260013570
1244162455485288448
1244162540696821763
1244162644350656519
1244162749585743873
1244162895912374273
1244162979857235969
1244163100862853120
1244163157200900097
1244163757821104128
1244163881062162435
1244163892248363009
1244163917099622404
1244163988306288642
1244164020988329984
1244164270633275392
1244164499554226176
1244165028565012480
1244165049662332928
1244165061683232771
1244165300561403905
1244165398288666624
1244165575678373888
1244165618481262592
1244165954990292992
1244165985591947264
1244166053837471744
1244166076973240321
1244166091363872769
1244166219550228480
1244166220464545794
1244166360378134528
1244166412454604801
1244166462731771904
1244166498731474944
1244166550707253249
1244166601542258688
1244166649332109313
1244166715237257216
1244166807662952449
1244167001058111489
1244167184680509440
1244167589686677510
1244167629440311296
1244167696016502786
1244167747010887680
1244167797095055360
1244168139178250240
1244168201077805058
1244168227069890560
1244168306212421632
1244168416354861059
1244168502136541186
1244168524454449152
1244168601596088322
1244168611897298944
1244168622097879040
1244168756852436992
1244168893700038657
1244169019923390464
1244169030014865410
1244169062445277184
1244169078601682945
1244169082716319744
1244169445456506880
1244169463030673408
1244169597105745922
1244170182789984256
1244170222422110208
1244170632029286400
1244170632117366784
1244170669975154689
1244170679479500800
1244170704662085633
1244171047563214849
1244171051170332673
1244171083470626816
1244171197174046722
1244171231613423618
1244171427122540544
1244171826302824448
1244171830904025088
1244171844158021632
1244171849174376451
1244171854387896322
1244171878542917634
1244171881277730816
1244171888995131393
1244171903742271493
1244171919861014528
1244172220387090432
1244172356643246080
1244172367208701953
1244172369796554760
1244172443951853571
1244172460200615937
1244172557487443969
1244172610759360513
1244172827583868929
1244172884659957760
1244173124116942849
1244173162742308864
1244173200621047809
1244173221231919105
1244173444452777984
1244173473452195840
1244173706223476737
1244173848196419584
1244173880941359104
1244173886511386625
1244173907373875200
1244174258042851328
1244174284886405120
1244174285263912962
1244174353979158529
1244174434585341952
1244174458090332160
1244174463798841349
1244174496719949824
1244174521310969858
1244174622771351553
1244174698960707589
1244174724109750283
1244174745211289600
1244174950556024833
1244174957946363904
1244175055258628097
1244175086124335104
1244175175467188230
1244175289745195009
1244175314306994176
1244175366278615040
1244175369982234630
1244175508855754752
1244175581173788674
1244175726913433600
1244175861189939207
1244176235573510144
1244176567988662272
1244176631209418752
1244176812134948864
1244176941646671876
1244176943693672448
1244176982406914048
1244177149294067712
1244177173390348294
1244177182634561538
1244177225349509120
1244177257905524743
1244177413661048832
1244177456296112129
1244177488244346880
1244177660714135555
1244177726304473093
1244177818336059398
1244177865219796998
1244177914100215808
1244178048489893888
1244178212680110081
1244178356674977792
1244178543342321664
1244178554654298112
1244178564162834432
1244178621708873728
1244178670983344129
1244178726507515905
1244178739149393920
1244178746430476289
1244178986298556417
1244179000655663105
1244179061355606019
1244179100303933440
1244179140988690432
1244179172559220736
1244179200732311553
1244179345951739905
1244179365572698113
1244179385822806018
1244179482958651392
1244179492777541634
1244179513828728832
1244179536012443648
1244179551032233984
1244179555843076097
1244179600227184642
1244179695169462272
1244179799485997056
1244179869090476038
1244180076784054272
1244180168182075393
1244180201484865536
1244180242517733377
1244181026760306690
1244181306994356225
1244181326569168896
1244181338497806336
1244181741457174528
1244181866329997313
1244182029471608834
1244182213014372353
1244182621455708160
1244182818415992833
1244182965271187457
1244183112071786499
1244183414925742081
1244183831097135104
1244183833810882562
1244184062496923648
1244184083397095424
1244184370308509697
1244184570536198145
1244184655672344578
1244185069926801408
1244185233362022401
1244185254656647168
1244185455504977920
1244185468079443968
1244185531027603456
1244185689865895936
1244185814789009408
1244185854374903808
1244186230331305989
1244186334429941760
1244186549350268930
1244186571332399105
1244186727205359617
1244186746994036737
1244186774835879936
1244187062045044741
1244187069108240384
1244187229364224002
1244187408519680001
1244187540527202305
1244187546617131013
1244187697037500417
1244187833587261440
1244187901841137665
1244187916818984960
1244188113108262914
1244188146889359360
1244188167898460160
1244188297858961409
1244188393858379776
1244188506181648384
1244188522577190912
1244188553925373952
1244188640269357057
1244188868812763138
1244188940036259841
1244189122975039488
1244189186925531138
1244189272858447873
1244189413686382593
1244189469772636162
1244189656742166528
1244189774493163520
1244189844483575808
1244189856487460865
1244189874195820545
1244189940914634752
1244189985500205056
1244190047508684800
1244190291986243584
1244190328111816704
1244190333421776898
1244190412052393986
1244190415395291136
1244190588569882625
1244190652889325570
1244190700557570049
1244190766924169216
1244190771068252160
1244191666770038786
1244191726689898501
1244191728841551872
1244191731421241348
1244191739616739328
1244191740908560385
1244191768079302657
1244191799083560960
1244191800257961986
1244191820784881664
1244191848232558593
1244191861251526657
1244191874643939333
1244191898064969735
1244191928431734784
1244191930604535809
1244191942059016192
1244191968827068418
1244192037663961088
1244192064541081602
1244192124829986816
1244192141099675648
1244192263963422726
1244192267813847041
1244192303784308739
1244192332204748800
1244192355399290880
1244192375649398784
1244192388882616320
1244192399133376514
1244192410688581633
1244192433182609409
1244192440912711683
1244192443236401153
1244192541790089216
1244192584320167937
1244192585838546945
1244192588229275649
1244192661260488706
1244192706546372611
1244192736216887296
1244192799815319554
1244192828143497217
1244192834984357899
1244192858619305984
1244192867506999297
1244192874440220674
1244192896267489281
1244192896791621634
1244192909911453697
1244192913673748481
1244193027142242304
1244193130393612289
1244193165105451009
1244193184000831490
1244193245120172032
1244193268268556290
1244193271896608768
1244193276938162177
1244193283661758470
1244193456701894662
1244193526092619777
1244193564394786816
1244193575098896385
1244193618178355201
1244193635647643648
1244193681931829248
1244193683953438720
1244193708850937856
1244193748709281792
1244193786428882946
1244193906205626368
1244194039223599104
1244194042121838593
1244194109365071873
1244194112707776515
1244194125462654977
1244194159574933504
1244194177648177152
1244194177916813314
1244194247202541569
1244194405570867200
1244194444808609793
1244194697897103360
1244194721028702210
1244194748102930433
1244194786086506496
1244194834039967746
1244194842629918720
1244194867690876928
1244194971248295937
1244195168925802496
1244195175846428675
1244195320185028608
1244195408915529728
1244195574494007296
1244195623890341888
1244195729461010433
1244195745432891392
1244195798088220673
1244195895211507713
1244195914731798529
1244195939432177664
1244195948185567232
1244195950748262402
1244195982499180544
1244196031866105857
1244196049868079104
1244196050056822785
1244196053022199809
1244196153467363328
1244196273927806976
1244196331297570817
1244196417893064705
1244196496699871238
1244196537430716416
1244196652136595456
1244196664216367110
1244196819497820161
1244196967636299777
1244196978503761922
1244197016940376064
1244197030001381376
1244197080282755073
1244197090386948096
1244197100084023298
1244197125237256192
1244197184393711616
1244197224508059649
1244197235937566721
1244197247295741953
1244197267168309248
1244197278664888321
1244197305365876736
1244197441152393217
1244197449595404288
1244197526174986242
1244197548065034241
1244197637806411781
1244197654323552256
1244197670341816320
1244197693032763392
1244197701190852609
1244197796162334720
1244197862113673217
1244197879842922498
1244197910008520706
1244197985962954753
1244197987712032768
1244198021270667264
1244198037901041665
1244198096591970304
1244198111024517120
1244198229530443776
1244198304868696069
1244198460242497536
1244198470828716033
1244198484657328128
1244198591473700864
1244198658473521153
1244198694703886336
1244198808461824000
1244198821153800198
1244198954130010112
1244198983070695424
1244198983657897984
1244199001190092800
1244199020458725377
1244199127732420608
1244199139975413760
1244199146824876033
1244199205964361728
1244199237761429504
1244199295357579267
1244199415440478208
1244199451448598528
1244199464786472961
1244199784979693568
1244199795037630464
1244199835017699329
1244199867875909633
1244200009345560576
1244200065205284864
1244200088127168514
1244200098537410561
1244200120687554560
1244200145073233920
1244200217349509120
1244200218351951873
1244200223863275525
1244200226002333698
1244200275860021248
1244200285901217792
1244200581368926208
1244200592794193920
1244200618119458818
1244200658921648128
1244200682527371264
1244200720523382784
1244200904305209344
1244200906263912449
1244200910206558209
1244201035712720898
1244201065790095361
1244201093568978944
1244201156026368002
1244201181863235584
1244201250222030848
1244201388541751298
1244201398574563328
1244201447488540674
1244201490446770177
1244201656293552128
1244201784165281792
1244201791622799360
1244201793208254464
1244201802905473024
1244201844789800963
1244201938524110853
1244202002948579328
1244202147207458816
1244202244494352385
1244202290577149953
1244202369174274048
1244202422806839299
1244202648586207233
1244202652654686209
1244203067827867648
1244203103957798912
1244203251362181120
1244203323697139713
1244203423173472257
1244203468308402177
1244203485102407683
1244203518958768128
1244203521286615040
1244203550101536768
1244203588475211776
1244203614748291073
1244203656691339268
1244203672323538945
1244203837440720896
1244203901319909376
1244203982035148805
1244204025613938688
1244204243264798721
1244204310650441728
1244204591865970688
1244204661873102849
1244204668718182402
1244204977800671232
1244204984666734592
1244205015805218816
1244205018204360704
1244205068712177666
1244205087984979969
1244205116611166208
1244205408098693121
1244205432668712961
1244205481393926152
1244205519385976832
1244205726492291073
1244205746394259457
1244205783014764544
1244205913897979905
1244206002490101760
1244206020500418561
1244206068969771010
1244206223483789313
1244206245243809792
1244206422759370754
1244206425036873728
1244206538610233345
1244206546143154176
1244206649625079808
1244206779543609346
1244206780952932354
1244206795486138368
1244206822304542721
1244206959047225345
1244207031273193472
1244207073333665796
1244207081734828032
1244207130283917312
1244207149384753157
1244207207421362176
1244207217881935878
1244207241437175808
1244207454595846145
1244207515883036672
1244207522258415616
1244207531561340933
1244207686045974528
1244207776747962369
1244207923091230720
1244208000006369280
1244208089378607104
1244208118134784000
1244208358900424705
1244208570024878080
1244208812522795008
1244208908228415489
1244209110603780097
1244209137883336704
1244209161719537665
1244209282494525452
1244209359262908419
1244209389730295808
1244209477026340864
1244209485419130880
1244209552083435521
1244209664637775872
1244209711106248704
1244209738008543233
1244209769449009157
1244209883953524736
1244210084114137090
1244210148781854720
1244210174123847680
1244210237122334724
1244210288670334976
1244210310006726657
1244210381637050368
1244210606384676865
1244210618971766784
1244210626970320903
1244210729403613184
1244210738765484032
1244210786471313408
1244211042143604739
1244211071092535296
1244211141368135683
1244211205540986880
1244211310125912066
1244211328639627264
1244211341188927489
1244211346599641088
1244211494356729857
1244211579073089536
1244211593019305986
1244211624627470341
1244211856534695936
1244211863669198849
1244212004786589697
1244212057425113096
1244212064458919937
1244212078144966657
1244212079029940224
1244212125205057536
1244212194134409216
1244212227093094400
1244212258529370112
1244212460585750530
1244212478839422977
1244212531977056259
1244212552109666304
1244212613321383941
1244212825540587522
1244212851184529413
1244212852010799105
1244212944088387585
1244212952921550848
1244212985414873090
1244213076875862017
1244213119057948672
1244213119544524800
1244213121830408193
1244213280928718852
1244213324968947713
1244213330245324801
1244213343977496580
1244213508704616449
1244213567240298497
1244213592678752256
1244213675243626496
1244213775734996997
1244213862993297408
1244213914935496706
1244213948041146368
1244213971013402624
1244214129239314432
1244214147102814210
1244214184855756800
1244214519162781696
1244214526997745665
1244214606291058689
1244214620467978240
1244214652537470977
1244214689963192327
1244214695571021825
1244214812814585861
1244214836315250689
1244214867201888258
1244214934260469760
1244215011569848320
1244215186799521792
1244215210178535424
1244215221079674880
1244215272837271558
1244215319993802752
1244215337702191104
1244215525200130048
1244215720537292800
1244215771263201281
1244215979791413253
1244216166442078208
1244216196515237888
1244216210675228672
1244216653983797249
1244216693003415554
1244216782610546689
1244216817712685058
1244217215328509955
1244217297738186755
1244217428692721667
1244217507059122176
1244217654564380673
1244217670506926081
1244217834621652993
1244217906897932288
1244217994860834816
1244218079950692357
1244218180752433154
1244218267054424064
1244218268006535175
1244218289552633856
1244218299337957377
1244218300323622912
1244218321534210048
1244218340488269824
1244218470155210753
1244218479323955201
1244218523385073666
1244218561200967680
1244218570029981696
1244218585972686848
1244218684278583296
1244218715320664064
1244218783452913664
1244218951313186817
1244218971970138119
1244219023799119874
1244219222168723456
1244219315085119488
1244219322706186240
1244219623177744384
1244219662910423040
1244219696544542720
1244219722658271233
1244219730715533312
1244219937884782593
1244219977164455936
1244219991366307845
1244220107921993734
1244220206752227329
1244220241816604672
1244220310565482496
1244220422679216129
1244220425258684416
1244220499732729856
1244220560374001664
1244220612932808704
1244220775227244544
1244220873654992897
1244221059257131008
1244221178538938369
1244221249242279936
1244221339520516098
1244221441286885377
1244221556739444736
1244221566554013696
1244221592353132545
1244221601823907841
1244221603354796032
1244221691150155776
1244221861363200001
1244221921463394312
1244222040678125568
1244222050098544640
1244222158768713731
1244222284916609026
1244222483718266882
1244222554987880450
1244222580778651650
1244222636910972929
1244223005942841344
1244223122275856384
1244223380930220032
1244223641375522816
1244223663420764160
1244223767275909120
1244223775345758209
1244223827988475911
1244223983311941634
1244224036344696832
1244224259636883458
1244224302754471937
1244224317841272838
1244224549052284928
1244224695890665472
1244224969728385025
1244224971255074816
1244225078281342976
1244225209994842114
1244225282304696322
1244225410017021953
1244225449300877313
1244225466283601921
1244225511993180161
1244225514564288512
1244225593945677824
1244225653899030529
1244225757838110721
1244225878340460544
1244225950688010241
1244226076265476096
1244226269748719616
1244226562183925760
1244226716794404864
1244226782439460864
1244227254189559810
1244227272388644865
1244227518229446656
1244227524357271558
1244227568452038657
1244227684630032384
1244227714485080064
1244227718406946816
1244227784982925313
1244228923954626562
1244229064656916480
1244229322459635712
1244229542983512064
1244229714236936192
1244229749855010817
1244230266928816128
1244230279314563074
1244230292673462273
1244230401133953025
1244230576669741056
1244230662292262913
1244230683196657664
1244230965200703490
1244231139746705408
1244231358890770433
1244231359377231879
1244231371087699978
1244231372870283265
1244231394424807424
1244231442063716355
1244231544266358784
1244231564394819585
1244231602260996101
1244231619415662592
1244231805701705728
1244231812076826624
1244231871086510080
1244232014133256192
1244232166738808834
1244232174422732800
1244232226104946688
1244232297504632833
1244232416438276097
1244232476588826625
1244232767862239233
1244232794324123649
1244232884405161984
1244232941544198145
1244233036784435202
1244233316485566464
1244233397897060352
1244233434693644289
1244233439231918080
1244233461172338695
1244233467279192066
1244233499046887426
1244233550301286401
1244233553413464064
1244233613530427392
1244233707629588481
1244233742446514177
1244233986794090497
1244234153438007297
1244234496011952129
1244234852188053505
1244235287024128001
1244235380703948800
1244235385707753473
1244235411691454464
1244235605451522049
1244235923786592256
1244235939724939264
1244236052249763841
1244236096369610753
1244236153235992583
1244236374342946817
1244236603582627840
1244236662428905472
1244236738769440768
1244236793475563520
1244237012002983937
1244237122418012161
1244237451083821062
1244237677232181248
1244237744643002368
1244237949744676872
1244238085379862528
1244238411709288448
1244238461621514242
1244238678534180864
1244238702101934080
1244238752379064320
1244238772515921920
1244238782510952449
1244238852270641152
1244238878443073537
1244238903764115457
1244239150544388096
1244239191891775499
1244239284367839234
1244239295382085632
1244239483295404032
1244239564673146880
1244239641173037056
1244239689923448834
1244239820076929025
1244239928663277569
1244240017699962880
1244240083554729984
1244240114701586432
1244240160121704448
1244240236508377088
1244240401432588289
1244240735903215616
1244240853570224129
1244240863338868736
1244241054171156482
1244241460234350592
1244241666032029696
1244241732134289409
1244241753852370950
1244241937202176001
1244241999365980160
1244242326710444032
1244242432885063680
1244242472177287169
1244242489793372162
1244242620819230721
1244242697528856578
1244242737899028482
1244242737936789504
1244242756131676161
1244242797915336704
1244243098667847680
1244243262866522114
1244243302095847425
1244243420362625025
1244243437068509190
1244243564080422913
1244243600570863617
1244243609701847040
1244243833723871232
1244244243389927426
1244244334590869504
1244244442686472192
1244244486072315907
1244244727777628161
1244244878571139080
1244245133299720192
1244245137422602243
1244245317240754176
1244245321552543744
1244245615392870403
1244245640332193792
1244245793755676672
1244245863448244225
1244245915017326593
1244246224946909193
1244246348146159617
1244246398809206786
1244246438927720449
1244246839307599879
1244247290388164608
1244247291072053250
1244247296402849797
1244247908742049795
1244247948298309633
1244247989931118592
1244248475853709312
1244248545126789121
1244248785284296709
1244248839101370368
1244249005174878213
1244249195415912448
1244249200977571841
1244249512463306754
1244249707242639360
1244250001745645568
1244250041067261952
1244250185779167235
1244250232415596544
1244250495901782016
1244250504906997761
1244250601149497350
1244250823451758594
1244251033863217155
1244251201098506240
1244251247797919744
1244251526404562944
1244251719631900677
1244251955989319682
1244251988163842049
1244252176739979270
1244252295719600130
1244252607008239623
1244252792237125632
1244252937217605633
1244252979445862400
1244253331972734977
1244253621904011264
1244253632150659072
1244253637657808896
1244253941224935426
1244254242627436544
1244254263691186178
1244254285757419520
1244254444138659842
1244254498496757761
1244254537046568962
1244254556420104193
1244254607221460992
1244254831730016257
1244255041608773632
1244255066237865984
1244255289718616064
1244255333926596608
1244255356609392641
1244255392684634114
1244255666463584257
1244255736034512896
1244256258749685762
1244256281398890498
1244256297316278272
1244256436600762369
1244256460944502785
1244256654259941377
1244256717912698880
1244256865690595328
1244256928433201155
1244256981650673667
1244257051070443521
1244257310970544130
1244257721936793602
1244257942238408705
1244257956956221440
1244257994390421509
1244258023247208453
1244258053613965313
1244258093883510784
1244258265619456003
1244258277317169152
1244258691609583616
1244258770588295168
1244258842017292288
1244258958388244480
1244259374018654210
1244259491660455937
1244259657830395906
1244259815230066689
1244259846670581760
1244259874868883457
1244260170290450434
1244260402470535168
1244260502303166466
1244260619462651907
1244260889655529472
1244261040478490625
1244261098045321218
1244261212063436801
1244261274118000640
1244261314823737344
1244261429370163201
1244261454506688513
1244261455983067137
1244261527714029568
1244261788146794496
1244262111464673286
1244262681235697666
1244262717155725313
1244262919279243266
1244262968574894081
1244263129078353927
1244263180878016512
1244263366727618562
1244263367432237060
1244263369604882433
1244263701332574210
1244263875773485056
1244263975526727682
1244264042031542276
1244264079780446210
1244264416356339712
1244264511885824000
1244264542911135745
1244264617594851333
1244264619897749505
1244264660204843008
1244264771249008647
1244264771831992324
1244264783722860544
1244264796079284224
1244265100229267461
1244265105925140480
1244265115739774976
1244265312960143362
1244265536365576192
1244265619731537925
1244266119948615680
1244266180400910337
1244266309816324105
1244267068330889216
1244267153504661509
1244267179370926080
1244267307058081794
1244267337072533504
1244267463367249920
1244267736798072832
1244268288005140480
1244268301422747648
1244268537746567168
1244268619892023296
1244268813052329984
1244268817011757057
1244268878886105089
1244268879813021696
1244268923215740928
1244269347264016384
1244269732812865538
1244269846293909504
1244269935469015046
1244269941479452679
1244269959720534020
1244270019296411648
1244270085990002688
1244270123826864134
1244270228130816000
1244270295738798081
1244270418132779018
1244270432275935234
1244270450248749057
1244270488429289478
1244270562672705538
1244270612844957697
1244270761562472448
1244270803551649793
1244270828939669506
1244270829300371457
1244270962712838145
1244271004903297027
1244271170217594880
1244271219752308738
1244271337633284096
1244271405044305920
1244271426716262401
1244271445896650752
1244271852379197440
1244271890274717696
1244272017760649217
1244272055517839360
1244272257804808192
1244272366101753862
1244272526911406080
1244272545714434048
1244272668037136385
1244272723972337665
1244272917673725952
1244273080446275584
1244273085236174849
1244273096153915392
1244273140957499393
1244273320243023874
1244273730424942593
1244273751669100549
1244273775710855168
1244273780458803200
1244273815992954880
1244273823412674560
1244273952744071169
1244274446669676546
1244274576743256064
1244274666186792961
1244274708033359876
1244274766606782467
1244274788744318978
1244274841005387782
1244274916410535936
1244275052482158594
1244275275203919872
1244275511099973634
1244275564300496896
1244275649855905793
1244275738620002304
1244275747696422912
1244276084041900032
1244276290183745536
1244276308743311366
1244276324140593152
1244276535701286914
1244276903764209664
1244276940049088515
1244276992662478848
1244277047633022978
1244277055904047104
1244277101911584770
1244277139844689922
1244277140226523138
1244277144752029696
1244277152670871554
1244277189820002304
1244277235131068417
1244277242030518272
1244277351069790214
1244277434230292480
1244277522063212547
1244277559375745024
1244278206414434305
1244278326144851970
1244278373213327365
1244278584329375749
1244278646619037699
1244278743897530371
1244278868103446530
1244279065185406978
1244279338557517825
1244279513506123776
1244279832080306176
1244280264307572741
1244280304073707521
1244280323606642688
1244280544256385025
1244280546844270592
1244280555874578432
1244280669519237122
1244280682819485698
1244280745536831489
1244280909563486208
1244281144498991105
1244281263306887168
1244281285473861632
1244281288804057089
1244281462410510336
1244281574259953667
1244281666471727112
1244282047075622919
1244282062552453120
1244282132899303424
1244282243922694146
1244282261681262592
1244282367339978757
1244282565474824195
1244282681065476098
1244282704746524673
1244282707518976000
1244282789597331457
1244282803371438080
1244282903309271041
1244282916324044800
1244283142208290817
1244283285280194562
1244283474053234688
1244283531854876672
1244283922491404289
1244284122744393729
1244284159670931456
1244284241313026049
1244284516568420352
1244284839798300672
1244284857464655880
1244285124255989763
1244285141209370629
1244285356616192002
1244285359413800963
1244285443572510721
1244285483489918976
1244285518751252480
1244285702302392320
1244285754706018305
1244285892207894528
1244285908485980161
1244285914483798017
1244285928354369538
1244285937216917512
1244286112618532864
1244286653738475523
1244286677549338624
1244286809703473154
1244286829571878916
1244286830498865152
1244286868876742656
1244286967283470337
1244287012754132994
1244287134422294528
1244287154752118784
1244287194430234624
1244287260838764547
1244287699734822917
1244288123833442304
1244288162865672193
1244288179772911617
1244288327164948482
1244288489908129794
1244288495897600000
1244288691146592256
1244288897405710338
1244289331050606595
1244289331897880576
1244289373740269569
1244289385010348032
1244289705736314882
1244289709972631552
1244290068250058752
1244290273741402113
1244290421481598976
1244290424287584256
1244290730182361088
1244291455050371072
1244292172163121152
1244292465563013120
1244292985082114053
1244293011971780608
1244293077923024896
1244293421323313152
1244293588898332672
1244293991899598848
1244294025047244804
1244294323342114818
1244294592901586946
1244294610509168640
1244294814222282753
1244294932132581376
1244295101368561664
1244295152849616896
1244295294428139520
1244295419015786496
1244296147235000320
1244296158316503040
1244296193284296704
1244296620855848960
1244296808194428929
1244296845444042752
1244297024142561282
1244297078542458883
1244297244750168070
1244297287313973250
1244297338954244107
1244297567212462081
1244297668081274880
1244297708044554243
1244297895982927873
1244297940258025473
1244298024467066881
1244298193988247553
1244298300074774528
1244298662626226176
1244298803550638080
1244298806834810881
1244299356863258625
1244299378300354560
1244299406070829063
1244299529504972802
1244299584886558721
1244300356227457024
1244300361562640390
1244300414897405952
1244300505116889089
1244300807974969349
1244300943509733376
1244301207788642305
1244301275056844801
1244302234394824704
1244302266279923713
1244302948437377024
1244303008743079936
1244303120525451264
1244303228419706883
1244303293116973056
1244303321222922242
1244303769757552641
1244303823515947008
1244304102642700290
1244304179004207107
1244304199803744257
1244304212382515200
1244304216786493440
1244304330653437952
1244304655472979969
1244304960944136198
1244304966837141505
1244305065055322113
1244305319305543681
1244305478881968128
1244305580937728002
1244305793966411779
1244305814409469952
1244305890385125376
1244305929857691648
1244305968080359425
1244305992939999233
1244306007494283265
1244306057364529152
1244306108690214912
1244306128651067393
1244306133499559937
1244306206497243136
1244306243805523968
1244306263518801921
1244306340509614083
1244306454762287105
1244306539306983432
1244306576246296578
1244306589068099589
1244306679434317824
1244306921160507394
1244306971555033088
1244307011606470657
1244307017017090050
1244307040534532098
1244307054363205633
1244307070075039744
1244307080166637569
1244307268864106496
1244307295011352577
1244307439391920128
1244307497021734913
1244307586125402117
1244307591921946624
1244307700462190592
1244307777079529472
1244307784612507648
1244307876828442624
1244307893148508164
1244307914644262912
1244308095653707776
1244308211504689153
1244308414450110465
1244308999316652035
1244309084175810562
1244309092962676741
1244309210143154176
1244309303307239425
1244309375310680070
1244309487613349889
1244309512485568520
1244309630982840320
1244309652327682049
1244310002858246144
1244310183360131072
1244310208219758592
1244310232316014594
1244310256491982850
1244310281167093761
1244310473933111296
1244310475241705473
1244310829740113920
1244311013505167365
1244311015208058881
1244311178622492678
1244311306716344320
1244311581741027328
1244311704541876224
1244311707465351168
1244311763916652546
1244311833705512962
1244311896481652736
1244311906166263809
1244312292465856513
1244312315878682624
1244312328478134272
1244312396610424832
1244312617071476737
1244312727142543360
1244312933632376833
1244312943279259651
1244313075215257600
1244313728767504384
1244313989074415616
1244314092552089600
1244314241160474624
1244314292641357824
1244314405426188288
1244314434329178114
1244314437785272326
1244314566445740034
1244314636863696901
1244314765276528640
1244314787787362305
1244314903118147584
1244314977797734400
1244315450114052096
1244315477997830145
1244315530040766465
1244315618486169602
1244315862363820032
1244316677333893122
1244316744719552512
1244316849451360257
1244317430995767296
1244317545579999232
1244317555600187392
1244317633630973954
1244317769589350400
1244318068567764993
1244318108686286849
1244318755611541504
1244318759440879616
1244318867486208000
1244319488587202570
1244319540852297728
1244319784617074688
1244320010182332418
1244320044575870978
1244320329062682624
1244320536269737984
1244320775357644805
1244320901593612288
1244320923177623554
1244320952223010817
1244321033126961152
1244321304766902272
1244321379559731201
1244321417430274048
1244321435012587521
1244321763816697857
1244322104889180161
1244322387237076992
1244322428135690241
1244322807397249026
1244323120749535232
1244323230116012032
1244323996927025152
1244324278478286849
1244324355934306306
1244324371738460160
1244325616578695168
1244325991985618949
1244326952770535424
1244327001978056704
1244327189002121216
1244327626149261312
1244327740444037121
1244327897520672773
1244328452863516673
1244328561772769282
1244328851624226817
1244328947078164480
1244329226028924941
1244329419507818498
1244329684533497857
1244329696910700544
1244329709179002883
1244331127663280128
1244332184556556288
1244332951996751872
1244334367226261504
1244334380991918080
1244336400960372736
1244337774364246016
1244340051766415360
1244340521671118848
1244341738413621249
1244342350047875072
1244342635806044160
1244344044282449920
1244344963187511300
1244345729520295936
1244346656184770561
1244347984428568577
1244348716913291265
1244349998071861248
1244350241538600960
1244350804565192704
1244352051754070016
1244352585252962306
1244353228508000256
1244353998791913473
1244354571654148096
1244354683248017414
1244356303293562880
1244357870617079813
1244358061239808000
1244363138222313473
1244365581312307201
1244375155947843589
1244375617224822788
1244382344074514432
1244384901589131264
1244385563689529345
1244400477766217728
1244403452702158848
1244410911739150336
1244418780647702530
1244422400097153024
1244423981941153792
1244425786754584581
1244426085464526849
1244427023306625025
1244427914080178178
1244431810559234053
1244432128055504896
1244433418290528256
1244433697572409347
1244435558492864512
1244438423957417984
1244438634775764992
1244438688454434817
1244438849721262080
1244438997822099456
1244439843158908929
1244441606817603584
1244442014789193728
1244442132988841984
1244442735488057346
1244443236623462400
1244443326016712704
1244443375656259584
1244443675628716032
1244443849423867905
1244444344414699521
1244444563097284608
1244444611461996545
1244444941352345601
1244445690899521536
1244446296057901056
1244446904756219904
1244448615713525760
1244449355731369987
1244450091802361857
1244452559563026432
1244453086837391360
1244453140880969729
1244453187689439232
1244453432175374336
1244453570709159942
1244454882439909377
1244455132361674753
1244456505979494401
1244456892572635136
1244459047366975489
1244459153575174147
1244460990252507137
1244462697539719168
1244463628167737347
1244464641276694528
1244465998016774147
1244466658158080000
1244466682472452098
1244467122962460672
1244470784052957186
1244470870346567682
1244471386459893760
1244471680870711297
1244471978141962240
1244471990271889408
1244471999436476417
1244472007837638656
1244472065891004417
1244472067526815745
1244472190038228994
1244472454459691008
1244473228837322755
1244473603497713664
1244475054827569159
1244475441571905537
1244475692831535104
1244476002341801986
1244476820738560000
1244477591148302337
1244478186223595520
1244478741046112256
1244481237047111680
1244481440877703168
1244483539166322688
1244484764855201792
1244485859765702658
1244486437740912641
1244487505371713536
1244487819625558016
1244487972864421888
1244489546932215808
1244490775380897792
1244492569402171393
1244493376986083329
1244494388362764288
1244495224740564993
1244495281028313093
1244495290788278272
1244495571139739648
1244496734870355968
1244497458656313346
1244497895350362112
1244497970310991872
1244498084177969153
1244502376200826884
1244503312373710848
1244504306515996672
1244505479709167616
1244505762086309888
1244506457619329024
1244506986244276225
1244507032553525249
1244508780663988224
1244511437524893703
1244512379905306624
1244514389329350656
1244514781756715008
1244521838937432064
1244523218985029633
1244525109060055040
1244529215925444609
1244530085798895618
1244534007557009409
1244536806307061761
1244540002165374976
1244540898785914880
1244540901508218880
1244541019305021442
1244541142458232832
1244544670283091968
1244547740148723712
1244549661383200768
1244552835267731456
1244552856323022849
1244556217944403969
1244558581338275845
1244561546228842496
1244563567359086593
1244563729192116224
1244563987418607617
1244569323206610944
1244570792353869824
1244571125834829829
1244571536364679168
1244572118823473152
1244572477344190464
1244573814211497984
1244574019455578113
1244574594268348416
1244577581606653952
1244578405108142081
1244578911356256261
1244583573719363585
1244598964222971908
1244602708985856006
1244605071754530820
1244614227614040064
1244614759644688384
1244616205790404611
1244621090715922437
1244623329513725952
1244626990914613250
1244632886457835520
1244639658656423937
1244640972211810304
1244647171967684608
1244651469707415553
1244666880016543744
1244667981667287044
1244671114103554048
1244695514299260929
1244701051606818822
1244705482930978817
1244709022353084416
1244709361852624896
1244760591744536581
1244796776579624967
1244807692390215681
1244814702225444865
1244814806168645632
1244814832685088769
1244815131642486784
1244815181990879232
1244815394533019650
1244818946626183168
1244819399648792578
1244822945391755264
1244823428919463936
1244823945481576450
1244832724948377600
1244832891873267712
1244833196069384197
1244833584671645698
1244833747066695683
1244833924880019456
1244834120632426496
1244834230015643648
1244834374538780672
1244847081933529088
1244853606718693376
1244853708887752706
1244857634978557952
1244857731204308994
1244857979242819585
1244857998905769984
1244861128498270209
1244862487763144705
1244895172032262144
1244902493588353025
1244915588561956864
1244923070885715968
1244939987151278082
1244964559284080647
1244968055630737411
1245023516480528385
1245035739529629696
1245055739925757956
1245058529494331392
1245168903627534337
1245174029046001664
1245174410404741121
1245175293993603072
1245175645799399424
1245177350905425920
1245184595257176065
1245187604611387393
1245187680406659072
1245190983660101632
1245191016501530624
1245191036814512128
1245191058004176896
1245191460326002689
1245191557466050561
1245195666755706881
1245201575263387649
1245205532505296897
1245209656026226689
1245214677463756800
1245228506457559040
1245233582538256384
1245242056995266560
1245243430038433792
1245246770826711040
1245248882600103941
1245298300799963136
1245298308043554816
1245303372552351744
1245338256629092352
1245341298275405825
1245375677198565376
1245395722519756801
1245558181029244929
1245625392683053058
1245625396466315273
1245625406935322624
1245632200080379904
1245682735802470400
1245705717543088129
1245709313944895488
1245710710178336768
1245733147515346946
1245776186413731841
1245787570786582529
1245878051826614272
1245912109524725761
1246075937143185413
1246111395885617153
1246476614084333568
1246722816956743681
1246731350746394624
1247041042311831552
1247320913462231040
1247380730314756097
1248161953907802112
1249184937959456769
1249185895724572672
1252970726220587009
1255037790603132928
1269318224287391746
