id
1233939299579523073
1233941567360008192
1233951830280818689
1233953892028694528
1233956377296420865
1233962017238601728
1233964685164072960
1233972786927792130
1233981070741164032
1233994007451037696
1234002783436623875
1234007176160534528
1234007750419443712
1234008955690442752
1234010538545311744
1234016104848052224
1234020287580000256
1234020928461258752
1234063873285640192
1234064897333329920
1234098903055646720
1234118838804856834
1234182934514434048
1234183120544387072
1234188455489327105
1234258887844360192
1234291819472539648
1234296418371694593
1234309063845928960
