id
1261814980589977600
1261831255106052096
1261845331299274754
1261846270404067329
1261846316155637760
1261848797585367041
1261850087321300992
1261850132741369856
1261853855131684864
1261853937587458048
1261860154699464704
1261863392073023489
1261864598447304710
1261865016451575808
1261866911412830210
1261867782343241728
1261868702921895936
1261870033627607040
1261870707446702082
1261874596611055617
1261880629936795648
1261883846909259776
1261884866032852992
1261886506916085760
1261887764779479040
1261888715632209920
1261907997065916416
1261908766334898176
1261910119702499329
1261913711695912960
1261913718197112832
1261914348512919553
1261916157952458753
1261916289435492353
1261924241437409280
1261925378450272257
1261926952551673857
1261927963802492936
1261932560646656005
1261934416881844225
1261935822091231233
1261937425556922368
1261938990950866944
1261939192767983616
1261940275921985537
1261940597645950976
1261941322631561217
1261942161777528832
1261945437495242752
1261946802711887874
1261947658110894081
1261949239044853761
1261952234004205569
1261954828478996480
1261960789453180928
1261961435720101889
1261961838289285120
1261963429662855168
1261963808592912384
1261964362983628801
1261965951223730176
1261967617352445952
1261973311598161927
1261973352928800768
1261973748048990210
1261976139708239873
1261979227227734016
1261980290966142977
1261981028887003136
1261983586250444800
1261984470753636353
1261984573241520139
1261984663528079361
1261984817500975105
1261985307911585793
1261986083325177858
1261986533155893253
1261987490493165568
1261988294868340737
1261988867072090113
1261989217191616513
1261993003259801600
1261994090109063168
1261997399796404226
1261998706682761216
1262000734230335489
1262001231683366917
1262001246916931587
1262002496270147586
1262002603015041036
1262003031559700481
1262004130882580483
1262004982926069760
1262004988244406274
1262006439805169665
1262006570956668929
1262006795268059138
1262007902895734787
1262008100053151744
1262008907125256193
1262009324949262337
1262010319456604160
1262013938608287745
1262016353935884289
1262016728294285313
1262016928723410944
1262016981181493248
1262018149039271936
1262020425510342656
1262021956121001985
1262022703155798021
1262022886404976641
1262023921236246529
1262025469320294400
1262025470398230528
1262025842764308482
1262026915398815746
1262028074486345729
1262029437479956480
1262030435468447744
1262031045257342976
1262032138087600133
1262032598794043396
1262032664594313216
1262032929305137152
1262033405966905345
1262035117804941316
1262035177762516992
1262036160156598273
1262041616535224320
1262041619261526018
1262043807119339521
1262044211144093696
1262046274305564672
1262046342416936962
1262046603654946816
1262048020960403456
1262052104207609856
1262053758126690305
1262054430570143747
1262056112322482176
1262056586211586049
1262063465306288128
1262065442002100226
1262070005761404929
1262075591253254145
1262076424468348928
1262078820728934403
1262079144709378048
1262080342745214983
1262091172773847042
1262106407626772480
1262199775883124737
1262379903607078916
